0 921 1385 474 1352 173 582 988 812 238 1494 1133 29 1004 1346 997
921 0 2251 941 2041 747 1406 515 159 1138 2201 709 893 1683 430 688
1385 2251 0 1718 654 1540 1288 2097 2110 1255 620 2136 1406 1621 2644 1992
474 941 1718 0 1795 478 535 1226 906 474 1928 1409 477 742 1355 1298
1352 2041 654 1795 0 1456 1525 1751 1884 1332 161 1735 1362 1957 2376 1607
173 747 1540 478 1456 0 725 839 638 403 1605 997 145 1113 1172 868
582 1406 1288 535 1525 725 0 1563 1332 358 1629 1715 609 470 1835 1579
988 515 2097 1226 1751 839 1563 0 403 1226 1913 201 960 1937 658 186
812 159 2110 906 1884 638 1332 403 0 1039 2045 603 783 1645 540 559
238 1138 1255 474 1332 403 358 1226 1039 0 1460 1367 267 810 1567 1229
1494 2201 620 1928 161 1605 1629 1913 2045 1460 0 1894 1506 2046 2537 1767
1133 709 2136 1409 1735 997 1715 201 603 1367 1894 0 1106 2107 778 148
29 893 1406 477 1362 145 609 960 783 267 1506 1106 0 1026 1318 970
1004 1683 1621 742 1957 1113 470 1937 1645 810 2046 2107 1026 0 2093 1981
1346 430 2644 1355 2376 1172 1835 658 540 1567 2537 778 1318 2093 0 839
997 688 1992 1298 1607 868 1579 186 559 1229 1767 148 970 1981 839 0
