0 1317 609 520 1323 1237 262 42 392 461 1182 1188 700 3 949 737
1317 0 1038 1808 2394 1517 1532 1275 1464 1746 652 2282 1808 1320 2243 1731
609 1038 0 910 1356 1650 669 580 978 1045 1230 1248 1309 611 1498 1330
520 1808 910 0 893 1621 276 558 696 399 1699 756 784 516 642 910
1323 2394 1356 893 0 2510 1067 1348 1585 1282 2466 138 1656 1320 1292 1794
1237 1517 1650 1621 2510 0 1462 1229 925 1261 891 2372 971 1239 1562 808
262 1532 669 276 1067 1462 0 295 554 416 1442 930 766 259 829 851
42 1275 580 558 1348 1229 295 0 408 501 1147 1213 728 46 991 757
392 1464 978 696 1585 925 554 408 0 372 1142 1447 358 392 818 352
461 1746 1045 399 1282 1261 416 501 372 0 1497 1147 385 458 496 512
1182 652 1230 1699 2466 891 1442 1147 1142 1497 0 2337 1423 1185 1960 1304
1188 2282 1248 756 138 2372 930 1213 1447 1147 2337 0 1522 1184 1177 1659
700 1808 1309 784 1656 971 766 728 358 385 1423 1522 0 700 595 162
3 1320 611 516 1320 1239 259 46 392 458 1185 1184 700 0 946 737
949 2243 1498 642 1292 1562 829 991 818 496 1960 1177 595 946 0 755
737 1731 1330 910 1794 808 851 757 352 512 1304 1659 162 737 755 0
