0 525 1001 607 1408 514 844 714 729 1056 742 686 1641 402 1706 675 26
525 0 1126 966 1204 907 841 739 1018 552 221 1209 1441 771 1986 557 549
1001 1126 0 1569 2309 1467 326 391 1713 1289 1285 1149 929 647 2652 602 1012
607 966 1569 0 1223 103 1448 1318 164 1512 1124 746 2247 924 1100 1278 587
1408 1204 2309 1223 0 1275 2043 1933 1099 1421 1122 1924 2585 1804 1535 1761 1413
514 907 1467 103 1275 0 1350 1221 262 1458 1078 665 2155 821 1197 1189 493
844 841 326 1448 2043 1350 0 130 1574 963 979 1189 837 596 2548 290 862
714 739 391 1318 1933 1221 130 0 1443 927 894 1085 956 483 2418 218 732
729 1018 1713 164 1099 262 1574 1443 0 1549 1151 907 2356 1072 988 1385 712
1056 552 1289 1512 1421 1458 963 927 1549 0 401 1720 1202 1193 2488 711 1082
742 221 1285 1124 1122 1078 979 894 1151 401 0 1428 1466 988 2086 689 765
686 1209 1149 746 1924 665 1189 1085 907 1720 1428 0 2020 606 1632 1176 663
1641 1441 929 2247 2585 2155 837 956 2356 1202 1466 2020 0 1434 3343 970 1662
402 771 647 924 1804 821 596 483 1072 1193 988 606 1434 0 2004 575 404
1706 1986 2652 1100 1535 1197 2548 2418 988 2488 2086 1632 3343 2004 0 2372 1687
675 557 602 1278 1761 1189 290 218 1385 711 689 1176 970 575 2372 0 698
26 549 1012 587 1413 493 862 732 712 1082 765 663 1662 404 1687 698 0
