0 569 88 1725 178 425 781 691 1182 601 931 656 848 1397 734 1379
569 0 605 1748 734 483 985 774 1392 875 1411 1174 398 1492 1294 1768
88 605 0 1648 205 380 863 621 1260 680 855 587 912 1481 730 1293
1725 1748 1648 0 1828 1360 2505 1044 2908 2327 1437 1551 2126 3114 2108 1165
178 734 205 1828 0 586 716 818 1091 527 875 585 974 1336 560 1360
425 483 380 1360 586 0 1165 321 1579 998 977 785 877 1759 1089 1290
781 985 863 2505 716 1165 0 1464 417 188 1544 1254 922 620 908 2055
691 774 621 1044 818 321 1464 0 1872 1289 884 787 1172 2069 1229 1073
1182 1392 1260 2908 1091 1579 417 1872 0 582 1849 1571 1274 328 1116 2374
601 875 680 2327 527 998 188 1289 582 0 1362 1071 887 808 764 1870
931 1411 855 1437 875 977 1544 884 1849 1362 0 292 1759 2141 789 527
656 1174 587 1551 585 785 1254 787 1571 1071 292 0 1499 1856 567 804
848 398 912 2126 974 877 922 1172 1274 887 1759 1499 0 1286 1498 2149
1397 1492 1481 3114 1336 1759 620 2069 328 808 2141 1856 1286 0 1433 2661
734 1294 730 2108 560 1089 908 1229 1116 764 789 567 1498 1433 0 1311
1379 1768 1293 1165 1360 1290 2055 1073 2374 1870 527 804 2149 2661 1311 0
