0 1012 1658 678 357 1184 1569 366 1131 913 942 1195 275 1307 802 44
1012 0 2199 335 678 2166 2469 1251 504 1925 1903 988 1194 726 308 972
1658 2199 0 1961 1887 2054 2585 1307 2584 1592 2016 1402 1834 1824 2199 1688
678 335 1961 0 358 1843 2171 923 624 1591 1585 925 874 811 244 638
357 678 1887 358 0 1488 1813 680 780 1262 1228 1119 517 1113 445 313
1184 2166 2054 1843 1488 0 531 1153 2132 469 273 2282 971 2473 1904 1217
1569 2469 2585 2171 1813 531 0 1622 2333 999 653 2734 1313 2877 2180 1593
366 1251 1307 923 680 1153 1622 0 1459 764 969 1129 532 1355 1101 404
1131 504 2584 624 780 2132 2333 1459 0 1997 1859 1478 1205 1229 384 1086
913 1925 1592 1591 1262 469 999 764 1997 0 451 1882 794 2119 1705 954
942 1903 2016 1585 1228 273 653 969 1859 451 0 2083 711 2245 1636 971
1195 988 1402 925 1119 2282 2734 1129 1478 1882 2083 0 1471 424 1147 1186
275 1194 1834 874 517 971 1313 532 1205 794 711 1471 0 1568 938 288
1307 726 1824 811 1113 2473 2877 1355 1229 2119 2245 424 1568 0 973 1284
802 308 2199 244 445 1904 2180 1101 384 1705 1636 1147 938 973 0 758
44 972 1688 638 313 1217 1593 404 1086 954 971 1186 288 1284 758 0
