0 71 715 819 116 341 733 418 790 129 324 856 645 606 513 706 840 820 263 805 131 174 249 388 654 331 313 168 101 217 861 331 329 402 420 826 493 499 345 286 748 502 128 474 221 519 834 443 400 769 744 292 758 425 664 329 845 843 533 20 117 744 848 626 582 407 257 97 137 139 63 399 279 563 644 690 801 854
71 0 787 752 179 281 770 413 827 59 327 851 594 678 531 772 780 792 325 868 90 236 190 436 585 364 252 112 30 222 791 298 363 434 455 765 505 511 413 265 810 517 88 423 159 579 902 476 453 823 816 330 698 497 722 374 828 825 486 51 169 701 911 584 578 352 188 149 179 68 117 377 349 491 701 709 871 783
715 787 0 1500 618 1012 789 851 825 841 783 1216 1289 165 758 348 1510 1334 501 352 825 573 932 593 1361 693 992 870 815 751 1574 955 629 708 628 1471 869 790 394 853 467 772 809 1095 912 378 250 640 493 601 83 669 1395 290 400 571 1282 1291 1171 735 647 1293 353 1229 1011 1054 969 675 658 854 691 969 458 1275 417 838 280 1557
819 752 1500 0 890 489 1451 725 1503 692 749 1314 767 1416 900 1525 726 1094 999 1471 763 929 575 1167 487 1068 512 722 721 752 457 809 904 1127 952 152 1117 856 1106 656 1558 876 702 424 600 1194 1551 957 1049 1556 1544 1047 191 1214 1301 955 1217 1203 769 799 857 424 1520 859 1103 448 623 898 843 697 868 887 1097 321 1273 1000 1620 153
116 179 618 890 0 401 756 378 813 227 282 938 761 526 435 654 955 924 147 690 247 58 315 399 765 376 378 284 204 188 968 441 236 444 325 880 562 430 235 286 713 428 190 511 294 403 723 349 287 755 656 333 807 328 548 224 938 938 648 132 39 760 733 738 667 454 367 155 67 247 138 503 221 657 528 609 735 939
341 281 1012 489 401 0 1041 334 1097 225 308 1044 635 927 512 1045 749 914 512 1014 324 440 91 717 493 636 31 297 253 274 652 465 444 704 512 485 744 474 619 198 1089 490 216 156 121 727 1079 524 581 1104 1055 606 417 725 849 486 990 982 561 322 368 439 1062 673 784 79 242 430 354 246 397 557 613 304 822 665 1134 550
733 770 789 1451 756 1041 0 1134 56 819 1037 492 856 629 1174 465 1079 716 801 1108 717 774 954 357 1077 406 1010 748 793 937 1282 645 969 336 1041 1503 346 1177 765 1019 369 1172 855 1192 923 947 1035 1065 935 242 738 441 1445 702 1068 932 604 619 769 745 793 1471 1124 753 428 1117 834 636 822 795 669 580 583 1136 1067 1335 600 1427
418 413 851 725 378 334 1134 0 1191 398 96 1265 945 818 182 993 1080 1190 386 753 501 371 329 778 827 744 342 505 407 201 980 702 223 814 236 654 911 141 482 161 1069 159 330 305 344 495 846 236 359 1126 913 703 576 601 582 281 1239 1235 854 413 341 442 802 963 992 312 513 508 312 438 478 787 583 631 554 332 1043 829
790 827 825 1503 813 1097 56 1191 0 875 1094 496 893 668 1229 492 1114 735 856 1150 772 830 1010 414 1122 462 1066 803 850 994 1325 695 1025 392 1096 1557 392 1233 817 1076 388 1228 911 1248 979 997 1073 1120 989 252 770 497 1499 751 1115 987 615 632 811 802 850 1528 1164 788 463 1173 888 693 879 850 726 627 637 1186 1115 1389 621 1476
129 59 841 692 227 225 819 398 875 0 320 872 573 736 533 832 747 793 369 909 110 281 135 492 540 413 195 106 29 222 742 303 382 482 471 707 539 509 462 242 869 517 71 372 104 618 949 491 486 880 873 382 641 551 758 401 840 836 471 109 209 652 953 574 601 299 147 207 212 39 176 389 408 434 736 709 931 724
324 327 783 749 282 308 1037 96 1094 320 0 1177 883 738 217 905 1033 1113 300 722 416 276 278 681 791 648 307 426 325 107 960 622 158 718 207 696 818 189 402 110 978 199 249 326 285 447 803 216 303 1031 841 607 619 520 553 213 1155 1152 787 321 244 514 770 893 903 309 448 413 215 360 383 703 488 612 525 389 961 839
856 851 1216 1314 938 1044 492 1265 496 872 1177 0 566 1050 1368 933 735 286 1045 1487 765 981 982 643 848 586 1015 768 859 1070 1007 579 1174 537 1262 1410 382 1355 1058 1113 853 1358 935 1198 954 1263 1445 1287 1199 734 1182 626 1373 1043 1404 1158 138 157 545 856 961 1476 1514 462 273 1121 802 782 987 834 805 488 866 998 1395 1545 1074 1240
645 594 1289 767 761 635 856 945 893 573 883 566 0 1142 1100 1135 232 327 907 1444 514 819 615 732 284 615 616 482 581 794 446 335 955 632 1045 882 521 1072 975 785 1110 1082 644 764 601 1163 1455 1065 1045 1045 1291 627 859 1024 1309 968 455 439 118 632 760 1009 1484 109 431 698 435 636 773 537 634 326 835 472 1290 1272 1269 678
606 678 165 1416 526 927 629 818 668 736 738 1050 1142 0 760 221 1368 1173 439 484 702 491 841 431 1235 536 904 749 708 685 1450 812 596 546 620 1403 706 784 336 790 337 770 715 1028 818 409 406 637 482 460 149 516 1328 217 483 539 1118 1126 1025 627 560 1252 496 1077 847 978 852 550 578 743 572 819 331 1169 492 871 225 1460
513 531 758 900 435 512 1174 182 1229 533 217 1368 1100 760 0 958 1249 1323 376 601 621 403 493 818 1003 810 516 636 534 311 1162 830 204 877 142 818 997 44 443 322 1050 24 461 485 502 381 709 123 278 1127 830 768 741 552 433 244 1357 1355 1003 514 407 575 649 1108 1095 494 665 587 381 572 562 907 594 812 404 177 985 1010
706 772 348 1525 654 1045 465 993 492 832 905 933 1135 221 958 0 1367 1103 606 695 772 635 954 404 1276 523 1018 817 803 834 1494 827 778 503 816 1530 642 978 517 937 119 966 829 1165 927 626 598 835 681 255 282 521 1459 406 705 724 1023 1034 1023 726 693 1410 700 1054 777 1106 922 627 716 829 656 810 434 1249 714 1082 142 1548
840 780 1510 726 955 749 1079 1080 1114 747 1033 735 232 1368 1249 1367 0 456 1103 1645 710 1014 755 964 271 846 738 671 761 957 302 556 1128 864 1214 864 751 1215 1180 927 1342 1229 813 848 748 1358 1666 1232 1232 1275 1517 856 862 1239 1502 1149 605 586 344 824 949 1051 1687 327 651 795 600 846 958 715 839 557 1053 501 1481 1412 1501 601
820 792 1334 1094 924 914 716 1190 735 793 1113 286 327 1173 1323 1103 456 0 1056 1557 702 977 873 742 610 646 890 687 789 1012 742 493 1149 626 1241 1208 467 1301 1097 1029 1045 1308 864 1058 851 1300 1540 1264 1208 945 1316 677 1182 1112 1448 1147 150 131 356 814 937 1319 1591 247 327 985 683 774 957 753 786 421 921 796 1433 1500 1245 1001
263 325 501 999 147 512 801 386 856 369 300 1045 907 439 376 606 1103 1056 0 542 394 89 436 450 909 463 494 431 348 250 1110 583 176 524 240 971 663 385 107 353 686 377 320 594 420 255 580 263 154 754 551 421 895 222 402 131 1059 1060 793 279 160 813 586 880 781 552 513 282 163 393 275 637 218 789 383 533 661 1061
805 868 352 1471 690 1014 1108 753 1150 909 722 1487 1444 484 601 695 1645 1557 542 0 935 632 954 843 1449 916 1003 974 890 740 1645 1112 571 952 519 1407 1114 643 469 822 814 623 853 1047 944 291 139 517 433 944 432 881 1330 446 170 527 1532 1537 1327 822 700 1176 48 1407 1250 1030 1054 808 697 935 809 1153 636 1311 199 609 631 1559
131 90 825 763 247 324 717 501 772 110 416 765 514 702 621 772 710 702 394 935 0 305 240 405 536 314 293 46 93 312 749 208 451 381 542 793 429 602 470 348 796 607 170 477 208 650 959 564 531 794 846 287 731 540 795 457 739 736 402 118 246 759 977 497 493 401 151 151 262 78 133 287 371 477 775 799 881 776
174 236 573 929 58 440 774 371 830 281 276 981 819 491 403 635 1014 977 89 632 305 0 358 417 821 409 419 342 260 199 1023 498 199 475 282 911 603 403 183 302 703 399 237 537 339 345 667 307 231 755 615 366 837 284 490 176 987 988 705 190 74 775 675 795 713 487 424 204 86 304 192 556 212 707 470 573 706 984
249 190 932 575 315 91 954 329 1010 135 278 982 615 841 493 954 755 873 436 954 240 358 0 627 515 549 64 219 163 216 694 403 391 618 469 577 667 461 540 171 998 473 126 237 31 663 1011 484 521 1013 971 517 508 642 793 427 937 931 529 230 284 519 1000 639 716 163 190 338 274 161 305 494 523 357 767 659 1045 626
388 436 593 1167 399 717 357 778 414 492 681 643 732 431 818 404 964 742 450 843 405 417 627 0 876 118 687 445 463 582 1093 424 614 115 689 1197 277 820 431 669 401 816 514 859 596 630 806 713 593 389 576 122 1132 400 766 579 694 702 620 403 436 1132 871 656 418 789 546 291 465 476 325 406 239 871 759 983 536 1171
654 585 1361 487 765 493 1077 827 1122 540 791 848 284 1235 1003 1276 271 610 909 1449 536 821 515 876 0 758 487 491 560 728 217 453 903 798 984 612 731 967 999 682 1275 981 597 579 515 1158 1488 1000 1022 1235 1381 755 601 1076 1296 933 739 724 318 635 749 781 1494 386 676 531 397 687 752 517 670 499 906 230 1272 1158 1398 393
331 364 693 1068 376 636 406 744 462 413 648 586 615 536 810 523 846 646 463 916 314 409 549 118 758 0 605 349 387 543 975 306 608 71 691 1107 203 806 472 617 516 804 449 786 517 678 893 716 615 489 684 42 1046 469 821 583 616 621 501 341 408 1065 947 542 334 712 445 236 436 390 268 288 283 764 810 982 655 1064
313 252 992 512 378 31 1010 342 1066 195 307 1015 616 904 516 1018 738 890 494 1003 293 419 64 687 487 605 0 266 223 263 654 436 436 673 507 513 714 480 600 196 1061 494 190 186 92 715 1065 520 570 1075 1034 576 446 704 840 476 963 955 539 294 346 470 1051 650 754 109 213 401 334 215 368 528 587 309 814 674 1109 566
168 112 870 722 284 297 748 505 803 106 426 768 482 749 636 817 671 687 431 974 46 342 219 445 491 349 266 0 102 325 703 196 475 414 566 757 448 614 512 348 839 621 176 452 189 687 1001 587 564 834 892 326 697 584 831 486 734 729 374 152 279 736 1016 473 499 376 105 198 291 67 179 282 417 432 811 813 927 731
101 30 815 721 204 253 793 407 850 29 325 859 581 708 534 803 761 789 348 890 93 260 163 463 560 387 223 102 0 223 764 297 374 457 465 736 520 512 439 254 839 519 76 398 132 600 927 486 471 851 846 355 670 525 742 389 831 827 475 81 190 678 934 576 587 326 164 178 196 45 146 379 380 461 720 711 902 752
217 222 751 752 188 274 937 201 994 222 107 1070 794 685 311 834 957 1012 250 740 312 199 216 582 728 543 263 325 223 0 911 519 175 614 257 721 711 289 358 104 899 296 151 344 212 452 805 274 307 943 801 503 645 472 577 212 1050 1047 693 214 148 576 788 797 796 303 361 307 121 261 276 599 406 571 552 488 904 824
861 791 1574 457 968 652 1282 980 1325 742 960 1007 446 1450 1162 1494 302 742 1110 1645 749 1023 694 1093 217 975 654 703 764 911 0 670 1086 1013 1161 606 937 1122 1204 850 1492 1139 791 699 701 1353 1691 1174 1213 1448 1595 973 622 1286 1487 1121 885 868 513 842 950 839 1690 555 869 670 604 900 949 722 882 710 1120 349 1462 1304 1616 315
331 298 955 809 441 465 645 702 695 303 622 579 335 812 830 827 556 493 583 1112 208 498 403 424 453 306 436 196 297 519 670 0 658 345 750 875 307 809 643 544 821 815 372 621 376 836 1120 772 729 783 961 307 826 688 984 661 537 532 217 323 449 902 1151 297 319 544 224 304 467 263 307 91 499 491 966 1007 955 782
329 363 629 904 236 444 969 223 1025 382 158 1174 955 596 204 778 1128 1149 176 571 451 199 391 614 903 608 436 475 374 175 1086 658 0 674 91 854 799 209 262 251 862 203 314 483 388 290 646 114 145 931 690 565 777 380 405 57 1171 1171 849 335 214 664 619 948 903 459 528 391 191 418 370 728 392 745 378 374 822 988
402 434 708 1127 444 704 336 814 392 482 718 537 632 546 877 503 864 626 524 952 381 475 618 115 798 71 673 414 457 614 1013 345 674 0 756 1171 163 874 523 689 481 872 520 855 586 727 920 780 674 438 691 111 1111 506 867 647 581 588 523 412 477 1135 981 550 303 781 505 307 506 458 339 309 330 819 858 1048 641 1117
420 455 628 952 325 512 1041 236 1096 471 207 1262 1045 620 142 816 1214 1241 240 519 542 282 469 689 984 691 507 566 465 257 1161 750 91 756 0 889 885 164 301 314 908 150 402 528 469 260 610 24 138 986 697 649 812 410 349 109 1262 1261 940 427 305 674 568 1039 992 516 615 480 283 508 461 820 458 816 320 294 845 1046
826 765 1471 152 880 485 1503 654 1557 707 696 1410 882 1403 818 1530 864 1208 971 1407 793 911 577 1197 612 1107 513 757 736 721 606 875 854 1171 889 0 1180 774 1079 618 1575 794 701 376 606 1142 1498 890 999 1586 1522 1081 77 1192 1237 909 1322 1309 868 807 843 290 1456 966 1183 425 668 914 825 720 882 960 1097 413 1208 897 1615 305
493 505 869 1117 562 744 346 911 392 539 818 382 521 706 997 642 751 467 663 1114 429 603 667 277 731 203 714 448 520 711 937 307 799 163 885 1180 0 988 676 770 598 989 592 900 636 881 1083 909 817 524 849 243 1128 667 1024 779 418 424 426 498 589 1184 1144 425 141 823 516 410 617 507 437 234 485 797 1013 1172 783 1084
499 511 790 856 430 474 1177 141 1233 509 189 1355 1072 784 44 978 1215 1301 385 643 602 403 461 820 967 806 480 614 512 289 1122 809 209 874 164 774 988 0 461 289 1067 20 438 442 471 415 749 149 303 1139 860 763 697 573 474 256 1340 1337 976 499 399 533 692 1082 1082 453 637 578 371 549 551 889 601 773 446 200 1010 966
345 413 394 1106 235 619 765 482 817 462 402 1058 975 336 443 517 1180 1097 107 469 470 183 540 431 999 472 600 512 439 358 1204 643 262 523 301 1079 676 461 0 461 606 449 421 702 522 206 489 321 174 688 443 433 1003 118 351 207 1085 1088 858 364 258 916 508 938 803 659 601 338 266 482 341 686 193 890 338 582 561 1166
286 265 853 656 286 198 1019 161 1076 242 110 1113 785 790 322 937 927 1029 353 822 348 302 171 669 682 617 196 348 254 104 850 544 251 689 314 618 770 289 461 0 999 302 178 241 184 539 895 325 393 1039 905 579 542 576 655 299 1082 1077 693 276 246 474 870 802 842 209 352 383 221 281 350 630 507 503 628 487 1008 737
748 810 467 1558 713 1089 369 1069 388 869 978 853 1110 337 1050 119 1342 1045 686 814 796 703 998 401 1275 516 1061 839 839 899 1492 821 862 481 908 1575 598 1067 606 999 0 1056 875 1218 968 734 717 928 776 140 399 523 1506 502 820 810 953 966 1004 767 753 1474 820 1021 725 1155 943 661 779 860 693 791 492 1270 827 1182 233 1570
502 517 772 876 428 490 1172 159 1228 517 199 1358 1082 770 24 966 1229 1308 377 623 607 399 473 816 981 804 494 621 519 296 1139 815 203 872 150 794 989 20 449 302 1056 0 445 461 483 397 729 133 288 1130 843 762 718 560 454 247 1344 1342 986 503 399 553 671 1091 1084 471 647 578 372 556 553 894 594 789 425 191 995 986
128 88 809 702 190 216 855 330 911 71 249 935 644 715 461 829 813 864 320 853 170 237 126 514 597 449 190 176 76 151 791 372 314 520 402 701 592 438 421 178 875 445 0 346 103 562 901 421 425 897 847 413 631 519 699 337 908 904 542 111 163 618 899 646 663 279 213 223 158 110 189 456 397 469 675 637 918 748
474 423 1095 424 511 156 1192 305 1248 372 326 1198 764 1028 485 1165 848 1058 594 1047 477 537 237 859 579 786 186 452 398 344 699 621 483 855 528 376 900 442 702 241 1218 461 346 0 268 773 1129 533 628 1243 1146 753 300 816 877 535 1140 1131 702 457 472 283 1096 813 940 77 396 568 452 398 535 713 731 358 849 609 1243 524
221 159 912 600 294 121 923 344 979 104 285 954 601 818 502 927 748 851 420 944 208 339 31 596 515 517 92 189 132 212 701 376 388 586 469 606 636 471 522 184 968 483 103 268 0 653 998 485 512 983 950 486 538 621 785 420 912 906 510 201 265 550 991 620 688 194 169 308 257 130 276 466 497 370 761 671 1020 645
519 579 378 1194 403 727 947 495 997 618 447 1263 1163 409 381 626 1358 1300 255 291 650 345 663 630 1158 678 715 687 600 452 1353 836 290 727 260 1142 881 415 206 539 734 397 562 773 653 0 356 268 145 838 454 639 1065 246 148 240 1291 1294 1048 534 410 935 337 1133 1009 748 764 533 405 645 529 886 397 1021 133 465 624 1275
834 902 250 1551 723 1079 1035 846 1073 949 803 1445 1455 406 709 598 1666 1540 580 139 959 667 1011 806 1488 893 1065 1001 927 805 1691 1120 646 920 610 1498 1083 749 489 895 717 729 901 1129 998 356 0 612 501 852 320 863 1420 432 279 596 1501 1508 1338 853 740 1281 116 1409 1223 1104 1090 820 742 971 828 1150 625 1368 307 737 515 1629
443 476 640 957 349 524 1065 236 1120 491 216 1287 1065 637 123 835 1232 1264 263 517 564 307 484 713 1000 716 520 587 486 274 1174 772 114 780 24 890 909 149 321 325 928 133 421 533 485 268 612 0 155 1008 710 673 813 429 346 133 1286 1285 961 449 329 669 566 1061 1016 525 634 504 306 528 484 843 482 828 317 269 862 1053
400 453 493 1049 287 581 935 359 989 486 303 1199 1045 482 278 681 1232 1208 154 433 531 231 521 593 1022 615 570 564 471 307 1213 729 145 674 138 999 817 303 174 393 776 288 425 628 512 145 501 155 0 862 559 574 922 275 273 95 1213 1214 934 413 285 802 480 1025 935 602 633 434 274 516 423 787 355 878 250 408 707 1130
769 823 601 1556 755 1104 242 1126 252 880 1031 734 1045 460 1127 255 1275 945 754 944 794 755 1013 389 1235 489 1075 834 851 943 1448 783 931 438 986 1586 524 1139 688 1039 140 1130 897 1243 983 838 852 1008 862 0 537 508 1521 596 936 883 842 856 945 786 795 1510 952 949 637 1175 933 675 822 865 709 738 543 1254 941 1270 373 1554
744 816 83 1544 656 1055 738 913 770 873 841 1182 1291 149 830 282 1517 1316 551 432 846 615 971 576 1381 684 1034 892 846 801 1595 961 690 691 697 1522 849 860 443 905 399 843 847 1146 950 454 320 710 559 537 0 665 1446 330 483 632 1256 1265 1174 765 687 1354 429 1226 990 1101 994 695 702 883 714 968 475 1308 500 917 198 1595
292 330 669 1047 333 606 441 703 497 382 607 626 627 516 768 521 856 677 421 881 287 366 517 122 755 42 576 326 355 503 973 307 565 111 649 1081 243 763 433 579 523 762 413 753 486 639 863 673 574 508 665 0 1018 435 783 541 653 657 511 304 366 1031 914 560 371 681 425 196 395 361 229 302 246 749 771 940 648 1049
758 698 1395 191 807 417 1445 576 1499 641 619 1373 859 1328 741 1459 862 1182 895 1330 731 837 508 1132 601 1046 446 697 670 645 622 826 777 1111 812 77 1128 697 1003 542 1506 718 631 300 538 1065 1420 813 922 1521 1446 1018 0 1117 1159 831 1291 1279 835 739 770 233 1379 937 1139 353 613 847 751 657 814 913 1025 386 1131 825 1542 341
425 497 290 1214 328 725 702 601 751 551 520 1043 1024 217 552 406 1239 1112 222 446 540 284 642 400 1076 469 704 584 525 472 1286 688 380 506 410 1192 667 573 118 576 502 560 519 816 621 246 432 429 275 596 330 435 1117 0 369 323 1085 1090 906 445 357 1034 478 976 803 770 681 394 371 565 406 718 193 984 366 679 442 1267
664 722 400 1301 548 849 1068 582 1115 758 553 1404 1309 483 433 705 1502 1448 402 170 795 490 793 766 1296 821 840 831 742 577 1487 984 405 867 349 1237 1024 474 351 655 820 454 699 877 785 148 279 346 273 936 483 783 1159 369 0 365 1436 1440 1195 679 553 1008 219 1281 1154 862 906 681 546 787 677 1034 538 1149 28 461 674 1392
329 374 571 955 224 486 932 281 987 401 213 1158 968 539 244 724 1149 1147 131 527 457 176 427 579 933 583 476 486 389 212 1121 661 57 647 109 909 779 256 207 299 810 247 337 535 420 240 596 133 95 883 632 541 831 323 365 0 1162 1162 859 339 211 721 575 955 889 508 548 379 195 434 362 726 350 784 340 403 765 1035
845 828 1282 1217 938 990 604 1239 615 840 1155 138 455 1118 1357 1023 605 150 1059 1532 739 987 937 694 739 616 963 734 831 1050 885 537 1171 581 1262 1322 418 1340 1085 1082 953 1344 908 1140 912 1291 1501 1286 1213 842 1256 653 1291 1085 1436 1162 0 19 455 842 957 1410 1562 357 282 1065 750 783 980 801 801 452 899 908 1424 1535 1165 1133
843 825 1291 1203 938 982 619 1235 632 836 1152 157 439 1126 1355 1034 586 131 1060 1537 736 988 931 702 724 621 955 729 827 1047 868 532 1171 588 1261 1309 424 1337 1088 1077 966 1342 904 1131 906 1294 1508 1285 1214 856 1265 657 1279 1090 1440 1162 19 0 443 840 956 1401 1568 344 286 1056 743 784 979 796 801 448 904 895 1427 1533 1177 1118
533 486 1171 769 648 561 769 854 811 471 787 545 118 1025 1003 1023 344 356 793 1327 402 705 529 620 318 501 539 374 475 693 513 217 849 523 940 868 426 976 858 693 1004 986 542 702 510 1048 1338 961 934 945 1174 511 835 906 1195 859 455 443 0 521 649 963 1367 111 358 630 341 519 664 432 519 214 717 454 1176 1177 1156 701
20 51 735 799 132 322 745 413 802 109 321 856 632 627 514 726 824 814 279 822 118 190 230 403 635 341 294 152 81 214 842 323 335 412 427 807 498 499 364 276 767 503 111 457 201 534 853 449 413 786 765 304 739 445 679 339 842 840 521 0 128 729 865 615 583 389 237 111 144 119 77 394 299 542 658 692 822 833
117 169 647 857 39 368 793 341 850 209 244 961 760 560 407 693 949 937 160 700 246 74 284 436 749 408 346 279 190 148 950 449 214 477 305 843 589 399 258 246 753 399 163 472 265 410 740 329 285 795 687 366 770 357 553 211 957 956 649 128 0 720 744 743 689 418 354 179 29 235 156 515 261 632 532 583 771 910
744 701 1293 424 760 439 1471 442 1528 652 514 1476 1009 1252 575 1410 1051 1319 813 1176 759 775 519 1132 781 1065 470 736 678 576 839 902 664 1135 674 290 1184 533 916 474 1474 553 618 283 550 935 1281 669 802 1510 1354 1031 233 1034 1008 721 1410 1401 963 729 720 0 1225 1072 1221 360 677 841 695 680 807 993 982 552 979 624 1474 573
848 911 353 1520 733 1062 1124 802 1164 953 770 1514 1484 496 649 700 1687 1591 586 48 977 675 1000 871 1494 947 1051 1016 934 788 1690 1151 619 981 568 1456 1144 692 508 870 820 671 899 1096 991 337 116 566 480 952 429 914 1379 478 219 575 1562 1568 1367 865 744 1225 0 1445 1281 1078 1099 847 742 979 850 1190 669 1358 248 653 627 1608
626 584 1229 859 738 673 753 963 788 574 893 462 109 1077 1108 1054 327 247 880 1407 497 795 639 656 386 542 650 473 576 797 555 297 948 550 1039 966 425 1082 938 802 1021 1091 646 813 620 1133 1409 1061 1025 949 1226 560 937 976 1281 955 357 344 111 615 743 1072 1445 0 325 742 450 600 760 535 604 259 784 552 1263 1283 1191 778
582 578 1011 1103 667 784 428 992 463 601 903 273 431 847 1095 777 651 327 781 1250 493 713 716 418 676 334 754 499 587 796 869 319 903 303 992 1183 141 1082 803 842 725 1084 663 940 688 1009 1223 1016 935 637 990 371 1139 803 1154 889 282 286 358 583 689 1221 1281 325 0 862 544 511 714 564 533 228 617 782 1142 1272 919 1052
407 352 1054 448 454 79 1117 312 1173 299 309 1121 698 978 494 1106 795 985 552 1030 401 487 163 789 531 712 109 376 326 303 670 544 459 781 516 425 823 453 659 209 1155 471 279 77 194 748 1104 525 602 1175 1101 681 353 770 862 508 1065 1056 630 389 418 360 1078 742 862 0 319 499 400 323 466 635 672 321 834 635 1190 529
257 188 969 623 367 242 834 513 888 147 448 802 435 852 665 922 600 683 513 1054 151 424 190 546 397 445 213 105 164 361 604 224 528 505 615 668 516 637 601 352 943 647 213 396 169 764 1090 634 633 933 994 425 613 681 906 548 750 743 341 237 354 677 1099 450 544 319 0 302 359 119 280 316 520 327 883 837 1032 627
97 149 675 898 155 430 636 508 693 207 413 782 636 550 587 627 846 774 282 808 151 204 338 291 687 236 401 198 178 307 900 304 391 307 480 914 410 578 338 383 661 578 223 568 308 533 820 504 434 675 695 196 847 394 681 379 783 784 519 111 179 841 847 600 511 499 302 0 206 201 34 354 219 625 664 762 732 921
137 179 658 843 67 354 822 312 879 212 215 987 773 578 381 716 958 957 163 697 262 86 274 465 752 436 334 291 196 121 949 467 191 506 283 825 617 371 266 221 779 372 158 452 257 405 742 306 274 822 702 395 751 371 546 195 980 979 664 144 29 695 742 760 714 400 359 206 0 242 181 536 286 626 523 557 791 900
139 68 854 697 247 246 795 438 850 39 360 834 537 743 572 829 715 753 393 935 78 304 161 476 517 390 215 67 45 261 722 263 418 458 508 720 507 549 482 281 860 556 110 398 130 645 971 528 516 865 883 361 657 565 787 434 801 796 432 119 235 680 979 535 564 323 119 201 242 0 173 349 412 426 765 748 932 721
63 117 691 868 138 397 669 478 726 176 383 805 634 572 562 656 839 786 275 809 133 192 305 325 670 268 368 179 146 276 882 307 370 339 461 882 437 551 341 350 693 553 189 535 276 529 828 484 423 709 714 229 814 406 677 362 801 801 519 77 156 807 850 604 533 466 280 34 181 173 0 364 240 599 659 739 758 895
399 377 969 887 503 557 580 787 627 389 703 488 326 819 907 810 557 421 637 1153 287 556 494 406 499 288 528 282 379 599 710 91 728 309 820 960 234 889 686 630 791 894 456 713 466 886 1150 843 787 738 968 302 913 718 1034 726 452 448 214 394 515 993 1190 259 228 635 316 354 536 349 364 0 525 566 1017 1085 943 850
279 349 458 1097 221 613 583 583 637 408 488 866 835 331 594 434 1053 921 218 636 371 212 523 239 906 283 587 417 380 406 1120 499 392 330 458 1097 485 601 193 507 492 594 397 731 497 397 625 482 355 543 475 246 1025 193 538 350 899 904 717 299 261 982 669 784 617 672 520 219 286 412 240 525 0 839 528 751 522 1132
563 491 1275 321 657 304 1136 631 1186 434 612 998 472 1169 812 1249 501 796 789 1311 477 707 357 871 230 764 309 432 461 571 349 491 745 819 816 413 797 773 890 503 1270 789 469 358 370 1021 1368 828 878 1254 1308 749 386 984 1149 784 908 895 454 542 632 552 1358 552 782 321 327 625 626 426 599 566 839 0 1123 956 1357 300
644 701 417 1273 528 822 1067 554 1115 736 525 1395 1290 492 404 714 1481 1433 383 199 775 470 767 759 1272 810 814 811 720 552 1462 966 378 858 320 1208 1013 446 338 628 827 425 675 849 761 133 307 317 250 941 500 771 1131 366 28 340 1424 1427 1176 658 532 979 248 1263 1142 834 883 664 523 765 659 1017 528 1123 0 436 688 1364
690 709 838 1000 609 665 1335 332 1389 709 389 1545 1272 871 177 1082 1412 1500 533 609 799 573 659 983 1158 982 674 813 711 488 1304 1007 374 1048 294 897 1172 200 582 487 1182 191 637 609 671 465 737 269 408 1270 917 940 825 679 461 403 1535 1533 1177 692 583 624 653 1283 1272 635 837 762 557 748 739 1085 751 956 436 0 1089 1124
801 871 280 1620 735 1134 600 1043 621 931 961 1074 1269 225 985 142 1501 1245 661 631 881 706 1045 536 1398 655 1109 927 902 904 1616 955 822 641 845 1615 783 1010 561 1008 233 995 918 1243 1020 624 515 862 707 373 198 648 1542 442 674 765 1165 1177 1156 822 771 1474 627 1191 919 1190 1032 732 791 932 758 943 522 1357 688 1089 0 1653
854 783 1557 153 939 550 1427 829 1476 724 839 1240 678 1460 1010 1548 601 1001 1061 1559 776 984 626 1171 393 1064 566 731 752 824 315 782 988 1117 1046 305 1084 966 1166 737 1570 986 748 524 645 1275 1629 1053 1130 1554 1595 1049 341 1267 1392 1035 1133 1118 701 833 910 573 1608 778 1052 529 627 921 900 721 895 850 1132 300 1364 1124 1653 0
