0 1260 991 965 417 1047 34 63 865 1248 1255 1599 32 565 778 661 347
1260 0 1998 1839 1534 1965 1259 1200 2105 286 2511 1425 1228 1111 2035 1635 959
991 1998 0 237 1206 1756 1020 1010 1086 2092 1179 1504 1003 888 756 368 1099
965 1839 237 0 1252 1844 997 968 1240 1958 1384 1267 969 731 920 305 996
417 1534 1206 1252 0 636 390 470 606 1453 1030 2016 442 981 691 954 739
1047 1965 1756 1844 636 0 1017 1094 789 1806 1111 2644 1068 1612 1071 1561 1339
34 1259 1020 997 390 1017 0 81 857 1241 1252 1628 51 595 784 693 363
63 1200 1010 968 470 1094 81 0 928 1196 1317 1550 31 520 836 668 284
865 2105 1086 1240 606 789 857 928 0 2049 424 2312 897 1322 331 1023 1209
1248 286 2092 1958 1453 1806 1241 1196 2049 0 2467 1688 1220 1230 2024 1723 1002
1255 2511 1179 1384 1030 1111 1252 1317 424 2467 0 2573 1287 1644 528 1244 1587
1599 1425 1504 1267 2016 2644 1628 1550 2312 1688 2573 0 1576 1035 2054 1329 1319
32 1228 1003 969 442 1068 51 31 897 1220 1287 1576 0 544 809 667 316
565 1111 888 731 981 1612 595 520 1322 1230 1644 1035 544 0 1118 536 349
778 2035 756 920 691 1071 784 836 331 2024 528 2054 809 1118 0 732 1088
661 1635 368 305 954 1561 693 668 1023 1723 1244 1329 667 536 732 0 731
347 959 1099 996 739 1339 363 284 1209 1002 1587 1319 316 349 1088 731 0
