0 1416 1670 365 1646 1157 1691 1047 34 330 980 224 1536 377 464 595
1416 0 430 1774 2836 2571 2097 1124 1402 1257 1460 1640 1504 1097 1712 1233
1670 430 0 2036 2908 2795 1963 1545 1663 1442 1445 1892 1314 1309 1879 1602
365 1774 2036 0 1482 816 1841 1248 374 649 1208 148 1801 736 484 783
1646 2836 2908 1482 0 1058 1440 2688 1679 1623 1485 1506 1926 1795 1197 2225
1157 2571 2795 816 1058 0 2064 2022 1174 1353 1674 935 2270 1488 949 1573
1691 2097 1963 1841 1440 2064 0 2551 1722 1411 759 1742 668 1515 1358 2204
1047 1124 1545 1248 2688 2022 2551 0 1013 1186 1792 1189 2168 1048 1510 466
34 1402 1663 374 1679 1174 1722 1013 0 349 1006 239 1557 381 499 560
330 1257 1442 649 1623 1353 1411 1186 349 0 671 502 1207 172 455 796
980 1460 1445 1208 1485 1674 759 1792 1006 671 0 1082 606 758 771 1451
224 1640 1892 148 1506 935 1742 1189 239 502 1082 0 1667 589 406 722
1536 1504 1314 1801 1926 2270 668 2168 1557 1207 606 1667 0 1236 1377 1914
377 1097 1309 736 1795 1488 1515 1048 381 172 758 589 1236 0 622 695
464 1712 1879 484 1197 949 1358 1510 499 455 771 406 1377 622 0 1059
595 1233 1602 783 2225 1573 2204 466 560 796 1451 722 1914 695 1059 0
