0 1277 1098 1307 877 1510 1041 1256 1283 956 68 70 480 196 697 294
1277 0 2162 1908 971 966 1956 1496 2551 1197 1225 1212 1736 1234 1814 1019
1098 2162 0 764 1300 1889 307 1158 1182 1155 1100 1161 1031 1007 1377 1209
1307 1908 764 0 937 1328 476 508 1905 714 1268 1341 1505 1127 1857 1234
877 971 1300 937 0 663 1043 564 2038 229 809 857 1317 701 1574 618
1510 966 1889 1328 663 0 1600 821 2701 737 1441 1478 1970 1350 2201 1225
1041 1956 307 476 1043 1600 0 852 1431 876 1024 1094 1112 904 1470 1077
1256 1496 1158 508 564 821 852 0 2170 350 1198 1264 1596 1059 1915 1075
1283 2551 1182 1905 2038 2701 1431 2170 0 2010 1343 1344 815 1383 860 1569
956 1197 1155 714 229 737 876 350 2010 0 893 953 1349 763 1641 743
68 1225 1100 1268 809 1441 1024 1198 1343 893 0 72 545 143 765 229
70 1212 1161 1341 857 1478 1094 1264 1344 953 72 0 534 215 723 253
480 1736 1031 1505 1317 1970 1112 1596 815 1349 545 534 0 619 357 774
196 1234 1007 1127 701 1350 904 1059 1383 763 143 215 619 0 880 216
697 1814 1377 1857 1574 2201 1470 1915 860 1641 765 723 357 880 0 975
294 1019 1209 1234 618 1225 1077 1075 1569 743 229 253 774 216 975 0
