0 1457 82 268 613 1454 740 700 343 745 97 1232 153 129 1374 117
1457 0 1492 1725 1887 2549 2193 885 1203 2183 1543 2296 1386 1351 2136 1360
82 1492 0 253 659 1372 701 765 418 739 60 1286 236 203 1294 132
268 1725 253 0 485 1347 481 942 573 486 193 1118 363 379 1381 375
613 1887 659 485 0 1773 706 1008 696 456 608 634 570 633 1863 724
1454 2549 1372 1347 1773 0 1123 2084 1781 1435 1369 2338 1607 1573 600 1458
740 2193 701 481 706 1123 0 1424 1054 312 650 1217 845 859 1366 833
700 885 765 942 1008 2084 1424 0 369 1349 798 1424 578 572 1860 647
343 1203 418 573 696 1781 1054 369 0 989 440 1216 209 214 1637 323
745 2183 739 486 456 1435 312 1349 989 0 679 907 797 835 1652 858
97 1543 60 193 608 1369 650 798 440 679 0 1239 242 226 1318 184
1232 2296 1286 1118 634 2338 1217 1424 1216 907 1239 0 1156 1224 2486 1334
153 1386 236 363 570 1607 845 578 209 797 242 1156 0 68 1517 196
129 1351 203 379 633 1573 859 572 214 835 226 1224 68 0 1463 134
1374 2136 1294 1381 1863 600 1366 1860 1637 1652 1318 2486 1517 1463 0 1329
117 1360 132 375 724 1458 833 647 323 858 184 1334 196 134 1329 0
