0 925 1174 856 383 741 525 223 666 1301 1039 796 1090 585 292 1149
925 0 1624 1740 554 287 1437 1144 1142 2223 325 1576 933 827 1208 1489
1174 1624 0 973 1366 1337 1330 1200 532 1477 1904 1771 2211 808 1073 196
856 1740 973 0 1233 1501 571 690 834 559 1892 975 1882 1067 569 1095
383 554 1366 1233 0 435 883 595 834 1684 658 1047 850 600 675 1289
741 287 1337 1501 435 0 1266 964 858 2009 583 1477 1085 541 1001 1204
525 1437 1330 571 883 1266 0 303 954 839 1503 444 1359 1023 319 1381
223 1144 1200 690 595 964 303 0 745 1091 1237 628 1197 749 142 1212
666 1142 532 834 834 858 954 745 0 1393 1398 1363 1679 318 646 483
1301 2223 1477 559 1684 2009 839 1091 1393 0 2328 1050 2185 1615 1015 1623
1039 325 1904 1892 658 583 1503 1237 1398 2328 0 1549 668 1096 1330 1782
796 1576 1771 975 1047 1477 444 628 1363 1050 1549 0 1209 1371 717 1812
1090 933 2211 1882 850 1085 1359 1197 1679 2185 668 1209 0 1446 1332 2139
585 827 808 1067 600 541 1023 749 318 1615 1096 1371 1446 0 706 700
292 1208 1073 569 675 1001 319 142 646 1015 1330 717 1332 706 0 1098
1149 1489 196 1095 1289 1204 1381 1212 483 1623 1782 1812 2139 700 1098 0
