0 1173 1440 24 972 1428 1012 1306 1625 1190 860 615 155 1506 299 1458 1047
1173 0 2610 1158 417 1850 216 715 2289 1641 809 705 1294 2142 881 2523 795
1440 2610 0 1453 2394 2120 2452 2595 1676 1814 2182 2018 1316 1673 1729 954 2287
24 1158 1453 0 965 1447 1000 1283 1612 1171 863 612 155 1492 281 1480 1023
972 417 2394 965 0 1432 212 1055 2356 1751 394 380 1119 2215 733 2187 1031
1428 1850 2120 1447 1432 0 1638 2405 3013 2618 1043 1247 1533 2908 1517 1373 2263
1012 216 2452 1000 212 1638 0 851 2264 1636 595 496 1145 2119 736 2321 857
1306 715 2595 1283 1055 2405 851 0 1816 1157 1388 1159 1358 1671 1033 2764 312
1625 2289 1676 1612 2356 3013 2264 1816 0 662 2420 2124 1494 147 1688 2439 1555
1190 1641 1814 1171 1751 2618 1636 1157 662 0 1875 1572 1100 515 1157 2354 892
860 809 2182 863 394 1043 595 1388 2420 1875 0 302 1015 2287 732 1855 1297
615 705 2018 612 380 1247 496 1159 2124 1572 302 0 768 1990 437 1825 1028
155 1294 1316 155 1119 1533 1145 1358 1494 1100 1015 768 0 1380 413 1422 1079
1506 2142 1673 1492 2215 2908 2119 1671 147 515 2287 1990 1380 0 1555 2392 1407
299 881 1729 281 733 1517 736 1033 1688 1157 732 437 413 1555 0 1740 801
1458 2523 954 1480 2187 1373 2321 2764 2439 2354 1855 1825 1422 2392 1740 0 2498
1047 795 2287 1023 1031 2263 857 312 1555 892 1297 1028 1079 1407 801 2498 0
