0 1162 383 573 98 548 263 1126 1420 1189 216 1005 939 615 471 89
1162 0 1220 1614 1226 1492 937 1444 2539 2099 1366 1089 1735 922 747 1164
383 1220 0 891 313 272 346 754 1335 1516 369 698 1306 946 478 472
573 1614 891 0 593 913 828 1640 1307 625 526 1568 471 780 1022 514
98 1226 313 593 0 452 298 1067 1336 1217 140 974 992 713 508 177
548 1492 272 913 452 0 603 777 1078 1516 414 843 1370 1158 750 629
263 937 346 828 298 603 0 979 1605 1431 437 793 1151 626 210 314
1126 1444 754 1640 1067 777 979 0 1665 2262 1113 361 2060 1595 946 1213
1420 2539 1335 1307 1336 1078 1605 1665 0 1591 1204 1866 1706 1973 1792 1456
1189 2099 1516 625 1217 1516 1431 2262 1591 0 1149 2191 381 1182 1610 1119
216 1366 369 526 140 414 437 1113 1204 1149 0 1062 964 807 646 262
1005 1089 698 1568 974 843 793 361 1866 2191 1062 0 1938 1360 693 1082
939 1735 1306 471 992 1370 1151 2060 1706 381 964 1938 0 813 1307 857
615 922 946 780 713 1158 626 1595 1973 1182 807 1360 813 0 666 546
471 747 478 1022 508 750 210 946 1792 1610 646 693 1307 666 0 510
89 1164 472 514 177 629 314 1213 1456 1119 262 1082 857 546 510 0
