0 708 463 1545 149 634 1715 233 579 317 800 1549 197 568 1292 856
708 0 299 1336 601 74 2019 522 266 986 1161 1041 881 155 590 1441
463 299 0 1243 402 240 2002 354 359 772 876 1311 656 233 846 1142
1545 1336 1243 0 1578 1349 3233 1566 1560 1837 1075 2260 1723 1412 1324 1551
149 601 402 1578 0 527 1658 88 440 385 921 1400 281 451 1191 1005
634 74 240 1349 527 0 1972 448 221 912 1113 1079 807 88 664 1378
1715 2019 2002 3233 1658 1972 0 1666 1753 1488 2461 1901 1576 1889 2477 2277
233 522 354 1566 88 448 1666 0 351 465 971 1316 367 369 1112 1084
579 266 359 1560 440 221 1753 351 0 803 1208 994 715 148 812 1403
317 986 772 1837 385 912 1488 465 803 0 973 1691 120 834 1576 862
800 1161 876 1075 921 1113 2461 971 1208 973 0 2187 892 1106 1585 480
1549 1041 1311 2260 1400 1079 1901 1316 994 1691 2187 0 1639 1081 980 2394
197 881 656 1723 281 807 1576 367 715 120 892 1639 0 733 1471 838
568 155 233 1412 451 88 1889 369 148 834 1106 1081 733 0 743 1343
1292 590 846 1324 1191 664 2477 1112 812 1576 1585 980 1471 743 0 1949
856 1441 1142 1551 1005 1378 2277 1084 1403 862 480 2394 838 1343 1949 0
