0 721 1545 121 544 392 721 200 336 765 1443 1204 1224 105 909 140 1530
721 0 1226 841 177 339 1336 619 597 1274 1083 1878 508 820 1629 825 1066
1545 1226 0 1639 1287 1281 2263 1603 1210 1431 2249 2688 1124 1638 2193 1685 2168
121 841 1639 0 663 514 624 278 430 738 1513 1088 1344 27 792 82 1612
544 177 1287 663 0 172 1169 446 455 1136 1128 1705 685 642 1453 647 1145
392 339 1281 514 172 0 1066 344 291 968 1263 1583 832 495 1294 511 1297
721 1336 2263 624 1169 1066 0 726 1053 1189 1604 561 1839 625 691 581 1770
200 619 1603 278 446 344 726 0 440 964 1244 1258 1128 250 1053 227 1336
336 597 1210 430 455 291 1053 440 0 681 1547 1508 1041 428 1118 475 1588
765 1274 1431 738 1136 968 1189 964 681 0 2191 1411 1679 761 817 820 2253
1443 1083 2249 1513 1128 1263 1604 1244 1547 2191 0 2131 1174 1485 2203 1443 222
1204 1878 2688 1088 1705 1583 561 1258 1508 1411 2131 0 2385 1099 631 1073 2310
1224 508 1124 1344 685 832 1839 1128 1041 1679 1174 2385 0 1325 2126 1332 1059
105 820 1638 27 642 495 625 250 428 761 1485 1099 1325 0 815 62 1584
909 1629 2193 792 1453 1294 691 1053 1118 817 2203 631 2126 815 0 827 2337
140 825 1685 82 647 511 581 227 475 820 1443 1073 1332 62 827 0 1548
1530 1066 2168 1612 1145 1297 1770 1336 1588 2253 222 2310 1059 1584 2337 1548 0
