0 1479 1132 1490 70 585 928 270 1325 1419 1110 925 1468 1691 1629 862 478
1479 0 2461 705 1539 2025 2367 1252 1872 2810 1505 1583 733 2326 334 1888 1259
1132 2461 0 2196 1063 1029 1064 1254 1183 377 1304 1072 2589 1224 2506 670 1202
1490 705 2196 0 1527 2076 2416 1220 1332 2571 996 1161 1395 1757 465 1543 1084
70 1539 1063 1527 0 551 888 309 1296 1349 1098 902 1538 1651 1680 812 487
585 2025 1029 2076 551 0 345 856 1707 1172 1584 1358 1873 1980 2201 1130 1031
928 2367 1064 2416 888 345 0 1196 1944 1091 1866 1629 2179 2162 2546 1346 1356
270 1252 1254 1220 309 856 1196 0 1185 1579 918 774 1347 1593 1375 832 256
1325 1872 1183 1332 1296 1707 1944 1185 0 1536 368 411 2322 458 1764 602 939
1419 2810 377 2571 1349 1172 1091 1579 1536 0 1678 1448 2888 1513 2870 1046 1556
1110 1505 1304 996 1098 1584 1866 918 368 1678 0 247 1963 826 1409 637 662
925 1583 1072 1161 902 1358 1629 774 411 1448 247 0 1956 837 1536 401 529
1468 733 2589 1395 1538 1873 2179 1347 2322 2888 1963 1956 0 2778 1066 2151 1485
1691 2326 1224 1757 1651 1980 2162 1593 458 1513 826 837 2778 0 2202 856 1361
1629 334 2506 465 1680 2201 2546 1375 1764 2870 1409 1536 1066 2202 0 1886 1319
862 1888 670 1543 812 1130 1346 832 602 1046 637 401 2151 856 1886 0 668
478 1259 1202 1084 487 1031 1356 256 939 1556 662 529 1485 1361 1319 668 0
