0 1546 436 310 1519 833 1432 1077 330 247 1265 1006 1458 972 1259 1030 796
1546 0 1264 1276 2294 910 1265 885 1869 1355 2409 2415 467 623 286 2285 859
436 1264 0 442 1308 425 1000 651 741 461 1683 1441 1302 644 988 1050 729
310 1276 442 0 1712 708 1396 964 602 78 1306 1169 1152 754 993 1310 487
1519 2294 1308 1712 0 1432 1175 1410 1590 1698 2660 2218 2504 1737 2086 760 2026
833 910 425 708 1432 0 720 256 1155 765 2014 1833 1071 306 665 1379 700
1432 1265 1000 1396 1175 720 0 499 1708 1439 2682 2426 1609 906 1150 1511 1407
1077 885 651 964 1410 256 499 0 1391 1021 2271 2081 1151 410 701 1490 909
330 1869 741 602 1590 1155 1708 1391 0 525 1078 720 1749 1302 1583 965 1083
247 1355 461 78 1698 765 1439 1021 525 0 1251 1096 1226 827 1071 1265 560
1265 2409 1683 1306 2660 2014 2682 2271 1078 1251 0 533 2090 2024 2160 1977 1561
1006 2415 1441 1169 2218 1833 2426 2081 720 1096 533 0 2184 1923 2140 1498 1561
1458 467 1302 1152 2504 1071 1609 1151 1749 1226 2090 2184 0 769 459 2352 666
972 623 644 754 1737 306 906 410 1302 827 2024 1923 769 0 362 1664 534
1259 286 988 993 2086 665 1150 701 1583 1071 2160 2140 459 362 0 2023 599
1030 2285 1050 1310 760 1379 1511 1490 965 1265 1977 1498 2352 1664 2023 0 1746
796 859 729 487 2026 700 1407 909 1083 560 1561 1561 666 534 599 1746 0
