0 301 1663 869 981 971 368 57 461 724 1653 1583 1445 1720 1517 527
301 0 1415 1163 805 1271 290 339 691 470 1853 1715 1593 1894 1266 436
1663 1415 0 2352 761 2571 1319 1717 2103 1405 2467 3077 2060 3290 149 1722
869 1163 2352 0 1593 334 1079 848 797 1586 1104 1712 1129 1682 2220 1311
981 805 761 1593 0 1827 613 1038 1441 1025 1784 2520 1402 2688 638 1211
971 1271 2571 334 1827 0 1259 932 726 1635 1402 1435 1460 1373 2432 1307
368 290 1319 1079 613 1259 0 425 829 726 1614 1936 1326 2085 1177 722
57 339 1717 848 1038 932 425 0 403 738 1668 1527 1473 1662 1570 511
461 691 2103 797 1441 726 829 403 0 945 1816 1151 1704 1263 1955 590
724 470 1405 1586 1025 1635 726 738 945 0 2322 1693 2052 1937 1261 380
1653 1853 2467 1104 1784 1402 1614 1668 1816 2322 0 2816 417 2775 2381 2179
1583 1715 3077 1712 2520 1435 1936 1527 1151 1693 2816 0 2793 325 2929 1355
1445 1593 2060 1129 1402 1460 1326 1473 1704 2052 417 2793 0 2800 1980 1967
1720 1894 3290 1682 2688 1373 2085 1662 1263 1937 2775 325 2800 0 3141 1577
1517 1266 149 2220 638 2432 1177 1570 1955 1261 2381 2929 1980 3141 0 1574
527 436 1722 1311 1211 1307 722 511 590 380 2179 1355 1967 1577 1574 0
