0 472 535 521 633 614 1255 1282 973 622 1415 1000 780 1369 985 1691
472 0 298 106 524 667 846 902 1446 393 1635 544 771 1799 989 2155
535 298 0 209 229 932 733 750 1453 102 1872 726 481 1903 1275 2199
521 106 209 0 439 773 756 805 1490 295 1739 552 691 1873 1095 2213
633 524 229 439 0 1125 776 755 1445 165 2032 934 253 1959 1480 2206
614 667 932 773 1125 0 1478 1551 1273 1035 978 911 1333 1369 372 1827
1255 846 733 756 776 1478 0 123 2185 674 2456 722 923 2623 1734 2933
1282 902 750 805 755 1551 123 0 2189 677 2528 834 871 2652 1822 2943
973 1446 1453 1490 1445 1273 2185 2189 0 1513 1406 1963 1440 672 1525 762
622 393 102 295 165 1035 674 677 1513 0 1974 768 415 1984 1375 2265
1415 1635 1872 1739 2032 978 2456 2528 1406 1974 0 1850 2196 999 796 1520
1000 544 726 552 934 911 722 834 1963 768 1850 0 1182 2234 1075 2638
780 771 481 691 253 1333 923 871 1440 415 2196 1182 0 2013 1698 2202
1369 1799 1903 1873 1959 1369 2623 2652 672 1984 999 2234 2013 0 1465 526
985 989 1275 1095 1480 372 1734 1822 1525 1375 796 1075 1698 1465 0 1968
1691 2155 2199 2213 2206 1827 2933 2943 762 2265 1520 2638 2202 526 1968 0
