0 765 1302 1224 1142 785 1567 512 556 232 815 1343 1169 858 1679 81 1369
765 0 1355 1544 940 1465 2331 737 276 995 643 1045 403 1567 1179 781 2092
1302 1355 0 491 2234 1200 2321 1744 1443 1341 1892 601 1535 1326 1049 1383 2388
1224 1544 491 0 2306 837 1911 1726 1545 1175 1959 1058 1816 944 1521 1302 2053
1142 940 2234 2306 0 1908 2362 651 790 1313 347 1985 1073 1957 2083 1085 1948
785 1465 1200 837 1908 0 1126 1257 1317 595 1594 1568 1848 131 2012 828 1216
1567 2331 2321 1911 2362 1126 0 1794 2098 1342 2161 2680 2734 997 3107 1551 526
512 737 1744 1726 651 1257 1794 0 463 662 371 1647 1083 1306 1882 444 1453
556 276 1443 1545 790 1317 2098 463 0 787 452 1235 654 1404 1428 551 1831
232 995 1341 1175 1313 595 1342 662 787 0 1004 1476 1398 649 1846 246 1179
815 643 1892 1959 347 1594 2161 371 452 1004 0 1674 875 1654 1819 765 1798
1343 1045 601 1058 1985 1568 2680 1647 1235 1476 1674 0 1080 1700 467 1414 2638
1169 403 1535 1816 1073 1848 2734 1083 654 1398 875 1080 0 1956 1043 1184 2485
858 1567 1326 944 1957 131 997 1306 1404 649 1654 1700 1956 0 2143 893 1114
1679 1179 1049 1521 2083 2012 3107 1882 1428 1846 1819 467 1043 2143 0 1739 3024
81 781 1383 1302 1085 828 1551 444 551 246 765 1414 1184 893 1739 0 1327
1369 2092 2388 2053 1948 1216 526 1453 1831 1179 1798 2638 2485 1114 3024 1327 0
