0 871 1352 878 1242 710 1703 1030 1188 182 726 235 1638 1120 1368 67
871 0 1210 240 608 372 2212 1902 676 990 416 640 1126 381 984 823
1352 1210 0 971 781 893 1398 2058 1887 1284 844 1223 615 963 373 1288
878 240 971 0 415 206 2031 1892 917 956 231 645 916 242 749 818
1242 608 781 415 0 532 2067 2213 1235 1284 516 1021 520 238 447 1177
710 372 893 206 532 0 1844 1704 1020 767 49 488 973 426 750 646
1703 2212 1398 2031 2067 1844 0 1591 2788 1525 1806 1781 2012 2159 1755 1683
1030 1902 2058 1892 2213 1704 1591 0 2119 936 1707 1264 2516 2128 2216 1081
1188 676 1887 917 1235 1020 2788 2119 0 1361 1069 1029 1750 997 1648 1175
182 990 1284 956 1284 767 1525 936 1361 0 772 357 1633 1192 1348 186
726 416 844 231 516 49 1806 1707 1069 772 0 510 939 432 709 661
235 640 1223 645 1021 488 1781 1264 1029 357 510 0 1442 887 1188 183
1638 1126 615 916 520 973 2012 2516 1750 1633 939 1442 0 757 303 1570
1120 381 963 242 238 426 2159 2128 997 1192 432 887 757 0 665 1059
1368 984 373 749 447 750 1755 2216 1648 1348 709 1188 303 665 0 1300
67 823 1288 818 1177 646 1683 1081 1175 186 661 183 1570 1059 1300 0
