0 880 699 1553 1600 377 907 957 593 1558 270 946 1309 782 935 147
880 0 411 2207 931 994 1576 1633 1303 968 669 617 1940 873 566 1009
699 411 0 1818 1342 960 1556 1263 961 868 610 926 1551 462 882 847
1553 2207 1818 0 3089 1845 2033 599 963 2267 1810 2485 266 1411 2466 1545
1600 931 1342 3089 0 1494 1904 2497 2142 1655 1330 690 2826 1804 682 1677
377 994 960 1845 1494 0 599 1265 918 1825 352 804 1619 1143 814 309
907 1576 1556 2033 1904 599 0 1537 1266 2424 951 1245 1860 1687 1274 775
957 1633 1263 599 2497 1265 1537 0 365 1843 1212 1886 354 912 1868 960
593 1303 961 963 2142 918 1266 365 0 1654 847 1522 716 706 1505 609
1558 968 868 2267 1655 1825 2424 1843 1654 0 1473 1578 2022 949 1526 1706
270 669 610 1810 1330 352 951 1212 847 1473 0 678 1560 852 665 359
946 617 926 2485 690 804 1245 1886 1522 1578 678 0 2231 1350 52 1003
1309 1940 1551 266 2826 1619 1860 354 716 2022 1560 2231 0 1148 2211 1314
782 873 462 1411 1804 1143 1687 912 706 949 852 1350 1148 0 1311 912
935 566 882 2466 682 814 1274 1868 1505 1526 665 52 2211 1311 0 999
147 1009 847 1545 1677 309 775 960 609 1706 359 1003 1314 912 999 0
