0 391 1652 674 613 806 159 372 1045 1289 1052 1085 736 322 1221 791
391 0 2038 362 806 490 543 492 927 903 879 840 1057 713 1060 1092
1652 2038 0 2232 1497 2344 1517 1815 2203 2940 2311 2461 1099 1346 2398 1131
674 362 2232 0 821 133 833 854 643 815 558 483 1168 985 736 1176
613 806 1497 821 0 904 648 985 725 1625 817 964 398 651 925 374
806 490 2344 133 904 0 965 982 603 775 494 379 1269 1115 663 1269
159 543 1517 833 648 965 0 378 1168 1432 1188 1234 677 172 1352 747
372 492 1815 854 985 982 378 0 1358 1229 1338 1325 1056 507 1516 1124
1045 927 2203 643 725 603 1168 1358 0 1350 150 360 1116 1256 200 1073
1289 903 2940 815 1625 775 1432 1229 1350 0 1215 1027 1939 1604 1347 1961
1052 879 2311 558 817 494 1188 1338 150 1215 0 210 1215 1293 181 1180
1085 840 2461 483 964 379 1234 1325 360 1027 210 0 1361 1360 320 1336
736 1057 1099 1168 398 1269 677 1056 1116 1939 1215 1361 0 578 1315 91
322 713 1346 985 651 1115 172 507 1256 1604 1293 1360 578 0 1447 659
1221 1060 2398 736 925 663 1352 1516 200 1347 181 320 1315 1447 0 1270
791 1092 1131 1176 374 1269 747 1124 1073 1961 1180 1336 91 659 1270 0
