0 574 157 723 266 336 76 427 54 706 564 349 575 489 394 121 149 168 755 494 539 340 156 353 149 111 840 634 529 51 43 745 524 769 494 737 86 112 777 602 133 714 746 825 635 430 395 375 755 614 345 529 545 367 834 542 412 264 462 339 596 253 352 680 527 33 182 809 603 360 518 780 561 385 610 309 847 848
574 0 418 663 363 390 516 643 527 540 1085 895 943 168 958 563 564 455 887 807 1108 813 723 290 491 500 1392 1089 492 608 616 551 1062 202 981 675 503 576 1352 748 442 859 344 1375 1124 412 182 592 1125 1036 280 1083 1115 307 1400 82 343 676 1028 287 843 757 453 1164 867 543 755 1237 356 729 1033 716 998 778 161 867 1417 1132
157 418 0 641 132 260 100 405 109 597 707 499 662 334 550 192 209 89 770 521 696 434 312 233 112 123 994 729 470 198 198 632 673 611 600 655 106 174 934 573 24 731 620 979 768 358 241 383 817 693 219 671 703 227 984 384 284 316 619 215 641 382 303 789 567 128 340 924 497 400 658 700 646 440 468 452 999 880
723 663 641 0 516 856 653 344 678 145 1259 1040 1294 507 1049 819 842 570 1401 448 1151 645 849 773 577 758 1474 767 1050 774 734 167 1206 693 748 13 732 623 1284 246 652 1364 1007 1464 1344 938 655 1020 680 685 752 951 1154 454 1253 581 385 551 1100 754 1282 975 917 863 498 717 849 1531 984 503 1220 59 682 536 821 817 1287 595
266 363 132 516 0 349 191 327 212 465 830 616 795 236 658 324 342 105 886 472 797 450 422 285 139 256 1105 730 555 314 299 500 791 534 618 530 236 225 1016 479 151 848 631 1091 895 440 221 504 785 681 265 728 804 100 1049 307 152 314 725 265 767 509 405 802 527 245 443 1056 540 374 782 576 640 421 456 518 1069 822
336 390 260 856 349 0 331 661 321 781 721 559 552 416 637 251 235 349 549 780 790 671 433 104 370 225 1040 967 211 337 377 809 708 588 829 870 251 413 1061 824 267 514 429 1022 746 98 240 202 1071 940 120 854 799 403 1141 410 472 568 707 114 464 409 67 1017 825 306 475 847 270 657 667 916 890 694 341 638 1149 1140
76 516 100 653 191 331 0 371 25 631 641 425 642 419 467 171 196 91 797 460 608 342 230 325 75 126 914 639 536 127 107 669 601 706 506 666 94 82 837 546 78 757 716 899 712 429 341 410 741 609 313 571 615 291 884 477 335 239 534 308 648 328 361 695 500 64 252 884 585 331 595 710 559 364 568 352 900 819
427 643 405 344 327 661 371 0 394 397 924 708 999 479 709 541 568 316 1167 169 807 303 527 610 304 495 1129 488 872 473 425 439 869 765 429 355 464 315 946 175 405 1127 949 1119 1015 758 541 779 483 418 591 616 810 339 929 567 302 209 757 590 1020 664 708 578 231 432 520 1212 867 161 888 391 394 202 767 472 959 497
54 527 109 678 212 321 25 394 0 656 618 403 616 436 448 147 173 115 776 478 590 349 209 323 100 107 893 646 524 103 90 694 578 719 510 692 75 94 824 569 85 735 716 879 687 419 350 390 754 619 312 565 597 313 875 492 358 253 515 307 625 303 347 699 516 39 234 858 580 347 571 736 568 378 572 345 890 836
706 540 597 145 465 781 631 397 656 0 1263 1043 1260 397 1065 787 806 541 1331 536 1181 698 847 689 557 720 1503 864 963 758 726 42 1215 551 824 152 698 620 1341 357 613 1295 884 1491 1341 854 561 961 800 786 669 1013 1185 383 1326 461 316 584 1122 672 1228 960 846 958 593 694 855 1515 877 558 1220 184 774 599 701 854 1357 731
564 1085 707 1259 830 721 641 924 618 1263 0 219 337 1038 223 526 522 732 699 907 233 670 415 804 710 595 325 825 786 515 539 1303 65 1288 697 1271 602 643 478 1084 684 669 1128 306 109 761 905 566 1022 864 809 528 240 930 623 1075 977 716 208 801 513 329 678 801 904 585 409 329 953 789 53 1311 814 779 1062 484 605 1180
349 895 499 1040 616 559 425 708 403 1043 219 0 382 832 89 331 334 516 702 703 235 472 196 627 492 395 497 674 672 302 321 1083 175 1096 533 1052 397 423 515 871 475 665 985 481 307 619 713 449 858 698 628 416 244 716 623 876 760 501 152 621 508 150 530 672 708 372 190 512 815 580 180 1092 644 575 892 297 620 1002
575 943 662 1294 795 552 642 999 616 1260 337 382 0 949 455 475 454 724 362 1038 546 825 488 654 717 540 632 1054 532 526 574 1295 377 1139 910 1308 563 684 812 1174 647 334 891 612 282 550 784 352 1230 1072 667 795 555 885 951 958 946 813 488 660 185 342 490 1054 1054 577 512 299 718 905 302 1352 1017 913 873 669 937 1364
489 168 334 507 236 416 419 479 436 397 1038 832 949 0 884 513 522 340 957 646 1027 675 645 313 375 444 1328 940 574 532 526 415 1006 302 841 520 436 462 1252 580 358 924 504 1313 1092 472 176 614 963 881 295 963 1034 154 1285 88 177 536 952 301 879 710 483 1019 707 462 671 1231 480 578 988 563 847 627 316 755 1306 965
394 958 550 1049 658 637 467 709 448 1065 223 89 455 884 0 399 406 555 787 683 153 447 238 699 527 458 446 615 759 353 359 1106 162 1157 480 1061 455 450 428 864 526 750 1065 432 327 702 775 537 807 648 698 340 161 758 533 933 796 500 71 691 593 233 613 604 680 422 216 545 898 569 202 1099 596 557 965 261 531 960
121 563 192 819 324 251 171 541 147 787 526 331 475 513 399 0 27 249 633 616 552 456 182 300 244 70 828 744 423 96 147 822 498 765 600 833 88 232 814 716 173 593 678 811 579 335 381 254 874 730 299 605 560 420 891 548 476 386 470 292 478 196 249 784 649 109 223 732 521 482 475 878 676 507 566 392 899 970
149 564 209 842 342 235 196 568 173 806 522 334 454 522 406 27 0 272 605 644 560 483 198 293 269 85 828 770 400 123 175 841 497 766 626 856 109 259 826 743 192 565 664 811 570 315 383 226 901 757 294 625 568 435 906 553 494 414 477 286 452 193 228 808 677 136 241 716 504 510 470 901 703 534 559 414 913 998
168 455 89 570 105 349 91 316 115 541 732 516 724 340 555 249 272 0 855 432 692 365 320 314 36 189 1002 655 560 218 196 579 691 636 534 583 162 122 911 486 89 815 692 987 803 447 294 466 733 615 298 628 698 203 948 407 244 238 620 295 718 419 392 721 481 152 339 973 579 316 686 628 569 357 529 415 967 792
755 887 770 1401 886 549 797 1167 776 1331 699 702 362 957 787 633 605 855 0 1249 899 1072 736 645 863 671 989 1338 395 720 774 1358 735 1054 1191 1415 703 865 1172 1340 765 40 706 969 640 485 780 388 1493 1340 664 1116 907 951 1305 932 1019 1019 832 660 194 605 485 1356 1280 741 772 580 563 1115 662 1461 1285 1137 765 953 1294 1601
494 807 521 448 472 780 460 169 478 536 907 703 1038 646 683 616 644 432 1249 0 752 237 550 744 409 586 1068 328 990 531 477 576 846 934 301 456 554 385 845 209 514 1209 1102 1060 1007 879 692 867 317 253 726 512 753 500 805 733 469 231 718 724 1087 695 818 422 62 510 530 1216 1007 135 879 480 238 128 924 425 840 360
539 1108 696 1151 797 790 608 807 590 1181 233 235 546 1027 153 552 560 692 899 752 0 518 385 852 662 609 322 614 906 500 500 1222 175 1306 500 1162 604 580 282 948 671 865 1218 312 339 854 926 683 817 663 851 306 9 896 406 1080 929 601 83 844 706 384 765 579 737 568 356 554 1050 654 248 1198 618 632 1119 334 396 984
340 813 434 645 450 671 342 303 349 698 670 472 825 675 447 456 483 365 1072 237 518 0 341 666 330 449 837 296 870 360 308 740 609 977 169 655 420 261 642 430 417 1031 1054 828 772 768 659 708 421 274 652 315 520 520 634 754 521 138 481 648 896 485 692 356 235 367 312 984 928 142 644 687 221 113 894 187 662 539
156 723 312 849 422 433 230 527 209 847 415 196 488 645 238 182 198 320 736 550 385 341 0 478 295 227 684 603 594 115 124 887 371 920 456 862 219 228 636 696 287 696 860 669 495 514 541 396 759 604 474 427 392 522 709 695 564 328 307 467 555 145 426 629 567 183 43 685 703 417 372 904 549 425 742 225 717 880
353 290 233 773 285 104 325 610 323 689 804 627 654 313 699 300 293 314 645 744 852 666 478 0 343 252 1118 962 277 369 397 714 786 490 831 786 268 405 1114 764 249 611 392 1101 837 165 137 307 1048 927 20 883 861 319 1183 305 387 549 770 20 568 482 171 1020 795 320 516 948 264 630 751 832 879 672 266 663 1194 1101
149 491 112 577 139 370 75 304 100 557 710 492 717 375 527 244 269 36 863 409 662 330 295 343 0 192 973 622 580 200 171 596 666 671 499 591 161 86 877 477 104 823 725 959 783 469 329 474 705 583 328 592 667 234 912 442 269 206 591 324 719 402 410 687 455 140 310 958 608 288 665 635 537 328 564 380 931 770
111 500 123 758 256 225 126 495 107 720 595 395 540 444 458 70 85 189 671 586 609 449 227 252 192 0 892 744 420 117 151 755 565 701 605 772 32 202 863 669 107 632 641 876 649 319 318 284 859 722 247 634 616 350 931 481 408 361 528 240 528 266 242 792 624 82 264 801 493 455 544 817 670 485 515 415 942 944
840 1392 994 1474 1105 1040 914 1129 893 1503 325 497 632 1328 446 828 828 1002 989 1068 322 837 684 1118 973 892 0 886 1111 796 806 1544 332 1593 796 1485 894 895 332 1267 969 964 1453 19 349 1085 1210 891 1091 949 1121 581 319 1205 488 1373 1242 924 383 1113 816 636 1000 829 1047 866 662 470 1278 975 377 1520 910 951 1380 657 452 1267
634 1089 729 767 730 967 639 488 646 864 825 674 1054 940 615 744 770 655 1338 328 614 296 603 962 622 744 886 0 1163 647 598 903 760 1238 147 773 716 557 601 520 713 1298 1347 884 934 1063 947 991 205 83 948 309 611 786 519 1024 771 418 617 944 1153 735 986 95 271 662 565 1154 1225 361 816 790 94 312 1183 387 559 381
529 492 470 1050 555 211 536 872 524 963 786 672 532 574 759 423 400 560 395 990 906 870 594 277 580 420 1111 1163 0 519 565 986 790 661 1022 1064 450 618 1187 1033 476 368 359 1092 782 115 402 223 1277 1142 298 1021 915 597 1286 541 665 775 824 296 384 525 177 1207 1035 502 637 828 188 866 734 1110 1090 900 374 814 1288 1351
51 608 198 774 314 337 127 473 103 758 515 302 526 532 353 96 123 218 720 531 500 360 115 369 200 117 796 647 519 0 54 796 477 805 504 788 105 158 748 648 173 679 758 781 584 427 426 348 779 634 364 517 508 415 813 580 462 300 422 357 555 202 343 687 560 70 149 758 608 396 468 831 580 417 632 300 824 881
43 616 198 734 299 377 107 425 90 726 539 321 574 526 359 147 175 196 774 477 500 308 124 397 171 151 806 598 565 54 0 765 496 809 456 747 129 111 735 599 173 734 789 791 615 469 437 401 726 582 389 485 507 399 790 582 439 246 426 383 609 241 389 642 506 76 144 797 644 342 494 790 529 362 654 266 804 826
745 551 632 167 500 809 669 439 694 42 1303 1083 1295 415 1106 822 841 579 1358 576 1222 740 887 714 596 755 1544 903 986 796 765 0 1256 546 865 171 734 660 1383 392 649 1323 893 1532 1379 879 584 992 835 824 694 1055 1227 414 1368 474 349 626 1163 698 1259 998 874 998 632 732 895 1552 894 600 1259 194 814 641 712 896 1399 760
524 1062 673 1206 791 708 601 869 578 1215 65 175 377 1006 162 498 497 691 735 846 175 609 371 786 666 565 332 760 790 477 496 1256 0 1264 632 1218 570 596 436 1026 649 703 1124 314 174 756 880 567 957 799 789 464 182 891 574 1047 935 660 143 782 545 304 670 737 842 547 360 394 951 731 74 1258 749 719 1047 422 560 1115
769 202 611 693 534 588 706 765 719 551 1288 1096 1139 302 1157 765 766 636 1054 934 1306 977 920 490 671 701 1593 1238 661 805 809 546 1264 0 1143 702 702 758 1543 835 636 1029 409 1577 1326 597 383 786 1248 1177 482 1263 1313 456 1584 229 468 838 1227 489 1029 960 648 1319 996 738 951 1435 495 877 1235 735 1145 927 288 1051 1603 1229
494 981 600 748 618 829 506 429 510 824 697 533 910 841 480 600 626 534 1191 301 500 169 456 831 499 605 796 147 1022 504 456 865 632 1143 0 756 577 427 547 510 582 1151 1221 792 805 924 828 845 326 167 819 219 499 686 505 921 681 305 491 814 1006 588 845 188 263 523 418 1024 1091 276 683 782 117 229 1063 241 538 484
737 675 655 13 530 870 666 355 692 152 1271 1052 1308 520 1061 833 856 583 1415 456 1162 655 862 786 591 772 1485 773 1064 788 747 171 1218 702 756 0 746 636 1293 252 666 1378 1019 1475 1357 951 668 1034 682 691 765 960 1165 467 1261 593 399 562 1111 768 1296 988 931 868 504 731 862 1544 997 513 1232 46 688 545 833 828 1295 593
86 503 106 732 236 251 94 464 75 698 602 397 563 436 455 88 109 162 703 554 604 420 219 268 161 32 894 716 450 105 129 734 570 702 577 746 0 170 853 638 85 663 660 878 662 347 321 316 828 692 261 614 612 333 916 479 388 329 525 255 558 276 272 765 592 54 254 820 517 423 553 791 641 453 528 395 928 912
112 576 174 623 225 413 82 315 94 620 643 423 684 462 450 232 259 122 865 385 580 261 228 405 86 202 895 557 618 158 111 660 596 758 427 636 170 0 790 490 155 825 794 881 723 511 409 482 659 527 392 507 585 319 826 529 349 158 512 387 708 353 441 615 422 124 235 908 667 253 600 679 477 283 640 293 844 742
777 1352 934 1284 1016 1061 837 946 824 1341 478 515 812 1252 428 814 826 911 1172 845 282 642 636 1114 877 863 332 601 1187 748 735 1383 436 1543 547 1293 853 790 0 1054 909 1139 1490 339 564 1130 1172 965 799 674 1110 333 273 1109 159 1315 1130 762 362 1104 981 662 1040 528 810 809 599 750 1325 784 510 1322 646 748 1379 502 130 980
602 748 573 246 479 824 546 175 569 357 1084 871 1174 580 864 716 743 486 1340 209 948 430 696 764 477 669 1267 520 1033 648 599 392 1026 835 510 252 638 490 1054 0 575 1300 1075 1259 1179 918 677 951 443 439 743 721 950 464 1014 667 409 370 907 743 1195 836 875 616 253 607 686 1380 1011 296 1051 272 437 316 888 614 1048 394
133 442 24 652 151 267 78 405 85 613 684 475 647 358 526 173 192 89 765 514 671 417 287 249 104 107 969 713 476 173 173 649 649 636 582 666 85 155 909 575 0 726 639 954 746 365 265 377 806 679 236 649 678 248 960 409 303 304 595 231 631 360 306 771 558 104 315 905 512 390 635 712 631 428 489 429 975 874
714 859 731 1364 848 514 757 1127 735 1295 669 665 334 924 750 593 565 815 40 1209 865 1031 696 611 823 632 964 1298 368 679 734 1323 703 1029 1151 1378 663 825 1139 1300 726 0 691 944 614 453 747 349 1452 1300 630 1078 873 915 1271 902 983 978 797 626 158 565 449 1316 1240 701 732 566 542 1074 630 1424 1245 1096 741 913 1260 1560
746 344 620 1007 631 429 716 949 716 884 1128 985 891 504 1065 678 664 692 706 1102 1218 1054 860 392 725 641 1453 1347 359 758 789 893 1124 409 1221 1019 660 794 1490 1075 639 691 0 1434 1134 368 409 564 1416 1306 403 1274 1227 613 1569 426 665 930 1135 408 739 835 455 1410 1158 713 901 1188 176 1002 1075 1060 1262 1047 188 1055 1578 1446
825 1375 979 1464 1091 1022 899 1119 879 1491 306 481 612 1313 432 811 811 987 969 1060 312 828 669 1101 959 876 19 884 1092 781 791 1532 314 1577 792 1475 878 881 339 1259 954 944 1434 0 330 1066 1193 872 1089 946 1104 578 309 1191 496 1357 1229 913 370 1096 797 619 982 829 1041 851 648 453 1259 966 358 1510 906 942 1362 647 461 1264
635 1124 768 1344 895 746 712 1015 687 1341 109 307 282 1092 327 579 570 803 640 1007 339 772 495 837 783 649 349 934 782 584 615 1379 174 1326 805 1357 662 723 564 1179 746 614 1134 330 0 773 948 571 1131 972 844 637 345 994 715 1121 1045 808 317 837 467 386 696 910 1007 651 496 219 958 886 128 1398 922 879 1085 588 693 1287
430 412 358 938 440 98 429 758 419 854 761 619 550 472 702 335 315 447 485 879 854 768 514 165 469 319 1085 1063 115 427 469 879 756 597 924 951 347 511 1130 918 365 453 368 1066 773 0 296 202 1170 1038 186 940 863 484 1219 449 552 667 771 183 432 469 89 1111 924 401 557 850 196 756 708 997 988 792 323 727 1224 1239
395 182 241 655 221 240 341 541 350 561 905 713 784 176 775 381 383 294 780 692 926 659 541 137 329 318 1210 947 402 426 437 584 880 383 828 668 321 409 1172 677 265 747 409 1193 948 296 0 441 1006 901 120 913 933 214 1226 174 277 528 846 126 705 576 307 1015 748 362 574 1072 335 595 853 714 858 641 236 694 1241 1039
375 592 383 1020 504 202 410 779 390 961 566 449 352 614 537 254 226 466 388 867 683 708 396 307 474 284 891 991 223 348 401 992 567 786 845 1034 316 482 965 951 377 349 564 872 571 202 441 0 1127 981 321 817 692 578 1068 612 645 639 602 315 267 306 138 1024 902 357 438 650 388 734 513 1080 928 761 523 621 1068 1223
755 1125 817 680 785 1071 741 483 754 800 1022 858 1230 963 807 874 901 733 1493 317 817 421 759 1048 705 859 1091 205 1277 779 726 835 957 1248 326 682 828 659 799 443 806 1452 1416 1089 1131 1170 1006 1127 0 159 1031 514 814 818 703 1051 786 502 815 1028 1314 899 1101 272 258 778 726 1350 1312 417 1009 688 213 377 1240 562 745 180
614 1036 693 685 681 940 609 418 619 786 864 698 1072 881 648 730 757 615 1340 253 663 274 604 927 583 722 949 83 1142 634 582 824 799 1177 167 691 692 527 674 439 679 1300 1306 946 972 1038 901 981 159 0 912 367 662 730 600 967 709 377 657 908 1159 743 965 178 193 639 570 1191 1191 307 850 708 54 260 1137 402 639 320
345 280 219 752 265 120 313 591 312 669 809 628 667 295 698 299 294 298 664 726 851 652 474 20 328 247 1121 948 298 364 389 694 789 482 819 765 261 392 1110 743 236 630 403 1104 844 186 120 321 1031 912 0 875 859 298 1177 291 366 534 770 7 585 485 187 1007 777 312 512 959 281 614 756 811 865 656 268 655 1189 1083
529 1083 671 951 728 854 571 616 565 1013 528 416 795 963 340 605 625 628 1116 512 306 315 427 883 592 634 581 309 1021 517 485 1055 464 1263 219 960 614 507 333 721 649 1078 1274 578 637 940 913 817 514 367 875 0 303 813 323 1035 824 444 322 869 923 521 853 273 480 562 384 856 1125 454 527 989 329 416 1137 219 348 687
545 1115 703 1154 804 799 615 810 597 1185 240 244 555 1034 161 560 568 698 907 753 9 520 392 861 667 616 319 611 915 508 507 1227 182 1313 499 1165 612 585 273 950 678 873 1227 309 345 863 933 692 814 662 859 303 0 902 397 1087 934 604 91 852 714 393 773 575 737 575 363 559 1059 656 256 1201 617 633 1127 337 387 982
367 307 227 454 100 403 291 339 313 383 930 716 885 154 758 420 435 203 951 500 896 520 522 319 234 350 1205 786 597 415 399 414 891 456 686 467 333 319 1109 464 248 915 613 1191 994 484 214 578 818 730 298 813 902 0 1136 237 68 382 824 301 845 608 465 864 560 345 542 1152 549 425 882 513 693 474 429 608 1157 834
834 1400 984 1253 1049 1141 884 929 875 1326 623 623 951 1285 533 891 906 948 1305 805 406 634 709 1183 912 931 488 519 1286 813 790 1368 574 1584 505 1261 916 826 159 1014 960 1271 1569 496 715 1219 1226 1068 703 600 1177 323 397 1136 0 1355 1147 766 477 1171 1112 762 1129 433 761 867 668 907 1411 769 649 1286 583 726 1444 533 43 883
542 82 384 581 307 410 477 567 492 461 1075 876 958 88 933 548 553 407 932 733 1080 754 695 305 442 481 1373 1024 541 580 582 474 1047 229 921 593 479 529 1315 667 409 902 426 1357 1121 449 174 612 1051 967 291 1035 1087 237 1355 0 265 616 1003 298 872 745 476 1101 794 512 724 1247 423 662 1023 635 931 711 240 822 1374 1053
412 343 284 385 152 472 335 302 358 316 977 760 946 177 796 476 494 244 1019 469 929 521 564 387 269 408 1242 771 665 462 439 349 935 468 681 399 388 349 1130 409 303 983 665 1229 1045 552 277 645 786 709 366 824 934 68 1147 265 0 383 860 369 911 660 534 853 531 393 580 1208 612 410 930 445 677 460 478 628 1171 789
264 676 316 551 314 568 239 209 253 584 716 501 813 536 500 386 414 238 1019 231 601 138 328 549 206 361 924 418 775 300 246 626 660 838 305 562 329 158 762 370 304 978 930 913 808 667 528 639 502 377 534 444 604 382 766 616 383 0 549 531 856 471 600 488 263 281 315 1009 814 96 681 600 331 125 765 270 792 584
462 1028 619 1100 725 707 534 757 515 1122 208 152 488 952 71 470 477 620 832 718 83 481 307 770 591 528 383 617 824 422 426 1163 143 1227 491 1111 525 512 362 907 595 797 1135 370 317 771 846 602 815 657 770 322 91 824 477 1003 860 549 0 762 638 301 682 594 709 491 282 537 967 610 204 1149 608 594 1036 293 471 975
339 287 215 754 265 114 308 590 307 672 801 621 660 301 691 292 286 295 660 724 844 648 467 20 324 240 1113 944 296 357 383 698 782 489 814 768 255 387 1104 743 231 626 408 1096 837 183 126 315 1028 908 7 869 852 301 1171 298 369 531 762 0 579 477 182 1003 775 306 505 952 284 611 748 814 861 652 275 649 1182 1081
596 843 641 1282 767 464 648 1020 625 1228 513 508 185 879 593 478 452 718 194 1087 706 896 555 568 719 528 816 1153 384 555 609 1259 545 1029 1006 1296 558 708 981 1195 631 158 739 797 467 432 705 267 1314 1159 585 923 714 845 1112 872 911 856 638 579 0 418 397 1167 1113 588 589 456 572 951 473 1341 1104 969 749 766 1102 1431
253 757 382 975 509 409 328 664 303 960 329 150 342 710 233 196 193 419 605 695 384 485 145 482 402 266 636 735 525 202 241 998 304 960 588 988 276 353 662 836 360 565 835 619 386 469 576 306 899 743 485 521 393 608 762 745 660 471 301 477 418 0 380 751 713 266 173 556 665 562 278 1031 688 571 746 348 762 1025
352 453 303 917 405 67 361 708 347 846 678 530 490 483 613 249 228 392 485 818 765 692 426 171 410 242 1000 986 177 343 389 874 670 648 845 931 272 441 1040 875 306 449 455 982 696 89 307 138 1101 965 187 853 773 465 1129 476 534 600 682 182 397 380 0 1030 861 325 469 787 285 691 625 977 913 725 390 641 1134 1179
680 1164 789 863 802 1017 695 578 699 958 801 672 1054 1019 604 784 808 721 1356 422 579 356 629 1020 687 792 829 95 1207 687 642 998 737 1319 188 868 765 615 528 616 771 1316 1410 829 910 1111 1015 1024 272 178 1007 273 575 864 433 1101 853 488 594 1003 1167 751 1030 0 366 710 588 1129 1280 442 798 886 184 393 1251 405 474 453
527 867 567 498 527 825 500 231 516 593 904 708 1054 707 680 649 677 481 1280 62 737 235 567 795 455 624 1047 271 1035 560 506 632 842 996 263 504 592 422 810 253 558 1240 1158 1041 1007 924 748 902 258 193 777 480 737 560 761 794 531 263 709 775 1113 713 861 366 0 545 543 1219 1058 169 879 525 184 143 981 419 797 321
33 543 128 717 245 306 64 432 39 694 585 372 577 462 422 109 136 152 741 510 568 367 183 320 140 82 866 662 502 70 76 732 547 738 523 731 54 124 809 607 104 701 713 851 651 401 362 357 778 639 312 562 575 345 867 512 393 281 491 306 588 266 325 710 545 0 212 820 571 377 537 775 588 405 577 342 880 866
182 755 340 849 443 475 252 520 234 855 409 190 512 671 216 223 241 339 772 530 356 312 43 516 310 264 662 565 637 149 144 895 360 951 418 862 254 235 599 686 315 732 901 648 496 557 574 438 726 570 512 384 363 542 668 724 580 315 282 505 589 173 469 588 543 212 0 693 745 400 370 902 515 403 780 183 677 852
809 1237 924 1531 1056 847 884 1212 858 1515 329 512 299 1231 545 732 716 973 580 1216 554 984 685 948 958 801 470 1154 828 758 797 1552 394 1435 1024 1544 820 908 750 1380 905 566 1188 453 219 850 1072 650 1350 1191 959 856 559 1152 907 1247 1208 1009 537 952 456 556 787 1129 1219 820 693 0 1015 1091 342 1587 1141 1088 1173 803 881 1505
603 356 497 984 540 270 585 867 580 877 953 815 718 480 898 521 504 579 563 1007 1050 928 703 264 608 493 1278 1225 188 608 644 894 951 495 1091 997 517 667 1325 1011 512 542 176 1259 958 196 335 388 1312 1191 281 1125 1059 549 1411 423 612 814 967 284 572 665 285 1280 1058 571 745 1015 0 895 900 1041 1143 936 209 908 1417 1362
360 729 400 503 374 657 331 161 347 558 789 580 905 578 569 482 510 316 1115 135 654 142 417 630 288 455 975 361 866 396 342 600 731 877 276 513 423 253 784 296 390 1074 1002 966 886 756 595 734 417 307 614 454 656 425 769 662 410 96 610 611 951 562 691 442 169 377 400 1091 895 0 758 546 268 49 831 319 799 489
518 1033 658 1220 782 667 595 888 571 1220 53 180 302 988 202 475 470 686 662 879 248 644 372 751 665 544 377 816 734 468 494 1259 74 1235 683 1232 553 600 510 1051 635 630 1075 358 128 708 853 513 1009 850 756 527 256 882 649 1023 930 681 204 748 473 278 625 798 879 537 370 342 900 758 0 1273 799 751 1008 461 634 1163
780 716 700 59 576 916 710 391 736 184 1311 1092 1352 563 1099 878 901 628 1461 480 1198 687 904 832 635 817 1520 790 1110 831 790 194 1258 735 782 46 791 679 1322 272 712 1424 1060 1510 1398 997 714 1080 688 708 811 989 1201 513 1286 635 445 600 1149 814 1341 1031 977 886 525 775 902 1587 1041 546 1273 0 709 576 875 863 1320 589
561 998 646 682 640 890 559 394 568 774 814 644 1017 847 596 676 703 569 1285 238 618 221 549 879 537 670 910 94 1090 580 529 814 749 1145 117 688 641 477 646 437 631 1245 1262 906 922 988 858 928 213 54 865 329 617 693 583 931 677 331 608 861 1104 688 913 184 184 588 515 1141 1143 268 799 709 0 219 1095 348 621 366
385 778 440 536 421 694 364 202 378 599 779 575 913 627 557 507 534 357 1137 128 632 113 425 672 328 485 951 312 900 417 362 641 719 927 229 545 453 283 748 316 428 1096 1047 942 879 792 641 761 377 260 656 416 633 474 726 711 460 125 594 652 969 571 725 393 143 405 403 1088 936 49 751 576 219 0 877 300 757 463
610 161 468 821 456 341 568 767 572 701 1062 892 873 316 965 566 559 529 765 924 1119 894 742 266 564 515 1380 1183 374 632 654 712 1047 288 1063 833 528 640 1379 888 489 741 188 1362 1085 323 236 523 1240 1137 268 1137 1127 429 1444 240 478 765 1036 275 749 746 390 1251 981 577 780 1173 209 831 1008 875 1095 877 0 918 1456 1263
309 867 452 817 518 638 352 472 345 854 484 297 669 755 261 392 414 415 953 425 334 187 225 663 380 415 657 387 814 300 266 896 422 1051 241 828 395 293 502 614 429 913 1055 647 588 727 694 621 562 402 655 219 337 608 533 822 628 270 293 649 766 348 641 405 419 342 183 803 908 319 461 863 348 300 918 0 551 704
847 1417 999 1287 1069 1149 900 959 890 1357 605 620 937 1306 531 899 913 967 1294 840 396 662 717 1194 931 942 452 559 1288 824 804 1399 560 1603 538 1295 928 844 130 1048 975 1260 1578 461 693 1224 1241 1068 745 639 1189 348 387 1157 43 1374 1171 792 471 1182 1102 762 1134 474 797 880 677 881 1417 799 634 1320 621 757 1456 551 0 925
848 1132 880 595 822 1140 819 497 836 731 1180 1002 1364 965 960 970 998 792 1601 360 984 539 880 1101 770 944 1267 381 1351 881 826 760 1115 1229 484 593 912 742 980 394 874 1560 1446 1264 1287 1239 1039 1223 180 320 1083 687 982 834 883 1053 789 584 975 1081 1431 1025 1179 453 321 866 852 1505 1362 489 1163 589 366 463 1263 704 925 0
