0 1127 384 1519 612 599 1074 691 419 272 27 956 1634 1414 1084 915
1127 0 810 835 1611 1022 1246 1149 1543 1174 1110 1310 2647 2301 482 1166
384 810 0 1376 984 728 1187 861 790 576 359 1125 2017 1534 701 669
1519 835 1376 0 1742 1057 910 1100 1857 1405 1518 1076 2640 2898 1315 1923
612 1611 984 1742 0 688 983 651 383 441 639 799 1046 1607 1669 1500
599 1022 728 1057 688 0 479 142 828 384 613 396 1659 2002 1234 1396
1074 1246 1187 910 983 479 0 390 1238 834 1090 191 1748 2458 1579 1857
691 1149 861 1100 651 142 390 0 856 443 708 269 1568 2067 1376 1525
419 1543 790 1857 383 828 1238 856 0 453 439 1074 1269 1249 1490 1179
272 1174 576 1405 441 384 834 443 453 0 296 698 1487 1625 1237 1177
27 1110 359 1518 639 613 1090 708 439 296 0 975 1660 1408 1060 889
956 1310 1125 1076 799 396 191 269 1074 698 975 0 1568 2309 1594 1791
1634 2647 2017 2640 1046 1659 1748 1568 1269 1487 1660 1568 0 2052 2711 2441
1414 2301 1534 2898 1607 2002 2458 2067 1249 1625 1408 2309 2052 0 1983 1253
1084 482 701 1315 1669 1234 1579 1376 1490 1237 1060 1594 2711 1983 0 759
915 1166 669 1923 1500 1396 1857 1525 1179 1177 889 1791 2441 1253 759 0
