0 446 1419 275 958 752 840 1250 1557 1282 730 685 740 1099 1164 1641
446 0 1719 711 1086 870 670 809 1449 1639 509 423 1098 1048 1117 1246
1419 1719 0 1206 2240 2081 1425 2297 1445 306 1506 2083 1711 2490 2550 2955
275 711 1206 0 1061 883 963 1502 1596 1036 891 950 670 1284 1344 1915
958 1086 2240 1061 0 217 1723 1719 2486 2022 1577 823 616 424 442 1596
752 870 2081 883 217 0 1505 1530 2270 1880 1359 637 570 443 490 1492
840 670 1425 963 1723 1505 0 891 779 1468 165 1079 1577 1719 1788 1660
1250 809 2297 1502 1719 1530 891 0 1443 2297 791 895 1886 1498 1555 863
1557 1449 1445 1596 2486 2270 779 1443 0 1634 941 1854 2260 2498 2567 2299
1282 1639 306 1036 2022 1880 1468 2297 1634 0 1517 1965 1462 2305 2362 2885
730 509 1506 891 1577 1359 165 791 941 1517 0 914 1470 1557 1626 1519
685 423 2083 950 823 637 1079 895 1854 1965 914 0 1071 664 731 985
740 1098 1711 670 616 570 1577 1886 2260 1462 1470 1071 0 1002 1037 2020
1099 1048 2490 1284 424 443 1719 1498 2498 2305 1557 664 1002 0 69 1214
1164 1117 2550 1344 442 490 1788 1555 2567 2362 1626 731 1037 69 0 1239
1641 1246 2955 1915 1596 1492 1660 863 2299 2885 1519 985 2020 1214 1239 0
