0 0 443 869 408 303 120 1234 92 739 553 1653 1279 422 1608 731
0 0 443 869 408 303 120 1234 92 739 553 1653 1279 422 1609 731
443 443 0 1300 695 641 323 1389 535 311 421 1887 946 759 1949 1037
869 869 1300 0 942 696 986 1576 788 1567 1210 1247 2124 616 1414 976
408 408 695 942 0 656 458 832 371 1003 944 1963 1239 747 1254 344
303 303 641 696 656 0 376 1485 291 879 523 1349 1552 123 1726 925
120 120 323 986 458 376 0 1258 211 622 485 1712 1179 500 1693 798
1234 1234 1389 1576 832 1485 1258 0 1203 1648 1734 2743 1386 1567 910 609
92 92 535 788 371 291 211 1203 0 832 628 1631 1347 397 1533 672
739 739 311 1567 1003 879 622 1648 832 0 465 1988 904 983 2255 1341
553 553 421 1210 944 523 485 1734 628 465 0 1525 1328 595 2161 1280
1653 1653 1887 1247 1963 1349 1712 2743 1631 1988 1525 0 2833 1234 2656 2135
1279 1279 946 2124 1239 1552 1179 1386 1347 904 1328 2833 0 1675 2240 1449
422 422 759 616 747 123 500 1567 397 983 595 1234 1675 0 1748 990
1608 1609 1949 1414 1254 1726 1693 910 1533 2255 2161 2656 2240 1748 0 913
731 731 1037 976 344 925 798 609 672 1341 1280 2135 1449 990 913 0
