0 1656 1575 1701 1011 673 265 82 383 1243 614 852 1659 584 1628 771
1656 0 2856 806 2664 1729 1846 1575 1621 899 2055 1382 2867 1942 2483 2368
1575 2856 0 2445 1407 1140 1657 1636 1338 2039 961 2428 2745 1970 2987 1671
1701 806 2445 0 2665 1448 1953 1638 1487 472 1859 1824 3226 2174 2966 2473
1011 2664 1407 2665 0 1317 832 1090 1183 2194 912 1599 1354 915 1700 411
673 1729 1140 1448 1317 0 900 687 296 988 424 1440 2289 1246 2301 1269
265 1846 1657 1953 832 900 0 316 626 1501 729 829 1400 350 1416 530
82 1575 1636 1638 1090 687 316 0 391 1185 675 796 1686 603 1626 837
383 1621 1338 1487 1183 296 626 391 0 1014 435 1154 2027 964 2011 1056
1243 899 2039 472 2194 988 1501 1185 1014 0 1391 1492 2818 1746 2613 2013
614 2055 961 1859 912 424 729 675 435 1391 0 1467 2018 1070 2131 940
852 1382 2428 1824 1599 1440 829 796 1154 1492 1467 0 1485 698 1143 1209
1659 2867 2745 3226 1354 2289 1400 1686 2027 2818 2018 1485 0 1085 614 1093
584 1942 1970 2174 915 1246 350 603 964 1746 1070 698 1085 0 1066 514
1628 2483 2987 2966 1700 2301 1416 1626 2011 2613 2131 1143 614 1066 0 1335
771 2368 1671 2473 411 1269 530 837 1056 2013 940 1209 1093 514 1335 0
