0 1728 501 1614 714 1157 766 1378 1562 1045 1366 429 266 1320 1037 780
1728 0 1230 972 1567 1334 1262 1249 3048 2517 827 1778 1770 1725 803 1495
501 1230 0 1194 630 875 563 1046 1979 1384 989 624 608 1268 556 731
1614 972 1194 0 1072 608 1601 393 3163 1998 1542 1420 1791 2272 680 1833
714 1567 630 1072 0 499 1188 743 2245 968 1576 370 968 1878 764 1325
1157 1334 875 608 499 0 1411 244 2715 1390 1605 867 1384 2124 631 1604
766 1262 563 1601 1188 1411 0 1546 1788 1806 647 1098 643 712 921 243
1378 1249 1046 393 743 244 1546 0 2941 1623 1648 1110 1593 2253 674 1756
1562 3048 1979 3163 2245 2715 1788 2941 0 1965 2367 1889 1372 1630 2532 1567
1045 2517 1384 1998 968 1390 1806 1623 1965 0 2363 761 1252 2344 1716 1821
1366 827 989 1542 1576 1605 647 1648 2367 2363 0 1611 1284 905 980 813
429 1778 624 1420 370 867 1098 1110 1889 761 1611 0 694 1724 992 1170
266 1770 608 1791 968 1384 643 1593 1372 1252 1284 694 0 1091 1164 582
1320 1725 1268 2272 1878 2124 712 2253 1630 2344 905 1724 1091 0 1606 556
1037 803 556 680 764 631 921 674 2532 1716 980 992 1164 1606 0 1153
780 1495 731 1833 1325 1604 243 1756 1567 1821 813 1170 582 556 1153 0
