0 494 80 168 556 335 887 1098 22 1665 1330 921 963 1377 191 1410
494 0 433 638 942 714 782 1403 483 2155 1551 1349 972 1812 500 951
80 433 0 248 635 410 904 1087 60 1735 1397 1001 901 1406 142 1335
168 638 248 0 399 199 882 1131 188 1517 1200 752 1096 1325 331 1571
556 942 635 399 0 232 832 1419 579 1326 828 413 1490 1445 731 1893
335 714 410 199 232 0 754 1314 357 1493 1002 634 1291 1446 520 1666
887 782 904 882 832 754 0 1985 898 2140 957 1181 1726 2198 1045 1517
1098 1403 1087 1131 1419 1314 1985 0 1086 1645 2237 1532 755 668 954 1945
22 483 60 188 579 357 898 1086 0 1679 1352 941 942 1377 170 1394
1665 2155 1735 1517 1326 1493 2140 1645 1679 0 1619 964 2214 1102 1732 3066
1330 1551 1397 1200 828 1002 957 2237 1352 1619 0 791 2292 2154 1519 2432
921 1349 1001 752 413 634 1181 1532 941 964 791 0 1774 1367 1067 2300
963 972 901 1096 1490 1291 1726 755 942 2214 2292 1774 0 1399 772 1225
1377 1812 1406 1325 1445 1446 2198 668 1377 1102 2154 1367 1399 0 1312 2522
191 500 142 331 731 520 1045 954 170 1732 1519 1067 772 1312 0 1335
1410 951 1335 1571 1893 1666 1517 1945 1394 3066 2432 2300 1225 2522 1335 0
