0 529 1442 858 1557 63 643 1459 888 62 670 1569 1339 480 1525 1599
529 0 1971 543 1882 467 496 1799 517 477 1125 2098 1220 1010 2048 2128
1442 1971 0 2191 1505 1504 1922 1380 2245 1495 1026 143 2346 962 305 157
858 543 2191 0 1686 818 1039 2284 988 837 1528 2299 710 1265 2193 2345
1557 1882 1505 1686 0 1600 2193 2571 2379 1612 1803 1504 1349 1356 1272 1587
63 467 1504 818 1600 0 594 1482 829 21 711 1632 1326 543 1588 1661
643 496 1922 1039 2193 594 0 1418 335 584 930 2062 1710 1035 2069 2073
1459 1799 1380 2284 2571 1482 1418 0 1721 1461 837 1503 2791 1287 1674 1453
888 517 2245 988 2379 829 335 1721 0 826 1264 2383 1697 1329 2377 2397
62 477 1495 837 1612 21 584 1461 826 0 692 1623 1348 536 1583 1652
670 1125 1026 1528 1803 711 930 837 1264 692 0 1170 1969 461 1227 1167
1569 2098 143 2299 1504 1632 2062 1503 2383 1623 1170 0 2421 1088 241 84
1339 1220 2346 710 1349 1326 1710 2791 1697 1348 1969 2421 0 1583 2254 2486
480 1010 962 1265 1356 543 1035 1287 1329 536 461 1088 1583 0 1051 1119
1525 2048 305 2193 1272 1588 2069 1674 2377 1583 1227 241 2254 1051 0 325
1599 2128 157 2345 1587 1661 2073 1453 2397 1652 1167 84 2486 1119 325 0
