0 870 1570 1254 307 1640 1326 1218 219 726 721 1502 1202 389 387 517 1622
870 0 1623 1587 850 2505 2136 1022 1069 1365 890 641 2029 968 482 1377 1957
1570 1623 0 2819 1263 2635 1775 633 1721 2280 2200 1810 1783 1956 1543 1862 594
1254 1587 2819 0 1558 1829 2144 2392 1149 643 700 2124 1994 864 1337 1188 2856
307 850 1263 1558 0 1777 1289 936 482 1027 985 1430 1189 693 439 715 1344
1640 2505 2635 1829 1777 0 946 2620 1436 1359 1953 3142 878 1616 2024 1127 2285
1326 2136 1775 2144 1289 946 0 1907 1214 1513 1935 2714 149 1531 1683 1000 1357
1218 1022 633 2392 936 2620 1907 0 1416 1941 1721 1182 1864 1563 1057 1643 1114
219 1069 1721 1149 482 1436 1214 1416 0 560 734 1707 1078 337 589 308 1706
726 1365 2280 643 1027 1359 1513 1941 560 0 611 1991 1363 406 962 544 2250
721 890 2200 700 985 1953 1935 1721 734 611 0 1461 1793 404 666 947 2330
1502 641 1810 2124 1430 3142 2714 1182 1707 1991 1461 0 2619 1603 1118 2015 2278
1202 2029 1783 1994 1189 878 149 1864 1078 1363 1793 2619 0 1390 1567 854 1406
389 968 1956 864 693 1616 1531 1563 337 406 404 1603 1390 0 556 550 2006
387 482 1543 1337 439 2024 1683 1057 589 962 666 1118 1567 556 0 897 1733
517 1377 1862 1188 715 1127 1000 1643 308 544 947 2015 854 550 897 0 1748
1622 1957 594 2856 1344 2285 1357 1114 1706 2250 2330 2278 1406 2006 1733 1748 0
