0 332 928 1240 668 1150 942 1092 727 638 1641 374 534 671 132 494
332 0 877 1484 511 1005 1274 794 1031 314 1953 226 806 1001 448 277
928 877 0 1137 403 343 1494 1469 1080 1034 1836 652 1426 1236 904 623
1240 1484 1137 0 1344 1470 876 2274 604 1785 741 1329 1369 830 1113 1412
668 511 403 1344 0 497 1456 1072 1093 631 1964 310 1202 1174 699 236
1150 1005 343 1470 497 0 1820 1419 1414 1062 2177 807 1677 1554 1158 727
942 1274 1494 876 1456 1820 0 2007 424 1578 816 1253 701 283 831 1375
1092 794 1469 2274 1072 1419 2007 0 1816 490 2734 953 1395 1753 1222 899
727 1031 1080 604 1093 1414 424 1816 0 1346 921 947 765 242 595 1060
638 314 1034 1785 631 1062 1578 490 1346 0 2267 465 1047 1309 760 424
1641 1953 1836 741 1964 2177 816 2734 921 2267 0 1861 1514 1000 1512 1968
374 226 652 1329 310 807 1253 953 947 465 1861 0 907 970 437 124
534 806 1426 1369 1202 1677 701 1395 765 1047 1514 907 0 556 523 1023
671 1001 1236 830 1174 1554 283 1753 242 1309 1000 970 556 0 554 1092
132 448 904 1113 699 1158 831 1222 595 760 1512 437 523 554 0 561
494 277 623 1412 236 727 1375 899 1060 424 1968 124 1023 1092 561 0
