0 798 1188 293 331 138 694 815 463 1614 1413 1119 1439 1028 1420 1425
798 0 1826 933 478 831 1176 1607 1261 1649 2181 1580 2235 719 623 1383
1188 1826 0 1354 1388 1075 669 1013 947 1336 656 462 1189 1552 2406 1362
293 933 1354 0 541 420 954 723 458 1906 1450 1361 1348 1295 1531 1718
331 478 1388 541 0 353 780 1146 791 1514 1705 1211 1769 770 1100 1286
138 831 1075 420 353 0 556 828 465 1486 1352 983 1437 956 1452 1305
694 1176 669 954 780 556 0 1033 745 1033 1180 434 1504 905 1739 926
815 1607 1013 723 1146 828 1033 0 363 2059 813 1266 630 1763 2225 1957
463 1261 947 458 791 465 745 363 0 1776 994 1065 977 1404 1884 1646
1614 1649 1336 1906 1514 1486 1033 2059 1776 0 1991 883 2460 956 1954 276
1413 2181 656 1450 1705 1352 1180 813 994 1991 0 1111 623 2082 2798 2000
1119 1580 462 1361 1211 983 434 1266 1065 883 1111 0 1589 1167 2105 901
1439 2235 1189 1348 1769 1437 1504 630 977 2460 623 1589 0 2333 2854 2414
1028 719 1552 1295 770 956 905 1763 1404 956 2082 1167 2333 0 1018 682
1420 623 2406 1531 1100 1452 1739 2225 1884 1954 2798 2105 2854 1018 0 1677
1425 1383 1362 1718 1286 1305 926 1957 1646 276 2000 901 2414 682 1677 0
