0 384 102 1340 1035 1454 175 590 1184 559 967 1405 491 518 819 1358 976
384 0 465 1143 1413 1088 211 937 961 944 1346 1169 794 213 1066 1206 1320
102 465 0 1441 949 1511 265 489 1189 489 912 1507 390 570 846 1341 876
1340 1143 1441 0 2236 1548 1221 1907 1915 1739 1967 162 1831 1290 1289 2223 2279
1035 1413 949 2236 0 2421 1210 525 1936 503 425 2339 717 1495 1100 1956 338
1454 1088 1511 1548 2421 0 1294 1902 759 2000 2421 1450 1716 941 2119 1053 2242
175 211 265 1221 1210 1294 0 753 1090 734 1134 1271 631 374 902 1298 1139
590 937 489 1907 525 1902 753 0 1418 327 687 1984 193 987 1027 1465 386
1184 961 1189 1915 1936 759 1090 1418 0 1622 2056 1873 1225 748 1990 325 1686
559 944 489 1739 503 2000 734 327 1622 0 434 1838 455 1059 717 1717 579
967 1346 912 1967 425 2421 1134 687 2056 434 0 2088 859 1481 732 2139 717
1405 1169 1507 162 2339 1450 1271 1984 1873 1838 2088 0 1895 1294 1427 2188 2363
491 794 390 1831 717 1716 631 193 1225 455 859 1895 0 817 1089 1281 537
518 213 570 1290 1495 941 374 987 748 1059 1481 1294 817 0 1267 999 1354
819 1066 846 1289 1100 2119 902 1027 1990 717 732 1427 1089 1267 0 2177 1283
1358 1206 1341 2223 1956 1053 1298 1465 325 1717 2139 2188 1281 999 2177 0 1669
976 1320 876 2279 338 2242 1139 386 1686 579 717 2363 537 1354 1283 1669 0
