0 319 526 528 513 1516 952 1176 219 79 708 131 1010 1325 535 1377
319 0 739 669 584 1819 756 886 538 247 654 450 1243 1042 591 1614
526 739 0 988 1013 1525 1465 1356 439 590 570 491 503 1778 1040 1609
528 669 988 0 139 1315 799 1528 550 520 1230 502 1400 1312 164 972
513 584 1013 139 0 1455 664 1417 589 483 1188 522 1455 1173 31 1099
1516 1819 1525 1315 1455 0 2106 2693 1322 1575 2069 1389 1507 2627 1479 658
952 756 1465 799 664 2106 0 1169 1131 879 1377 1039 1961 538 636 1667
1176 886 1356 1528 1417 2693 1169 0 1376 1120 848 1304 1785 981 1412 2494
219 538 439 550 589 1322 1131 1376 0 295 802 95 867 1534 618 1252
79 247 590 520 483 1575 879 1120 295 0 711 204 1081 1246 502 1408
708 654 570 1230 1188 2069 1377 848 802 711 0 782 941 1517 1203 2055
131 450 491 502 522 1389 1039 1304 95 204 782 0 945 1439 549 1278
1010 1243 503 1400 1455 1507 1961 1785 867 1081 941 945 0 2281 1484 1787
1325 1042 1778 1312 1173 2627 538 981 1534 1246 1517 1439 2281 0 1147 2205
535 591 1040 164 31 1479 636 1412 618 502 1203 549 1484 1147 0 1112
1377 1614 1609 972 1099 658 1667 2494 1252 1408 2055 1278 1787 2205 1112 0
