0 1564 1717 880 882 1349 832 36 916 319 464 1320 30 733 420 998
1564 0 3107 1604 1422 2371 2366 1535 720 1883 1512 243 1591 2043 1467 565
1717 3107 0 1580 1764 2503 1440 1727 2587 1460 2105 2884 1704 1939 1647 2584
880 1604 1580 0 188 2227 1504 852 1286 984 1307 1413 900 1594 466 1169
882 1422 1764 188 0 2227 1584 849 1146 1043 1271 1236 906 1613 464 1007
1349 2371 2503 2227 2227 0 1064 1380 1678 1306 996 2162 1327 654 1769 1916
832 2366 1440 1504 1584 1064 0 867 1670 553 922 2122 802 536 1149 1804
36 1535 1727 852 849 1380 867 0 894 347 480 1292 66 767 389 970
916 720 2587 1286 1146 1678 1670 894 0 1231 793 490 938 1324 967 259
319 1883 1460 984 1043 1306 553 347 1231 0 644 1640 294 652 596 1317
464 1512 2105 1307 1271 996 922 480 793 644 0 1277 459 531 842 984
1320 243 2884 1413 1236 2162 2122 1292 490 1640 1277 0 1347 1808 1238 322
30 1591 1704 900 906 1327 802 66 938 294 459 1347 0 707 443 1025
733 2043 1939 1594 1613 654 536 767 1324 652 531 1808 707 0 1149 1513
420 1467 1647 466 464 1769 1149 389 967 596 842 1238 443 1149 0 936
998 565 2584 1169 1007 1916 1804 970 259 1317 984 322 1025 1513 936 0
