0 1460 1216 1333 1343 919 861 1718 89 589 1286 303 639 1586 565 165 909
1460 0 433 2792 2764 1423 2094 1875 1472 1009 2269 1748 849 2484 1571 1302 1227
1216 433 0 2513 2558 1001 1728 1454 1252 672 2237 1473 720 2060 1476 1051 1278
1333 2792 2513 0 540 1824 1006 2418 1334 1843 1557 1045 1968 1619 1480 1490 2019
1343 2764 2558 540 0 2058 1356 2749 1307 1922 1104 1125 1915 2078 1269 1508 1795
919 1423 1001 1824 2058 0 860 800 1006 575 2206 970 1045 1060 1463 832 1629
861 2094 1728 1006 1356 860 0 1415 929 1085 1889 627 1411 809 1354 934 1769
1718 1875 1454 2418 2749 800 1415 0 1806 1322 3004 1733 1777 1066 2264 1632 2393
89 1472 1252 1334 1307 1006 929 1806 0 647 1200 338 634 1668 476 214 841
589 1009 672 1843 1922 575 1085 1322 647 0 1793 811 469 1566 1012 432 1071
1286 2269 2237 1557 1104 2206 1889 3004 1200 1793 0 1318 1517 2698 783 1392 1058
303 1748 1473 1045 1125 970 627 1733 338 811 1318 0 941 1412 727 448 1168
639 849 720 1968 1915 1045 1411 1777 634 469 1517 941 0 2000 758 500 630
1586 2484 2060 1619 2078 1060 809 1066 1668 1566 2698 1412 2000 0 2127 1605 2478
565 1571 1476 1480 1269 1463 1354 2264 476 1012 783 727 758 2127 0 631 540
165 1302 1051 1490 1508 832 934 1632 214 432 1392 448 500 1605 631 0 873
909 1227 1278 2019 1795 1629 1769 2393 841 1071 1058 1168 630 2478 540 873 0
