0 89 859 954 741 132 1653 812 560 248 1330 235 727 1338 29 714
89 0 773 887 823 53 1611 730 622 199 1308 242 815 1274 61 735
859 773 0 392 1509 750 1209 541 1362 777 1149 802 1550 1138 830 1070
954 887 392 0 1447 887 832 917 1509 973 765 801 1532 1528 927 871
741 823 1509 1447 0 872 1881 1553 783 973 1433 708 182 2055 764 680
132 53 750 887 872 0 1628 680 626 150 1338 289 859 1220 108 783
1653 1611 1209 832 1881 1628 0 1746 2205 1745 479 1440 2023 2341 1633 1200
812 730 541 917 1553 680 1746 0 1126 596 1634 905 1530 637 789 1341
560 622 1362 1509 783 626 2205 1126 0 587 1852 765 643 1442 584 1148
248 199 777 973 973 150 1745 596 587 0 1475 439 936 1091 235 933
1330 1308 1149 765 1433 1338 479 1634 1852 1475 0 1099 1586 2266 1316 761
235 242 802 801 708 289 1440 905 765 439 1099 0 752 1488 226 493
727 815 1550 1532 182 859 2023 1530 643 936 1586 752 0 1990 754 826
1338 1274 1138 1528 2055 1220 2341 637 1442 1091 2266 1488 1990 0 1322 1955
29 61 830 927 764 108 1633 789 584 235 1316 226 754 1322 0 712
714 735 1070 871 680 783 1200 1341 1148 933 761 493 826 1955 712 0
