0 1366 1041 875 79 582 1044 250 65 1598 605 797 843 66 888 1303
1366 0 1472 2135 1350 1106 1417 1523 1309 1737 1148 675 609 1430 1242 2316
1041 1472 0 1816 961 547 62 904 1057 2524 499 1355 920 1078 242 953
875 2135 1816 0 938 1445 1836 917 905 1571 1459 1474 1694 814 1718 1646
79 1350 961 938 0 510 965 206 115 1666 531 810 806 126 811 1247
582 1106 547 1445 510 0 526 562 575 1977 52 829 497 637 335 1216
1044 1417 62 1836 965 526 0 921 1057 2504 480 1321 873 1084 204 1014
250 1523 904 917 206 562 921 0 310 1839 563 1012 951 237 802 1054
65 1309 1057 905 115 575 1057 310 0 1550 603 732 799 121 893 1359
1598 1737 2524 1571 1666 1977 2504 1839 1550 0 2025 1262 1780 1602 2305 2886
605 1148 499 1459 531 52 480 563 603 2025 0 881 540 657 294 1171
797 675 1355 1474 810 829 1321 1012 732 1262 881 0 519 851 1117 1983
843 609 920 1694 806 497 873 951 799 1780 540 519 0 909 678 1710
66 1430 1078 814 126 637 1084 237 121 1602 657 851 909 0 935 1288
888 1242 242 1718 811 335 204 802 893 2305 294 1117 678 935 0 1116
1303 2316 953 1646 1247 1216 1014 1054 1359 2886 1171 1983 1710 1288 1116 0
