0 1350 652 138 11 635 199 543 820 307 1181 1546 1438 1317 265 178
1350 0 1887 1485 1361 831 1154 846 1906 1101 2479 636 1427 1116 1117 1523
652 1887 0 582 644 1277 793 1042 276 956 597 1907 1436 1457 792 501
138 1485 582 0 127 748 337 681 787 417 1072 1682 1532 1430 401 82
11 1361 644 127 0 645 210 554 815 316 1172 1556 1444 1325 275 167
635 831 1277 748 645 0 487 448 1399 331 1817 1245 1552 1317 519 810
199 1154 793 337 210 487 0 347 913 203 1353 1355 1326 1173 94 369
543 846 1042 681 554 448 347 0 1086 413 1632 1008 1115 905 284 701
820 1906 276 787 815 1399 913 1086 0 1102 700 1833 1242 1312 884 705
307 1101 956 417 316 331 203 413 1102 0 1486 1397 1487 1306 278 479
1181 2479 597 1072 1172 1817 1353 1632 700 1486 0 2498 1938 2010 1369 1006
1546 636 1907 1682 1556 1245 1355 1008 1833 1397 2498 0 959 664 1281 1689
1438 1427 1436 1532 1444 1552 1326 1115 1242 1487 1938 959 0 312 1232 1492
1317 1116 1457 1430 1325 1317 1173 905 1312 1306 2010 664 312 0 1079 1405
265 1117 792 401 275 519 94 284 884 278 1369 1281 1232 1079 0 417
178 1523 501 82 167 810 369 701 705 479 1006 1689 1492 1405 417 0
