0 385 1361 1331 1696 232 1304 1578 296 1096 293 368 587 726 1438 320
385 0 1141 1316 2028 153 1603 1597 680 1311 439 555 922 760 1053 152
1361 1141 0 724 2315 1211 1839 968 1546 1385 1558 1139 1942 834 1064 1081
1331 1316 724 0 1692 1299 1238 294 1378 791 1608 981 1814 604 1702 1187
1696 2028 2315 1692 0 1888 479 1647 1436 930 1913 1494 1613 1553 2968 1892
232 153 1211 1299 1888 0 1473 1568 526 1207 347 443 788 713 1205 129
1304 1603 1839 1238 479 1473 0 1235 1081 457 1554 1053 1359 1076 2504 1460
1578 1597 968 294 1647 1568 1235 0 1587 835 1863 1216 2020 858 1984 1462
296 680 1546 1378 1436 526 1081 1587 0 963 477 419 436 795 1729 595
1096 1311 1385 791 930 1207 457 835 963 0 1381 764 1348 663 2112 1160
293 439 1558 1608 1913 347 1554 1863 477 1381 0 660 521 1006 1433 477
368 555 1139 981 1494 443 1053 1216 419 764 660 0 847 382 1491 407
587 922 1942 1814 1613 788 1359 2020 436 1348 521 847 0 1228 1952 901
726 760 834 604 1553 713 1076 858 795 663 1006 382 1228 0 1448 616
1438 1053 1064 1702 2968 1205 2504 1984 1729 2112 1433 1491 1952 1448 0 1139
320 152 1081 1187 1892 129 1460 1462 595 1160 477 407 901 616 1139 0
