0 1713 1711 935 1507 217 600 899 1010 1039 6 289 1485 305 975 1548 27
1713 0 3421 1894 3220 1895 2244 2520 981 1003 1712 1549 2632 1699 2667 2190 1704
1711 3421 0 2077 302 1527 1287 1137 2601 2679 1713 1923 1947 1804 767 2319 1718
935 1894 2077 0 1791 1085 839 941 1653 897 929 716 743 631 1554 2476 960
1507 3220 302 1791 0 1342 1028 849 2449 2433 1508 1693 1646 1563 649 2316 1518
217 1895 1527 1085 1342 0 553 840 1118 1257 221 501 1554 480 775 1454 211
600 2244 1287 839 1028 553 0 299 1610 1406 598 695 1071 549 716 1975 621
899 2520 1137 941 849 840 299 0 1909 1641 897 975 942 820 752 2219 921
1010 981 2601 1653 2449 1118 1610 1909 0 1064 1012 1009 2356 1162 1834 1257 989
1039 1003 2679 897 2433 1257 1406 1641 1064 0 1035 772 1629 875 1992 2218 1046
6 1712 1713 929 1508 221 598 897 1012 1035 0 283 1480 298 978 1554 32
289 1549 1923 716 1693 501 695 975 1009 772 283 0 1360 159 1220 1767 304
1485 2632 1947 743 1646 1554 1071 942 2356 1629 1480 1360 0 1225 1695 3009 1512
305 1699 1804 631 1563 480 549 820 1162 875 298 159 1225 0 1128 1846 329
975 2667 767 1554 649 775 716 752 1834 1992 978 1220 1695 1128 0 1694 978
1548 2190 2319 2476 2316 1454 1975 2219 1257 2218 1554 1767 3009 1846 1694 0 1522
27 1704 1718 960 1518 211 621 921 989 1046 32 304 1512 329 978 1522 0
