0 614 869 476 1225 134 9 1139 1225 317 454 1146 1215 258 1192 1188
614 0 1447 251 1680 543 605 738 1785 764 208 600 640 379 1785 1008
869 1447 0 1345 1330 990 875 2000 1019 974 1318 1868 2075 1067 346 1978
476 251 1345 0 1434 366 469 686 1564 541 67 850 746 331 1667 847
1225 1680 1330 1434 0 1200 1234 1712 460 941 1472 2279 2049 1452 1381 1400
134 543 990 366 1200 0 132 1011 1250 260 358 1111 1113 252 1305 1055
9 605 875 469 1234 132 0 1134 1234 323 447 1137 1208 249 1199 1187
1139 738 2000 686 1712 1011 1134 0 1988 1072 736 1057 445 1015 2304 443
1225 1785 1019 1564 460 1250 1234 1988 0 1023 1584 2362 2262 1480 984 1744
317 764 974 541 941 260 323 1072 1023 0 560 1353 1263 512 1247 1004
454 208 1318 67 1472 358 447 736 1584 560 0 807 761 280 1646 913
1146 600 1868 850 2279 1111 1137 1057 2362 1353 807 0 686 888 2215 1453
1215 640 2075 746 2049 1113 1208 445 2262 1263 761 686 0 1011 2406 887
258 379 1067 331 1452 252 249 1015 1480 512 280 888 1011 0 1405 1160
1192 1785 346 1667 1381 1305 1199 2304 984 1247 1646 2215 2406 1405 0 2241
1188 1008 1978 847 1400 1055 1187 443 1744 1004 913 1453 887 1160 2241 0
