0 650 362 249 488 659 434 862 96 748 804 195 829 639 444 602 709 621 572 78 373 386 110 223 118 674 303 330 859 546 133 605 664 559 326 641 254 407 816 343 666 695 429 335 101 793 302 126 614 736 48 604 418 863 690 521 690 542 849 733 195 86 801 346 59 167 357 175 388 393 346 711 488 350 603 628 842 240
650 0 756 608 455 1137 1070 1510 646 517 1395 814 1341 1091 1011 1242 724 999 840 587 280 524 579 792 768 1164 942 845 1060 286 519 381 747 395 761 615 696 243 1461 979 106 53 880 666 658 1142 842 717 1240 371 671 1227 986 1498 336 300 935 890 892 491 456 634 1325 560 709 808 297 592 724 568 730 1355 1041 975 361 1174 1248 886
362 756 0 164 363 381 453 881 267 1036 1037 280 1125 974 741 604 1051 275 214 415 505 715 450 201 390 992 376 672 499 520 369 874 1014 838 44 970 616 569 935 571 719 782 780 91 463 445 168 252 569 650 317 552 281 822 930 766 1052 183 1201 580 398 447 1091 686 357 332 489 225 750 210 708 718 310 600 520 427 1180 470
249 608 164 0 282 539 507 954 158 872 1016 269 1069 888 680 675 899 438 342 280 345 562 313 212 322 919 397 579 628 403 214 710 867 674 156 814 495 407 967 541 583 639 679 96 346 606 240 190 657 564 217 642 383 916 766 601 926 339 1054 527 236 324 1038 538 270 299 328 77 622 152 584 792 433 561 428 565 1091 432
488 455 363 282 0 720 785 1228 418 872 1287 551 1316 1110 932 949 981 559 390 480 307 664 502 492 587 1156 678 806 608 175 386 706 970 687 388 879 689 367 1249 814 388 465 890 278 564 691 505 467 923 288 473 907 639 1181 721 589 1083 451 1150 248 355 537 1289 663 528 577 300 327 792 153 767 1066 673 829 156 788 1306 705
659 1137 381 539 720 0 432 699 585 1392 1063 483 1223 1146 887 482 1368 193 368 732 885 1044 767 435 621 1133 468 888 465 889 717 1236 1319 1196 383 1300 889 947 848 689 1095 1161 999 470 748 245 357 532 409 990 611 393 269 591 1301 1133 1307 278 1500 892 760 743 1184 1005 625 538 868 583 1025 576 976 561 203 728 872 146 1344 630
434 1070 453 507 785 432 0 447 423 1159 638 256 790 731 471 171 1062 533 617 510 789 783 534 295 331 708 130 516 841 907 555 1030 1000 982 414 1020 572 834 483 277 1069 1111 619 516 477 663 286 353 181 1071 402 174 201 429 1120 953 936 531 1165 1022 616 487 751 733 376 267 772 489 693 638 642 287 239 317 935 315 921 263
862 1510 881 954 1228 699 447 0 867 1533 572 701 811 894 690 279 1382 870 1005 933 1230 1161 950 742 748 827 570 820 1164 1355 991 1425 1310 1375 847 1366 930 1270 247 579 1514 1553 890 954 880 939 723 798 315 1516 838 333 601 142 1524 1364 1181 910 1446 1460 1053 897 774 1107 803 702 1213 936 1020 1078 973 162 593 604 1380 553 1025 641
96 646 267 158 418 585 423 867 0 809 868 167 912 731 523 595 793 532 475 151 366 461 187 160 169 761 296 422 763 501 141 657 751 615 233 718 350 413 848 396 647 687 524 240 198 704 231 71 594 683 59 582 364 851 732 562 786 449 937 666 197 180 881 427 113 170 349 91 483 307 441 709 430 411 547 570 935 287
748 517 1036 872 872 1392 1159 1533 809 0 1225 943 1087 828 879 1310 274 1311 1195 669 570 376 638 966 830 919 1034 721 1462 748 675 167 334 198 1018 201 602 507 1403 953 622 556 686 963 683 1478 1040 868 1340 883 793 1333 1166 1569 182 284 561 1210 410 989 637 677 1085 428 797 906 582 813 525 919 565 1405 1235 929 839 1375 918 905
804 1395 1037 1016 1287 1063 638 572 868 1225 0 762 246 420 383 600 1003 1170 1233 836 1148 911 831 838 699 330 665 551 1476 1348 928 1172 927 1124 993 1028 700 1159 328 475 1439 1446 545 1069 753 1300 875 826 679 1540 813 691 835 699 1282 1156 736 1156 1010 1534 982 780 213 860 759 720 1135 959 713 1168 687 579 877 457 1408 929 482 584
195 814 280 269 551 483 256 701 167 943 762 0 845 706 464 428 888 485 489 274 533 576 304 79 138 716 132 417 763 657 302 801 837 755 235 828 405 579 698 291 813 854 529 308 269 651 143 97 428 830 154 416 227 684 884 714 827 431 1017 796 362 269 811 532 147 58 516 237 541 415 492 543 298 319 693 436 911 190
829 1341 1125 1069 1316 1223 790 811 912 1087 246 845 0 261 388 794 838 1302 1334 839 1125 825 824 924 748 177 779 516 1599 1346 935 1064 764 1020 1081 885 656 1122 571 558 1401 1394 461 1138 753 1447 977 887 872 1542 852 881 971 931 1174 1072 550 1269 814 1558 979 781 39 783 798 793 1116 1001 621 1219 611 796 1025 526 1418 1100 243 655
639 1091 974 888 1110 1146 731 894 731 828 420 706 261 0 260 792 588 1188 1188 630 891 569 608 782 584 92 678 309 1468 1119 724 803 513 760 931 627 425 880 686 458 1156 1144 222 969 548 1348 848 722 860 1315 671 864 879 988 913 815 316 1137 590 1344 760 575 257 530 622 648 883 814 367 1032 365 831 943 418 1197 1045 205 524
444 1011 741 680 932 887 471 690 523 879 383 464 388 260 0 545 696 938 953 462 767 537 453 542 359 253 421 169 1225 975 557 805 623 755 697 695 318 776 526 198 1056 1062 202 750 377 1094 602 499 608 1170 464 611 621 764 913 778 495 894 755 1177 607 405 358 485 410 409 755 613 354 831 318 600 684 159 1042 785 457 274
602 1242 604 675 949 482 171 279 595 1310 600 428 794 792 545 0 1192 628 743 676 961 934 698 464 493 750 300 631 933 1077 725 1188 1126 1139 569 1160 713 1004 366 378 1241 1282 723 675 635 727 445 525 79 1237 572 92 328 261 1282 1116 1036 651 1281 1182 787 648 754 882 543 436 944 661 822 800 772 116 333 413 1101 339 963 405
709 724 1051 899 981 1368 1062 1382 793 274 1003 888 838 588 696 1192 0 1324 1241 641 676 337 605 932 756 681 950 564 1524 896 685 344 75 329 1024 109 491 625 1220 816 822 771 494 996 620 1495 1011 836 1236 1062 758 1232 1115 1439 424 431 294 1234 171 1147 670 625 842 366 743 840 681 828 370 986 420 1272 1187 784 989 1322 651 798
621 999 275 438 559 193 533 870 532 1311 1170 485 1302 1188 938 628 1324 0 181 683 769 989 719 416 619 1191 522 903 308 734 644 1148 1284 1113 299 1245 872 834 993 746 945 1017 1014 350 721 172 342 499 564 814 574 546 335 773 1200 1038 1305 109 1469 709 674 708 1264 958 604 544 753 501 1008 430 962 722 299 782 705 321 1392 665
572 840 214 342 390 368 617 1005 475 1195 1233 489 1334 1188 953 743 1241 181 0 617 633 903 652 411 604 1205 567 886 288 565 557 1029 1209 999 257 1153 826 700 1097 777 778 854 994 245 673 302 359 467 690 634 529 672 419 921 1069 915 1261 96 1396 527 572 655 1300 880 571 544 620 417 957 281 917 849 412 808 529 478 1394 680
78 587 415 280 480 732 510 933 151 669 836 274 839 630 462 676 641 683 617 0 317 312 35 298 184 675 380 325 905 513 95 526 600 481 384 568 217 343 873 393 612 634 412 374 85 855 375 200 691 707 123 681 496 938 611 443 645 598 786 719 146 57 813 275 134 244 303 202 341 408 305 784 565 393 580 706 828 298
373 280 505 345 307 885 789 1230 366 570 1148 533 1125 891 767 961 676 769 633 317 0 374 317 514 492 952 661 611 892 236 240 403 670 381 502 573 469 66 1188 710 294 322 670 420 396 927 569 437 960 427 391 948 712 1217 435 286 806 662 847 482 178 370 1104 386 432 528 17 317 537 353 527 1074 770 710 324 907 1071 612
386 524 715 562 664 1044 783 1161 461 376 911 576 825 569 537 934 337 989 903 312 374 0 277 609 456 648 659 369 1187 609 347 269 310 219 689 257 232 341 1047 582 598 577 370 658 310 1160 687 511 964 795 433 957 802 1193 376 247 432 897 496 857 334 307 813 54 429 534 374 491 204 653 223 1030 873 561 699 1012 724 529
110 579 450 313 502 767 534 950 187 638 831 304 824 608 453 698 605 719 652 35 317 277 0 332 204 657 405 307 940 523 116 498 564 451 420 533 189 336 882 399 610 628 388 408 79 891 410 234 716 719 156 706 528 960 585 418 613 633 750 737 155 55 799 240 160 271 304 236 309 437 274 804 598 396 594 738 804 311
223 792 201 212 492 435 295 742 160 966 838 79 924 782 542 464 932 416 411 298 514 609 332 0 203 794 188 488 686 612 301 816 885 773 156 865 460 566 759 370 781 829 599 235 314 584 79 97 451 776 175 437 204 711 892 722 890 355 1067 733 355 307 890 569 192 133 497 200 597 349 550 580 270 398 640 411 987 269
118 768 390 322 587 621 331 748 169 830 699 138 748 584 359 493 756 619 604 184 492 456 204 203 0 604 204 284 886 659 252 698 702 650 347 702 268 525 697 229 785 813 395 391 146 787 278 140 513 846 114 505 360 755 789 623 689 557 880 834 313 155 716 408 62 84 476 260 403 474 354 600 432 242 712 566 789 123
674 1164 992 919 1156 1133 708 827 761 919 330 716 177 92 253 750 681 1191 1205 675 952 648 657 794 604 0 672 350 1478 1177 771 889 605 844 948 718 483 947 610 446 1226 1217 284 995 591 1345 855 745 821 1373 701 828 871 930 999 895 406 1147 680 1394 812 618 167 605 649 660 943 848 443 1067 434 778 931 409 1251 1024 214 528
303 942 376 397 678 468 130 570 296 1034 665 132 779 678 421 300 950 522 567 380 661 659 405 188 204 672 0 425 820 789 425 902 891 854 332 902 458 704 571 225 944 983 535 422 350 673 209 228 310 960 272 301 200 560 991 823 848 493 1063 921 486 359 743 610 245 136 644 369 586 538 535 413 266 262 824 383 878 164
330 845 672 579 806 888 516 820 422 721 551 417 516 309 169 631 564 903 886 325 611 369 307 488 284 350 425 0 1170 829 421 638 496 588 630 546 149 614 682 253 895 897 112 661 241 1069 560 419 681 1025 363 679 618 874 745 608 423 842 651 1044 463 268 493 316 315 359 601 505 199 722 155 708 688 220 902 809 512 261
859 1060 499 628 608 465 841 1164 763 1462 1476 763 1599 1468 1225 933 1524 308 288 905 892 1187 940 686 886 1478 820 1170 0 773 843 1295 1495 1268 539 1433 1114 957 1300 1040 981 1063 1279 532 961 241 623 751 866 778 816 849 641 1055 1324 1178 1549 331 1682 646 853 943 1563 1166 857 819 880 704 1246 544 1205 1023 607 1074 711 611 1673 950
546 286 520 403 175 889 907 1355 501 748 1348 657 1346 1119 975 1077 896 734 565 513 236 609 523 612 659 1177 789 829 773 0 419 587 897 579 537 789 694 272 1349 889 213 291 897 430 598 867 642 564 1060 195 547 1045 783 1319 583 475 1042 626 1068 250 368 570 1323 623 597 671 240 420 772 313 759 1193 825 896 93 948 1304 782
133 519 369 214 386 717 555 991 141 675 928 302 935 724 557 725 685 644 557 95 240 347 116 301 252 771 425 421 843 419 0 519 652 479 346 601 305 279 949 475 533 563 505 311 181 815 369 210 730 613 153 719 505 984 591 421 721 550 839 623 62 153 909 323 191 289 224 143 419 325 388 837 570 479 484 710 921 373
605 381 874 710 706 1236 1030 1425 657 167 1172 801 1064 803 805 1188 344 1148 1029 526 403 269 498 816 698 889 902 638 1295 587 519 0 376 50 859 237 501 339 1316 848 483 427 627 799 553 1314 888 720 1211 734 647 1203 1019 1449 110 116 585 1046 510 832 477 542 1057 323 658 769 414 654 458 752 487 1289 1087 828 679 1227 927 786
664 747 1014 867 970 1319 1000 1310 751 334 927 837 764 513 623 1126 75 1284 1209 600 670 310 564 885 702 605 891 496 1495 897 652 376 0 352 984 142 434 625 1146 749 841 796 421 964 570 1456 964 790 1172 1071 713 1169 1062 1370 468 448 226 1197 186 1148 644 578 767 328 694 786 673 793 306 963 357 1204 1134 716 990 1268 584 736
559 395 838 674 687 1196 982 1375 615 198 1124 755 1020 760 755 1139 329 1113 999 481 381 219 451 773 650 844 854 588 1268 579 479 50 352 0 821 220 451 320 1266 797 492 444 579 765 505 1280 846 676 1163 735 603 1155 975 1400 158 104 552 1012 499 827 439 495 1012 273 612 722 390 616 410 724 438 1239 1043 778 672 1184 888 737
326 761 44 156 388 383 414 847 233 1018 993 235 1081 931 697 569 1024 299 257 384 502 689 420 156 347 948 332 630 539 537 346 859 984 821 0 945 580 563 894 527 730 790 739 109 427 471 127 212 537 676 280 521 251 793 919 753 1016 216 1171 613 381 412 1047 658 318 288 485 204 715 235 671 684 288 555 544 414 1137 426
641 615 970 814 879 1300 1020 1366 718 201 1028 828 885 627 695 1160 109 1245 1153 568 573 257 533 865 702 718 902 546 1433 789 601 237 142 220 945 0 448 520 1221 790 713 663 496 910 559 1416 943 768 1198 953 689 1193 1055 1413 325 322 364 1151 280 1039 580 560 884 296 681 783 578 745 346 892 392 1247 1127 762 882 1265 718 758
254 696 616 495 689 889 572 930 350 602 700 405 656 425 318 713 491 872 826 217 469 232 189 460 268 483 458 149 1114 694 305 501 434 451 580 448 0 467 815 350 748 748 203 587 152 1043 538 372 750 890 299 745 628 968 606 462 435 796 611 919 336 171 635 178 268 353 460 418 136 626 91 803 701 328 771 833 617 310
407 243 569 407 367 947 834 1270 413 507 1159 579 1122 880 776 1004 625 834 700 343 66 341 336 566 525 947 704 614 957 272 279 339 625 320 563 520 467 0 1217 735 280 291 662 485 416 993 625 484 1008 453 432 996 767 1263 369 222 774 728 797 523 217 391 1103 361 467 569 80 373 519 419 515 1116 827 732 364 965 1054 642
816 1461 935 967 1249 848 483 247 848 1403 328 698 571 686 526 366 1220 993 1097 873 1188 1047 882 759 697 610 571 682 1300 1349 949 1316 1146 1266 894 1221 815 1217 0 483 1482 1508 727 991 804 1093 766 787 439 1527 805 455 678 382 1422 1272 991 1008 1263 1492 1011 827 535 992 759 678 1173 931 878 1109 837 297 695 493 1391 703 795 576
343 979 571 541 814 689 277 579 396 953 475 291 558 458 198 378 816 746 777 393 710 582 399 370 229 446 225 253 1040 889 475 848 749 797 527 790 350 735 483 0 1005 1027 347 596 321 899 419 351 430 1076 343 430 424 623 949 794 663 711 903 1062 534 344 523 527 291 245 695 486 447 693 398 457 485 40 942 588 655 109
666 106 719 583 388 1095 1069 1514 647 622 1439 813 1401 1156 1056 1241 822 945 778 612 294 598 610 781 785 1226 944 895 981 213 533 483 841 492 730 713 748 280 1482 1005 0 84 941 628 690 1080 823 716 1233 266 680 1219 967 1492 442 393 1020 836 991 390 471 664 1383 629 724 815 309 581 791 518 792 1356 1016 1005 271 1144 1322 906
695 53 782 639 465 1161 1111 1553 687 556 1446 854 1394 1144 1062 1282 771 1017 854 634 322 577 628 829 813 1217 983 897 1063 291 563 427 796 444 790 663 748 291 1508 1027 84 0 933 691 707 1157 876 757 1279 347 714 1266 1020 1537 374 351 987 908 938 473 500 683 1378 613 754 851 339 628 777 588 783 1396 1073 1024 355 1204 1301 932
429 880 780 679 890 999 619 890 524 686 545 529 461 222 202 723 494 1014 994 412 670 370 388 599 395 284 535 112 1279 897 505 627 421 579 739 496 203 662 727 347 941 933 0 764 333 1181 672 527 777 1093 467 777 730 956 737 618 317 952 560 1123 539 358 445 324 422 471 662 603 168 818 150 790 799 309 975 918 416 371
335 666 91 96 278 470 516 954 240 963 1069 308 1138 969 750 675 996 350 245 374 420 658 408 235 391 995 422 661 532 430 311 799 964 765 109 910 587 485 991 596 628 691 764 0 436 514 231 251 646 566 298 630 360 902 850 688 1020 247 1151 506 330 415 1106 635 346 350 404 172 715 125 677 791 396 620 434 517 1174 489
101 658 463 346 564 748 477 880 198 683 753 269 753 548 377 635 620 721 673 85 396 310 79 314 146 591 350 241 961 598 181 553 570 505 427 559 152 416 804 321 690 707 333 436 0 892 393 222 658 793 147 650 496 896 647 484 588 644 753 804 230 28 727 263 123 224 383 270 287 484 244 737 568 316 665 705 749 238
793 1142 445 606 691 245 663 939 704 1478 1300 651 1447 1348 1094 727 1495 172 302 855 927 1160 891 584 787 1345 673 1069 241 867 815 1314 1456 1280 471 1416 1043 993 1093 899 1080 1157 1181 514 892 0 509 670 654 920 745 638 476 823 1361 1202 1475 267 1641 801 842 880 1409 1130 774 709 912 671 1179 579 1133 806 424 936 826 391 1551 824
302 842 168 240 505 357 286 723 231 1040 875 143 977 848 602 445 1011 342 359 375 569 687 410 79 278 855 209 560 623 642 369 888 964 846 127 943 538 625 766 419 823 876 672 231 393 509 0 175 418 793 253 403 144 677 961 791 967 292 1146 737 420 386 942 648 271 201 552 252 675 355 628 560 202 451 659 341 1052 327
126 717 252 190 467 532 353 798 71 868 826 97 887 722 499 525 836 499 467 200 437 511 234 97 140 745 228 419 751 564 210 720 790 676 212 768 372 484 787 351 716 757 527 251 222 670 175 0 523 740 78 511 298 780 798 628 806 426 974 714 268 212 855 472 105 110 419 143 508 341 463 640 366 372 604 507 928 242
614 1240 569 657 923 409 181 315 594 1340 679 428 872 860 608 79 1236 564 690 691 960 964 716 451 513 821 310 681 866 1060 730 1211 1172 1163 537 1198 750 1008 439 430 1233 1279 777 646 658 654 418 523 0 1212 579 17 288 259 1301 1134 1093 596 1332 1149 790 669 832 913 556 446 943 651 866 771 816 159 278 468 1078 264 1036 439
736 371 650 564 288 990 1071 1516 683 883 1540 830 1542 1315 1170 1237 1062 814 634 707 427 795 719 776 846 1373 960 1025 778 195 613 734 1071 735 676 953 890 453 1527 1076 266 347 1093 566 793 920 793 740 1212 0 732 1196 927 1469 705 631 1227 713 1233 137 563 765 1518 812 785 850 433 597 965 441 953 1353 960 1086 136 1070 1498 968
48 671 317 217 473 611 402 838 59 793 813 154 852 671 464 572 758 574 529 123 391 433 156 175 114 701 272 363 816 547 153 647 713 603 280 689 299 432 805 343 680 714 467 298 147 745 253 78 579 732 0 568 372 832 729 559 735 496 897 721 215 134 822 394 54 136 375 149 434 367 391 684 442 356 598 582 876 236
604 1227 552 642 907 393 174 333 582 1333 691 416 881 864 611 92 1232 546 672 681 948 957 706 437 505 828 301 679 849 1045 719 1203 1169 1155 521 1193 745 996 455 430 1219 1266 777 630 650 638 403 511 17 1196 568 0 271 274 1292 1124 1093 578 1331 1132 779 660 841 907 547 436 930 638 863 755 812 176 260 468 1062 247 1042 435
418 986 281 383 639 269 201 601 364 1166 835 227 971 879 621 328 1115 335 419 496 712 802 528 204 360 871 200 618 641 783 505 1019 1062 975 251 1055 628 767 678 424 967 1020 730 360 496 476 144 298 288 927 372 271 0 542 1096 926 1039 331 1240 861 558 495 934 759 374 275 695 395 762 486 713 440 72 462 794 210 1078 360
863 1498 822 916 1181 591 429 142 851 1569 699 684 931 988 764 261 1439 773 921 938 1217 1193 960 711 755 930 560 874 1055 1319 984 1449 1370 1400 793 1413 968 1263 382 623 1492 1537 956 902 896 823 677 780 259 1469 832 274 542 0 1544 1378 1260 825 1517 1402 1045 910 893 1140 804 696 1200 911 1071 1028 1022 166 518 654 1336 451 1135 663
690 336 930 766 721 1301 1120 1524 732 182 1282 884 1174 913 913 1282 424 1200 1069 611 435 376 585 892 789 999 991 745 1324 583 591 110 468 158 919 325 606 369 1422 949 442 374 737 850 647 1361 961 798 1301 705 729 1292 1096 1544 0 170 685 1095 579 816 542 634 1166 430 745 856 449 718 568 788 596 1385 1162 932 671 1302 1031 883
521 300 766 601 589 1133 953 1364 562 284 1156 714 1072 815 778 1116 431 1038 915 443 286 247 418 722 623 895 823 608 1178 475 421 116 448 104 753 322 462 222 1272 794 393 351 618 688 484 1202 791 628 1134 631 559 1124 926 1378 170 0 636 935 602 723 373 468 1060 295 577 687 298 550 452 637 470 1221 992 780 568 1132 958 722
690 935 1052 926 1083 1307 936 1181 786 561 736 827 550 316 495 1036 294 1305 1261 645 806 432 613 890 689 406 848 423 1549 1042 721 585 226 552 1016 364 435 774 991 663 1020 987 317 1020 588 1475 967 806 1093 1227 735 1093 1039 1260 685 636 0 1232 274 1288 733 606 558 422 701 771 805 848 304 1046 344 1096 1110 625 1131 1232 357 684
542 890 183 339 451 278 531 910 449 1210 1156 431 1269 1137 894 651 1234 109 96 598 662 897 633 355 557 1147 493 842 331 626 550 1046 1197 1012 216 1151 796 728 1008 711 836 908 952 247 644 267 292 426 596 713 496 578 331 825 1095 935 1232 0 1384 613 575 628 1233 869 532 488 647 406 931 321 888 755 318 744 600 382 1343 619
849 892 1201 1054 1150 1500 1165 1446 937 410 1010 1017 814 590 755 1281 171 1469 1396 786 847 496 750 1067 880 680 1063 651 1682 1068 839 510 186 499 1171 280 611 797 1263 903 991 938 560 1151 753 1641 1146 974 1332 1233 897 1331 1240 1517 579 602 274 1384 0 1318 830 762 826 515 876 964 851 980 477 1149 528 1351 1312 868 1161 1443 596 904
733 491 580 527 248 892 1022 1460 666 989 1534 796 1558 1344 1177 1182 1147 709 527 719 482 857 737 733 834 1394 921 1044 646 250 623 832 1148 827 613 1039 919 523 1492 1062 390 473 1123 506 804 801 737 714 1149 137 721 1132 861 1402 816 723 1288 613 1318 0 584 777 1532 866 775 824 483 575 1010 384 991 1297 885 1077 158 984 1535 953
195 456 398 236 355 760 616 1053 197 637 982 362 979 760 607 787 670 674 572 146 178 334 155 355 313 812 486 463 853 368 62 477 644 439 381 580 336 217 1011 534 471 500 539 330 230 842 420 268 790 563 215 779 558 1045 542 373 733 575 830 584 0 202 955 320 253 351 162 177 437 319 412 899 621 537 438 761 953 435
86 634 447 324 537 743 487 897 180 677 780 269 781 575 405 648 625 708 655 57 370 307 55 307 155 618 359 268 943 570 153 542 578 495 412 560 171 391 827 344 664 683 358 415 28 880 386 212 669 765 134 660 495 910 634 468 606 628 762 777 202 0 755 263 121 228 357 247 303 460 262 752 567 341 637 705 774 257
801 1325 1091 1038 1289 1184 751 774 881 1085 213 811 39 257 358 754 842 1264 1300 813 1104 813 799 890 716 167 743 493 1563 1323 909 1057 767 1012 1047 884 635 1103 535 523 1383 1378 445 1106 727 1409 942 855 832 1518 822 841 934 893 1166 1060 558 1233 826 1532 955 755 0 768 768 759 1094 971 608 1189 595 757 986 491 1393 1061 269 621
346 560 686 538 663 1005 733 1107 427 428 860 532 783 530 485 882 366 958 880 275 386 54 240 569 408 605 610 316 1166 623 323 323 328 273 658 296 178 361 992 527 629 613 324 635 263 1130 648 472 913 812 394 907 759 1140 430 295 422 869 515 866 320 263 768 0 385 488 384 464 163 639 174 976 830 506 710 968 694 477
59 709 357 270 528 625 376 803 113 797 759 147 798 622 410 543 743 604 571 134 432 429 160 192 62 649 245 315 857 597 191 658 694 612 318 681 268 467 759 291 724 754 422 346 123 774 271 105 556 785 54 547 374 804 745 577 701 532 876 775 253 121 768 385 0 110 416 203 405 420 359 652 445 302 651 584 827 185
167 808 332 299 577 538 267 702 170 906 720 58 793 648 409 436 840 544 544 244 528 534 271 133 84 660 136 359 819 671 289 769 786 722 288 783 353 569 678 245 815 851 471 350 224 709 201 110 446 850 136 436 275 696 856 687 771 488 964 824 351 228 759 488 110 0 511 253 487 449 438 547 348 270 714 482 854 139
357 297 489 328 300 868 772 1213 349 582 1135 516 1116 883 755 944 681 753 620 303 17 374 304 497 476 943 644 601 880 240 224 414 673 390 485 578 460 80 1173 695 309 339 662 404 383 912 552 419 943 433 375 930 695 1200 449 298 805 647 851 483 162 357 1094 384 416 511 0 299 532 340 520 1057 753 696 326 889 1065 597
175 592 225 77 327 583 489 936 91 813 959 237 1001 814 613 661 828 501 417 202 317 491 236 200 260 848 369 505 704 420 143 654 793 616 204 745 418 373 931 486 581 628 603 172 270 671 252 143 651 597 149 638 395 911 718 550 848 406 980 575 177 247 971 464 203 253 299 0 544 218 507 776 454 502 460 592 1017 377
388 724 750 622 792 1025 693 1020 483 525 713 541 621 367 354 822 370 1008 957 341 537 204 309 597 403 443 586 199 1246 772 419 458 306 410 715 346 136 519 878 447 791 777 168 715 287 1179 675 508 866 965 434 863 762 1071 568 452 304 931 477 1010 437 303 608 163 405 487 532 544 0 745 51 904 835 417 856 965 534 430
393 568 210 152 153 576 638 1078 307 919 1168 415 1219 1032 831 800 986 430 281 408 353 653 437 349 474 1067 538 722 544 313 325 752 963 724 235 892 626 419 1109 693 518 588 818 125 484 579 355 341 771 441 367 755 486 1028 788 637 1046 321 1149 384 319 460 1189 639 420 449 340 218 745 0 712 915 520 713 309 637 1233 584
346 730 708 584 767 976 642 973 441 565 687 492 611 365 318 772 420 962 917 305 527 223 274 550 354 434 535 155 1205 759 388 487 357 438 671 392 91 515 837 398 792 783 150 677 244 1133 628 463 816 953 391 812 713 1022 596 470 344 888 528 991 412 262 595 174 359 438 520 507 51 712 0 856 785 369 840 915 545 379
711 1355 718 792 1066 561 287 162 709 1405 579 543 796 831 600 116 1272 722 849 784 1074 1030 804 580 600 778 413 708 1023 1193 837 1289 1204 1239 684 1247 803 1116 297 457 1356 1396 790 791 737 806 560 640 159 1353 684 176 440 166 1385 1221 1096 755 1351 1297 899 752 757 976 652 547 1057 776 904 915 856 0 436 488 1218 415 987 502
488 1041 310 433 673 203 239 593 430 1235 877 298 1025 943 684 333 1187 299 412 565 770 873 598 270 432 931 266 688 607 825 570 1087 1134 1043 288 1127 701 827 695 485 1016 1073 799 396 568 424 202 366 278 960 442 260 72 518 1162 992 1110 318 1312 885 621 567 986 830 445 348 753 454 835 520 785 436 0 525 830 140 1141 429
350 975 600 561 829 728 317 604 411 929 457 319 526 418 159 413 784 782 808 393 710 561 396 398 242 409 262 220 1074 896 479 828 716 778 555 762 328 732 493 40 1005 1024 309 620 316 936 451 372 468 1086 356 468 462 654 932 780 625 744 868 1077 537 341 491 506 302 270 696 502 417 713 369 488 525 0 953 628 616 130
603 361 520 428 156 872 935 1380 547 839 1408 693 1418 1197 1042 1101 989 705 529 580 324 699 594 640 712 1251 824 902 711 93 484 679 990 672 544 882 771 364 1391 942 271 355 975 434 665 826 659 604 1078 136 598 1062 794 1336 671 568 1131 600 1161 158 438 637 1393 710 651 714 326 460 856 309 840 1218 830 953 0 944 1385 834
628 1174 427 565 788 146 315 553 570 1375 929 436 1100 1045 785 339 1322 321 478 706 907 1012 738 411 566 1024 383 809 611 948 710 1227 1268 1184 414 1265 833 965 703 588 1144 1204 918 517 705 391 341 507 264 1070 582 247 210 451 1302 1132 1232 382 1443 984 761 705 1061 968 584 482 889 592 965 637 915 415 140 628 944 0 1237 548
842 1248 1180 1091 1306 1344 921 1025 935 918 482 911 243 205 457 963 651 1392 1394 828 1071 724 804 987 789 214 878 512 1673 1304 921 927 584 888 1137 718 617 1054 795 655 1322 1301 416 1174 749 1551 1052 928 1036 1498 876 1042 1078 1135 1031 958 357 1343 596 1535 953 774 269 694 827 854 1065 1017 534 1233 545 987 1141 616 1385 1237 0 727
240 886 470 432 705 630 263 641 287 905 584 190 655 524 274 405 798 665 680 298 612 529 311 269 123 528 164 261 950 782 373 786 736 737 426 758 310 642 576 109 906 932 371 489 238 824 327 242 439 968 236 435 360 663 883 722 684 619 904 953 435 257 621 477 185 139 597 377 430 584 379 502 429 130 834 548 727 0
