0 1658 1159 645 904 1385 606 388 122 1613 501 29 818 942 1537 325 851
1658 0 2570 2013 819 1350 1950 1985 1560 3126 2033 1631 891 1433 1488 1912 834
1159 2570 0 1544 1753 1629 1547 1192 1176 575 658 1186 1687 1236 1677 837 1898
645 2013 1544 0 1406 2017 62 360 753 1837 957 646 1324 1585 2175 804 1188
904 819 1753 1406 0 852 1347 1274 791 2307 1222 881 86 700 1030 1115 387
1385 1350 1629 2017 852 0 1970 1762 1268 2198 1399 1378 881 470 178 1403 1238
606 1950 1547 62 1347 1970 0 356 710 1858 946 604 1266 1542 2129 787 1125
388 1985 1192 360 1274 1762 356 0 510 1528 597 404 1188 1307 1909 452 1153
122 1560 1176 753 791 1268 710 510 0 1659 531 110 705 831 1423 371 771
1613 3126 575 1837 2307 2198 1858 1528 1659 0 1129 1643 2236 1812 2235 1292 2415
501 2033 658 957 1222 1399 946 597 531 1129 0 529 1144 931 1511 180 1288
29 1631 1186 646 881 1378 604 404 110 1643 529 0 795 939 1532 353 822
818 891 1687 1324 86 881 1266 1188 705 2236 1144 795 0 680 1059 1033 362
942 1433 1236 1585 700 470 1542 1307 831 1812 931 939 680 0 602 933 1028
1537 1488 1677 2175 1030 178 2129 1909 1423 2235 1511 1532 1059 602 0 1531 1416
325 1912 837 804 1115 1403 787 452 371 1292 180 353 1033 933 1531 0 1140
851 834 1898 1188 387 1238 1125 1153 771 2415 1288 822 362 1028 1416 1140 0
