0 791 1618 631 402 977 230 587 732 1211 257 414 1444 1529 1569 855 1636
791 0 2286 686 986 1673 600 1276 1199 1956 567 378 656 2188 2356 1234 1937
1618 2286 0 1678 1810 1696 1717 1666 1122 1552 1867 1948 2917 2033 856 2196 2808
631 686 1678 0 1023 1589 440 1213 555 1783 642 515 1255 2145 1927 1448 2229
402 986 1810 1023 0 688 589 299 1097 987 447 663 1583 1207 1560 464 1237
977 1673 1696 1589 688 0 1204 400 1441 335 1119 1334 2267 556 1138 709 1120
230 600 1717 440 589 1204 0 811 708 1441 219 233 1256 1755 1759 1007 1789
587 1276 1666 1213 299 400 811 0 1152 687 719 933 1882 944 1306 532 1202
732 1199 1122 555 1097 1441 708 1152 0 1536 913 911 1805 1976 1463 1561 2325
1211 1956 1552 1783 987 335 1441 687 1536 0 1391 1599 2570 490 873 1042 1360
257 567 1867 642 447 1119 219 719 913 1391 0 216 1206 1653 1817 816 1591
414 378 1948 515 663 1334 233 933 911 1599 216 0 1032 1869 1978 1006 1768
1444 656 2917 1255 1583 2267 1256 1882 1805 2570 1206 1032 0 2748 3011 1719 2295
1529 2188 2033 2145 1207 556 1755 944 1976 490 1653 1869 2748 0 1293 1058 1058
1569 2356 856 1927 1560 1138 1759 1306 1463 873 1817 1978 3011 1293 0 1802 2231
855 1234 2196 1448 464 709 1007 532 1561 1042 816 1006 1719 1058 1802 0 783
1636 1937 2808 2229 1237 1120 1789 1202 2325 1360 1591 1768 2295 1058 2231 783 0
