0 1623 73 1532 1187 1680 1423 1666 939 618 652 1662 441 1160 1352 884
1623 0 1611 3140 2629 3203 310 1549 2321 1723 1905 208 1703 742 1580 757
73 1611 0 1533 1151 1660 1422 1599 1005 545 725 1641 370 1179 1411 863
1532 3140 1533 0 789 497 2955 2660 1396 1549 1621 3153 1487 2675 2594 2384
1187 2629 1151 789 0 594 2504 1905 1566 915 1588 2600 931 2320 2495 1883
1680 3203 1660 497 594 0 3059 2476 1786 1503 1933 3183 1500 2839 2894 2449
1423 310 1422 2955 2504 3059 0 1675 2049 1625 1632 492 1573 434 1271 632
1666 1549 1599 2660 1905 2476 1675 0 2604 1192 2295 1381 1338 1867 2613 1262
939 2321 1005 1396 1566 1786 2049 2604 0 1483 416 2419 1306 1653 1270 1689
618 1723 545 1549 915 1503 1625 1192 1483 0 1260 1686 180 1513 1920 993
652 1905 725 1621 1588 1933 1632 2295 416 1260 0 2006 1080 1240 973 1291
1662 208 1641 3153 2600 3183 492 1381 2419 1686 2006 0 1687 906 1759 778
441 1703 370 1487 931 1500 1573 1338 1306 180 1080 1687 0 1417 1765 952
1160 742 1179 2675 2320 2839 434 1867 1653 1513 1240 906 1417 0 858 628
1352 1580 1411 2594 2495 2894 1271 2613 1270 1920 973 1759 1765 858 0 1358
884 757 863 2384 1883 2449 632 1262 1689 993 1291 778 952 628 1358 0
