0 1063 1397 364 1377 992 247 1354 358 1133 770 465 1222 1621 687 443 2
1063 0 2029 1389 1330 1640 1137 1163 921 2146 1033 1343 1869 620 1145 1505 1064
1397 2029 0 1136 1080 415 1153 1259 1215 997 998 937 175 2293 890 1261 1397
364 1389 1136 0 1392 770 271 1423 519 771 811 246 970 1906 663 188 364
1377 1330 1080 1392 0 909 1188 206 1022 1795 607 1159 1004 1350 729 1580 1379
992 1640 415 770 909 0 746 1042 800 899 630 545 240 1959 494 922 993
247 1137 1153 271 1188 746 0 1193 247 1009 584 238 978 1637 468 439 248
1354 1163 1259 1423 206 1042 1193 0 996 1903 613 1205 1167 1145 767 1610 1357
358 921 1215 519 1022 800 247 996 0 1234 420 423 1041 1394 375 683 360
1133 2146 997 771 1795 899 1009 1903 1234 0 1358 816 920 2621 1183 725 1132
770 1033 998 811 607 630 584 613 420 1358 0 601 844 1332 175 997 772
465 1343 937 246 1159 545 238 1205 423 816 601 0 764 1804 438 428 465
1222 1869 175 970 1004 240 978 1167 1041 920 844 764 0 2157 725 1104 1223
1621 620 2293 1906 1350 1959 1637 1145 1394 2621 1332 1804 2157 0 1490 2048 1623
687 1145 890 663 729 494 468 767 375 1183 175 438 725 1490 0 851 689
443 1505 1261 188 1580 922 439 1610 683 725 997 428 1104 2048 851 0 442
2 1064 1397 364 1379 993 248 1357 360 1132 772 465 1223 1623 689 442 0
