0 1605 831 1055 709 554 1185 916 1071 210 1715 444 1483 805 1425 1590 298
1605 0 1280 701 1013 2154 2486 2489 1542 1515 2619 1499 1344 826 2892 2769 1857
831 1280 0 1120 374 1203 2016 1674 1647 624 2499 1125 651 855 2232 2417 894
1055 701 1120 0 747 1603 1791 1863 859 1042 1931 834 1510 287 2215 2067 1345
709 1013 374 747 0 1209 1839 1623 1313 552 2237 863 897 480 2129 2214 893
554 2154 1203 1603 1209 0 1057 494 1439 657 1747 866 1825 1359 1089 1477 318
1185 2486 2016 1791 1839 1057 0 693 1103 1394 743 1014 2667 1689 508 423 1222
916 2489 1674 1863 1623 494 693 0 1457 1081 1435 1036 2309 1664 598 1079 780
1071 1542 1647 859 1313 1439 1103 1457 0 1213 1077 627 2204 917 1598 1277 1335
210 1515 624 1042 552 657 1394 1081 1213 0 1919 600 1276 766 1616 1801 345
1715 2619 2499 1931 2237 1747 743 1435 1077 1919 0 1379 3126 1939 1132 474 1843
444 1499 1125 834 863 866 1014 1036 627 600 1379 0 1747 681 1393 1361 713
1483 1344 651 1510 897 1825 2667 2309 2204 1276 3126 1747 0 1313 2878 3065 1529
805 826 855 287 480 1359 1689 1664 917 766 1939 681 1313 0 2072 2009 1083
1425 2892 2232 2215 2129 1089 508 598 1598 1616 1132 1393 2878 2072 0 673 1353
1590 2769 2417 2067 2214 1477 423 1079 1277 1801 474 1361 3065 2009 673 0 1644
298 1857 894 1345 893 318 1222 780 1335 345 1843 713 1529 1083 1353 1644 0
