0 876 611 1288 1198 108 677 888 806 1642 847 1041 1690 661 295 253 248
876 0 1033 1096 915 984 341 1701 1043 1222 1438 1907 1585 284 583 939 955
611 1033 0 810 1689 633 698 817 227 2106 1438 1341 2256 977 627 364 858
1288 1096 810 0 1994 1354 844 1589 592 2318 2128 2151 2650 1245 1123 1104 1522
1198 915 1689 1994 0 1266 1159 2060 1795 448 1119 1929 672 761 1063 1415 1061
108 984 633 1354 1266 0 781 801 843 1714 805 934 1728 765 403 269 246
677 341 698 844 1159 781 0 1413 703 1518 1405 1714 1807 401 397 662 835
888 1701 817 1589 2060 801 1413 0 1004 2509 1309 717 2459 1534 1136 761 1001
806 1043 227 592 1795 843 703 1004 0 2191 1648 1565 2393 1049 756 574 1055
1642 1222 2106 2318 448 1714 1518 2509 2191 0 1516 2359 615 1142 1486 1852 1510
847 1438 1438 2128 1119 805 1405 1309 1648 1516 0 890 1247 1153 1027 1075 606
1041 1907 1341 2151 1929 934 1714 717 1565 2359 890 0 2137 1661 1335 1094 972
1690 1585 2256 2650 672 1728 1807 2459 2393 615 1247 2137 0 1405 1638 1936 1488
661 284 977 1245 761 765 401 1534 1049 1142 1153 1661 1405 0 399 787 693
295 583 627 1123 1063 403 397 1136 756 1486 1027 1335 1638 399 0 388 440
253 939 364 1104 1415 269 662 761 574 1852 1075 1094 1936 787 388 0 496
248 955 858 1522 1061 246 835 1001 1055 1510 606 972 1488 693 440 496 0
