0 1239 1701 1669 1567 1467 1222 1008 836 528 78 373 1249 1350 362 368 1699
1239 0 866 1653 2805 1845 1579 914 1999 1185 1225 1050 2184 929 1460 998 2804
1701 866 0 1102 3187 1509 2396 1752 2229 1875 1650 1363 2864 483 2024 1623 3395
1669 1653 1102 0 2749 533 2777 2274 1743 2098 1592 1313 2907 737 2028 1827 3238
1567 2805 3187 2749 0 2292 2095 2343 1009 1775 1589 1837 1301 2757 1391 1842 900
1467 1845 1509 533 2292 0 2668 2270 1313 1965 1389 1174 2634 1055 1797 1718 2868
1222 1579 2396 2777 2095 2668 0 668 1887 703 1296 1497 906 2246 981 956 1619
1008 914 1752 2274 2343 2270 668 0 1829 575 1055 1125 1404 1663 977 641 2094
836 1999 2229 1743 1009 1313 1887 1829 0 1287 812 953 1491 1777 914 1200 1575
528 1185 1875 2098 1775 1965 703 575 1287 0 597 798 1004 1634 402 274 1625
78 1225 1650 1592 1589 1389 1296 1055 812 597 0 305 1322 1287 437 414 1757
373 1050 1363 1313 1837 1174 1497 1125 953 798 305 0 1621 984 734 544 2060
1249 2184 2864 2907 1301 2634 906 1404 1491 1004 1322 1621 0 2575 886 1241 713
1350 929 483 737 2757 1055 2246 1663 1777 1634 1287 984 2575 0 1700 1363 3045
362 1460 2024 2028 1391 1797 981 977 914 402 437 734 886 1700 0 464 1374
368 998 1623 1827 1842 1718 956 641 1200 274 414 544 1241 1363 464 0 1814
1699 2804 3395 3238 900 2868 1619 2094 1575 1625 1757 2060 713 3045 1374 1814 0
