0 329 372 38 1715 159 526 473 795 1612 185 1160 165 1329 842 1323 326
329 0 565 367 2043 482 680 144 1105 1556 514 1483 327 1352 1171 1029 511
372 565 0 356 1670 305 869 686 915 1985 369 1029 537 988 834 1335 675
38 367 356 0 1678 121 526 511 763 1629 148 1121 184 1325 805 1355 327
1715 2043 1670 1678 0 1570 1642 2187 1002 2580 1529 683 1755 2295 872 2995 1652
159 482 305 121 1570 0 568 626 687 1709 68 1002 287 1293 698 1443 380
526 680 869 526 1642 568 0 778 643 1176 512 1270 388 1850 864 1687 200
473 144 686 511 2187 626 778 0 1242 1546 659 1627 456 1393 1315 911 627
795 1105 915 763 1002 687 643 1242 0 1696 626 695 788 1830 296 2118 657
1612 1556 1985 1629 2580 1709 1176 1546 1696 0 1666 2387 1447 2903 1976 2218 1334
185 514 369 148 1529 68 512 659 626 1666 0 981 275 1357 657 1497 333
1160 1483 1029 1121 683 1002 1270 1627 695 2387 981 0 1245 1618 412 2364 1203
165 327 537 184 1755 287 388 456 788 1447 275 1245 0 1487 892 1356 196
1329 1352 988 1325 2295 1293 1850 1393 1830 2903 1357 1618 1487 0 1647 1397 1652
842 1171 834 805 872 698 864 1315 296 1976 657 412 892 1647 0 2133 817
1323 1029 1335 1355 2995 1443 1687 911 2118 2218 1497 2364 1356 1397 2133 0 1537
326 511 675 327 1652 380 200 627 657 1334 333 1203 196 1652 817 1537 0
