0 853 576 1374 367 1078 1287 1501 162 1679 241 350 298 727 333 932
853 0 1066 1762 1143 513 2116 1745 1012 2528 984 1200 1038 883 798 1437
576 1066 0 805 861 1001 1524 2076 619 1663 794 698 336 339 310 1484
1374 1762 805 0 1603 1497 1972 2856 1383 1790 1571 1401 1095 878 1108 2235
367 1143 861 1603 0 1433 975 1262 246 1481 159 220 526 1075 684 633
1078 513 1001 1497 1433 0 2355 2236 1235 2637 1281 1414 1133 694 856 1858
1287 2116 1524 1972 975 2355 0 1629 1125 739 1133 942 1253 1842 1517 1077
1501 1745 2076 2856 1262 2236 1629 0 1473 2360 1286 1478 1761 2196 1819 654
162 1012 619 1383 246 1235 1125 1473 0 1526 191 187 290 830 443 865
1679 2528 1663 1790 1481 2637 739 2360 1526 0 1617 1347 1515 2002 1789 1773
241 984 794 1571 159 1281 1133 1286 191 1617 0 288 476 969 574 694
350 1200 698 1401 220 1414 942 1478 187 1347 288 0 367 959 592 838
298 1038 336 1095 526 1133 1253 1761 290 1515 476 367 0 599 276 1154
727 883 339 878 1075 694 1842 2196 830 2002 969 959 599 0 394 1658
333 798 310 1108 684 856 1517 1819 443 1789 574 592 276 394 0 1265
932 1437 1484 2235 633 1858 1077 654 865 1773 694 838 1154 1658 1265 0
