0 833 701 1160 453 588 1312 1289 772 1394 1392 806 838 247 995 914
833 0 1523 337 1077 1019 2143 1066 1175 1027 674 576 647 999 456 1554
701 1523 0 1856 584 1017 626 1671 869 1840 2090 1465 1481 536 1685 593
1160 337 1856 0 1413 1255 2472 1235 1490 1137 409 698 757 1335 446 1886
453 1077 584 1413 0 1026 1186 1092 360 1256 1720 1223 1265 225 1363 492
588 1019 1017 1255 1026 0 1490 1804 1360 1868 1311 609 586 802 895 1434
1312 2143 626 2472 1186 1490 0 2240 1406 2425 2682 2024 2028 1162 2268 986
1289 1066 1671 1235 1092 1804 2240 0 837 222 1645 1597 1666 1229 1523 1303
772 1175 869 1490 360 1360 1406 837 0 1035 1848 1460 1512 577 1543 479
1394 1027 1840 1137 1256 1868 2425 222 1035 0 1541 1588 1659 1369 1475 1509
1392 674 2090 409 1720 1311 2682 1645 1848 1541 0 701 730 1603 421 2208
806 576 1465 698 1223 609 2024 1597 1460 1588 701 0 71 1049 289 1709
838 647 1481 757 1265 586 2028 1666 1512 1659 730 71 0 1083 332 1747
247 999 536 1335 225 802 1162 1229 577 1369 1603 1049 1083 0 1221 666
995 456 1685 446 1363 895 2268 1523 1543 1475 421 289 332 1221 0 1855
914 1554 593 1886 492 1434 986 1303 479 1509 2208 1709 1747 666 1855 0
