0 155 170 746 3 176 701 794 453 842 413 708 661 549 362 276 148 273 142 553 366 803 847 424 698 385 757 593 197 573 570 864 187 790 241 119 349 8 771 611 558 30 435 260 864 223 197 403 78 296 362 486 47 571 459 692 142 516 80 401 817 564 609 780 440 593 559 299 724 567 520 430 604 271 822 618 293 96
155 0 297 602 153 53 850 639 540 757 415 554 563 705 341 375 16 404 197 400 519 687 716 524 660 447 876 723 287 418 726 991 182 662 352 274 458 160 917 694 409 163 483 216 916 363 151 348 77 436 209 530 146 552 586 787 168 437 165 329 967 699 476 864 485 746 403 435 583 415 633 437 552 158 910 703 191 247
170 297 0 825 171 292 558 924 293 827 335 813 831 452 320 371 297 320 298 659 249 971 1010 258 859 503 782 427 318 693 478 697 201 836 330 107 181 173 621 695 707 145 560 430 717 260 367 390 234 141 505 359 215 727 291 755 166 514 241 407 677 566 671 616 314 465 682 329 798 709 567 579 770 347 656 698 352 167
746 602 825 0 743 570 1363 322 912 455 647 145 764 1276 582 969 615 1006 790 224 1074 751 675 933 1018 1010 1471 1176 882 258 1300 1412 624 164 951 853 905 753 1413 1259 428 741 1027 728 1089 965 701 499 676 958 460 798 748 979 1051 1363 660 412 767 458 1484 1301 164 1151 779 1286 283 1037 34 382 1227 938 905 482 1202 1270 472 843
3 153 171 743 0 173 704 791 453 839 411 705 660 552 360 278 146 276 143 550 368 802 845 425 698 387 760 595 199 570 573 865 185 787 244 122 350 11 774 614 556 29 437 260 864 226 196 400 76 298 359 486 47 571 460 694 140 513 81 398 820 567 606 780 439 596 556 302 721 565 523 431 604 268 823 620 290 99
176 53 292 570 173 0 850 632 511 705 368 533 600 719 292 419 69 441 245 378 527 716 737 500 710 498 918 710 332 404 742 976 144 621 394 288 439 182 914 743 418 174 535 268 875 396 205 295 108 433 216 489 180 604 573 834 141 384 205 276 969 735 437 831 445 752 392 469 549 418 676 491 601 108 879 751 139 273
701 850 558 1363 704 850 0 1482 494 1250 752 1366 1328 257 793 716 847 615 775 1214 342 1486 1543 453 1269 838 770 229 733 1250 266 293 747 1344 686 584 460 700 81 880 1259 687 895 925 745 594 878 878 778 416 1059 647 732 1128 318 867 720 994 742 912 121 581 1201 542 637 133 1240 587 1333 1265 705 976 1212 900 539 874 899 634
794 639 924 322 791 632 1482 0 1093 776 855 188 530 1343 775 940 645 1006 780 288 1158 466 369 1099 812 936 1418 1330 864 236 1363 1587 743 487 936 913 1052 798 1544 1168 266 801 935 665 1348 981 670 705 715 1065 433 1010 776 814 1195 1279 763 661 781 659 1601 1287 421 1376 980 1384 242 1041 348 238 1183 824 713 591 1427 1182 601 881
453 540 293 912 453 511 494 1093 0 756 270 946 1100 535 330 655 546 587 589 807 368 1227 1248 55 1151 791 996 275 610 858 563 500 370 869 613 396 123 458 523 961 920 424 849 712 428 531 646 413 499 257 722 154 500 1020 186 1006 372 516 531 455 608 770 748 327 144 471 855 585 880 911 813 872 1057 509 371 962 493 459
842 757 827 455 839 705 1250 776 756 0 511 590 1141 1252 507 1115 774 1111 949 575 1052 1168 1111 799 1350 1204 1595 1028 1030 640 1280 1203 659 298 1083 904 811 850 1276 1446 810 821 1241 957 750 1055 903 442 803 919 736 604 868 1274 937 1533 706 326 900 440 1363 1388 386 876 613 1216 660 1132 428 770 1361 1185 1233 598 923 1454 566 927
413 415 335 647 411 368 752 855 270 511 0 695 962 740 85 681 428 649 550 567 542 1061 1060 300 1075 798 1118 543 609 626 768 765 239 599 642 431 301 421 789 1016 721 384 849 627 519 589 559 151 414 409 541 154 455 961 434 1085 275 246 490 197 870 901 484 520 131 707 628 662 615 702 900 833 968 313 571 1020 285 473
708 554 813 145 705 533 1366 188 946 590 695 0 626 1253 619 901 565 951 727 155 1058 606 529 958 889 924 1397 1197 817 148 1276 1445 619 309 888 822 920 713 1423 1169 297 708 935 641 1172 916 626 543 632 953 377 849 700 861 1066 1276 647 483 714 497 1487 1243 236 1212 823 1279 171 984 165 252 1155 836 779 466 1263 1181 468 802
661 563 831 764 660 600 1328 530 1100 1141 962 626 0 1119 879 635 555 731 555 571 988 171 277 1080 285 559 1010 1252 597 514 1130 1522 744 912 654 761 1008 658 1405 734 338 686 529 407 1475 737 464 854 603 952 432 1090 618 326 1119 844 730 890 598 817 1434 946 758 1426 1046 1204 491 765 772 383 809 409 206 652 1472 748 684 702
549 705 452 1276 552 719 257 1343 535 1252 740 1253 1119 0 754 488 697 388 584 1098 204 1284 1354 481 1031 597 529 367 523 1122 28 541 653 1288 465 431 445 545 338 623 1099 545 652 729 895 384 695 832 628 334 910 682 567 891 356 612 615 956 566 856 330 327 1124 710 656 130 1108 355 1250 1113 447 743 983 794 722 616 803 462
362 341 320 582 360 292 793 775 330 507 85 619 879 754 0 637 356 616 493 487 550 977 975 351 1002 747 1095 595 560 544 781 830 177 551 601 402 333 371 836 973 636 336 794 557 604 558 489 85 351 419 456 235 400 892 476 1049 220 203 435 124 913 883 418 601 205 734 545 633 551 618 868 769 893 229 652 979 200 435
276 375 371 969 278 419 716 940 655 1115 681 901 635 488 637 0 359 100 178 754 394 803 883 611 554 137 502 696 87 753 497 950 463 1038 41 264 533 267 797 336 677 301 198 276 1084 134 274 679 314 419 524 729 246 413 585 417 418 789 215 675 812 347 851 963 684 585 733 132 952 702 258 260 496 527 997 342 554 209
148 16 297 615 146 69 847 645 546 774 428 565 555 697 356 359 0 391 182 411 514 682 714 529 647 431 861 724 272 426 718 993 193 678 337 268 461 152 915 677 412 159 467 201 927 351 136 364 70 435 213 540 135 537 587 771 175 454 151 345 964 685 491 871 495 741 411 422 597 419 618 421 539 175 917 686 207 238
273 404 320 1006 276 441 615 1006 587 1111 649 951 731 388 616 100 391 0 226 800 297 897 973 540 654 229 484 603 144 807 399 853 452 1061 77 218 464 265 696 376 747 291 289 354 1015 60 336 669 332 339 579 677 260 513 499 436 405 786 239 672 711 294 878 883 634 484 788 36 987 769 252 360 597 543 915 378 566 183
142 197 298 790 143 245 775 780 589 949 550 727 555 584 493 178 182 226 0 578 433 710 771 556 561 256 681 701 91 581 600 969 316 859 161 210 479 135 851 498 523 172 300 149 1005 204 111 522 146 401 353 629 96 430 572 589 275 624 61 512 884 515 673 914 582 655 562 261 774 543 437 287 472 353 955 506 383 147
553 400 659 224 550 378 1214 288 807 575 567 155 571 1098 487 754 411 800 578 0 903 594 548 815 807 788 1254 1050 669 68 1121 1303 467 346 740 667 772 558 1273 1036 235 553 804 505 1066 763 482 418 477 799 237 722 547 759 917 1141 494 386 561 371 1335 1093 188 1087 692 1125 85 832 218 194 1011 713 692 314 1138 1048 319 647
366 519 249 1074 368 527 342 1158 368 1052 542 1058 988 204 550 394 514 297 433 903 0 1144 1202 313 947 526 630 307 396 932 230 556 451 1084 358 246 259 364 417 634 924 356 586 583 772 263 536 628 444 133 728 502 393 806 222 659 414 752 401 651 453 405 921 613 470 227 919 277 1048 933 469 652 880 595 638 632 602 292
803 687 971 751 802 716 1486 466 1227 1168 1061 606 171 1284 977 803 682 897 710 594 1144 0 126 1211 422 731 1180 1397 760 528 1296 1667 860 911 820 910 1143 802 1562 902 364 826 700 561 1580 900 611 939 738 1099 520 1199 764 490 1262 1011 854 953 747 897 1594 1118 782 1548 1158 1364 509 932 766 400 980 581 367 748 1596 916 776 854
847 716 1010 675 845 737 1543 369 1248 1111 1060 529 277 1354 975 883 714 973 771 548 1202 126 0 1238 545 825 1286 1438 831 479 1368 1707 878 839 896 961 1174 847 1616 1011 340 867 800 624 1578 969 665 927 776 1144 527 1205 812 604 1301 1122 879 926 800 883 1655 1210 729 1563 1166 1426 465 1008 694 365 1078 679 482 751 1612 1025 776 909
424 524 258 933 425 500 453 1099 55 799 300 958 1080 481 351 611 529 540 556 815 313 1211 1238 0 1118 748 941 244 571 863 509 488 363 898 570 356 78 429 489 912 915 396 807 685 476 484 620 436 477 205 714 203 471 985 138 954 359 545 499 475 570 716 769 357 185 421 859 536 901 909 761 835 1028 509 398 912 497 421
698 660 859 1018 698 710 1269 812 1151 1350 1075 889 285 1031 1002 554 647 654 561 807 947 422 545 1118 0 433 800 1243 558 760 1035 1503 838 1153 588 765 1040 692 1350 520 592 728 380 449 1561 684 518 999 667 950 613 1178 651 141 1122 621 810 1063 619 970 1360 790 983 1475 1131 1137 735 682 1020 637 641 295 116 793 1516 534 828 700
385 447 503 1010 387 498 838 936 791 1204 798 924 559 597 747 137 431 229 256 788 526 731 825 748 433 0 481 831 189 775 602 1082 569 1097 178 396 670 377 919 250 670 414 60 283 1218 271 312 779 403 556 551 858 346 293 722 353 527 880 311 768 926 386 909 1100 812 705 753 252 998 702 254 153 393 606 1135 260 637 337
757 876 782 1471 760 918 770 1418 996 1595 1118 1397 1010 529 1095 502 861 484 681 1254 630 1180 1286 941 800 481 0 891 590 1249 511 1062 936 1539 524 692 879 749 842 280 1151 775 491 757 1400 539 772 1152 811 742 1020 1117 739 693 847 181 889 1270 713 1156 800 225 1353 1229 1079 657 1227 462 1455 1183 243 610 815 1024 1246 266 1048 667
593 723 427 1176 595 710 229 1330 275 1028 543 1197 1252 367 595 696 724 603 701 1050 307 1397 1438 244 1243 831 891 0 685 1094 391 270 586 1142 658 491 278 595 248 936 1129 572 891 845 535 562 788 680 662 300 927 424 634 1103 136 950 571 789 654 719 335 676 1013 343 420 256 1088 584 1145 1128 766 949 1167 738 355 933 731 553
197 287 318 882 199 332 733 864 610 1030 609 817 597 523 560 87 272 144 91 669 396 760 831 571 558 189 590 685 0 671 536 948 383 950 72 214 492 188 812 416 604 225 243 210 1035 140 194 597 228 393 442 670 162 420 564 503 339 705 130 591 836 426 763 928 624 607 651 180 865 626 346 266 484 440 965 424 468 151
573 418 693 258 570 404 1250 236 858 640 626 148 514 1122 544 753 426 807 581 68 932 528 479 863 760 775 1249 1094 671 0 1143 1351 508 398 743 691 816 578 1311 1021 175 577 786 492 1129 774 479 478 495 834 229 779 561 721 960 1128 530 453 572 432 1370 1097 253 1145 748 1156 25 840 260 132 1007 689 647 355 1196 1033 365 665
570 726 478 1300 573 742 266 1363 563 1280 768 1276 1130 28 781 497 718 399 600 1121 230 1296 1368 509 1035 602 511 391 536 1143 0 555 678 1314 475 453 473 566 345 616 1118 567 655 744 920 398 711 859 648 361 929 710 587 896 383 600 639 983 585 882 330 314 1149 734 684 146 1129 365 1275 1132 441 749 990 818 745 609 828 482
864 991 697 1412 865 976 293 1587 500 1203 765 1445 1522 541 830 950 993 853 969 1303 556 1667 1707 488 1503 1082 1062 270 948 1351 555 0 847 1359 915 760 538 865 228 1157 1395 842 1142 1114 556 819 1057 912 931 569 1193 622 904 1362 405 1153 835 1009 923 955 305 868 1247 357 634 410 1346 830 1379 1392 982 1208 1432 996 330 1152 985 821
187 182 201 624 185 144 747 743 370 659 239 619 744 653 177 463 193 452 316 467 451 860 878 363 838 569 936 586 383 508 678 847 0 638 428 250 309 196 805 799 552 163 616 389 734 396 320 217 175 335 352 347 222 722 451 878 46 334 258 221 868 732 470 687 302 663 501 473 597 545 703 594 732 153 735 805 152 268
790 662 836 164 787 621 1344 487 869 298 599 309 912 1288 551 1038 678 1061 859 346 1084 911 839 898 1153 1097 1539 1142 950 398 1314 1359 638 0 1014 883 884 797 1387 1347 573 778 1122 822 985 1013 784 466 729 959 563 737 801 1101 1027 1446 681 353 826 435 1464 1354 187 1071 727 1282 421 1089 145 529 1296 1043 1038 518 1121 1357 498 886
241 352 330 951 244 394 686 936 613 1083 642 888 654 465 601 41 337 77 161 740 358 820 896 570 588 178 524 658 72 743 475 915 428 1014 0 222 492 233 766 373 675 265 238 279 1042 95 266 645 287 378 514 688 216 447 545 450 382 757 188 643 785 354 829 921 643 557 723 112 934 698 282 293 525 500 956 378 526 169
119 274 107 853 122 288 584 913 396 904 431 822 761 431 402 264 268 218 210 667 246 910 961 356 765 396 692 491 214 691 453 760 250 883 222 0 278 117 655 589 678 114 454 354 822 158 299 461 198 191 482 466 148 630 361 654 204 582 163 471 699 483 708 713 421 473 677 231 829 687 468 479 681 371 752 593 386 65
349 458 181 905 350 439 460 1052 123 811 301 920 1008 445 333 533 461 464 479 772 259 1143 1174 78 1040 670 879 278 492 816 473 538 309 884 492 278 0 353 507 838 857 322 729 610 551 407 546 417 406 136 655 242 395 906 146 883 297 535 423 452 580 654 743 436 211 405 810 461 875 853 690 757 951 460 476 839 453 342
8 160 173 753 11 182 700 798 458 850 421 713 658 545 371 267 152 265 135 558 364 802 847 429 692 377 749 595 188 578 566 865 196 797 233 117 353 0 771 603 560 38 427 257 871 215 194 412 82 297 365 494 41 564 461 683 151 524 74 410 816 556 616 785 447 591 563 291 731 570 511 423 599 279 827 609 301 90
771 917 621 1413 774 914 81 1544 523 1276 789 1423 1405 338 836 797 915 696 851 1273 417 1562 1616 489 1350 919 842 248 812 1311 345 228 805 1387 766 655 507 771 0 961 1327 756 977 1000 726 674 952 922 847 480 1126 672 804 1209 361 945 781 1034 816 958 94 660 1250 520 668 215 1302 668 1383 1331 785 1057 1292 958 510 954 955 708
611 694 695 1259 614 743 880 1168 961 1446 1016 1169 734 623 973 336 677 376 498 1036 634 902 1011 912 520 250 280 936 416 1021 616 1157 799 1347 373 589 838 603 961 0 904 637 235 531 1388 435 563 1014 643 708 799 1053 579 412 853 112 754 1121 546 1008 943 312 1159 1245 1009 750 997 376 1247 939 175 346 535 851 1272 14 881 542
558 409 707 428 556 418 1259 266 920 810 721 297 338 1099 636 677 412 747 523 235 924 364 340 915 592 670 1151 1129 604 175 1118 1395 552 573 675 678 857 560 1327 904 0 571 669 401 1238 727 411 587 480 846 202 868 533 568 992 1014 559 591 532 543 1376 1024 424 1229 830 1152 153 783 433 45 916 561 482 415 1278 917 438 637
30 163 145 741 29 174 687 801 424 821 384 708 686 545 336 301 159 291 172 553 356 826 867 396 728 414 775 572 225 577 567 842 163 778 265 114 322 38 756 637 571 0 465 288 834 238 223 380 91 277 372 456 77 601 436 715 117 495 111 381 805 578 600 751 409 583 564 314 718 578 540 460 633 261 794 643 280 108
435 483 560 1027 437 535 895 935 849 1241 849 935 529 652 794 198 467 289 300 804 586 700 800 807 380 60 491 891 243 786 655 1142 616 1122 238 454 729 427 977 235 669 465 0 300 1276 331 341 822 446 617 567 913 394 242 783 345 575 920 358 809 982 422 934 1160 867 762 763 311 1017 704 280 120 350 642 1195 247 674 393
260 216 430 728 260 268 925 665 712 957 627 641 407 729 557 276 201 354 149 505 583 561 624 685 449 283 757 845 210 492 744 1114 389 822 279 354 610 257 1000 531 401 288 300 0 1114 345 68 564 219 545 268 729 215 335 714 636 361 645 191 541 1033 623 635 1040 683 804 470 390 717 428 518 228 347 365 1083 542 399 294
864 916 717 1089 864 875 745 1348 428 750 519 1172 1475 895 604 1084 927 1015 1005 1066 772 1580 1578 476 1561 1218 1400 535 1035 1129 920 556 734 985 1042 822 551 871 726 1388 1238 834 1276 1114 0 959 1045 653 895 680 1060 386 911 1435 553 1427 754 688 945 699 820 1176 939 205 431 791 1135 1012 1055 1217 1234 1292 1461 832 226 1388 804 884
223 363 260 965 226 396 594 981 531 1055 589 916 737 384 558 134 351 60 204 763 263 900 969 484 684 271 539 562 140 774 398 819 396 1013 95 158 407 215 674 435 727 238 331 345 959 0 316 613 289 287 550 618 217 543 451 496 349 731 202 617 696 340 832 832 574 467 757 76 945 745 310 388 618 495 865 438 516 129
197 151 367 701 196 205 878 670 646 903 559 626 464 695 489 274 136 336 111 482 536 611 665 620 518 312 772 788 194 479 711 1057 320 784 266 299 546 194 952 563 411 223 341 68 1045 316 0 500 150 488 249 660 153 403 654 663 292 587 136 480 990 619 596 973 614 761 459 371 687 432 529 286 416 306 1017 573 340 244
403 348 390 499 400 295 878 705 413 442 151 543 854 832 85 679 364 669 522 418 628 939 927 436 999 779 1152 680 597 478 859 912 217 466 645 461 417 412 922 1014 587 380 822 564 653 613 500 0 375 499 423 306 434 898 561 1095 264 124 468 46 998 945 335 670 281 817 482 689 467 564 920 785 887 207 721 1021 172 485
78 77 234 676 76 108 778 715 499 803 414 632 603 628 351 314 70 332 146 477 444 738 776 477 667 403 811 662 228 495 648 931 175 729 287 198 406 82 847 643 480 91 446 219 895 289 150 375 0 369 283 510 72 548 526 731 142 478 98 365 895 627 545 826 464 672 480 362 655 488 569 419 566 213 870 651 240 170
296 436 141 958 298 433 416 1065 257 919 409 953 952 334 419 419 435 339 401 799 133 1099 1144 205 950 556 742 300 393 834 361 569 335 959 378 191 136 297 480 708 846 277 617 545 680 287 488 499 369 0 645 376 335 813 171 749 305 622 354 524 536 517 801 545 341 328 824 332 931 850 556 659 870 486 578 708 488 254
362 209 505 460 359 216 1059 433 722 736 541 377 432 910 456 524 213 579 353 237 728 520 527 714 613 551 1020 927 442 229 929 1193 352 563 514 482 655 365 1126 799 202 372 567 268 1060 550 249 423 283 645 0 681 342 542 790 904 357 460 348 384 1177 868 380 1036 640 955 209 613 450 205 778 480 497 227 1084 811 256 447
486 530 359 798 486 489 647 1010 154 604 154 849 1090 682 235 729 540 677 629 722 502 1199 1205 203 1178 858 1117 424 670 779 710 622 347 737 688 466 242 494 672 1053 868 456 913 729 386 618 660 306 510 376 681 0 533 1055 340 1109 368 388 567 352 759 893 635 365 46 624 781 682 764 852 918 917 1076 454 416 1056 430 521
47 146 215 748 47 180 732 776 500 868 455 700 618 567 400 246 135 260 96 547 393 764 812 471 651 346 739 634 162 561 587 904 222 801 216 148 395 41 804 579 533 77 394 215 911 217 153 434 72 335 342 533 0 524 501 664 180 542 35 428 846 554 617 827 486 620 545 289 728 545 498 384 557 284 869 586 309 104
571 552 727 979 571 604 1128 814 1020 1274 961 861 326 891 892 413 537 513 430 759 806 490 604 985 141 293 693 1103 420 721 896 1362 722 1101 447 630 906 564 1209 412 568 601 242 335 1435 543 403 898 548 813 542 1055 524 0 984 521 691 973 491 874 1220 660 922 1343 1009 996 697 541 976 611 513 154 122 695 1382 427 731 565
459 586 291 1051 460 573 318 1195 186 937 434 1066 1119 356 476 585 587 499 572 917 222 1262 1301 138 1122 722 847 136 564 960 383 405 451 1027 545 361 146 461 361 853 992 436 783 714 553 451 654 561 526 171 790 340 501 984 0 881 434 676 522 597 437 623 889 391 324 284 953 486 1021 991 691 830 1042 604 419 852 598 425
692 787 755 1363 694 834 867 1279 1006 1533 1085 1276 844 612 1049 417 771 436 589 1141 659 1011 1122 954 621 353 181 950 503 1128 600 1153 878 1446 450 654 883 683 945 112 1014 715 345 636 1427 496 663 1095 731 749 904 1109 664 521 881 0 832 1206 633 1092 917 285 1258 1272 1067 742 1105 427 1350 1049 192 458 644 943 1296 98 971 614
142 168 166 660 140 141 720 763 372 706 275 647 730 615 220 418 175 405 275 494 414 854 879 359 810 527 889 571 339 530 639 835 46 681 382 204 297 151 781 754 559 117 575 361 754 349 292 264 142 305 357 368 180 691 434 832 0 381 216 268 841 686 510 696 322 631 521 426 635 557 656 558 707 181 742 760 188 221
516 437 514 412 513 384 994 661 516 326 246 483 890 956 203 789 454 786 624 386 752 953 926 545 1063 880 1270 789 705 453 983 1009 334 353 757 582 535 524 1034 1121 591 495 920 645 688 731 587 124 478 622 460 388 542 973 676 1206 381 0 575 114 1113 1066 253 739 375 938 463 808 378 560 1035 872 948 280 790 1129 246 602
80 165 241 767 81 205 742 781 531 900 490 714 598 566 435 215 151 239 61 561 401 747 800 499 619 311 713 654 130 572 585 923 258 826 188 163 423 74 816 546 532 111 358 191 945 202 136 468 98 354 348 567 35 491 522 633 216 575 0 461 855 534 641 856 521 626 555 271 748 547 471 349 528 312 898 554 339 108
401 329 407 458 398 276 912 659 455 440 197 497 817 856 124 675 345 672 512 371 651 897 883 475 970 768 1156 719 591 432 882 955 221 435 643 471 452 410 958 1008 543 381 809 541 699 617 480 46 365 524 384 352 428 874 597 1092 268 114 461 0 1032 954 294 717 326 847 436 694 426 519 921 766 857 178 768 1015 143 488
817 967 677 1484 820 969 121 1601 608 1363 870 1487 1434 330 913 812 964 711 884 1335 453 1594 1655 570 1360 926 800 335 836 1370 330 305 868 1464 785 699 580 816 94 943 1376 805 982 1033 820 696 990 998 895 536 1177 759 846 1220 437 917 841 1113 855 1032 0 634 1322 615 752 229 1360 680 1454 1383 769 1070 1308 1021 603 935 1020 746
564 699 566 1301 567 735 581 1287 770 1388 901 1243 946 327 883 347 685 294 515 1093 405 1118 1210 716 790 386 225 676 426 1097 314 868 732 1354 354 483 654 556 660 312 1024 578 422 623 1176 340 619 945 627 517 868 893 554 660 623 285 686 1066 534 954 634 0 1172 1008 856 457 1078 265 1282 1049 150 538 772 835 1028 303 857 469
609 476 671 164 606 437 1201 421 748 386 484 236 758 1124 418 851 491 878 673 188 921 782 729 769 983 909 1353 1013 763 253 1149 1247 470 187 829 708 743 616 1250 1159 424 600 934 635 939 832 596 335 545 801 380 635 617 922 889 1258 510 253 641 294 1322 1172 0 991 615 1129 273 906 132 383 1110 858 867 338 1042 1169 322 706
780 864 616 1151 780 831 542 1376 327 876 520 1212 1426 710 601 963 871 883 914 1087 613 1548 1563 357 1475 1100 1229 343 928 1145 734 357 687 1071 921 713 436 785 520 1245 1229 751 1160 1040 205 832 973 670 826 545 1036 365 827 1343 391 1272 696 739 856 717 615 1008 991 0 399 598 1146 874 1117 1215 1082 1193 1384 813 51 1243 792 778
440 485 314 779 439 445 637 980 144 613 131 823 1046 656 205 684 495 634 582 692 470 1158 1166 185 1131 812 1079 420 624 748 684 634 302 727 643 421 211 447 668 1009 830 409 867 683 431 574 614 281 464 341 640 46 486 1009 324 1067 322 375 521 326 752 856 615 399 0 605 748 639 746 816 876 870 1030 415 449 1012 393 476
593 746 465 1286 596 752 133 1384 471 1216 707 1279 1204 130 734 585 741 484 655 1125 227 1364 1426 421 1137 705 657 256 607 1156 146 410 663 1282 557 473 405 591 215 750 1152 583 762 804 791 467 761 817 672 328 955 624 620 996 284 742 631 938 626 847 229 457 1129 598 605 0 1144 455 1258 1160 574 845 1082 813 606 744 816 518
559 403 682 283 556 392 1240 242 855 660 628 171 491 1108 545 733 411 788 562 85 919 509 465 859 735 753 1227 1088 651 25 1129 1346 501 421 723 677 810 563 1302 997 153 564 763 470 1135 757 459 482 480 824 209 781 545 697 953 1105 521 463 555 436 1360 1078 273 1146 748 1144 0 822 284 110 986 665 622 349 1197 1010 361 649
299 435 329 1037 302 469 587 1041 585 1132 662 984 765 355 633 132 422 36 261 832 277 932 1008 536 682 252 462 584 180 840 365 830 473 1089 112 231 461 291 668 376 783 314 311 390 1012 76 371 689 362 332 613 682 289 541 486 427 426 808 271 694 680 265 906 874 639 455 822 0 1018 804 238 390 628 570 904 377 592 205
724 583 798 34 721 549 1333 348 880 428 615 165 772 1250 551 952 597 987 774 218 1048 766 694 901 1020 998 1455 1145 865 260 1275 1379 597 145 934 829 875 731 1383 1247 433 718 1017 717 1055 945 687 467 655 931 450 764 728 976 1021 1350 635 378 748 426 1454 1282 132 1117 746 1258 284 1018 0 388 1211 930 906 457 1168 1258 446 821
567 415 709 382 565 418 1265 238 911 770 702 252 383 1113 618 702 419 769 543 194 933 400 365 909 637 702 1183 1128 626 132 1132 1392 545 529 698 687 853 570 1331 939 45 578 704 428 1217 745 432 564 488 850 205 852 545 611 991 1049 557 560 547 519 1383 1049 383 1215 816 1160 110 804 388 0 946 598 527 403 1265 952 423 650
520 633 567 1227 523 676 705 1183 813 1361 900 1155 809 447 868 258 618 252 437 1011 469 980 1078 761 641 254 243 766 346 1007 441 982 703 1296 282 468 690 511 785 175 916 540 280 518 1234 310 529 920 569 556 778 918 498 513 691 192 656 1035 471 921 769 150 1110 1082 876 574 986 238 1211 946 0 399 628 782 1107 169 808 434
430 437 579 938 431 491 976 824 872 1185 833 836 409 743 769 260 421 360 287 713 652 581 679 835 295 153 610 949 266 689 749 1208 594 1043 293 479 757 423 1057 346 561 460 120 228 1292 388 286 785 419 659 480 917 384 154 830 458 558 872 349 766 1070 538 858 1193 870 845 665 390 930 598 399 0 241 592 1231 359 626 414
604 552 770 905 604 601 1212 713 1057 1233 968 779 206 983 893 496 539 597 472 692 880 367 482 1028 116 393 815 1167 484 647 990 1432 732 1038 525 681 951 599 1292 535 482 633 350 347 1461 618 416 887 566 870 497 1076 557 122 1042 644 707 948 528 857 1308 772 867 1384 1030 1082 622 628 906 527 628 241 0 680 1426 550 715 617
271 158 347 482 268 108 900 591 509 598 313 466 652 794 229 527 175 543 353 314 595 748 751 509 793 606 1024 738 440 355 818 996 153 518 500 371 460 279 958 851 415 261 642 365 832 495 306 207 213 486 227 454 284 695 604 943 181 280 312 178 1021 835 338 813 415 813 349 570 457 403 782 592 680 0 863 860 35 368
822 910 656 1202 823 879 539 1427 371 923 571 1263 1472 722 652 997 917 915 955 1138 638 1596 1612 398 1516 1135 1246 355 965 1196 745 330 735 1121 956 752 476 827 510 1272 1278 794 1195 1083 226 865 1017 721 870 578 1084 416 869 1382 419 1296 742 790 898 768 603 1028 1042 51 449 606 1197 904 1168 1265 1107 1231 1426 863 0 1270 841 817
618 703 698 1270 620 751 874 1182 962 1454 1020 1181 748 616 979 342 686 378 506 1048 632 916 1025 912 534 260 266 933 424 1033 609 1152 805 1357 378 593 839 609 954 14 917 643 247 542 1388 438 573 1021 651 708 811 1056 586 427 852 98 760 1129 554 1015 935 303 1169 1243 1012 744 1010 377 1258 952 169 359 550 860 1270 0 890 547
293 191 352 472 290 139 899 601 493 566 285 468 684 803 200 554 207 566 383 319 602 776 776 497 828 637 1048 731 468 365 828 985 152 498 526 386 453 301 955 881 438 280 674 399 804 516 340 172 240 488 256 430 309 731 598 971 188 246 339 143 1020 857 322 792 393 816 361 592 446 423 808 626 715 35 841 890 0 388
96 247 167 843 99 273 634 881 459 927 473 802 702 462 435 209 238 183 147 647 292 854 909 421 700 337 667 553 151 665 482 821 268 886 169 65 342 90 708 542 637 108 393 294 884 129 244 485 170 254 447 521 104 565 425 614 221 602 108 488 746 469 706 778 476 518 649 205 821 650 434 414 617 368 817 547 388 0
