0 281 1007 762 1575 121 1311 730 193 633 812 606 1494 1208 1694 1138
281 0 1100 769 1834 222 1478 991 470 720 852 498 1515 1223 1970 1256
1007 1100 0 405 1266 1116 2155 807 1040 1621 1812 1582 561 2210 1982 179
762 769 405 0 1557 846 2036 895 863 1395 1568 1266 747 1959 2101 584
1575 1834 1266 1557 0 1686 1921 844 1434 1874 2066 2123 1683 2398 1051 1149
121 222 1116 846 1686 0 1279 843 267 557 722 485 1587 1114 1755 1252
1311 1478 2155 2036 1921 1279 0 1431 1174 788 772 1214 2706 772 1218 2219
730 991 807 895 844 843 1431 0 600 1114 1317 1295 1364 1691 1208 819
193 470 1040 863 1434 267 1174 600 0 587 785 695 1563 1181 1501 1147
633 720 1621 1395 1874 557 788 1114 587 0 203 443 2126 595 1606 1734
812 852 1812 1568 2066 722 772 1317 785 203 0 460 2306 398 1732 1930
606 498 1582 1266 2123 485 1214 1295 695 443 460 0 2013 764 2010 1727
1494 1515 561 747 1683 1587 2706 1364 1563 2126 2306 2013 0 2701 2512 570
1208 1223 2210 1959 2398 1114 772 1691 1181 595 398 764 2701 0 1922 2327
1694 1970 1982 2101 1051 1755 1218 1208 1501 1606 1732 2010 2512 1922 0 1942
1138 1256 179 584 1149 1252 2219 819 1147 1734 1930 1727 570 2327 1942 0
