0 465 518 664 1591 47 1342 1464 1074 856 417 128 1384 214 1583 838
465 0 432 727 1137 479 1066 1090 1263 1007 717 548 978 301 1347 1282
518 432 0 303 1425 562 828 998 852 593 922 496 956 534 1779 1102
664 727 303 0 1707 711 861 1125 550 291 1079 583 1129 760 2073 975
1591 1137 1425 1707 0 1596 1387 1079 2247 1993 1701 1685 904 1392 1126 2419
47 479 562 711 1596 0 1383 1498 1116 901 370 162 1415 206 1555 845
1342 1066 828 861 1387 1383 0 376 1192 1019 1726 1324 503 1306 2200 1837
1464 1090 998 1125 1079 1498 376 0 1533 1333 1801 1479 182 1374 2014 2082
1074 1263 852 550 2247 1116 1192 1533 0 259 1446 956 1583 1232 2597 905
856 1007 593 291 1993 901 1019 1333 259 0 1251 748 1364 995 2346 890
417 717 922 1079 1701 370 1726 1801 1446 1251 0 504 1695 427 1396 959
128 548 496 583 1685 162 1324 1479 956 748 504 0 1414 335 1711 734
1384 978 956 1129 904 1415 503 182 1583 1364 1695 1414 0 1272 1834 2057
214 301 534 760 1392 206 1306 1374 1232 995 427 335 1272 0 1385 1051
1583 1347 1779 2073 1126 1555 2200 2014 2597 2346 1396 1711 1834 1385 0 2347
838 1282 1102 975 2419 845 1837 2082 905 890 959 734 2057 1051 2347 0
