0 446 184 952 448 1523 465 520 437 1007 380 970 273 224 617 1093 1231
446 0 627 546 867 1111 367 229 747 1306 136 978 459 311 476 1296 1283
184 627 0 1136 335 1681 627 672 350 881 547 1064 332 398 774 1011 1299
952 546 1136 0 1301 957 591 684 1293 1848 676 955 1005 748 537 1817 1245
448 867 335 1301 0 1967 720 968 641 1068 824 948 665 569 832 1261 1120
1523 1111 1681 957 1967 0 1404 1009 1633 2021 1143 1900 1390 1422 1425 1845 2198
465 367 627 591 720 1404 0 592 892 1468 455 615 654 243 154 1527 917
520 229 672 684 968 1009 592 0 676 1188 156 1206 398 477 706 1134 1509
437 747 350 1293 641 1633 892 676 0 576 622 1399 290 649 1047 664 1645
1007 1306 881 1848 1068 2021 1468 1188 576 0 1173 1945 849 1225 1622 305 2166
380 136 547 676 824 1143 455 156 622 1173 0 1070 332 320 584 1160 1369
970 978 1064 955 948 1900 615 1206 1399 1945 1070 0 1219 803 511 2062 308
273 459 332 1005 665 1390 654 398 290 849 332 1219 0 422 806 874 1493
224 311 398 748 569 1422 243 477 649 1225 320 803 422 0 398 1289 1087
617 476 774 537 832 1425 154 706 1047 1622 584 511 806 398 0 1680 819
1093 1296 1011 1817 1261 1845 1527 1134 664 305 1160 2062 874 1289 1680 0 2309
1231 1283 1299 1245 1120 2198 917 1509 1645 2166 1369 308 1493 1087 819 2309 0
