0 22 440 1645 1108 1618 398 1215 1484 1162 811 391 675 1374 1137 1178
22 0 430 1652 1119 1598 383 1199 1504 1180 795 368 654 1354 1151 1156
440 430 0 1376 948 1673 114 800 1546 1172 400 426 393 1421 1034 913
1645 1652 1376 0 601 3020 1490 1516 1176 950 1432 1801 1663 2771 686 2021
1108 1119 948 601 0 2618 1057 1392 805 453 1154 1342 1310 2366 156 1770
1618 1598 1673 3020 2618 0 1562 1726 3103 2770 1610 1286 1357 251 2691 1156
398 383 114 1490 1057 1562 0 816 1630 1261 412 313 325 1310 1138 852
1215 1199 800 1516 1392 1726 816 0 2157 1771 404 981 609 1512 1533 579
1484 1504 1546 1176 805 3103 1630 2157 0 387 1859 1837 1940 2858 649 2450
1162 1180 1172 950 453 2770 1261 1771 387 0 1473 1489 1564 2521 301 2069
811 795 400 1432 1154 1610 412 404 1859 1473 0 613 282 1370 1276 616
391 368 426 1801 1342 1286 313 981 1837 1489 613 0 374 1035 1407 813
675 654 393 1663 1310 1357 325 609 1940 1564 282 374 0 1111 1411 527
1374 1354 1421 2771 2366 251 1310 1512 2858 2521 1370 1035 1111 0 2440 957
1137 1151 1034 686 156 2691 1138 1533 649 301 1276 1407 1411 2440 0 1888
1178 1156 913 2021 1770 1156 852 579 2450 2069 616 813 527 957 1888 0
