0 1404 109 1472 1374 50 1327 1517 1653 1567 1083 660 802 1358 485 191
1404 0 1295 1802 2397 1354 573 2380 941 2154 1512 1590 605 1963 1692 1324
109 1295 0 1462 1439 63 1232 1565 1570 1566 1048 686 694 1373 539 160
1472 1802 1462 0 1017 1451 1267 811 1156 3029 2477 857 1468 339 1942 1622
1374 2397 1439 1017 0 1390 1996 294 2048 2828 2443 828 1867 677 1682 1566
50 1354 63 1451 1390 0 1277 1523 1606 1581 1081 654 751 1348 520 184
1327 573 1232 1267 1996 1277 0 1927 425 2468 1821 1261 639 1473 1739 1327
1517 2380 1565 811 294 1523 1927 0 1920 3028 2600 896 1895 487 1877 1706
1653 941 1570 1156 2048 1606 425 1920 0 2887 2242 1431 1050 1436 2099 1685
1567 2154 1566 3029 2828 1581 2468 3028 2887 0 649 2225 1838 2924 1151 1406
1083 1512 1048 2477 2443 1081 1821 2600 2242 649 0 1734 1197 2419 818 897
660 1590 686 857 828 654 1261 896 1431 2225 1734 0 1040 699 1101 838
802 605 694 1468 1867 751 639 1895 1050 1838 1197 1040 0 1540 1139 743
1358 1963 1373 339 677 1348 1473 487 1436 2924 2419 699 1540 0 1797 1530
485 1692 539 1942 1682 520 1739 1877 2099 1151 818 1101 1139 1797 0 414
191 1324 160 1622 1566 184 1327 1706 1685 1406 897 838 743 1530 414 0
