0 842 328 169 715 98 1482 719 893 571 814 42 650 1490 1604 1703
842 0 1170 686 275 778 659 1535 903 311 839 881 397 1653 957 2537
328 1170 0 492 1035 399 1809 440 1094 892 1025 289 949 1565 1904 1378
169 686 492 0 546 161 1317 853 775 439 693 211 551 1426 1436 1870
715 275 1035 546 0 679 786 1351 632 368 565 757 528 1383 911 2413
98 778 399 161 679 0 1428 810 931 492 850 118 558 1559 1583 1759
1482 659 1809 1317 786 1428 0 2138 1205 970 1180 1522 1024 1855 565 3185
719 1535 440 853 1351 810 2138 0 1204 1287 1158 691 1368 1455 2137 1150
893 903 1094 775 632 931 1205 1204 0 930 83 927 1103 751 994 2354
571 311 892 439 368 492 970 1287 930 0 851 605 172 1670 1236 2241
814 839 1025 693 565 850 1180 1158 83 851 0 849 1024 823 1009 2305
42 881 289 211 757 118 1522 691 927 605 849 0 676 1512 1646 1662
650 397 949 551 528 558 1024 1368 1103 172 1024 676 0 1841 1353 2256
1490 1653 1565 1426 1383 1559 1855 1455 751 1670 823 1512 1841 0 1470 2528
1604 957 1904 1436 911 1583 565 2137 994 1236 1009 1646 1353 1470 0 3262
1703 2537 1378 1870 2413 1759 3185 1150 2354 2241 2305 1662 2256 2528 3262 0
