0 993 1332 626 263 218 877 779 411 1150 1383 1046 1601 674 1535 858
993 0 1316 928 1124 1186 994 1124 1227 2039 627 1005 1572 776 1177 1851
1332 1316 0 706 1596 1321 459 2019 1743 1550 993 331 280 1755 469 1872
626 928 706 0 890 641 250 1334 1038 1196 1000 429 978 1107 945 1275
263 1124 1596 890 0 362 1140 586 148 1234 1587 1307 1864 599 1789 777
218 1186 1321 641 362 0 886 941 483 933 1519 1070 1575 882 1585 687
877 994 459 250 1140 886 0 1564 1288 1321 902 188 736 1313 715 1495
779 1124 2019 1334 586 941 1564 0 518 1808 1721 1699 2299 347 2104 1250
411 1227 1743 1038 148 483 1288 518 0 1291 1716 1456 2011 618 1936 756
1150 2039 1550 1196 1234 933 1321 1808 1291 0 2194 1485 1690 1810 1980 723
1383 627 993 1000 1587 1519 902 1721 1716 2194 0 793 1182 1377 669 2204
1046 1005 331 429 1307 1070 188 1699 1456 1485 793 0 610 1427 527 1683
1601 1572 280 978 1864 1575 736 2299 2011 1690 1182 610 0 2036 552 2088
674 776 1755 1107 599 882 1313 347 618 1810 1377 1427 2036 0 1793 1367
1535 1177 469 945 1789 1585 715 2104 1936 1980 669 527 552 1793 0 2210
858 1851 1872 1275 777 687 1495 1250 756 723 2204 1683 2088 1367 2210 0
