0 771 1180 573 514 1073 608 120 1049 548 944 612 1468 553 513 1104
771 0 1188 1326 263 1466 724 687 1462 1241 1714 1252 1370 1311 1121 1865
1180 1188 0 1595 1082 638 588 1234 2229 1675 1768 1767 303 1567 1687 1991
573 1326 1595 0 1079 1261 1100 639 861 210 419 327 1898 29 383 538
514 263 1082 1079 0 1260 540 442 1323 1013 1458 1039 1310 1062 912 1616
1073 1466 638 1261 1260 0 743 1176 2051 1407 1297 1522 882 1232 1486 1523
608 724 588 1100 540 743 0 649 1649 1137 1367 1216 863 1074 1122 1571
120 687 1234 639 442 1176 649 0 1000 575 1030 617 1513 623 501 1177
1049 1462 2229 861 1323 2051 1649 1000 0 665 1152 543 2513 883 565 1101
548 1241 1675 210 1013 1407 1137 575 665 0 601 122 1973 226 182 670
944 1714 1768 419 1458 1297 1367 1030 1152 601 0 691 2069 423 783 226
612 1252 1767 327 1039 1522 1216 617 543 122 691 0 2063 345 132 728
1468 1370 303 1898 1310 882 863 1513 2513 1973 2069 2063 0 1869 1978 2292
553 1311 1567 29 1062 1232 1074 623 883 226 423 345 1869 0 393 553
513 1121 1687 383 912 1486 1122 501 565 182 783 132 1978 393 0 844
1104 1865 1991 538 1616 1523 1571 1177 1101 670 226 728 2292 553 844 0
