0 1655 1257 1294 1654 476 1014 677 44 1722 1140 435 716 422 1255 175 11
1655 0 421 2833 2858 1947 1941 981 1675 3200 2167 2002 1101 1919 2774 1615 1666
1257 421 0 2481 2589 1527 1690 581 1281 2868 1761 1630 679 1500 2352 1237 1268
1294 2833 2481 0 793 1388 1136 1916 1256 445 2027 867 2010 1359 1428 1256 1286
1654 2858 2589 793 0 1932 918 2104 1609 681 2636 1250 2302 1887 2180 1536 1650
476 1947 1527 1388 1932 0 1442 991 502 1834 717 700 866 55 837 648 469
1014 1941 1690 1136 918 1442 0 1257 974 1369 2146 795 1509 1388 2021 846 1016
677 981 581 1916 2104 991 1257 0 700 2317 1386 1056 322 956 1829 662 688
44 1675 1281 1256 1609 502 974 700 0 1682 1176 394 753 447 1263 145 43
1722 3200 2868 445 681 1834 1369 2317 1682 0 2463 1288 2434 1804 1808 1666 1714
1140 2167 1761 2027 2636 717 2146 1386 1176 2463 0 1417 1113 768 911 1315 1135
435 2002 1630 867 1250 700 795 1056 394 1288 1417 0 1146 650 1233 393 428
716 1101 679 2010 2302 866 1509 322 753 2434 1113 1146 0 846 1677 778 724
422 1919 1500 1359 1887 55 1388 956 447 1804 768 650 846 0 875 593 414
1255 2774 2352 1428 2180 837 2021 1829 1263 1808 911 1233 1677 875 0 1397 1244
175 1615 1237 1256 1536 648 846 662 145 1666 1315 393 778 593 1397 0 181
11 1666 1268 1286 1650 469 1016 688 43 1714 1135 428 724 414 1244 181 0
