0 75 1337 57 812 563 342 1311 499 1689 577 1064 1075 1322 1548 1152
75 0 1263 33 887 488 408 1380 568 1736 652 1098 1021 1351 1623 1077
1337 1263 0 1283 2136 797 1624 2561 1782 2797 1911 1947 768 2100 2882 233
57 33 1283 0 862 514 378 1350 538 1741 629 1065 1020 1319 1601 1100
812 887 2136 862 0 1376 516 575 371 1446 244 945 1725 1185 750 1961
563 488 797 514 1376 0 886 1857 1048 2046 1140 1434 810 1654 2109 595
342 408 1624 378 516 886 0 972 161 1678 324 809 1225 1076 1267 1458
1311 1380 2561 1350 575 1857 972 0 812 1848 803 893 2021 1032 627 2414
499 568 1782 538 371 1048 161 812 0 1649 234 758 1353 1024 1119 1618
1689 1736 2797 1741 1446 2046 1678 1848 1649 0 1420 2376 2754 2627 1408 2567
577 652 1911 629 244 1140 324 803 234 1420 0 966 1549 1227 971 1729
1064 1098 1947 1065 945 1434 809 893 758 2376 966 0 1269 267 1482 1863
1075 1021 768 1020 1725 810 1225 2021 1353 2754 1549 1269 0 1378 2463 793
1322 1351 2100 1319 1185 1654 1076 1032 1024 2627 1227 267 1378 0 1650 2039
1548 1623 2882 1601 750 2109 1267 627 1119 1408 971 1482 2463 1650 0 2701
1152 1077 233 1100 1961 595 1458 2414 1618 2567 1729 1863 793 2039 2701 0
