0 992 297 1630 818 1216 586 1404 930 1702 1579 552 267 1650 1173 561
992 0 1279 2540 1777 1354 1501 986 1820 2677 2088 447 788 1637 533 1510
297 1279 0 1341 616 1398 323 1673 795 1405 1436 833 507 1838 1402 275
1630 2540 1341 0 1292 2634 1052 3009 1532 479 1200 2101 1761 3062 2477 1069
818 1777 616 1292 0 1384 720 1886 261 1136 1846 1359 1080 1795 1989 628
1216 1354 1398 2634 1384 0 1718 707 1219 2521 2795 1259 1331 440 1854 1653
586 1501 323 1052 720 1718 0 1987 959 1190 1160 1056 714 2158 1523 93
1404 986 1673 3009 1886 707 1987 0 1788 2993 2888 1143 1381 755 1518 1949
930 1820 795 1532 261 1219 959 1788 0 1327 2101 1433 1197 1606 2094 866
1702 2677 1405 479 1136 2521 1190 2993 1327 0 1650 2229 1890 2927 2705 1168
1579 2088 1436 1200 1846 2795 1160 2888 2101 1650 0 1758 1515 3229 1786 1250
552 447 833 2101 1359 1259 1056 1143 1433 2229 1758 0 341 1631 682 1062
267 788 507 1761 1080 1331 714 1381 1197 1890 1515 341 0 1746 909 722
1650 1637 1838 3062 1795 440 2158 755 1606 2927 3229 1631 1746 0 2164 2093
1173 533 1402 2477 1989 1854 1523 1518 2094 2705 1786 682 909 2164 0 1563
561 1510 275 1069 628 1653 93 1949 866 1168 1250 1062 722 2093 1563 0
