0 329 1295 314 578 616 799 1639 1648 601 360 324 788 724 406 541
329 0 1401 405 858 858 469 1957 1734 884 645 395 461 725 713 267
1295 1401 0 1609 1646 784 1677 1521 2890 914 1506 1018 1706 708 1464 1662
314 405 1609 0 514 910 785 1812 1361 867 341 620 755 1018 436 446
578 858 1646 514 0 862 1290 1405 1264 744 218 865 1264 1236 196 959
616 858 784 910 862 0 1282 1194 2115 149 736 494 1289 580 684 1118
799 469 1677 785 1290 1282 0 2420 1928 1331 1089 788 50 969 1167 348
1639 1957 1521 1812 1405 1194 2420 0 2462 1102 1483 1664 2417 1748 1385 2178
1648 1734 2890 1361 1264 2115 1928 2462 0 2007 1384 1971 1880 2372 1430 1619
601 884 914 867 744 149 1331 1102 2007 0 646 561 1333 716 581 1131
360 645 1506 341 218 736 1089 1483 1384 646 0 657 1066 1040 97 770
324 395 1018 620 865 494 788 1664 1971 561 657 0 798 401 673 663
788 461 1706 755 1264 1289 50 2417 1880 1333 1066 798 0 998 1147 313
724 725 708 1018 1236 580 969 1748 2372 716 1040 401 998 0 1040 972
406 713 1464 436 196 684 1167 1385 1430 581 97 673 1147 1040 0 856
541 267 1662 446 959 1118 348 2178 1619 1131 770 663 313 972 856 0
