0 709 1631 1587 706 145 374 1422 1335 1627 463 82 815 439 602 1582
709 0 1484 882 266 601 616 1888 1746 2206 1134 788 465 1085 653 1843
1631 1484 0 1853 1745 1669 1258 1432 2966 3190 2027 1641 1020 1576 2034 3187
1587 882 1853 0 934 1467 1469 2680 2383 2950 1984 1668 1089 1965 1328 2341
706 266 1745 934 0 567 751 2030 1532 2040 1056 788 725 1132 430 1596
145 601 1669 1467 567 0 419 1559 1308 1659 535 224 783 584 470 1520
374 616 1258 1469 751 419 0 1282 1708 1986 809 398 503 527 851 1939
1422 1888 1432 2680 2030 1559 1282 0 2449 2357 1491 1361 1593 1019 2025 2815
1335 1746 2966 2383 1532 1308 1708 2449 0 684 997 1330 2074 1513 1103 427
1627 2206 3190 2950 2040 1659 1986 2357 684 0 1177 1588 2437 1620 1623 1046
463 1134 2027 1984 1056 535 809 1491 997 1177 0 413 1277 516 764 1330
82 788 1641 1668 788 224 398 1361 1330 1588 413 0 867 363 667 1596
815 465 1020 1089 725 783 503 1593 2074 2437 1277 867 0 1026 1044 2232
439 1085 1576 1965 1132 584 527 1019 1513 1620 516 363 1026 0 1027 1838
602 653 2034 1328 430 470 851 2025 1103 1623 764 667 1044 1027 0 1194
1582 1843 3187 2341 1596 1520 1939 2815 427 1046 1330 1596 2232 1838 1194 0
