0 607 984 1246 163 636 1545 39 1484 836 1677 131 657 589 22 580
607 0 1403 1654 764 1243 1450 572 1547 899 2283 706 1210 779 613 874
984 1403 0 262 961 895 1221 1019 922 732 1322 1023 469 659 963 536
1246 1654 262 0 1218 1104 1271 1281 919 916 1324 1283 694 893 1225 780
163 764 961 1218 0 479 1653 192 1559 936 1531 74 574 681 167 640
636 1243 895 1104 479 0 1904 670 1716 1207 1059 543 429 963 633 861
1545 1450 1221 1271 1653 1904 0 1551 394 718 2544 1666 1530 975 1526 1049
39 572 1019 1281 192 670 1551 0 1500 846 1715 148 697 604 57 603
1484 1547 922 919 1559 1716 394 1500 0 672 2228 1589 1306 896 1463 919
836 899 732 916 936 1207 718 846 672 0 1983 952 877 257 816 348
1677 2283 1322 1324 1531 1059 2544 1715 2228 1983 0 1599 1138 1803 1670 1667
131 706 1023 1283 74 543 1666 148 1589 952 1599 0 647 701 145 674
657 1210 469 694 574 429 1530 697 1306 877 1138 647 0 670 641 539
589 779 659 893 681 963 975 604 896 257 1803 701 670 0 568 138
22 613 963 1225 167 633 1526 57 1463 816 1670 145 641 568 0 558
580 874 536 780 640 861 1049 603 919 348 1667 674 539 138 558 0
