0 74 704 96 13 373 743 183 565 835 396 153 289 629 378 129 509 497 133 373 30 516 583 129 654 416 407 59 750 453 753 367 142 329 174 775 649 82 829 704 271 766 410 532 297 259 793 107 344 397 427 114 413 485 547 616 343 204 495 622 342 418 270 32 78 52 853 29 770 683 54 501 196 179 784 412 685 400
74 0 766 135 60 400 717 214 612 902 323 222 218 648 346 73 575 425 184 310 44 441 656 58 728 435 343 118 778 382 697 328 206 257 100 783 667 57 777 778 284 768 471 599 226 194 747 168 415 423 384 120 478 411 602 680 339 200 423 592 268 449 323 104 29 86 848 103 785 704 47 569 205 253 857 482 738 456
704 766 0 634 713 902 1395 577 244 176 1073 553 980 495 767 769 205 1181 583 1076 726 1168 306 824 421 960 1110 649 1165 1053 1164 803 562 959 858 648 506 726 1191 332 579 689 294 649 986 864 1486 696 384 465 848 671 659 1146 809 97 632 655 1089 867 996 427 738 673 749 680 1423 684 574 485 759 230 843 564 327 322 913 316
96 135 634 0 98 460 839 86 477 775 442 117 345 533 315 139 448 549 51 444 103 549 551 191 638 506 478 45 833 462 718 315 92 346 223 681 553 92 787 674 178 673 340 560 352 260 880 178 301 300 377 53 451 523 601 551 256 126 502 552 373 322 337 81 115 50 949 100 674 586 144 446 292 179 748 365 742 322
13 60 713 98 0 380 741 184 570 845 384 164 277 629 368 116 519 484 138 363 16 502 596 117 667 421 397 65 758 440 741 357 151 315 161 773 649 70 818 717 269 763 419 545 285 246 786 119 356 398 416 108 426 472 559 626 338 198 481 613 329 420 281 44 64 50 855 43 769 683 47 511 199 192 796 424 696 408
373 400 902 460 380 0 511 541 848 976 579 429 478 977 745 473 699 629 474 466 387 708 661 405 657 58 489 414 378 719 1079 728 443 601 444 1136 998 445 1165 753 637 1132 645 397 489 576 661 283 526 741 784 487 292 671 293 804 715 577 757 991 581 752 165 379 426 425 526 361 1121 1025 355 671 199 373 839 581 394 668
743 717 1395 839 741 511 0 925 1301 1484 631 867 611 1366 1015 766 1190 590 876 504 737 705 1172 678 1167 458 493 802 542 811 1189 978 869 750 682 1495 1385 774 1286 1265 1002 1475 1118 895 615 792 229 710 1011 1138 1013 837 802 676 753 1298 1049 915 830 1237 699 1161 664 767 746 790 260 750 1502 1421 695 1167 562 836 1351 1073 788 1126
183 214 577 86 184 541 925 0 401 729 497 143 409 446 277 195 405 606 69 515 188 592 535 266 636 589 548 129 910 487 697 290 117 383 289 596 466 161 758 657 99 591 292 597 415 289 961 257 286 213 350 98 498 569 658 501 188 93 525 498 419 236 408 166 189 135 1035 184 587 499 230 410 379 218 726 341 799 261
565 612 244 477 570 848 1301 401 0 421 890 434 809 264 539 595 232 999 432 916 579 970 427 666 561 904 949 505 1168 843 922 578 432 762 690 434 279 562 947 508 372 468 211 704 814 668 1357 592 339 236 617 500 669 952 838 230 405 459 876 623 806 198 685 537 589 527 1372 553 372 271 618 272 739 475 534 312 963 180
835 902 176 775 845 976 1484 729 421 0 1218 681 1119 668 937 914 327 1325 724 1208 859 1320 320 960 389 1034 1242 784 1193 1213 1339 972 695 1112 998 814 679 867 1367 277 743 858 437 663 1127 1018 1595 808 494 638 1018 818 705 1296 832 228 802 813 1249 1044 1146 600 819 803 889 818 1483 812 737 654 888 334 950 676 227 426 914 471
396 323 1073 442 384 579 631 497 890 1218 0 545 113 850 435 304 891 109 493 136 368 131 980 267 1048 583 139 439 912 180 564 390 526 143 223 937 865 351 659 1101 520 906 782 888 102 228 560 468 738 667 407 402 762 95 850 993 521 430 204 622 89 702 584 428 331 402 844 425 966 909 351 888 403 575 1180 804 969 757
153 222 553 117 164 429 867 143 434 681 545 0 440 549 417 250 356 648 81 527 179 658 438 280 521 482 561 106 785 578 830 423 27 459 322 713 570 198 895 560 239 714 260 455 448 376 936 158 192 314 485 170 354 630 516 463 331 226 618 642 482 323 280 121 213 144 945 131 693 596 207 347 304 75 637 259 657 259
289 218 980 345 277 478 611 409 809 1119 113 440 0 798 408 214 792 207 396 117 261 242 872 159 937 489 144 336 827 245 623 369 424 144 121 904 815 253 715 993 449 878 686 775 10 184 582 355 633 597 402 311 650 207 741 896 468 356 280 626 106 629 472 321 230 301 798 316 923 857 241 787 295 466 1073 700 863 666
629 648 495 533 629 977 1366 446 264 668 850 549 798 0 427 603 486 956 506 915 631 897 683 689 817 1028 943 575 1332 753 727 474 533 708 695 179 21 591 733 771 363 204 425 921 800 624 1378 696 538 236 487 528 861 890 1033 495 330 452 776 410 761 227 828 611 620 579 1481 630 143 58 673 522 825 614 798 537 1168 370
378 346 767 315 368 745 1015 277 539 937 435 417 408 427 0 275 637 536 336 524 359 470 796 357 906 782 547 355 1124 326 424 46 389 291 338 502 440 300 481 915 207 472 524 871 406 224 986 483 554 303 81 270 766 464 916 713 135 191 351 245 346 342 647 383 319 330 1179 398 533 485 390 653 552 489 976 601 1056 475
129 73 769 139 116 473 766 195 595 914 304 250 214 603 275 0 587 412 190 322 100 409 688 88 770 507 354 146 851 330 627 255 228 209 95 728 622 52 705 811 243 711 478 661 219 131 777 234 440 389 311 98 542 383 672 689 282 151 371 520 233 419 393 151 52 107 910 157 736 660 120 586 277 297 887 505 809 454
509 575 205 448 519 699 1190 405 232 327 891 356 792 486 637 587 0 997 397 882 533 994 197 633 330 757 917 457 980 892 1055 666 368 787 671 662 503 540 1097 295 433 691 114 485 799 694 1283 493 179 359 718 491 472 970 632 109 505 493 930 786 820 328 534 477 561 491 1223 487 604 501 563 40 639 360 342 118 749 162
497 425 1181 549 484 629 590 606 999 1325 109 648 207 956 536 412 997 0 600 163 469 115 1080 367 1142 624 141 542 934 242 602 490 631 247 326 1037 971 457 699 1200 630 1003 890 966 199 336 483 558 840 776 499 510 840 90 912 1100 628 540 249 706 196 811 659 529 436 507 822 524 1069 1015 448 993 474 673 1280 908 1024 866
133 184 583 51 138 474 876 69 432 724 493 81 396 506 336 190 397 600 0 494 147 599 504 241 595 523 527 74 841 508 749 342 53 395 274 661 527 143 814 627 168 658 289 535 403 306 925 190 253 270 404 98 432 573 590 500 257 145 548 564 424 288 338 108 166 97 975 126 649 557 186 396 321 153 700 316 731 272
373 310 1076 444 363 466 504 515 916 1208 136 527 117 915 524 322 882 163 494 0 350 251 945 252 997 462 34 427 781 314 699 483 514 246 227 1021 932 355 794 1062 563 995 781 808 117 300 464 415 716 710 512 416 683 213 749 989 585 470 340 734 194 741 500 405 329 396 709 396 1041 973 320 873 315 539 1145 784 860 766
30 44 726 103 16 387 737 188 579 859 368 179 261 631 359 100 533 469 147 350 0 486 612 101 684 427 384 77 766 423 727 346 164 298 145 772 651 59 804 733 269 761 431 561 270 230 778 133 371 401 405 105 441 455 572 639 334 194 464 604 312 424 294 60 49 53 855 60 770 685 41 526 202 209 812 438 709 419
516 441 1168 549 502 708 705 592 970 1320 131 658 242 897 470 409 994 115 599 251 486 0 1096 388 1170 710 239 552 1032 150 488 424 638 209 341 962 910 460 584 1218 598 925 883 1018 232 304 593 594 850 738 421 503 893 37 981 1093 579 514 144 613 175 775 715 546 445 514 936 545 1001 956 474 995 535 695 1295 915 1099 852
583 656 306 551 596 661 1172 535 427 320 980 438 872 683 796 688 197 1080 504 945 612 1096 0 713 134 717 979 543 876 1013 1219 818 459 897 757 859 700 636 1268 123 588 888 283 349 881 810 1297 530 250 542 875 602 385 1067 515 227 671 628 1053 967 920 515 509 552 651 582 1162 555 799 697 631 162 659 406 200 194 610 341
129 58 824 191 117 405 678 266 666 960 267 280 159 689 357 88 633 367 241 252 101 388 713 0 782 433 286 176 779 341 677 331 265 215 49 816 708 104 760 834 327 799 530 640 168 171 696 209 473 470 383 168 516 357 630 739 370 237 382 599 218 498 351 161 77 144 824 157 824 746 85 627 206 308 913 540 762 513
654 728 421 638 667 657 1167 636 561 389 1048 521 937 817 906 770 330 1142 595 997 684 1170 134 782 0 709 1030 623 815 1099 1330 925 546 979 829 993 834 717 1384 113 700 1021 409 288 946 897 1312 583 351 668 984 691 365 1139 457 354 787 730 1140 1090 997 643 524 625 727 662 1128 625 933 831 697 294 694 475 190 309 526 468
416 435 960 506 421 58 458 589 904 1034 583 482 489 1028 782 507 757 624 523 462 427 710 717 433 709 0 482 461 345 733 1101 762 495 619 469 1185 1049 484 1188 807 684 1180 703 442 499 603 616 333 584 792 816 530 344 672 323 862 759 620 769 1027 594 805 223 425 462 469 468 406 1172 1077 392 729 230 429 893 639 408 724
407 343 1110 478 397 489 493 548 949 1242 139 561 144 943 547 354 917 141 527 34 384 239 979 286 1030 482 0 461 794 319 702 505 548 263 259 1046 960 388 798 1096 593 1019 815 838 143 325 439 449 750 741 531 449 713 203 775 1023 612 500 342 752 209 772 530 439 362 430 706 430 1067 1002 354 908 345 573 1179 818 883 800
59 118 649 45 65 414 802 129 505 784 439 106 336 575 355 146 457 542 74 427 77 552 543 176 623 461 461 0 788 476 751 352 88 355 216 725 595 93 822 666 223 718 354 527 343 275 852 133 298 340 414 86 414 523 560 562 302 169 517 595 376 360 293 36 107 38 906 55 717 627 112 451 250 152 743 365 701 342
750 778 1165 833 758 378 542 910 1168 1193 912 785 827 1332 1124 851 980 934 841 781 766 1032 876 779 815 345 794 788 0 1072 1445 1106 803 962 815 1498 1353 824 1534 927 1008 1499 958 530 836 949 765 655 830 1099 1161 864 508 995 361 1071 1090 954 1106 1369 933 1105 505 753 804 802 367 736 1476 1376 733 944 574 718 1004 868 308 993
453 382 1053 462 440 719 811 487 843 1213 180 578 245 753 326 330 892 242 508 314 423 150 1013 341 1099 733 319 476 1072 0 385 279 554 126 293 813 765 382 479 1136 475 775 778 981 235 202 725 549 762 608 272 410 858 155 969 985 443 400 41 465 139 646 691 479 376 437 1024 483 853 811 424 897 528 627 1209 824 1097 741
753 697 1164 718 741 1079 1189 697 922 1339 564 830 623 727 424 627 1055 602 749 699 727 488 1219 677 1330 1101 702 751 1445 385 0 407 803 483 635 696 729 671 96 1338 631 644 945 1278 615 505 1079 860 979 703 347 666 1164 514 1299 1122 550 606 360 318 517 739 1020 769 679 717 1408 780 765 773 744 1074 881 897 1396 1026 1435 892
367 328 803 315 357 728 978 290 578 972 390 423 369 474 46 255 666 490 342 483 346 424 818 331 925 762 505 352 1106 279 407 0 396 247 307 547 486 287 472 939 233 516 552 875 366 185 944 474 573 342 61 266 766 418 912 746 173 198 305 268 302 381 638 376 303 323 1148 390 579 532 374 680 532 493 1002 624 1051 505
142 206 562 92 151 443 869 117 432 695 526 27 424 533 389 228 368 631 53 514 164 638 459 265 546 495 548 88 803 554 803 396 0 437 304 695 554 177 868 582 214 695 267 482 432 352 931 165 212 298 458 145 380 610 541 475 306 198 594 615 462 309 298 110 195 124 955 123 677 582 196 362 308 101 658 277 681 261
329 257 959 346 315 601 750 383 762 1112 143 459 144 708 291 209 787 247 395 246 298 209 897 215 979 619 263 355 962 126 483 247 437 0 167 794 723 261 573 1020 390 763 674 855 138 95 699 423 648 533 268 297 732 190 844 884 381 304 167 489 55 570 566 356 252 316 943 359 822 767 298 789 406 505 1095 711 974 643
174 100 858 223 161 444 682 289 690 998 223 322 121 695 338 95 671 326 274 227 145 341 757 49 829 469 259 216 815 293 635 307 304 167 0 814 713 131 720 879 337 793 564 689 128 134 683 258 514 484 355 190 565 310 677 775 369 245 333 575 169 514 399 205 109 180 841 203 826 753 134 666 245 354 957 581 808 544
775 783 648 681 773 1136 1495 596 434 814 937 713 904 179 502 728 662 1037 661 1021 772 962 859 816 993 1185 1046 725 1498 813 696 547 695 794 814 0 159 725 678 942 503 55 604 1099 903 721 1486 852 717 399 541 667 1036 961 1208 661 445 582 828 388 849 398 993 762 753 723 1628 780 82 164 813 699 972 781 963 716 1344 549
649 667 506 553 649 998 1385 466 279 679 865 570 815 21 440 622 503 971 527 932 651 910 700 708 834 1049 960 595 1353 765 729 486 554 723 713 159 0 610 732 787 383 188 444 941 816 639 1396 716 559 256 498 548 882 903 1054 509 347 470 788 411 776 248 849 632 639 599 1502 650 122 46 692 540 845 635 813 556 1188 390
82 57 726 92 70 445 774 161 562 867 351 198 253 591 300 52 540 457 143 355 59 460 636 104 717 484 388 93 824 382 671 287 177 261 131 725 610 0 747 759 227 712 432 611 260 183 800 190 389 367 346 64 494 432 629 643 283 143 423 545 284 394 352 99 29 54 904 108 728 647 92 537 256 245 835 455 767 412
829 777 1191 787 818 1165 1286 758 947 1367 659 895 715 733 481 705 1097 699 814 794 804 584 1268 760 1384 1188 798 822 1534 479 96 472 868 573 720 678 732 747 0 1385 684 624 989 1347 707 588 1174 937 1033 739 410 736 1237 610 1377 1156 597 669 456 326 610 773 1099 843 757 790 1503 855 753 773 824 1118 966 965 1439 1076 1514 935
704 778 332 674 717 753 1265 657 508 277 1101 560 993 771 915 811 295 1200 627 1062 733 1218 123 834 113 807 1096 666 927 1136 1338 939 582 1020 879 942 787 759 1385 0 707 976 395 399 1001 933 1400 647 373 652 995 725 464 1189 568 283 788 751 1176 1079 1043 623 610 673 773 704 1235 676 877 778 751 267 770 526 86 315 640 452
271 284 579 178 269 637 1002 99 372 743 520 239 449 363 207 243 433 630 168 563 269 598 588 327 700 684 593 223 1008 475 631 233 214 390 337 503 383 227 684 707 0 495 319 688 453 296 1021 354 349 147 287 165 593 580 755 516 93 92 509 406 436 181 507 259 256 219 1124 278 501 419 311 447 468 314 769 394 896 273
766 768 689 673 763 1132 1475 591 468 858 906 714 878 204 472 711 691 1003 658 995 761 925 888 799 1021 1180 1019 718 1499 775 644 516 695 763 793 55 188 712 624 976 495 0 625 1115 877 694 1458 848 733 404 504 655 1047 925 1217 697 429 568 788 339 818 408 994 755 739 714 1616 773 136 203 801 727 963 785 1000 737 1355 569
410 471 294 340 419 645 1118 292 211 437 782 260 686 425 524 478 114 890 289 781 431 883 283 530 409 703 815 354 958 778 945 552 267 674 564 604 444 432 989 395 319 625 0 500 693 581 1196 409 127 259 605 381 458 859 628 210 394 378 815 684 709 233 480 378 455 386 1172 390 557 451 464 129 558 281 451 112 756 58
532 599 649 560 545 397 895 597 704 663 888 455 775 921 871 661 485 966 535 808 561 1018 349 640 288 442 838 527 530 981 1278 875 482 855 689 1099 941 611 1347 399 688 1115 500 0 786 791 1058 432 382 717 937 611 125 983 169 560 781 680 1022 1094 857 707 307 511 610 562 840 503 1057 952 556 445 492 382 479 392 264 551
297 226 986 352 285 489 615 415 814 1127 102 448 10 800 406 219 799 199 403 117 270 232 881 168 946 499 143 343 836 235 615 366 432 138 128 903 816 260 707 1001 453 877 693 786 0 183 582 365 641 600 398 317 660 197 752 903 469 360 270 621 97 633 483 329 238 308 805 325 924 858 250 794 305 475 1081 708 874 672
259 194 864 260 246 576 792 289 668 1018 228 376 184 624 224 131 694 336 306 300 230 304 810 171 897 603 325 275 949 202 505 185 352 95 134 721 639 183 588 933 296 694 581 791 183 0 764 362 560 440 225 208 672 284 797 790 293 209 242 449 140 476 517 282 181 237 966 288 744 682 241 698 377 428 1007 622 931 548
793 747 1486 880 786 661 229 961 1357 1595 560 936 582 1378 986 777 1283 483 925 464 778 593 1297 696 1312 616 439 852 765 725 1079 944 931 699 683 1486 1396 800 1174 1400 1021 1458 1196 1058 582 764 0 790 1105 1166 966 864 951 573 934 1392 1049 929 733 1182 644 1195 790 822 772 830 483 807 1505 1436 739 1265 645 923 1487 1171 989 1193
107 168 696 178 119 283 710 257 592 808 468 158 355 696 483 234 493 558 190 415 133 594 530 209 583 333 449 133 655 549 860 474 165 423 258 852 716 190 937 647 354 848 409 432 365 362 790 0 315 460 534 214 310 561 439 602 435 301 590 725 427 474 163 100 182 152 789 84 839 745 124 476 148 133 730 382 577 416
344 415 384 301 356 526 1011 286 339 494 738 192 633 538 554 440 179 840 253 716 371 850 250 473 351 584 750 298 830 762 979 573 212 648 514 717 559 389 1033 373 349 733 127 382 641 560 1105 315 0 341 632 352 331 822 501 288 438 380 802 747 674 326 360 312 406 336 1052 319 675 571 396 160 460 182 446 68 632 170
397 423 465 300 398 741 1138 213 236 638 667 314 597 236 303 389 359 776 270 710 401 738 542 470 668 792 741 340 1099 608 703 342 298 533 484 399 256 367 739 652 147 404 259 717 600 440 1166 460 341 0 383 303 643 723 813 418 169 240 640 427 581 38 594 377 396 348 1246 395 379 286 443 384 591 382 701 361 951 200
427 384 848 377 416 784 1013 350 617 1018 407 485 402 487 81 311 718 499 404 512 405 421 875 383 984 816 531 414 1161 272 347 61 458 268 355 541 498 346 410 995 287 504 605 937 398 225 966 534 632 383 0 327 828 421 973 794 216 259 290 224 323 421 698 437 360 384 1192 451 581 544 431 734 586 555 1056 681 1112 556
114 120 671 53 108 487 837 98 500 818 402 170 311 528 270 98 491 510 98 416 105 503 602 168 691 530 449 86 864 410 666 266 145 297 190 667 548 64 736 725 165 655 381 611 317 208 864 214 352 303 327 0 500 478 647 591 229 90 450 511 328 330 377 113 92 62 961 129 667 584 146 492 307 232 798 414 786 356
413 478 659 451 426 292 802 498 669 705 762 354 650 861 766 542 472 840 432 683 441 893 385 516 365 344 713 414 508 858 1164 766 380 732 565 1036 882 494 1237 464 593 1047 458 125 660 672 951 310 331 643 828 500 0 857 171 563 686 574 899 996 733 638 182 395 490 447 777 385 1001 898 434 436 367 279 550 361 308 500
485 411 1146 523 472 671 676 569 952 1296 95 630 207 890 464 383 970 90 573 213 455 37 1067 357 1139 672 203 523 995 155 514 418 610 190 310 961 903 432 610 1189 580 925 859 983 197 284 573 561 822 723 421 478 857 0 944 1069 567 494 159 621 149 760 679 515 416 485 904 514 997 948 442 969 498 664 1267 887 1062 830
547 602 809 601 559 293 753 658 838 832 850 516 741 1033 916 672 632 912 590 749 572 981 515 630 457 323 775 560 361 969 1299 912 541 844 677 1208 1054 629 1377 568 755 1217 628 169 752 797 934 439 501 813 973 647 171 944 0 716 847 727 1009 1153 835 810 280 535 620 588 676 522 1173 1069 555 594 446 441 647 527 140 671
616 680 97 551 626 804 1298 501 230 228 993 463 896 495 713 689 109 1100 500 989 639 1093 227 739 354 862 1023 562 1071 985 1122 746 475 884 775 661 509 643 1156 283 516 697 210 560 903 790 1392 602 288 418 794 591 563 1069 716 0 578 584 1021 837 919 383 640 584 665 595 1326 595 594 497 670 133 748 469 303 225 824 243
343 339 632 256 338 715 1049 188 405 802 521 331 468 330 135 282 505 628 257 585 334 579 671 370 787 759 612 302 1090 443 550 173 306 381 369 445 347 283 597 788 93 429 394 781 469 293 1049 435 438 169 216 229 686 567 847 578 0 140 473 313 432 207 593 336 310 290 1187 354 457 389 373 524 536 406 846 479 988 343
204 200 655 126 198 577 915 93 459 813 430 226 356 452 191 151 493 540 145 470 194 514 628 237 730 620 500 169 954 400 606 198 198 304 245 582 470 143 669 751 92 568 378 680 360 209 929 301 380 240 259 90 574 494 727 584 140 0 437 426 347 273 463 201 171 152 1048 218 586 509 233 501 396 297 818 435 868 341
495 423 1089 502 481 757 830 525 876 1249 204 618 280 776 351 371 930 249 548 340 464 144 1053 382 1140 769 342 517 1106 41 360 305 594 167 333 828 788 423 456 1176 509 788 815 1022 270 242 733 590 802 640 290 450 899 159 1009 1021 473 437 0 470 175 678 732 520 417 478 1048 524 871 833 465 936 566 668 1248 863 1136 778
622 592 867 552 613 991 1237 498 623 1044 622 642 626 410 245 520 786 706 564 734 604 613 967 599 1090 1027 752 595 1369 465 318 268 615 489 575 388 411 545 326 1079 406 339 684 1094 621 449 1182 725 747 427 224 511 996 621 1153 837 313 426 470 0 542 458 888 625 565 573 1415 641 451 454 636 811 797 716 1127 781 1294 627
342 268 996 373 329 581 699 419 806 1146 89 482 106 761 346 233 820 196 424 194 312 175 920 218 997 594 209 376 933 139 517 302 462 55 169 849 776 284 610 1043 436 818 709 857 97 140 644 427 674 581 323 328 733 149 835 919 432 347 175 542 0 616 561 371 270 338 898 372 877 820 304 820 391 521 1120 739 961 680
418 449 427 322 420 752 1161 236 198 600 702 323 629 227 342 419 328 811 288 741 424 775 515 498 643 805 772 360 1105 646 739 381 309 570 514 398 248 394 773 623 181 408 233 707 633 476 1195 474 326 38 421 330 638 760 810 383 207 273 678 458 616 0 601 396 423 371 1262 414 370 272 466 356 609 387 669 340 946 175
270 323 738 337 281 165 664 408 685 819 584 280 472 828 647 393 534 659 338 500 294 715 509 351 524 223 530 293 505 691 1020 638 298 566 399 993 849 352 1099 610 507 994 480 307 483 517 790 163 360 594 698 377 182 679 280 640 593 463 732 888 561 601 0 263 341 316 691 248 972 873 276 507 185 215 696 416 415 505
32 104 673 81 44 379 767 166 537 803 428 121 321 611 383 151 477 529 108 405 60 546 552 161 625 425 439 36 753 479 769 376 110 356 205 762 632 99 843 673 259 755 378 511 329 282 822 100 312 377 437 113 395 515 535 584 336 201 520 625 371 396 263 0 103 53 869 18 753 664 86 468 213 149 752 380 674 371
78 29 749 115 64 426 746 189 589 889 331 213 230 620 319 52 561 436 166 329 49 445 651 77 727 462 362 107 804 376 679 303 195 252 109 753 639 29 757 773 256 739 455 610 238 181 772 182 406 396 360 92 490 416 620 665 310 171 417 565 270 423 341 103 0 70 877 107 756 675 71 557 233 253 850 472 757 437
52 86 680 50 50 425 790 135 527 818 402 144 301 579 330 107 491 507 97 396 53 514 582 144 662 469 430 38 802 437 717 323 124 316 180 723 599 54 790 704 219 714 386 562 308 237 830 152 336 348 384 62 447 485 588 595 290 152 478 573 338 371 316 53 70 0 904 67 719 633 94 486 248 190 781 402 728 370
853 848 1423 949 855 526 260 1035 1372 1483 844 945 798 1481 1179 910 1223 822 975 709 855 936 1162 824 1128 468 706 906 367 1024 1408 1148 955 943 841 1628 1502 904 1503 1235 1124 1616 1172 840 805 966 483 789 1052 1246 1192 961 777 904 676 1326 1187 1048 1048 1415 898 1262 691 869 877 904 0 851 1623 1533 814 1193 656 896 1318 1105 664 1192
29 103 684 100 43 361 750 184 553 812 425 131 316 630 398 157 487 524 126 396 60 545 555 157 625 406 430 55 736 483 780 390 123 359 203 780 650 108 855 676 278 773 390 503 325 288 807 84 319 395 451 129 385 514 522 595 354 218 524 641 372 414 248 18 107 67 851 0 772 682 76 477 195 150 756 387 661 385
770 785 574 674 769 1121 1502 587 372 737 966 693 923 143 533 736 604 1069 649 1041 770 1001 799 824 933 1172 1067 717 1476 853 765 579 677 822 826 82 122 728 753 877 501 136 557 1057 924 744 1505 839 675 379 581 667 1001 997 1173 594 457 586 871 451 877 370 972 753 756 719 1623 772 0 105 812 643 966 757 893 668 1307 505
683 704 485 586 683 1025 1421 499 271 654 909 596 857 58 485 660 501 1015 557 973 685 956 697 746 831 1077 1002 627 1376 811 773 532 582 767 753 164 46 647 773 778 419 203 451 952 858 682 1436 745 571 286 544 584 898 948 1069 497 389 509 833 454 820 272 873 664 675 633 1533 682 105 0 727 539 877 658 799 563 1202 400
54 47 759 144 47 355 695 230 618 888 351 207 241 673 390 120 563 448 186 320 41 474 631 85 697 392 354 112 733 424 744 374 196 298 134 813 692 92 824 751 311 801 464 556 250 241 739 124 396 443 431 146 434 442 555 670 373 233 465 636 304 466 276 86 71 94 814 76 812 727 0 553 164 225 832 464 690 455
501 569 230 446 511 671 1167 410 272 334 888 347 787 522 653 586 40 993 396 873 526 995 162 627 294 729 908 451 944 897 1074 680 362 789 666 699 540 537 1118 267 447 727 129 445 794 698 1265 476 160 384 734 492 436 969 594 133 524 501 936 811 820 356 507 468 557 486 1193 477 643 539 553 0 620 343 322 93 709 184
196 205 843 292 199 199 562 379 739 950 403 304 295 825 552 277 639 474 321 315 202 535 659 206 694 230 345 250 574 528 881 532 308 406 245 972 845 256 966 770 468 963 558 492 305 377 645 148 460 591 586 307 367 498 446 748 536 396 566 797 391 609 185 213 233 248 656 195 966 877 164 620 0 279 855 526 570 564
179 253 564 179 192 373 836 218 475 676 575 75 466 614 489 297 360 673 153 539 209 695 406 308 475 429 573 152 718 627 897 493 101 505 354 781 635 245 965 526 314 785 281 382 475 428 923 133 182 382 555 232 279 664 441 469 406 297 668 716 521 387 215 149 253 190 896 150 757 658 225 343 279 0 607 249 582 296
784 857 327 748 796 839 1351 726 534 227 1180 637 1073 798 976 887 342 1280 700 1145 812 1295 200 913 190 893 1179 743 1004 1209 1396 1002 658 1095 957 963 813 835 1439 86 769 1000 451 479 1081 1007 1487 730 446 701 1056 798 550 1267 647 303 846 818 1248 1127 1120 669 696 752 850 781 1318 756 893 799 832 322 855 607 0 384 711 504
412 482 322 365 424 581 1073 341 312 426 804 259 700 537 601 505 118 908 316 784 438 915 194 540 309 639 818 365 868 824 1026 624 277 711 581 716 556 455 1076 315 394 737 112 392 708 622 1171 382 68 361 681 414 361 887 527 225 479 435 863 781 739 340 416 380 472 402 1105 387 668 563 464 93 526 249 384 0 651 168
685 738 913 742 696 394 788 799 963 914 969 657 863 1168 1056 809 749 1024 731 860 709 1099 610 762 526 408 883 701 308 1097 1435 1051 681 974 808 1344 1188 767 1514 640 896 1355 756 264 874 931 989 577 632 951 1112 786 308 1062 140 824 988 868 1136 1294 961 946 415 674 757 728 664 661 1307 1202 690 709 570 582 711 651 0 803
400 456 316 322 408 668 1126 261 180 471 757 259 666 370 475 454 162 866 272 766 419 852 341 513 468 724 800 342 993 741 892 505 261 643 544 549 390 412 935 452 273 569 58 551 672 548 1193 416 170 200 556 356 500 830 671 243 343 341 778 627 680 175 505 371 437 370 1192 385 505 400 455 184 564 296 504 168 803 0
