0 988 1196 164 603 791 1130 39 1581 1292 1327 1031 669 1384 3 53
988 0 2150 858 1538 1096 1898 961 2437 1780 568 1410 570 1512 987 1039
1196 2150 0 1297 942 1369 1388 1232 570 1205 2346 1302 1679 1705 1196 1155
164 858 1297 0 767 674 1288 164 1637 1236 1167 943 505 1267 161 216
603 1538 942 767 0 1292 615 612 1473 1592 1927 1446 1272 1851 605 551
791 1096 1369 674 1292 0 1886 813 1463 684 1049 318 528 593 787 821
1130 1898 1388 1288 615 1886 0 1124 1956 2205 2376 2058 1777 2458 1133 1086
39 961 1232 164 612 813 1124 0 1620 1326 1315 1060 665 1407 41 78
1581 2437 570 1637 1473 1463 1956 1620 0 1023 2510 1274 1900 1597 1579 1551
1292 1780 1205 1236 1592 684 2205 1326 1023 0 1664 373 1212 577 1288 1298
1327 568 2346 1167 1927 1049 2376 1315 2510 1664 0 1300 681 1237 1325 1381
1031 1410 1302 943 1446 318 2058 1060 1274 373 1300 0 845 423 1028 1050
669 570 1679 505 1272 528 1777 665 1900 1212 681 845 0 1008 667 721
1384 1512 1705 1267 1851 593 2458 1407 1597 577 1237 423 1008 0 1380 1412
3 987 1196 161 605 787 1133 41 1579 1288 1325 1028 667 1380 0 55
53 1039 1155 216 551 821 1086 78 1551 1298 1381 1050 721 1412 55 0
