0 1075 634 201 1286 28 1261 640 169 1726 316 1227 518 514 465 1269
1075 0 1008 1190 290 1085 1212 937 908 659 1162 2302 1594 1448 962 581
634 1008 0 834 1292 662 630 1138 611 1531 943 1607 944 593 171 1455
201 1190 834 0 1369 174 1462 568 308 1849 151 1131 465 618 666 1297
1286 290 1292 1369 0 1291 1491 1005 1116 579 1314 2499 1803 1701 1235 385
28 1085 662 174 1291 0 1289 622 177 1738 289 1216 511 529 493 1266
1261 1212 630 1462 1491 1289 0 1689 1213 1486 1562 2158 1548 1149 796 1774
640 937 1138 568 1005 622 1689 0 552 1564 436 1627 1024 1152 977 810
169 908 611 308 1116 177 1213 552 0 1561 358 1394 687 646 442 1111
1726 659 1531 1849 579 1738 1486 1564 1561 0 1822 2952 2240 2051 1537 931
316 1162 943 151 1314 289 1562 436 358 1822 0 1212 588 769 772 1203
1227 2302 1607 1131 2499 1216 2158 1627 1394 2952 1212 0 713 1019 1507 2416
518 1594 944 465 1803 511 1548 1024 687 2240 588 713 0 424 819 1758
514 1448 593 618 1701 529 1149 1152 646 2051 769 1019 424 0 522 1749
465 962 171 666 1235 493 796 977 442 1537 772 1507 819 522 0 1357
1269 581 1455 1297 385 1266 1774 810 1111 931 1203 2416 1758 1749 1357 0
