0 42 1172 114 133 297 367 1051 325 681 1098 284 1590 935 973 349
42 0 1139 156 167 296 325 1033 351 661 1057 314 1612 926 985 314
1172 1139 0 1274 1203 991 947 484 1488 586 938 1453 1848 1788 1197 1101
114 156 1274 0 109 345 478 1124 256 761 1207 208 1553 948 968 442
133 167 1203 109 0 243 481 1026 363 670 1214 315 1464 1046 864 481
297 296 991 345 243 0 476 784 600 433 1163 553 1361 1221 702 549
367 325 947 478 481 476 0 981 599 624 732 579 1835 886 1160 156
1051 1033 484 1124 1026 784 981 0 1374 373 1280 1329 1366 1867 740 1131
325 351 1488 256 363 600 599 1374 0 1006 1273 50 1745 760 1203 496
681 661 586 761 670 433 624 373 1006 0 1069 963 1403 1503 704 768
1098 1057 938 1207 1214 1163 732 1280 1273 1069 0 1269 2457 1129 1756 782
284 314 1453 208 315 553 579 1329 50 963 1269 0 1699 802 1154 487
1590 1612 1848 1553 1464 1361 1835 1366 1745 1403 2457 1699 0 2496 701 1906
935 926 1788 948 1046 1221 886 1867 760 1503 1129 802 2496 0 1908 736
973 985 1197 968 864 702 1160 740 1203 704 1756 1154 701 1908 0 1251
349 314 1101 442 481 549 156 1131 496 768 782 487 1906 736 1251 0
