0 1297 1378 1418 725 474 258 740 409 565 651 237 651 1290 865 1471
1297 0 2397 2715 1966 1610 1269 1624 1702 1668 751 1104 1918 1771 733 462
1378 2397 0 1314 779 905 1225 773 1245 1665 1975 1418 1357 2555 1687 2718
1418 2715 1314 0 884 1245 1507 1494 1013 1185 2019 1630 826 1923 2214 2840
725 1966 779 884 0 378 698 614 476 889 1376 867 584 1782 1374 2188
474 1610 905 1245 378 0 347 347 484 874 1083 536 720 1717 996 1866
258 1269 1225 1507 698 347 0 516 559 813 750 193 823 1541 708 1519
740 1624 773 1494 614 347 516 0 832 1212 1243 695 1063 2026 923 1950
409 1702 1245 1013 476 484 559 832 0 421 1017 635 264 1310 1252 1842
565 1668 1665 1185 889 874 813 1212 421 0 920 786 388 893 1397 1700
651 751 1975 2019 1376 1083 750 1243 1017 920 0 556 1201 1144 742 826
237 1104 1418 1630 867 536 193 695 635 786 556 0 886 1420 627 1331
651 1918 1357 826 584 720 823 1063 264 388 1201 886 0 1252 1510 2017
1290 1771 2555 1923 1782 1717 1541 2026 1310 893 1144 1420 1252 0 1868 1562
865 733 1687 2214 1374 996 708 923 1252 1397 742 627 1510 1868 0 1134
1471 462 2718 2840 2188 1866 1519 1950 1842 1700 826 1331 2017 1562 1134 0
