0 1315 133 1622 1495 823 887 555 590 1052 336 1481 24 1441 943 762
1315 0 1314 636 2785 1805 1474 1770 931 296 1617 2709 1321 2738 1674 2018
133 1314 0 1569 1544 950 755 485 675 1067 302 1430 110 1485 811 840
1622 636 1569 0 3113 2281 1399 1935 1429 861 1850 2804 1619 3055 1608 2381
1495 2785 1544 3113 0 1172 2027 1281 1902 2502 1281 1126 1496 81 1919 772
823 1805 950 2281 1172 0 1697 1129 875 1509 924 1766 843 1161 1717 524
887 1474 755 1399 2027 1697 0 748 1289 1354 828 1438 865 1952 209 1477
555 1770 485 1935 1281 1129 748 0 1146 1541 236 947 536 1208 669 774
590 931 675 1429 1902 875 1289 1146 0 634 924 2066 609 1864 1412 1130
1052 296 1067 861 2502 1509 1354 1541 634 0 1368 2488 1061 2457 1539 1732
336 1617 302 1850 1281 924 828 236 924 1368 0 1145 320 1216 805 650
1481 2709 1430 2804 1126 1766 1438 947 2066 2488 1145 0 1465 1050 1248 1249
24 1321 110 1619 1496 843 865 536 609 1061 320 1465 0 1441 919 768
1441 2738 1485 3055 81 1161 1952 1208 1864 2457 1216 1050 1441 0 1842 734
943 1674 811 1608 1919 1717 209 669 1412 1539 805 1248 919 1842 0 1436
762 2018 840 2381 772 524 1477 774 1130 1732 650 1249 768 734 1436 0
