0 884 1006 1307 66 1610 1575 407 1108 1292 1712 1503 414 63 406 355
884 0 1793 1677 851 2043 2453 1230 1111 1608 1698 2262 1244 916 1259 753
1006 1793 0 923 1003 2182 842 599 2045 995 2588 1594 592 1019 611 1346
1307 1677 923 0 1257 2852 1734 1050 2394 107 3012 2444 1063 1359 1122 1637
66 851 1003 1257 0 1673 1602 405 1147 1239 1757 1566 415 130 417 388
1610 2043 2182 2852 1673 0 2096 1802 1034 2860 925 939 1790 1547 1733 1403
1575 2453 842 1734 1602 2096 0 1237 2357 1817 2765 1239 1221 1555 1197 1830
407 1230 599 1050 405 1802 1237 0 1479 1066 2056 1467 19 423 78 752
1108 1111 2045 2394 1147 1034 2357 1479 0 2365 629 1612 1479 1069 1445 759
1292 1608 995 107 1239 2860 1817 1066 2365 0 2987 2486 1080 1347 1140 1612
1712 1698 2588 3012 1757 925 2765 2056 629 2987 0 1785 2053 1666 2011 1375
1503 2262 1594 2444 1566 939 1239 1467 1612 2486 1785 0 1448 1445 1389 1508
414 1244 592 1063 415 1790 1221 19 1479 1080 2053 1448 0 427 61 756
63 916 1019 1359 130 1547 1555 423 1069 1347 1666 1445 427 0 410 329
406 1259 611 1122 417 1733 1197 78 1445 1140 2011 1389 61 410 0 736
355 753 1346 1637 388 1403 1830 752 759 1612 1375 1508 756 329 736 0
