0 398 267 568 788 60 594 372 401 132 214 280 0 504 459 363 271 163 364 509 85 32 284 224 298 707 586 134 742 401 316 864 222 791 558 619 271 486 230 617 700 630 222 196 751 119 616 658 437 176 128 533 196 859 373 113 805 631 264 816 779 127 461 136 655 639 251 557 313 515 276 171 645 84 689 723 354 620
398 0 654 518 1004 344 988 687 787 519 610 660 398 875 722 671 352 385 427 263 468 365 167 554 465 850 471 414 1076 723 567 1067 571 1172 741 993 645 88 296 263 937 1028 177 206 931 512 723 1054 825 337 270 921 512 1075 771 382 1047 620 174 1057 1080 523 852 482 668 644 198 177 547 543 472 373 283 316 510 1042 744 943
267 654 0 656 832 327 334 206 267 136 68 31 267 389 326 403 508 389 581 705 235 297 514 155 487 818 707 345 660 407 438 912 282 523 476 353 241 740 411 843 542 403 477 461 635 194 761 403 171 348 387 365 322 701 176 349 824 679 531 643 737 142 293 180 683 833 478 821 288 567 458 403 912 340 825 666 90 392
568 518 656 0 1354 567 933 525 907 582 663 637 569 1027 464 931 748 694 850 295 647 552 400 500 829 1254 91 687 1288 965 879 1429 786 1029 369 855 815 535 350 455 570 1047 486 537 502 661 1145 1010 775 393 510 1020 764 661 831 654 1374 104 591 673 1340 614 946 511 157 1114 400 657 374 106 818 693 764 518 200 1279 727 704
788 1004 832 1354 0 788 899 1037 602 816 779 863 787 517 1156 439 654 667 580 1231 716 802 1002 936 546 209 1362 668 372 424 475 80 584 1112 1297 1040 592 1075 1006 1268 1372 773 908 852 1466 715 328 895 878 962 852 614 592 1529 709 702 75 1419 838 1465 256 779 632 878 1442 495 984 1055 1068 1303 548 671 1066 837 1451 307 836 1186
60 344 327 567 788 0 653 425 446 193 273 341 60 543 505 378 225 132 324 476 125 34 244 277 271 692 575 120 770 421 312 862 247 851 594 679 309 432 218 573 746 684 171 138 789 168 592 716 497 177 80 580 206 903 427 87 811 638 204 864 798 186 509 188 666 601 215 499 350 524 255 136 585 49 671 747 414 677
594 988 334 933 899 653 0 408 326 469 380 333 594 382 495 567 799 685 850 1030 542 626 848 465 745 961 999 640 599 537 657 975 518 228 650 157 437 1073 740 1174 600 162 810 790 732 495 947 77 167 678 719 286 580 725 255 654 864 930 856 650 715 467 274 513 918 1061 812 1151 563 832 715 700 1238 672 1120 638 243 359
372 687 206 525 1037 425 408 0 466 258 260 175 373 586 120 605 643 529 732 657 385 391 523 148 650 1014 595 490 857 613 624 1118 473 520 275 339 445 762 397 818 344 533 524 529 428 358 947 485 258 349 453 545 499 504 364 481 1031 523 609 453 940 289 479 237 515 999 490 863 165 424 623 540 966 414 716 868 234 257
401 787 267 907 602 446 326 466 0 329 244 295 401 122 586 242 521 423 551 906 321 432 685 412 444 638 948 383 392 211 342 682 230 555 741 446 146 876 615 1018 781 270 618 581 888 282 620 353 275 552 526 133 297 934 108 410 582 941 627 867 474 302 69 399 948 739 652 928 551 826 416 438 998 484 1062 401 241 583
132 519 136 582 816 193 469 258 329 0 96 147 133 446 361 376 391 274 475 588 126 161 383 124 391 768 619 233 706 398 372 895 232 659 486 486 236 605 292 716 599 522 341 324 668 104 693 536 307 227 250 451 244 760 272 228 821 625 396 711 764 36 377 70 639 741 348 684 253 508 365 286 775 204 732 699 225 494
214 610 68 663 779 273 380 260 244 96 0 96 214 366 377 344 442 323 514 683 170 246 479 170 418 755 706 279 632 354 372 859 216 581 520 416 186 697 387 812 602 426 432 410 687 127 696 444 226 323 340 360 254 762 177 285 776 697 477 706 700 87 285 159 705 765 443 771 309 582 389 338 859 293 821 632 142 460
280 660 31 637 863 341 333 175 295 147 96 0 281 417 295 435 529 411 606 699 256 309 515 139 513 849 691 367 688 439 467 944 312 513 447 338 273 744 407 841 511 415 484 471 603 217 791 406 166 345 396 388 349 670 200 368 856 657 543 612 767 160 317 180 659 860 479 829 265 546 484 424 922 349 810 695 94 364
0 398 267 569 787 60 594 373 401 133 214 281 0 504 460 363 270 162 364 509 84 32 284 225 297 707 587 133 742 401 316 864 221 791 559 619 271 486 230 617 701 630 222 196 751 119 615 658 437 176 128 533 195 859 373 112 805 632 263 817 779 127 461 136 656 638 251 557 314 515 276 171 645 84 689 723 354 621
504 875 389 1027 517 543 382 586 122 446 366 417 504 0 705 250 579 496 588 1013 420 534 787 535 485 588 1066 462 270 201 370 593 304 601 862 524 234 963 726 1116 893 273 713 671 1004 387 595 385 376 664 624 103 366 1042 222 493 485 1063 708 973 359 417 119 517 1070 734 755 1004 673 948 460 510 1066 585 1178 283 356 683
459 722 326 464 1156 505 495 120 586 361 377 295 460 705 0 721 729 621 824 646 486 472 554 240 749 1126 545 586 975 731 733 1236 585 565 160 395 563 788 425 815 241 634 574 590 310 464 1055 571 362 392 517 660 606 400 483 572 1150 442 670 358 1060 395 596 324 425 1096 524 898 174 358 724 631 1005 484 663 987 351 245
363 671 403 931 439 378 567 605 242 376 344 435 363 250 721 0 343 287 338 851 284 383 617 497 239 417 949 267 405 54 121 518 146 796 859 676 162 756 592 927 946 502 530 480 1032 277 381 595 488 540 454 339 172 1105 323 303 446 988 497 1046 420 340 304 440 1008 497 591 779 629 871 217 298 831 427 1049 373 427 782
271 352 508 748 654 225 799 643 521 391 442 529 270 579 729 343 0 118 103 580 273 257 360 495 114 515 736 163 742 397 226 719 291 1016 819 858 377 429 405 616 970 789 266 212 1014 315 398 850 664 385 245 648 225 1128 548 162 695 831 184 1087 734 369 591 407 867 379 351 438 575 724 127 105 488 257 811 701 581 886
163 385 389 694 667 132 685 529 423 274 323 411 162 496 621 287 118 0 202 572 154 158 338 383 139 561 696 45 692 338 195 739 194 899 721 739 277 471 344 640 862 685 247 194 914 196 460 739 546 309 185 554 130 1021 437 49 695 768 213 977 703 251 492 296 798 476 317 507 476 655 124 15 574 177 785 660 463 768
364 427 581 850 580 324 850 732 551 475 514 606 364 588 824 338 103 202 0 670 351 355 458 586 106 424 835 241 715 392 217 639 332 1073 918 923 415 495 508 689 1065 821 366 313 1113 388 301 895 727 488 348 669 271 1223 595 251 627 934 273 1180 689 449 620 499 970 277 451 481 674 827 136 192 510 359 906 667 647 968
509 263 705 295 1231 476 1030 657 906 588 683 699 509 1013 646 851 580 572 670 0 594 480 234 565 684 1094 224 584 1247 897 767 1298 724 1176 609 994 780 252 296 172 817 1107 324 379 776 626 971 1104 862 360 397 1035 680 931 860 548 1265 399 397 930 1272 607 961 527 452 905 261 370 493 357 683 565 473 430 246 1223 793 890
85 468 235 647 716 125 542 385 321 126 170 256 84 420 486 284 273 154 351 594 0 113 366 246 265 651 669 110 657 318 254 794 139 750 603 586 186 557 314 697 725 561 297 262 789 46 570 601 395 258 205 454 126 885 305 114 729 705 318 837 696 98 383 169 726 615 335 618 361 587 239 168 699 164 773 639 312 616
32 365 297 552 802 34 626 391 432 161 246 309 32 534 472 383 257 158 355 480 113 0 253 242 297 713 566 138 768 424 327 877 246 821 564 648 300 453 208 585 713 662 189 164 758 150 617 690 468 159 96 565 213 870 406 110 822 619 234 830 802 159 493 154 646 631 221 525 319 504 278 164 614 51 666 748 385 643
284 167 514 400 1002 244 848 523 685 383 479 515 284 787 554 617 360 338 458 234 366 253 0 397 457 876 377 350 1014 663 534 1071 492 1020 577 839 553 238 128 334 770 905 94 149 769 403 759 918 682 176 164 817 446 910 651 314 1033 493 191 890 1037 396 744 335 536 715 36 344 380 400 453 332 451 201 451 989 604 778
224 554 155 500 936 277 465 148 412 124 170 139 225 535 240 497 495 383 586 565 246 242 397 0 509 892 552 347 802 515 496 1016 354 623 363 442 348 633 279 713 480 554 384 384 544 228 816 540 297 221 307 519 368 640 330 334 938 528 463 594 870 159 446 88 535 857 362 728 139 414 484 394 828 266 671 802 233 402
298 465 487 829 546 271 745 650 444 391 418 513 297 485 749 239 114 139 106 684 265 297 457 509 0 424 826 164 630 293 118 614 227 969 856 822 309 543 479 729 989 714 363 307 1047 296 321 788 626 447 318 563 168 1149 489 186 583 906 294 1102 619 362 513 426 937 349 442 550 611 794 30 136 594 315 909 588 547 877
707 850 818 1254 209 692 961 1014 638 768 755 849 707 588 1126 417 515 561 424 1094 651 713 876 892 424 0 1249 575 531 429 396 238 541 1186 1253 1085 579 913 904 1109 1358 860 781 726 1435 663 131 973 902 869 743 691 524 1518 734 604 282 1329 696 1461 437 732 686 820 1359 287 864 877 1012 1216 437 560 877 738 1327 464 844 1200
586 471 707 91 1362 575 999 595 948 619 706 691 587 1066 545 949 736 696 835 224 669 566 377 552 826 1249 0 695 1321 987 887 1435 808 1107 458 930 845 475 358 373 661 1105 469 523 594 689 1135 1076 838 410 510 1066 779 752 879 660 1386 184 567 765 1365 649 992 549 238 1090 385 594 436 191 818 693 698 526 121 1307 784 787
134 414 345 687 668 120 640 490 383 233 279 367 133 462 586 267 163 45 241 584 110 138 350 347 164 575 695 0 668 315 192 742 157 854 692 694 237 501 338 663 827 642 263 214 883 151 481 694 501 296 189 516 99 986 393 35 691 757 246 941 687 208 451 262 784 510 325 544 447 642 142 60 615 169 788 640 418 726
742 1076 660 1288 372 770 599 857 392 706 632 688 742 270 975 405 742 692 715 1247 657 768 1014 802 630 531 1321 668 0 354 515 429 522 786 1132 754 475 1161 971 1331 1155 447 931 883 1270 632 597 573 635 912 850 327 569 1300 492 703 310 1329 903 1229 126 674 380 777 1338 766 986 1180 942 1213 614 703 1224 817 1429 66 625 935
401 723 407 965 424 421 537 613 211 398 354 439 401 201 731 54 397 338 392 897 318 424 663 515 293 429 987 315 354 0 175 505 179 766 874 655 168 808 631 977 949 461 578 529 1041 305 410 559 473 577 499 294 217 1107 304 350 423 1018 550 1046 378 363 268 465 1036 537 636 833 651 901 272 349 885 469 1090 325 419 774
316 567 438 879 475 312 657 624 342 372 372 467 316 370 733 121 226 195 217 767 254 327 534 496 118 396 887 192 515 175 0 550 156 885 856 750 222 649 531 828 968 611 442 388 1040 268 324 693 555 487 378 453 128 1128 403 226 500 947 393 1075 513 338 410 423 972 406 513 664 616 831 98 202 712 361 979 476 483 830
864 1067 912 1429 80 862 975 1118 682 895 859 944 864 593 1236 518 719 739 639 1298 794 877 1071 1016 614 238 1435 742 429 505 550 0 663 1185 1377 1118 673 1135 1080 1329 1453 845 977 922 1547 794 367 968 957 1037 925 689 669 1609 789 775 118 1496 904 1546 305 859 709 957 1519 523 1055 1108 1148 1379 618 742 1113 911 1522 366 916 1265
222 571 282 786 584 247 518 473 230 232 216 312 221 304 585 146 291 194 332 724 139 246 492 354 227 541 808 157 522 179 156 663 0 742 717 599 85 659 452 815 817 497 413 368 895 130 479 563 402 397 327 360 66 977 262 189 593 842 404 922 557 195 300 293 861 558 463 701 484 724 197 209 768 294 911 501 328 673
791 1172 523 1029 1112 851 228 520 555 659 581 513 791 601 565 796 1016 899 1073 1176 750 821 1020 623 969 1186 1107 854 786 766 885 1185 742 0 693 182 663 1254 901 1333 575 341 996 984 713 705 1175 217 355 844 909 499 802 657 481 865 1071 1003 1055 581 909 665 500 689 980 1290 984 1342 685 923 939 915 1435 863 1227 833 439 343
558 741 476 369 1297 594 650 275 741 486 520 447 559 862 160 859 819 721 918 609 603 564 577 363 856 1253 458 692 1132 874 856 1377 717 693 0 536 706 794 457 781 208 793 621 649 197 590 1171 724 522 445 585 820 728 333 640 671 1296 317 727 322 1214 522 755 434 288 1195 553 912 245 267 834 728 1022 562 568 1142 509 352
619 993 353 855 1040 679 157 339 446 486 416 338 619 524 395 676 858 739 923 994 586 648 839 442 822 1085 930 694 754 655 750 1118 599 182 536 0 528 1074 719 1150 456 319 819 809 591 542 1057 211 196 663 733 434 653 572 352 701 1009 837 882 496 868 496 408 511 818 1156 803 1165 504 751 792 754 1260 687 1051 790 276 210
271 645 241 815 592 309 437 445 146 236 186 273 271 234 563 162 377 277 415 780 186 300 553 348 309 579 845 237 475 168 222 673 85 663 706 528 0 733 497 882 784 411 480 439 873 157 533 479 334 437 390 278 152 943 182 265 590 861 482 884 527 202 215 306 875 629 521 782 485 744 279 292 852 351 953 464 267 621
486 88 740 535 1075 432 1073 762 876 605 697 744 486 963 788 756 429 471 495 252 557 453 238 633 543 913 475 501 1161 808 649 1135 659 1254 794 1074 733 0 365 197 994 1116 264 295 979 601 783 1141 910 414 357 1009 600 1127 859 470 1121 640 258 1114 1161 610 940 565 691 689 272 122 615 576 552 459 231 404 493 1125 830 1016
230 296 411 350 1006 218 740 397 615 292 387 407 230 726 425 592 405 344 508 296 314 208 128 279 479 904 358 338 971 631 531 1080 452 901 457 719 497 365 0 434 645 812 165 203 652 340 797 813 572 64 161 741 421 789 564 304 1029 427 275 765 1009 313 667 231 462 780 98 473 251 319 467 343 579 169 458 954 500 650
617 263 843 455 1268 573 1174 818 1018 716 812 841 617 1116 815 927 616 640 689 172 697 585 334 713 729 1109 373 663 1331 977 828 1329 815 1333 781 1150 882 197 434 0 989 1238 402 448 946 736 980 1247 1007 496 492 1150 762 1102 985 628 1310 556 435 1103 1341 730 1078 663 610 885 369 276 656 527 734 629 358 533 346 1300 933 1057
700 937 542 570 1372 746 600 344 781 599 602 511 701 893 241 946 970 862 1065 817 725 713 770 480 989 1358 661 827 1155 949 968 1453 817 575 208 456 784 994 645 989 0 760 802 824 138 701 1291 665 520 621 753 829 842 160 673 813 1360 504 903 120 1253 632 776 565 464 1337 743 1111 403 472 964 872 1219 723 766 1177 541 245
630 1028 403 1047 773 684 162 533 270 522 426 415 630 273 634 502 789 685 821 1107 561 662 905 554 714 860 1105 642 447 461 611 845 497 341 793 319 411 1116 812 1238 760 0 852 822 889 516 866 125 275 748 758 170 563 888 256 664 730 1055 879 813 568 509 201 580 1049 999 869 1179 672 951 686 700 1257 713 1225 492 321 520
222 177 477 486 908 171 810 524 618 341 432 484 222 713 574 530 266 247 366 324 297 189 94 384 363 781 469 263 931 578 442 977 413 996 621 819 480 264 165 402 802 852 0 55 817 339 665 877 648 182 93 751 362 950 596 228 940 575 110 923 949 346 681 307 615 628 86 345 401 475 359 240 443 139 546 903 567 782
196 206 461 537 852 138 790 529 581 324 410 471 196 671 590 480 212 194 313 379 262 164 149 384 307 726 523 214 883 529 388 922 368 984 649 809 439 295 203 448 824 822 55 0 846 306 611 854 631 204 77 714 313 975 566 179 886 623 80 944 897 323 645 301 661 580 138 361 420 520 304 186 451 121 601 853 549 786
751 931 635 502 1466 789 732 428 888 668 687 603 751 1004 310 1032 1014 914 1113 776 789 758 769 544 1047 1435 594 883 1270 1041 1040 1547 895 713 197 591 873 979 652 946 138 889 817 846 0 772 1359 799 638 642 782 947 912 158 781 864 1459 420 924 184 1362 702 890 622 372 1390 748 1099 438 418 1024 922 1209 758 687 1287 647 381
119 512 194 661 715 168 495 358 282 104 127 217 119 387 464 277 315 196 388 626 46 150 403 228 296 663 689 151 632 305 268 794 130 705 590 542 157 601 340 736 701 516 339 306 772 0 590 554 350 280 246 414 141 861 260 160 723 713 364 811 679 69 342 162 731 645 370 664 354 596 268 211 745 202 796 618 267 580
616 723 761 1145 328 592 947 947 620 693 696 791 615 595 1055 381 398 460 301 971 570 617 759 816 321 131 1135 481 597 410 324 367 479 1175 1171 1057 533 783 797 980 1291 866 665 611 1359 590 0 969 867 768 635 696 449 1452 705 507 394 1225 575 1399 522 659 677 738 1257 173 749 746 927 1114 339 457 746 636 1208 534 801 1152
658 1054 403 1010 895 716 77 485 353 536 444 406 658 385 571 595 850 739 895 1104 601 690 918 540 788 973 1076 694 573 559 693 968 563 217 724 211 479 1141 813 1247 665 125 877 854 799 554 969 0 242 750 784 283 627 783 302 711 853 1007 918 707 694 531 291 584 995 1092 882 1215 640 910 759 754 1299 738 1197 618 313 420
437 825 171 775 878 497 167 258 275 307 226 166 437 376 362 488 664 546 727 862 395 468 682 297 626 902 838 501 635 473 555 957 402 355 522 196 334 910 572 1007 520 275 648 631 638 350 867 242 0 511 558 309 457 666 169 510 856 780 701 597 735 310 257 346 774 961 646 992 401 677 596 561 1082 511 958 658 83 309
176 337 348 393 962 177 678 349 552 227 323 345 176 664 392 540 385 309 488 360 258 159 176 221 447 869 410 296 912 577 487 1037 397 844 445 663 437 414 64 496 621 748 182 204 642 280 768 750 511 0 142 678 372 771 500 265 981 460 283 742 954 249 603 167 489 764 141 514 218 346 432 311 618 132 516 897 437 606
128 270 387 510 852 80 719 453 526 250 340 396 128 624 517 454 245 185 348 397 205 96 164 307 318 743 510 189 850 499 378 925 327 909 585 733 390 357 161 492 753 758 93 77 782 246 635 784 558 142 0 659 282 906 502 153 879 589 156 873 875 253 588 224 622 623 137 433 350 479 308 183 526 46 600 825 476 710
533 921 365 1020 614 580 286 545 133 451 360 388 533 103 660 339 648 554 669 1035 454 565 817 519 563 691 1066 516 327 294 453 689 360 499 820 434 278 1009 741 1150 829 170 751 714 947 414 696 283 309 678 659 0 426 972 188 543 578 1045 760 901 434 428 74 519 1047 832 783 1060 653 933 536 569 1129 616 1182 357 310 608
196 512 322 764 592 206 580 499 297 244 254 349 195 366 606 172 225 130 271 680 126 213 446 368 168 524 779 99 569 217 128 669 66 802 728 653 152 600 421 762 842 563 362 313 912 141 449 627 457 372 282 426 0 1003 326 134 609 827 343 951 592 210 367 295 850 511 420 638 488 710 138 144 703 255 878 542 379 714
859 1075 701 661 1529 903 725 504 934 760 762 670 859 1042 400 1105 1128 1021 1223 931 885 870 910 640 1149 1518 752 986 1300 1107 1128 1609 977 657 333 572 943 1127 789 1102 160 888 950 975 158 861 1452 783 666 771 906 972 1003 0 825 972 1515 578 1054 76 1401 792 924 724 529 1497 886 1246 556 575 1124 1030 1355 878 844 1324 694 368
373 771 176 831 709 427 255 364 108 272 177 200 373 222 483 323 548 437 595 860 305 406 651 330 489 734 879 393 492 304 403 789 262 481 640 352 182 859 564 985 673 256 596 566 781 260 705 302 169 500 502 188 326 825 0 412 690 856 624 759 580 255 117 336 859 809 616 924 464 744 459 453 1004 457 996 506 134 476
113 382 349 654 702 87 654 481 410 228 285 368 112 493 572 303 162 49 251 548 114 110 314 334 186 604 660 35 703 350 226 775 189 865 671 701 265 470 304 628 813 664 228 179 864 160 507 711 510 265 153 543 134 972 412 0 727 725 217 928 723 208 477 247 754 525 289 517 426 611 168 59 592 135 753 676 426 723
805 1047 824 1374 75 811 864 1031 582 821 776 856 805 485 1150 446 695 695 627 1265 729 822 1033 938 583 282 1386 691 310 423 500 118 593 1071 1296 1009 590 1121 1029 1310 1360 730 940 886 1459 723 394 853 856 981 879 578 609 1515 690 727 0 1434 878 1449 188 784 603 886 1454 564 1013 1107 1073 1317 582 701 1123 860 1480 248 820 1165
631 620 679 104 1419 638 930 523 941 625 697 657 632 1063 442 988 831 768 934 399 705 619 493 528 906 1329 184 757 1329 1018 947 1496 842 1003 317 837 861 640 427 556 504 1055 575 623 420 713 1225 1007 780 460 589 1045 827 578 856 725 1434 0 683 598 1389 659 973 555 54 1203 489 762 391 117 892 769 869 591 266 1324 742 667
264 174 531 591 838 204 856 609 627 396 477 543 263 708 670 497 184 213 273 397 318 234 191 463 294 696 567 246 903 550 393 904 404 1055 727 882 482 258 275 435 903 879 110 80 924 364 575 918 701 283 156 760 343 1054 624 217 878 683 0 1024 906 390 694 379 723 524 193 301 500 584 299 200 382 197 633 868 618 866
816 1057 643 673 1465 864 650 453 867 711 706 612 817 973 358 1046 1087 977 1180 930 837 830 890 594 1102 1461 765 941 1229 1046 1075 1546 922 581 322 496 884 1114 765 1103 120 813 923 944 184 811 1399 707 597 742 873 901 951 76 759 928 1449 598 1024 0 1332 742 855 681 553 1451 864 1231 524 580 1076 988 1340 842 864 1255 629 294
779 1080 737 1340 256 798 715 940 474 764 700 767 779 359 1060 420 734 703 689 1272 696 802 1037 870 619 437 1365 687 126 378 513 305 557 909 1214 868 527 1161 1009 1341 1253 568 949 897 1362 679 522 694 735 954 875 434 592 1401 580 723 188 1389 906 1332 0 729 477 833 1403 695 1012 1167 1009 1272 608 712 1200 847 1468 77 714 1040
127 523 142 614 779 186 467 289 302 36 87 160 127 417 395 340 369 251 449 607 98 159 396 159 362 732 649 208 674 363 338 859 195 665 522 496 202 610 313 730 632 509 346 323 702 69 659 531 310 249 253 428 210 792 255 208 784 659 390 742 729 0 354 103 674 712 361 684 289 542 335 264 772 206 760 666 227 518
461 852 293 946 632 509 274 479 69 377 285 317 461 119 596 304 591 492 620 961 383 493 744 446 513 686 992 451 380 268 410 709 300 500 755 408 215 940 667 1078 776 201 681 645 890 342 677 291 257 603 588 74 367 924 117 477 603 973 694 855 477 354 0 444 977 802 710 995 581 860 485 507 1067 545 1107 400 245 564
136 482 180 511 878 188 513 237 399 70 159 180 136 517 324 440 407 296 499 527 169 154 335 88 426 820 549 262 777 465 423 957 293 689 434 511 306 565 231 663 565 580 307 301 622 162 738 584 346 167 224 519 295 724 336 247 886 555 379 681 833 103 444 0 570 772 299 653 192 438 402 306 750 181 663 770 270 489
655 668 683 157 1442 666 918 515 948 639 705 659 656 1070 425 1008 867 798 970 452 726 646 536 535 937 1359 238 784 1338 1036 972 1519 861 980 288 818 875 691 462 610 464 1049 615 661 372 731 1257 995 774 489 622 1047 850 529 859 754 1454 54 723 553 1403 674 977 570 0 1241 530 813 396 143 922 800 920 621 316 1337 741 640
639 644 833 1114 495 601 1061 999 739 741 765 860 638 734 1096 497 379 476 277 905 615 631 715 857 349 287 1090 510 766 537 406 523 558 1290 1195 1156 629 689 780 885 1337 999 628 580 1390 645 173 1092 961 764 623 832 511 1497 809 525 564 1203 524 1451 695 712 802 772 1241 0 714 629 951 1099 377 468 610 636 1149 704 887 1225
251 198 478 400 984 215 812 490 652 348 443 479 251 755 524 591 351 317 451 261 335 221 36 362 442 864 385 325 986 636 513 1055 463 984 553 803 521 272 98 369 743 869 86 138 748 370 749 882 646 141 137 783 420 886 616 289 1013 489 193 864 1012 361 710 299 530 714 0 375 349 391 436 313 481 170 467 962 568 745
557 177 821 657 1055 499 1151 863 928 684 771 829 557 1004 898 779 438 507 481 370 618 525 344 728 550 877 594 544 1180 833 664 1108 701 1342 912 1165 782 122 473 276 1111 1179 345 361 1099 664 746 1215 992 514 433 1060 638 1246 924 517 1107 762 301 1231 1167 684 995 653 813 629 375 0 724 698 565 493 109 480 603 1138 910 1120
313 547 288 374 1068 350 563 165 551 253 309 265 314 673 174 629 575 476 674 493 361 319 380 139 611 1012 436 447 942 651 616 1148 484 685 245 504 485 615 251 656 403 672 401 420 438 354 927 640 401 218 350 653 488 556 464 426 1073 391 500 524 1009 289 581 192 396 951 349 724 0 280 589 483 830 321 557 942 353 403
515 543 567 106 1303 524 832 424 826 508 582 546 515 948 358 871 724 655 827 357 587 504 400 414 794 1216 191 642 1213 901 831 1379 724 923 267 751 744 576 319 527 472 951 475 520 418 596 1114 910 677 346 479 933 710 575 744 611 1317 117 584 580 1272 542 860 438 143 1099 391 698 280 0 779 657 808 478 306 1208 634 598
276 472 458 818 548 255 715 623 416 365 389 484 276 460 724 217 127 124 136 683 239 278 453 484 30 437 818 142 614 272 98 618 197 939 834 792 279 552 467 734 964 686 359 304 1024 268 339 759 596 432 308 536 138 1124 459 168 582 892 299 1076 608 335 485 402 922 377 436 565 589 779 0 124 614 301 903 574 517 848
171 373 403 693 671 136 700 540 438 286 338 424 171 510 631 298 105 15 192 565 168 164 332 394 136 560 693 60 703 349 202 742 209 915 728 754 292 459 343 629 872 700 240 186 922 211 457 754 561 311 183 569 144 1030 453 59 701 769 200 988 712 264 507 306 800 468 313 493 483 657 124 0 559 179 780 670 478 781
645 283 912 764 1066 585 1238 966 998 775 859 922 645 1066 1005 831 488 574 510 473 699 614 451 828 594 877 698 615 1224 885 712 1113 768 1435 1022 1260 852 231 579 358 1219 1257 443 451 1209 745 746 1299 1082 618 526 1129 703 1355 1004 592 1123 869 382 1340 1200 772 1067 750 920 610 481 109 830 808 614 559 0 572 698 1177 999 1223
84 316 340 518 837 49 672 414 484 204 293 349 84 585 484 427 257 177 359 430 164 51 201 266 315 738 526 169 817 469 361 911 294 863 562 687 351 404 169 533 723 713 139 121 758 202 636 738 511 132 46 616 255 878 457 135 860 591 197 842 847 206 545 181 621 636 170 480 321 478 301 179 572 0 622 795 429 669
689 510 825 200 1451 671 1120 716 1062 732 821 810 689 1178 663 1049 811 785 906 246 773 666 451 671 909 1327 121 788 1429 1090 979 1522 911 1227 568 1051 953 493 458 346 766 1225 546 601 687 796 1208 1197 958 516 600 1182 878 844 996 753 1480 266 633 864 1468 760 1107 663 316 1149 467 603 557 306 903 780 698 622 0 1412 903 904
723 1042 666 1279 307 747 638 868 401 699 632 695 723 283 987 373 701 660 667 1223 639 748 989 802 588 464 1307 640 66 325 476 366 501 833 1142 790 464 1125 954 1300 1177 492 903 853 1287 618 534 618 658 897 825 357 542 1324 506 676 248 1324 868 1255 77 666 400 770 1337 704 962 1138 942 1208 574 670 1177 795 1412 0 640 963
354 744 90 727 836 414 243 234 241 225 142 94 354 356 351 427 581 463 647 793 312 385 604 233 547 844 784 418 625 419 483 916 328 439 509 276 267 830 500 933 541 321 567 549 647 267 801 313 83 437 476 310 379 694 134 426 820 742 618 629 714 227 245 270 741 887 568 910 353 634 517 478 999 429 903 640 0 355
620 943 392 704 1186 677 359 257 583 494 460 364 621 683 245 782 886 768 968 890 616 643 778 402 877 1200 787 726 935 774 830 1265 673 343 352 210 621 1016 650 1057 245 520 782 786 381 580 1152 420 309 606 710 608 714 368 476 723 1165 667 866 294 1040 518 564 489 640 1225 745 1120 403 598 848 781 1223 669 904 963 355 0
