0 830 676 926 1242 244 688 46 69 1202 445 1277 1174 1365 1141 242 1692
830 0 1104 655 536 866 1156 837 900 1648 1248 1832 369 1207 322 956 1106
676 1104 0 718 1243 920 1357 722 681 565 604 1882 1313 1998 1312 457 1472
926 655 718 0 546 1108 1529 962 981 1145 1165 2179 683 1831 707 877 793
1242 536 1243 546 0 1344 1681 1264 1310 1691 1591 2358 254 1688 313 1286 580
244 866 920 1108 1344 0 448 198 248 1437 592 1070 1232 1158 1188 475 1840
688 1156 1357 1529 1681 448 0 642 675 1847 920 677 1521 921 1467 901 2218
46 837 722 962 1264 198 642 0 75 1244 462 1234 1187 1328 1152 282 1723
69 900 681 981 1310 248 675 75 0 1189 387 1240 1244 1395 1211 228 1754
1202 1648 565 1145 1691 1437 1847 1244 1189 0 962 2282 1809 2554 1819 962 1766
445 1248 604 1165 1591 592 920 462 387 962 0 1323 1567 1746 1542 305 1959
1277 1832 1882 2179 2358 1070 677 1234 1240 2282 1323 0 2195 1286 2140 1435 2891
1174 369 1313 683 254 1232 1521 1187 1244 1809 1567 2195 0 1445 63 1265 822
1365 1207 1998 1831 1688 1158 921 1328 1395 2554 1746 1286 1445 0 1382 1607 2266
1141 322 1312 707 313 1188 1467 1152 1211 1819 1542 2140 63 1382 0 1242 885
242 956 457 877 1286 475 901 282 228 962 305 1435 1265 1607 1242 0 1669
1692 1106 1472 793 580 1840 2218 1723 1754 1766 1959 2891 822 2266 885 1669 0
