0 1507 828 725 7 818 1078 1455 758 1171 413 720 1389 916 1079 322
1507 0 772 1983 1515 817 2528 580 1262 2614 1888 2044 1455 1427 2279 1830
828 772 0 1211 835 56 1772 631 975 1856 1240 1491 1476 716 1508 1136
725 1983 1211 0 721 1170 628 1721 1484 692 803 1179 2114 765 354 619
7 1515 835 721 0 825 1071 1462 763 1164 407 716 1393 918 1074 314
818 817 56 1170 825 0 1739 637 1010 1821 1232 1495 1523 659 1462 1121
1078 2528 1772 628 1071 1739 0 2327 1767 94 877 1132 2351 1393 606 794
1455 580 631 1721 1462 637 2327 0 1510 2403 1869 2119 1879 1029 1959 1756
758 1262 975 1484 763 1010 1767 1510 0 1862 908 879 633 1479 1838 976
1171 2614 1856 692 1164 1821 94 2403 1862 0 970 1216 2444 1454 623 888
413 1888 1240 803 407 1232 877 1869 908 970 0 383 1474 1258 1111 193
720 2044 1491 1179 716 1495 1132 2119 879 1216 383 0 1321 1619 1469 576
1389 1455 1476 2114 1393 1523 2351 1879 633 2444 1474 1321 0 2075 2467 1577
916 1427 716 765 918 659 1393 1029 1479 1454 1258 1619 2075 0 941 1079
1079 2279 1508 354 1074 1462 606 1959 1838 623 1111 1469 2467 941 0 940
322 1830 1136 619 314 1121 794 1756 976 888 193 576 1577 1079 940 0
