0 698 1254 909 412 1641 724 898 436 891 867 1040 253 1275 638 591
698 0 1748 618 287 1114 1311 452 884 1242 1291 1728 744 683 1148 786
1254 1748 0 2151 1542 2838 1563 2100 1594 550 1887 864 1054 2425 623 1823
909 618 2151 0 646 765 1179 205 766 1717 994 1881 1098 528 1527 513
412 287 1542 646 0 1295 1043 559 634 1077 1066 1449 498 895 924 603
1641 1114 2838 765 1295 0 1929 745 1530 2352 1697 2643 1790 441 2219 1269
724 1311 1563 1179 1043 1929 0 1289 440 1426 355 898 922 1686 1098 665
898 452 2100 205 559 745 1289 0 855 1633 1147 1916 1048 401 1479 636
436 884 1594 766 634 1530 440 855 0 1306 446 1144 687 1256 1017 271
891 1242 550 1717 1077 2352 1426 1633 1306 0 1687 1054 645 1925 331 1482
867 1291 1887 994 1066 1697 355 1147 446 1687 0 1253 1108 1521 1373 522
1040 1728 864 1881 1449 2643 898 1916 1144 1054 1253 0 1015 2306 789 1415
253 744 1054 1098 498 1790 922 1048 687 645 1108 1015 0 1393 431 839
1275 683 2425 528 895 441 1686 401 1256 1925 1521 2306 1393 0 1815 1026
638 1148 623 1527 924 2219 1098 1479 1017 331 1373 789 431 1815 0 1222
591 786 1823 513 603 1269 665 636 271 1482 522 1415 839 1026 1222 0
