0 1679 1585 923 1648 1393 1679 1424 1024 1155 1119 1631 634 290 41 3
1679 0 3083 2481 2703 348 3260 1805 2447 1013 2355 1488 1117 1564 1707 1678
1585 3083 0 1620 2647 2743 314 2893 636 2193 2171 3190 1976 1856 1545 1584
923 2481 1620 0 1030 2244 1533 1447 1364 2079 564 1872 1545 925 920 926
1648 2703 2647 1030 0 2583 2536 1023 2371 2677 538 1521 2116 1464 1668 1651
1393 348 2743 2244 2583 0 2929 1773 2107 675 2185 1545 795 1319 1417 1392
1679 3260 314 1533 2536 2929 0 2893 853 2417 2097 3230 2143 1927 1641 1679
1424 1805 2893 1447 1023 1773 2893 0 2417 2078 963 501 1584 1137 1462 1426
1024 2447 636 1364 2371 2107 853 2417 0 1567 1847 2656 1345 1311 983 1022
1155 1013 2193 2079 2677 675 2417 2078 1567 0 2194 1994 563 1231 1160 1153
1119 2355 2171 564 538 2185 2097 963 1847 2194 0 1438 1630 963 1137 1122
1631 1488 3190 1872 1521 1545 3230 501 2656 1994 1438 0 1594 1344 1673 1633
634 1117 1976 1545 2116 795 2143 1584 1345 563 1630 1594 0 669 649 632
290 1564 1856 925 1464 1319 1927 1137 1311 1231 963 1344 669 0 331 293
41 1707 1545 920 1668 1417 1641 1462 983 1160 1137 1673 649 331 0 39
3 1678 1584 926 1651 1392 1679 1426 1022 1153 1122 1633 632 293 39 0
