0 1017 298 750 845 1117 994 1513 1502 1599 623 1365 1133 270 1662 1383
1017 0 1208 862 374 2109 1328 933 1915 1309 1582 2126 215 747 2661 2076
298 1208 0 694 1101 904 793 1524 1739 1898 680 1497 1356 491 1585 1543
750 862 694 0 992 1513 467 838 2197 1993 1342 2116 1071 621 2274 2132
845 374 1101 992 0 1961 1446 1281 1541 1016 1323 1783 343 610 2407 1722
1117 2109 904 1513 1961 0 1359 2345 2025 2578 848 1467 2245 1372 912 1594
994 1328 793 467 1446 1359 0 1081 2496 2427 1467 2289 1538 978 2222 2336
1513 933 1524 838 1281 2345 1081 0 2778 2238 2134 2847 1108 1295 3109 2834
1502 1915 1739 2197 1541 2025 2496 2778 0 1124 1215 721 1840 1576 1801 559
1599 1309 1898 1993 1016 2578 2427 2238 1124 0 1755 1732 1132 1477 2697 1596
623 1582 680 1342 1323 848 1467 2134 1215 1755 0 827 1654 871 1085 895
1365 2126 1497 2116 1783 1467 2289 2847 721 1732 827 0 2123 1552 1085 163
1133 215 1356 1071 343 2245 1538 1108 1840 1132 1654 2123 0 873 2739 2057
270 747 491 621 610 1372 978 1295 1576 1477 871 1552 873 0 1929 1546
1662 2661 1585 2274 2407 912 2222 3109 1801 2697 1085 1085 2739 1929 0 1248
1383 2076 1543 2132 1722 1594 2336 2834 559 1596 895 163 2057 1546 1248 0
