0 241 151 267 103 271 733 255 172 436 785 596 780 277 234 618 9 86 591 838 833 860 4 575 762 820 759 622 829 417 267 655 800 170 619 29 388 476 570 728 730 217 545 246 261 261 446 327 408 834 270 523 317 572 417 843 846 66 785 316 807 765 452 512 813 417 620 567 102 744 835 564 632 615 755 848 169 35
241 0 106 174 344 466 896 477 236 507 569 635 570 338 171 439 247 217 818 1053 1052 1031 242 465 1004 1061 993 850 763 432 378 835 631 155 680 217 466 365 375 755 898 256 512 483 455 420 685 136 259 605 134 744 261 346 597 1048 896 307 825 556 1043 770 328 354 632 603 768 773 188 763 754 781 500 423 566 1073 71 231
151 106 0 225 251 359 794 372 219 422 675 563 630 249 206 474 155 163 743 987 983 928 151 540 909 965 911 773 737 363 356 789 661 64 601 135 378 354 477 689 795 167 558 382 398 315 597 176 269 682 126 673 214 420 491 941 913 213 756 457 959 713 405 444 669 552 668 666 81 700 822 674 584 468 668 999 49 154
267 174 225 0 356 537 995 522 140 646 535 789 707 474 35 600 276 192 752 962 967 1125 271 318 981 1043 936 784 937 588 252 716 792 289 827 238 601 539 312 913 993 392 339 503 375 514 655 308 433 716 306 671 427 473 681 1110 723 326 981 564 990 934 187 244 787 500 876 835 281 924 597 830 368 579 490 996 178 238
103 344 251 356 0 213 672 172 236 438 883 603 873 305 321 702 97 163 501 755 747 794 102 648 660 716 663 530 870 446 282 597 879 255 614 129 391 545 665 735 666 269 595 147 216 233 346 423 492 932 361 439 384 671 357 758 851 37 785 214 709 781 534 599 896 363 571 485 185 753 893 475 710 704 846 758 272 121
271 466 359 537 213 0 463 81 438 279 1034 438 894 230 505 702 262 355 572 835 818 589 267 846 625 670 692 595 753 336 495 743 852 322 432 299 242 514 829 564 459 259 806 152 406 79 380 488 505 980 418 536 369 730 146 582 1056 225 603 206 727 620 723 779 880 530 358 307 278 585 1102 318 904 717 1018 813 401 304
733 896 794 995 672 463 0 505 901 442 1461 453 1171 571 964 974 724 818 833 1061 1031 137 729 1308 691 694 858 841 784 556 949 1084 1057 741 387 760 462 781 1271 488 25 646 1267 561 836 481 661 873 834 1289 809 842 705 1076 316 269 1484 688 462 555 863 562 1182 1233 1100 922 135 249 719 511 1565 306 1363 1005 1462 999 841 767
255 477 372 522 172 81 505 0 408 360 1038 519 946 295 488 758 247 331 492 755 739 623 252 820 565 614 618 516 832 412 443 663 916 348 512 284 322 576 826 644 497 306 764 71 339 153 302 521 555 1024 452 454 423 768 197 588 992 196 682 127 655 701 704 766 941 454 414 313 292 666 1064 308 882 769 1011 736 408 284
172 236 219 140 236 438 901 408 0 601 674 756 806 433 107 674 181 86 614 831 834 1026 176 412 841 903 797 646 956 566 142 600 865 275 784 148 553 573 451 887 897 360 373 377 237 433 515 368 481 831 338 534 432 577 585 994 696 214 948 432 850 918 300 371 867 373 792 721 234 900 664 710 475 660 622 860 193 137
436 507 422 646 438 279 442 360 601 0 1045 165 735 172 624 537 428 516 851 1114 1096 578 431 962 870 905 962 873 477 114 702 1016 643 359 183 454 48 341 876 296 453 255 969 430 654 215 658 449 394 848 393 815 274 635 263 667 1280 429 349 485 992 345 827 861 681 793 306 442 370 315 1244 487 1005 565 1066 1088 471 470
785 569 675 535 883 1034 1461 1038 674 1045 0 1138 625 891 569 679 793 722 1271 1452 1464 1597 787 397 1515 1577 1458 1303 1127 947 754 1175 809 721 1197 756 1012 775 224 1235 1464 814 572 1030 898 989 1189 595 674 528 654 1187 772 485 1166 1616 955 849 1311 1095 1513 1225 405 322 772 999 1330 1341 756 1236 554 1345 338 636 138 1501 633 761
596 635 563 789 603 438 453 519 756 165 1138 0 738 322 769 549 589 674 1003 1265 1245 576 592 1099 994 1021 1103 1024 352 202 864 1179 607 499 69 612 212 377 990 132 471 399 1119 590 819 378 810 552 465 865 508 973 379 689 387 711 1442 593 192 640 1129 182 963 988 652 958 333 535 523 149 1385 590 1136 586 1175 1233 610 629
780 570 630 707 873 894 1171 946 806 735 625 738 0 668 722 198 783 783 1372 1617 1614 1304 779 852 1511 1560 1536 1402 571 621 945 1405 197 618 808 766 729 396 629 782 1185 639 982 981 1023 818 1216 454 390 139 511 1303 525 233 967 1402 1400 837 854 1058 1581 742 753 710 152 1173 1038 1160 687 772 1112 1193 837 177 734 1629 628 784
277 338 249 474 305 230 571 295 433 172 891 322 668 0 451 474 271 351 775 1038 1025 709 273 790 856 900 913 802 565 141 545 902 622 186 354 291 128 283 711 453 577 82 798 349 519 151 593 301 285 762 237 726 146 522 306 758 1123 286 514 420 950 488 655 690 649 669 439 499 200 467 1071 527 833 490 902 1026 298 308
234 171 206 35 321 505 964 488 107 624 569 769 722 451 0 607 243 157 721 934 939 1093 238 345 947 1008 905 753 930 570 228 693 799 270 805 206 578 534 347 895 962 370 352 468 343 485 621 308 431 736 298 641 413 489 650 1076 724 292 961 529 958 918 218 278 796 474 847 801 255 907 620 796 399 588 525 966 161 204
618 439 474 600 702 702 974 758 674 537 679 549 198 474 607 0 618 635 1204 1456 1449 1108 616 811 1324 1371 1361 1233 448 422 816 1263 192 449 619 607 530 197 615 607 988 453 913 799 872 625 1039 306 210 316 348 1140 335 196 770 1203 1320 668 683 876 1404 578 692 670 195 1026 840 962 519 601 1092 996 814 44 761 1460 484 627
9 247 155 276 97 262 724 247 181 428 793 589 783 271 243 618 0 95 589 837 832 851 5 584 757 814 756 619 824 411 274 657 800 170 611 38 380 474 579 721 720 213 554 238 263 252 442 330 409 838 272 522 315 576 408 834 853 60 778 309 803 759 461 521 813 419 611 558 101 737 845 555 642 616 764 846 175 44
86 217 163 192 163 355 818 331 86 516 722 674 783 351 157 635 95 0 602 835 835 944 90 491 803 862 779 633 887 487 199 627 824 208 699 62 468 515 503 804 814 282 459 310 239 347 479 332 433 823 289 527 365 563 502 920 772 135 864 373 829 838 372 436 831 391 706 645 155 819 749 638 551 627 683 855 154 51
591 818 743 752 501 572 833 492 614 851 1271 1003 1372 775 721 1204 589 602 0 263 249 894 592 927 309 372 187 31 1324 902 517 280 1379 756 986 607 814 1041 1047 1122 813 762 787 428 377 645 194 919 993 1423 861 84 880 1161 629 741 780 535 1149 365 242 1185 868 950 1396 282 808 584 685 1145 1062 527 1001 1204 1193 256 751 590
838 1053 987 962 755 835 1061 755 831 1114 1452 1265 1617 1038 934 1456 837 835 263 0 38 1103 840 1079 416 456 216 240 1588 1166 712 293 1634 1007 1245 851 1077 1299 1234 1382 1039 1020 918 691 598 908 455 1163 1245 1658 1109 316 1138 1399 887 924 782 787 1406 628 241 1446 1047 1130 1650 461 1053 818 936 1405 1153 757 1152 1454 1358 98 989 832
833 1052 983 967 747 818 1031 739 834 1096 1464 1245 1614 1025 939 1449 832 835 249 38 0 1070 835 1095 379 418 181 223 1572 1151 719 317 1626 1001 1223 847 1060 1290 1245 1361 1009 1011 936 677 599 893 438 1159 1239 1658 1104 310 1129 1398 864 889 813 781 1383 612 203 1425 1059 1141 1643 468 1026 790 930 1384 1177 728 1168 1449 1373 60 988 829
860 1031 928 1125 794 589 137 623 1026 578 1597 576 1304 709 1093 1108 851 944 894 1103 1070 0 856 1436 708 698 891 898 891 692 1065 1158 1183 877 508 888 599 916 1406 592 132 783 1388 672 943 614 737 1010 971 1423 946 914 843 1213 443 212 1584 812 553 656 887 663 1312 1365 1228 1015 272 332 852 614 1687 376 1493 1140 1596 1032 975 894
4 242 151 271 102 267 729 252 176 431 787 592 779 273 238 616 5 90 592 840 835 856 0 579 762 819 760 623 825 412 272 658 798 167 614 32 383 473 573 723 726 213 550 244 264 256 446 326 406 833 269 525 314 572 413 839 850 65 781 315 808 761 456 515 811 420 616 564 99 739 840 561 636 613 758 849 170 39
575 465 540 318 648 846 1308 820 412 962 397 1099 852 790 345 811 584 491 927 1079 1095 1436 579 0 1202 1267 1113 957 1208 896 427 793 989 603 1141 547 918 809 232 1220 1305 707 174 788 581 830 886 574 696 808 597 843 726 634 993 1406 573 625 1290 836 1169 1234 136 142 970 645 1192 1134 600 1229 290 1121 73 777 283 1137 491 542
762 1004 909 981 660 625 691 565 841 870 1515 994 1511 856 947 1324 757 803 309 416 379 708 762 1202 0 65 200 290 1342 953 777 579 1478 901 956 786 846 1139 1291 1091 667 872 1077 531 623 705 326 1075 1120 1584 1009 382 989 1324 609 515 1088 697 1097 454 182 1162 1125 1204 1505 574 717 475 836 1116 1361 413 1275 1335 1453 332 932 775
820 1061 965 1043 716 670 694 614 903 905 1577 1021 1560 900 1008 1371 814 862 372 456 418 698 819 1267 65 0 245 351 1372 992 841 638 1521 955 980 844 884 1184 1353 1113 670 921 1142 584 687 749 388 1128 1169 1636 1061 446 1036 1378 642 497 1149 754 1115 508 215 1186 1189 1267 1550 639 732 493 890 1138 1426 434 1339 1383 1517 365 989 833
759 993 911 936 663 692 858 618 797 962 1458 1103 1536 913 905 1361 756 779 187 216 181 891 760 1113 200 245 0 156 1440 1029 704 407 1529 918 1075 778 930 1189 1234 1212 835 911 970 565 562 770 322 1086 1151 1594 1025 271 1030 1332 716 708 922 699 1229 492 56 1280 1056 1137 1550 468 862 621 848 1236 1237 559 1187 1365 1380 141 924 763
622 850 773 784 530 595 841 516 646 873 1303 1024 1402 802 753 1233 619 633 31 240 223 898 623 957 290 351 156 0 1348 927 548 291 1407 786 1005 638 837 1069 1079 1142 821 790 816 453 409 669 215 949 1023 1454 891 115 909 1192 647 739 797 565 1167 388 212 1205 900 982 1426 312 821 593 715 1165 1088 535 1031 1234 1224 227 783 622
829 763 737 937 870 753 784 832 956 477 1127 352 571 565 930 448 824 887 1324 1588 1572 891 825 1208 1342 1372 1440 1348 0 426 1086 1467 383 680 405 834 511 401 1040 298 805 611 1276 898 1082 680 1134 637 513 710 631 1283 523 641 732 1051 1650 849 347 959 1470 229 1077 1075 435 1234 677 888 732 277 1498 942 1225 491 1201 1565 772 854
417 432 363 588 446 336 556 412 566 114 947 202 621 141 570 422 411 487 902 1166 1151 692 412 896 953 992 1029 927 426 0 683 1041 537 299 252 428 112 226 790 325 568 205 921 474 660 259 714 354 284 733 306 858 178 522 359 780 1259 427 393 540 1063 352 760 785 572 809 421 547 332 337 1183 588 933 450 977 1148 409 446
267 378 356 252 282 495 949 443 142 702 754 864 945 545 228 816 274 199 517 712 719 1065 272 427 777 841 704 548 1086 683 0 464 1007 407 883 255 654 711 531 995 941 480 329 393 154 511 458 510 622 965 479 433 565 715 637 1004 578 278 1052 425 759 1033 352 433 1010 250 852 743 354 1011 631 720 499 802 679 751 334 236
655 835 789 716 597 743 1084 663 600 1016 1175 1179 1405 902 693 1263 657 627 280 293 317 1158 658 793 579 638 407 291 1467 1041 464 0 1450 824 1175 660 972 1131 963 1307 1066 864 628 591 394 801 423 959 1059 1429 916 243 972 1177 838 1017 515 621 1345 554 458 1361 774 855 1459 238 1039 835 757 1327 860 784 865 1254 1074 370 780 639
800 631 661 792 879 852 1057 916 865 643 809 607 197 622 799 192 800 824 1379 1634 1626 1183 798 989 1478 1521 1529 1407 383 537 1007 1450 0 630 676 792 649 340 781 625 1073 618 1100 964 1058 773 1207 496 392 333 534 1318 498 356 897 1304 1510 846 693 1038 1569 575 876 847 52 1213 929 1084 699 611 1264 1125 986 215 908 1634 674 812
170 155 64 289 255 322 741 348 275 359 721 499 618 186 270 449 170 208 756 1007 1001 877 167 603 901 955 918 786 680 299 407 824 630 0 537 164 315 309 530 625 744 104 622 370 429 268 598 173 238 682 107 691 157 423 446 900 971 220 691 447 963 649 468 504 643 585 613 627 70 636 887 640 646 448 721 1013 112 184
619 680 601 827 614 432 387 512 784 183 1197 69 808 354 805 619 611 699 986 1245 1223 508 614 1141 956 980 1075 1005 405 252 883 1175 676 537 0 637 231 443 1042 137 406 435 1152 583 827 382 792 606 526 935 558 961 430 754 359 649 1461 608 171 627 1098 206 1005 1034 722 960 272 489 553 161 1424 546 1181 655 1229 1208 650 653
29 217 135 238 129 299 760 284 148 454 756 612 766 291 206 607 38 62 607 851 847 888 32 547 786 844 778 638 834 428 255 660 792 164 637 0 406 473 541 743 757 225 522 274 266 286 468 311 400 815 259 537 318 554 445 872 832 93 802 343 827 778 424 483 803 421 646 596 101 758 810 593 604 603 726 864 146 20
388 466 378 601 391 242 462 322 553 48 1012 212 729 128 578 530 380 468 814 1077 1060 599 383 918 846 884 930 837 511 112 654 972 649 315 231 406 0 332 838 344 471 211 922 389 607 172 622 417 372 837 357 775 244 614 247 673 1232 381 398 448 962 390 783 819 685 748 326 435 324 361 1198 476 962 556 1028 1054 427 421
476 365 354 539 545 514 781 576 573 341 775 377 396 283 534 197 474 515 1041 1299 1290 916 473 809 1139 1184 1189 1069 401 226 711 1131 340 309 443 473 332 0 654 461 794 279 876 623 737 435 867 236 113 507 236 984 161 312 573 1006 1258 515 537 698 1229 451 676 678 366 893 646 765 374 461 1099 800 829 224 828 1296 382 493
570 375 477 312 665 829 1271 826 451 876 224 990 629 711 347 615 579 503 1047 1234 1245 1406 573 232 1291 1353 1234 1079 1040 790 531 963 781 530 1042 541 838 654 0 1099 1273 631 392 813 674 792 965 438 543 577 484 964 611 425 967 1410 804 633 1173 876 1289 1101 189 110 757 778 1144 1134 554 1104 484 1134 207 577 190 1280 430 544
728 755 689 913 735 564 488 644 887 296 1235 132 782 453 895 607 721 804 1122 1382 1361 592 723 1220 1091 1113 1212 1142 298 325 995 1307 625 625 137 743 344 461 1099 0 510 528 1247 716 950 508 928 661 562 916 624 1096 495 769 496 757 1574 725 76 762 1235 74 1084 1104 675 1088 392 621 652 24 1508 679 1254 648 1281 1346 735 760
730 898 795 993 666 459 25 497 897 453 1464 471 1185 577 962 988 720 814 813 1039 1009 132 726 1305 667 670 835 821 805 568 941 1066 1073 744 406 757 471 794 1273 510 0 650 1261 551 825 481 643 879 843 1301 814 824 713 1085 312 246 1472 683 485 542 840 584 1180 1233 1116 908 147 231 720 534 1559 286 1361 1018 1463 977 842 763
217 256 167 392 269 259 646 306 360 255 814 399 639 82 370 453 213 282 762 1020 1011 783 213 707 872 921 911 790 611 205 480 864 618 104 435 225 211 279 631 528 650 0 719 347 473 191 589 235 248 721 166 705 119 471 363 819 1054 242 592 423 952 557 572 607 639 627 515 552 126 541 989 573 750 462 821 1017 215 244
545 512 558 339 595 806 1267 764 373 969 572 1119 982 798 352 913 554 459 787 918 936 1388 550 174 1077 1142 970 816 1276 921 329 628 1100 622 1152 522 922 876 392 1247 1261 719 0 719 475 806 773 641 766 954 645 704 765 754 952 1333 418 580 1312 755 1026 1271 229 286 1087 506 1162 1070 598 1259 301 1049 241 885 455 982 514 510
246 483 382 503 147 152 561 71 377 430 1030 590 981 349 468 799 238 310 428 691 677 672 244 788 531 584 565 453 898 474 393 591 964 370 583 274 389 623 813 716 551 347 719 0 275 218 244 544 592 1053 477 386 466 793 262 618 927 180 754 77 605 772 678 745 986 383 478 350 306 737 1021 333 852 807 993 677 411 268
261 455 398 375 216 406 836 339 237 654 898 819 1023 519 343 872 263 239 377 598 599 943 264 581 623 687 562 409 1082 660 154 394 1058 429 827 266 607 737 674 950 825 473 475 275 0 444 304 571 665 1060 524 297 579 801 536 865 652 233 998 289 616 997 502 582 1067 156 753 614 363 969 775 584 653 865 830 624 394 245
261 420 315 514 233 79 481 153 433 215 989 378 818 151 485 625 252 347 645 908 893 614 256 830 705 749 770 669 680 259 511 801 773 268 382 286 172 435 792 508 481 191 806 218 444 0 456 425 431 908 355 604 293 661 177 632 1084 233 554 281 806 560 702 752 801 579 362 362 238 528 1096 382 883 641 982 889 361 296
446 685 597 655 346 380 661 302 515 658 1189 810 1216 593 621 1039 442 479 194 455 438 737 446 886 326 388 322 215 1134 714 458 423 1207 598 792 468 622 867 965 928 643 589 773 244 304 456 0 769 829 1278 706 181 708 1017 436 612 865 383 956 174 365 991 802 880 1228 298 622 412 529 951 1068 361 957 1044 1130 433 615 454
327 136 176 308 423 488 873 521 368 449 595 552 454 301 308 306 330 332 919 1163 1159 1010 326 574 1075 1128 1086 949 637 354 510 959 496 173 606 311 417 236 438 661 879 235 641 544 571 425 769 0 125 510 69 849 176 249 598 1054 1031 386 735 620 1132 666 441 448 500 724 739 787 239 666 865 805 599 295 623 1175 178 330
408 259 269 433 492 505 834 555 481 394 674 465 390 285 431 210 409 433 993 1245 1239 971 406 696 1120 1169 1151 1023 513 284 622 1059 392 238 526 400 372 113 543 562 843 248 766 592 665 431 829 125 0 477 143 929 138 241 591 1040 1155 458 638 668 1194 559 564 565 404 821 698 784 308 564 986 811 716 215 720 1250 288 420
834 605 682 716 932 980 1289 1024 831 848 528 865 139 762 736 316 838 823 1423 1658 1658 1423 833 808 1584 1636 1594 1454 710 733 965 1429 333 682 935 815 837 507 577 916 1301 721 954 1053 1060 908 1278 510 477 0 575 1350 615 261 1066 1510 1373 895 990 1130 1641 878 726 671 284 1204 1154 1260 749 907 1048 1289 782 283 650 1678 671 832
270 134 126 306 361 418 809 452 338 393 654 508 511 237 298 348 272 289 861 1109 1104 946 269 597 1009 1061 1025 891 631 306 479 916 534 107 558 259 357 236 484 624 814 166 645 477 524 355 706 69 143 575 0 794 129 316 530 986 1021 326 696 554 1070 637 461 480 544 678 676 717 176 632 887 735 629 344 672 1118 146 278
523 744 673 671 439 536 842 454 534 815 1187 973 1303 726 641 1140 522 527 84 316 310 914 525 843 382 446 271 115 1283 858 433 243 1318 691 961 537 775 984 964 1096 824 705 704 386 297 604 181 849 929 1350 794 0 822 1089 611 776 718 471 1128 333 327 1155 784 866 1334 198 803 593 621 1118 981 540 917 1139 1109 328 679 519
317 261 214 427 384 369 705 423 432 274 772 379 525 146 413 335 315 365 880 1138 1129 843 314 726 989 1036 1030 909 523 178 565 972 498 157 430 318 244 161 611 495 713 119 765 466 579 293 708 176 138 615 129 822 0 376 452 903 1127 354 566 542 1072 509 589 610 520 734 570 646 216 503 1015 673 759 347 798 1135 252 338
572 346 420 473 671 730 1076 768 577 635 485 689 233 522 489 196 576 563 1161 1399 1398 1213 572 634 1324 1378 1332 1192 641 522 715 1177 356 423 754 554 614 312 425 769 1085 471 754 793 801 661 1017 249 241 261 316 1089 376 0 827 1280 1170 633 846 870 1379 750 526 492 335 948 940 1020 488 766 908 1043 629 154 565 1417 410 570
417 597 491 681 357 146 316 197 585 263 1166 387 967 306 650 770 408 502 629 887 864 443 413 993 609 642 716 647 732 359 637 838 897 446 359 445 247 573 967 496 312 363 952 262 536 177 436 598 591 1066 530 611 452 827 0 456 1189 372 519 283 741 563 868 922 931 643 216 193 413 520 1249 228 1049 791 1157 849 537 451
843 1048 941 1110 758 582 269 588 994 667 1616 711 1402 758 1076 1203 834 920 741 924 889 212 839 1406 515 497 708 739 1051 780 1004 1017 1304 900 649 872 673 1006 1410 757 246 819 1333 618 865 632 612 1054 1040 1510 986 776 903 1280 456 0 1477 784 731 578 698 831 1292 1355 1345 908 378 276 860 780 1635 284 1469 1229 1597 846 983 872
846 896 913 723 851 1056 1484 992 696 1280 955 1442 1400 1123 724 1320 853 772 780 782 813 1584 850 573 1088 1149 922 797 1650 1259 578 515 1510 971 1461 832 1232 1258 804 1574 1472 1054 418 927 652 1084 865 1031 1155 1373 1021 718 1127 1170 1189 1477 0 853 1630 929 972 1611 647 702 1500 570 1406 1251 928 1590 460 1212 620 1295 823 872 878 814
66 307 213 326 37 225 688 196 214 429 849 593 837 286 292 668 60 135 535 787 781 812 65 625 697 754 699 565 849 427 278 621 846 220 608 93 381 515 633 725 683 242 580 180 233 233 383 386 458 895 326 471 354 633 372 784 853 0 778 250 746 768 507 570 862 385 582 510 150 742 876 503 685 669 816 792 235 88
785 825 756 981 785 603 462 682 948 349 1311 192 854 514 961 683 778 864 1149 1406 1383 553 781 1290 1097 1115 1229 1167 347 393 1052 1345 693 691 171 802 398 537 1173 76 485 592 1312 754 998 554 956 735 638 990 696 1128 566 846 519 731 1630 778 0 795 1248 120 1153 1176 743 1131 384 623 715 82 1577 683 1325 724 1356 1365 802 819
316 556 457 564 214 206 555 127 432 485 1095 640 1058 420 529 876 309 373 365 628 612 656 315 836 454 508 492 388 959 540 425 554 1038 447 627 343 448 698 876 762 542 423 755 77 289 281 174 620 668 1130 554 333 542 870 283 578 929 250 795 0 531 822 733 804 1062 367 489 325 382 784 1057 295 903 884 1053 608 484 335
807 1043 959 990 709 727 863 655 850 992 1513 1129 1581 950 958 1404 803 829 242 241 203 887 808 1169 182 215 56 212 1470 1063 759 458 1569 963 1098 827 962 1229 1289 1235 840 952 1026 605 616 806 365 1132 1194 1641 1070 327 1072 1379 741 698 972 746 1248 531 0 1304 1111 1193 1592 524 876 633 894 1259 1293 571 1243 1409 1436 151 973 812
765 770 713 934 781 620 562 701 918 345 1225 182 742 488 918 578 759 838 1185 1446 1425 663 761 1234 1162 1186 1280 1205 229 352 1033 1361 575 649 206 778 390 451 1101 74 584 557 1271 772 997 560 991 666 559 878 637 1155 509 750 563 831 1611 768 120 822 1304 0 1098 1114 626 1138 466 693 684 50 1524 752 1264 620 1279 1412 757 796
452 328 405 187 534 723 1182 704 300 827 405 963 753 655 218 692 461 372 868 1047 1059 1312 456 136 1125 1189 1056 900 1077 760 352 774 876 468 1005 424 783 676 189 1084 1180 572 229 678 502 702 802 441 564 726 461 784 589 526 868 1292 647 507 1153 733 1111 1098 0 82 861 594 1063 1017 468 1092 425 1009 181 661 328 1095 356 420
512 354 444 244 599 779 1233 766 371 861 322 988 710 690 278 670 521 436 950 1130 1141 1365 515 142 1204 1267 1137 982 1075 785 433 855 847 504 1034 483 819 678 110 1104 1233 607 286 745 582 752 880 448 565 671 480 866 610 492 922 1355 702 570 1176 804 1193 1114 82 0 827 676 1111 1079 514 1111 424 1074 150 636 250 1178 395 482
813 632 669 787 896 880 1100 941 867 681 772 652 152 649 796 195 813 831 1396 1650 1643 1228 811 970 1505 1550 1550 1426 435 572 1010 1459 52 643 722 803 685 366 757 675 1116 639 1087 986 1067 801 1228 500 404 284 544 1334 520 335 931 1345 1500 862 743 1062 1592 626 861 827 0 1222 971 1120 713 662 1241 1160 963 208 876 1653 679 822
417 603 552 500 363 530 922 454 373 793 999 958 1173 669 474 1026 419 391 282 461 468 1015 420 645 574 639 468 312 1234 809 250 238 1213 585 960 421 748 893 778 1088 908 627 506 383 156 579 298 724 821 1204 678 198 734 948 643 908 570 385 1131 367 524 1138 594 676 1222 0 855 683 519 1107 787 642 719 1019 915 502 545 401
620 768 668 876 571 358 135 414 792 306 1330 333 1038 439 847 840 611 706 808 1053 1026 272 616 1192 717 732 862 821 677 421 852 1039 929 613 272 646 326 646 1144 392 147 515 1162 478 753 362 622 739 698 1154 676 803 570 940 216 378 1406 582 384 489 876 466 1063 1111 971 855 0 243 597 416 1456 305 1245 870 1335 1002 717 655
567 773 666 835 485 307 249 313 721 442 1341 535 1160 499 801 962 558 645 584 818 790 332 564 1134 475 493 621 593 888 547 743 835 1084 627 489 596 435 765 1134 621 231 552 1070 350 614 362 412 787 784 1260 717 593 646 1020 193 276 1251 510 623 325 633 693 1017 1079 1120 683 243 0 585 646 1371 62 1196 984 1321 762 708 597
102 188 81 281 185 278 719 292 234 370 756 523 687 200 255 519 101 155 685 936 930 852 99 600 836 890 848 715 732 332 354 757 699 70 553 101 324 374 554 652 720 126 598 306 363 238 529 239 308 749 176 621 216 488 413 860 928 150 715 382 894 684 468 514 713 519 597 585 0 666 875 593 649 519 744 942 123 122
744 763 700 924 753 585 511 666 900 315 1236 149 772 467 907 601 737 819 1145 1405 1384 614 739 1229 1116 1138 1236 1165 277 337 1011 1327 611 636 161 758 361 461 1104 24 534 541 1259 737 969 528 951 666 564 907 632 1118 503 766 520 780 1590 742 82 784 1259 50 1092 1111 662 1107 416 646 666 0 1517 704 1261 643 1284 1370 746 776
835 754 822 597 893 1102 1565 1064 664 1244 554 1385 1112 1071 620 1092 845 749 1062 1153 1177 1687 840 290 1361 1426 1237 1088 1498 1183 631 860 1264 887 1424 810 1198 1099 484 1508 1559 989 301 1021 775 1096 1068 865 986 1048 887 981 1015 908 1249 1635 460 876 1577 1057 1293 1524 425 424 1241 787 1456 1371 875 1517 0 1351 278 1056 416 1229 775 801
564 781 674 830 475 318 306 308 710 487 1345 590 1193 527 796 996 555 638 527 757 728 376 561 1121 413 434 559 535 942 588 720 784 1125 640 546 593 476 800 1134 679 286 573 1049 333 584 382 361 805 811 1289 735 540 673 1043 228 284 1212 503 683 295 571 752 1009 1074 1160 642 305 62 593 704 1351 0 1185 1016 1319 700 713 592
632 500 584 368 710 904 1363 882 475 1005 338 1136 837 833 399 814 642 551 1001 1152 1168 1493 636 73 1275 1339 1187 1031 1225 933 499 865 986 646 1181 604 962 829 207 1254 1361 750 241 852 653 883 957 599 716 782 629 917 759 629 1049 1469 620 685 1325 903 1243 1264 181 150 963 719 1245 1196 649 1261 278 1185 0 778 214 1210 535 600
615 423 468 579 704 717 1005 769 660 565 636 586 177 490 588 44 616 627 1204 1454 1449 1140 613 777 1335 1383 1365 1234 491 450 802 1254 215 448 655 603 556 224 577 648 1018 462 885 807 865 641 1044 295 215 283 344 1139 347 154 791 1229 1295 669 724 884 1409 620 661 636 208 1019 870 984 519 643 1056 1016 778 0 720 1461 473 622
755 566 668 490 846 1018 1462 1011 622 1066 138 1175 734 902 525 761 764 683 1193 1358 1373 1596 758 283 1453 1517 1380 1224 1201 977 679 1074 908 721 1229 726 1028 828 190 1281 1463 821 455 993 830 982 1130 623 720 650 672 1109 798 565 1157 1597 823 816 1356 1053 1436 1279 328 250 876 915 1335 1321 744 1284 416 1319 214 720 0 1413 621 727
848 1073 999 996 758 813 999 736 860 1088 1501 1233 1629 1026 966 1460 846 855 256 98 60 1032 849 1137 332 365 141 227 1565 1148 751 370 1634 1013 1208 864 1054 1296 1280 1346 977 1017 982 677 624 889 433 1175 1250 1678 1118 328 1135 1417 849 846 872 792 1365 608 151 1412 1095 1178 1653 502 1002 762 942 1370 1229 700 1210 1461 1413 0 1006 846
169 71 49 178 272 401 841 408 193 471 633 610 628 298 161 484 175 154 751 989 988 975 170 491 932 989 924 783 772 409 334 780 674 112 650 146 427 382 430 735 842 215 514 411 394 361 615 178 288 671 146 679 252 410 537 983 878 235 802 484 973 757 356 395 679 545 717 708 123 746 775 713 535 473 621 1006 0 161
35 231 154 238 121 304 767 284 137 470 761 629 784 308 204 627 44 51 590 832 829 894 39 542 775 833 763 622 854 446 236 639 812 184 653 20 421 493 544 760 763 244 510 268 245 296 454 330 420 832 278 519 338 570 451 872 814 88 819 335 812 796 420 482 822 401 655 597 122 776 801 592 600 622 727 846 161 0
