0 900 227 821 1595 1239 1 603 467 1357 1696 1214 649 933 201 1505 929
900 0 1104 1143 1899 2041 899 391 1367 1637 2582 1887 1491 1826 1078 1427 1658
227 1104 0 762 1703 1162 229 770 279 1481 1536 1212 422 774 26 1690 720
821 1143 762 0 2416 1894 820 768 965 2175 2121 1974 801 1419 760 2256 702
1595 1899 1703 2416 0 1229 1595 1928 1655 263 1938 829 1978 1614 1694 742 2348
1239 2041 1162 1894 1229 0 1241 1827 928 1181 728 400 1160 552 1175 1721 1492
1 899 229 820 1595 1241 0 601 468 1357 1698 1215 650 935 202 1504 930
603 391 770 768 1928 1827 601 0 1047 1667 2296 1745 1125 1532 746 1595 1269
467 1367 279 965 1655 928 468 1047 0 1462 1257 1047 323 496 302 1764 693
1357 1637 1481 2175 263 1181 1357 1667 1462 0 1908 787 1785 1487 1470 592 2151
1696 2582 1536 2121 1938 728 1698 2296 1257 1908 0 1122 1320 764 1558 2448 1521
1214 1887 1212 1974 829 400 1215 1745 1047 787 1122 0 1341 837 1215 1347 1704
649 1491 422 801 1978 1160 650 1125 323 1785 1320 1341 0 637 447 2069 371
933 1826 774 1419 1614 552 935 1532 496 1487 764 837 637 0 795 1925 945
201 1078 26 760 1694 1175 202 746 302 1470 1558 1215 447 795 0 1671 741
1505 1427 1690 2256 742 1721 1504 1595 1764 592 2448 1347 2069 1925 1671 0 2408
929 1658 720 702 2348 1492 930 1269 693 2151 1521 1704 371 945 741 2408 0
