0 320 601 567 850 88 626 478 235 692 274 246 711 428 811 700 112 782 96 125 217 218 201 301 843 539 151 22 628 864 650 152 387 394 718 107 117 793 357 536 693 154 554 293 513 852 319 218 675 91 217 739 71 528 70 673 707 28 799 332 356 595 97 835 667 460 428 288 206 611 719 184 237 481 323 119 289 565
320 0 372 473 978 313 741 796 548 774 594 475 689 182 685 381 214 627 386 307 286 112 420 379 1117 672 422 341 826 1094 603 360 283 185 852 297 381 836 400 847 970 187 767 183 442 571 252 252 882 254 404 567 321 754 281 991 593 301 480 643 153 915 344 951 346 339 230 443 513 808 402 409 545 608 471 339 535 552
601 372 0 248 1350 636 665 1057 772 1145 856 614 1045 500 356 342 532 921 618 646 651 408 762 749 1444 1043 741 624 832 1447 379 700 645 528 1224 518 594 657 773 1128 1294 450 1123 554 270 707 623 402 1241 510 754 855 637 1105 598 1248 292 596 470 847 509 1139 565 1324 360 689 566 527 807 1169 445 748 757 586 532 671 669 916
567 473 248 0 1398 632 425 956 668 1214 770 480 1158 645 243 583 543 1090 544 654 695 446 761 800 1389 1083 718 586 608 1431 140 702 753 657 1267 462 512 413 839 1038 1241 448 1121 643 58 932 710 350 1242 481 766 1026 625 1095 593 1134 139 574 713 722 626 1006 496 1377 593 812 701 379 752 1177 678 745 646 369 368 669 522 1017
850 978 1350 1398 0 772 1451 800 900 223 802 1056 438 891 1636 1250 855 742 914 745 707 960 649 604 577 314 709 837 1386 368 1497 702 724 848 132 957 947 1637 577 736 544 950 355 797 1349 1107 730 1054 280 924 636 772 783 396 809 858 1535 836 1267 945 854 948 943 41 1198 709 826 1129 734 287 1188 665 926 1311 1162 735 1070 485
88 313 636 632 772 0 714 492 290 607 299 333 623 384 874 691 105 705 180 38 135 231 129 212 811 459 109 87 714 812 724 70 316 343 640 187 205 878 269 536 662 190 493 237 579 804 247 282 614 152 136 665 19 471 39 685 771 65 779 387 309 626 185 755 653 386 371 375 204 546 696 114 300 568 411 37 373 478
626 741 665 425 1451 714 0 793 563 1314 673 395 1333 922 541 978 678 1355 544 751 833 655 815 926 1267 1152 747 632 213 1373 337 776 967 913 1322 535 514 217 980 887 1135 606 1116 852 395 1290 905 499 1229 585 839 1299 698 1080 688 925 478 649 1109 556 874 773 529 1441 977 1038 958 340 719 1182 1060 800 536 146 304 745 383 1187
478 796 1057 956 800 492 793 0 289 764 204 478 913 873 1188 1177 582 1109 439 512 590 696 437 591 473 597 394 456 656 606 988 472 770 829 696 540 463 1009 640 93 350 629 449 721 897 1285 711 655 525 560 474 1087 479 409 517 194 1088 495 1271 244 799 164 492 808 1142 828 850 580 288 514 1188 438 309 689 598 477 447 803
235 548 772 668 900 290 563 289 0 791 112 195 869 663 903 924 347 991 164 325 422 439 318 473 732 620 245 218 488 813 708 313 606 627 775 264 180 767 531 370 590 366 555 524 609 1087 538 371 667 296 354 953 272 518 297 475 801 261 1028 97 590 372 213 895 893 675 659 296 170 623 950 307 27 436 318 297 182 733
692 774 1145 1214 223 607 1314 764 791 0 710 920 234 673 1446 1028 676 537 769 575 519 769 498 414 682 173 568 683 1277 515 1321 540 508 632 142 795 800 1485 376 723 601 769 331 591 1168 889 522 879 335 755 475 559 621 367 640 870 1347 673 1044 855 641 926 789 187 977 488 607 979 621 287 965 514 815 1170 1015 573 945 262
274 594 856 770 802 299 673 204 112 710 0 306 812 683 1008 975 381 965 237 324 413 492 277 439 623 537 215 252 584 701 817 294 599 642 680 337 264 879 495 272 479 424 452 535 711 1102 534 454 560 355 316 934 284 413 319 399 906 293 1071 144 608 327 290 800 941 663 668 405 110 520 990 272 139 548 429 291 294 684
246 475 614 480 1056 333 395 478 195 920 306 0 956 630 710 820 328 1021 154 371 463 364 422 545 928 757 352 246 383 1003 512 388 624 606 926 186 128 584 602 563 785 293 726 519 421 1044 556 239 843 240 448 973 315 692 315 654 610 273 938 242 565 530 155 1046 799 697 646 102 328 792 867 407 171 255 122 359 60 811
711 689 1045 1158 438 623 1333 913 869 234 812 956 0 546 1374 869 658 305 802 585 500 718 551 410 907 334 625 709 1334 749 1280 570 405 516 377 798 828 1480 353 890 812 741 528 515 1120 675 448 855 560 749 517 335 640 556 645 1048 1282 686 862 949 539 1077 807 397 817 356 479 993 707 501 790 563 888 1187 1029 596 993 146
428 182 500 645 891 384 922 873 663 673 683 630 546 0 841 366 317 446 515 360 290 273 448 341 1125 608 479 445 996 1065 780 402 168 48 774 444 519 1018 334 907 984 338 743 152 619 423 186 427 847 392 419 385 399 740 367 1062 755 402 419 761 74 1010 483 859 317 191 67 613 584 770 333 443 666 786 644 395 687 424
811 685 356 243 1636 874 541 1188 903 1446 1008 710 1374 841 0 682 782 1273 786 895 930 677 1004 1034 1629 1322 962 830 751 1674 214 944 969 861 1505 706 753 421 1070 1273 1482 688 1364 864 300 1056 933 593 1486 724 1008 1208 868 1339 835 1360 104 817 800 949 836 1224 739 1614 708 1021 903 608 995 1420 790 988 880 546 591 912 745 1237
700 381 342 583 1250 691 978 1177 924 1028 975 820 869 366 682 0 595 666 759 681 635 485 787 704 1480 974 799 722 1118 1430 719 731 533 413 1137 663 749 996 701 1228 1335 557 1106 499 591 377 549 581 1212 628 764 601 701 1101 662 1372 632 682 131 1015 423 1294 713 1216 51 540 426 759 893 1136 111 778 917 875 778 714 880 770
112 214 532 543 855 105 678 582 347 676 381 328 658 317 782 595 0 693 198 115 160 126 230 263 917 540 214 131 709 915 645 168 297 285 723 146 206 823 310 633 767 94 593 191 494 741 230 203 713 93 227 645 109 573 68 776 680 88 690 444 246 706 173 835 559 370 322 341 299 643 609 215 348 533 376 138 380 511
782 627 921 1090 742 705 1355 1109 991 537 965 1021 305 446 1273 666 693 0 879 668 570 700 688 526 1187 598 753 790 1403 1046 1226 678 396 444 678 839 896 1463 472 1108 1077 750 792 506 1065 390 464 855 846 785 649 66 724 812 711 1270 1194 754 623 1083 482 1270 865 702 619 323 398 1028 855 779 567 693 1003 1214 1062 693 1070 325
96 386 618 544 914 180 544 439 164 769 237 154 802 515 786 759 198 879 0 219 313 276 270 392 846 609 204 93 533 892 608 234 484 483 782 101 34 723 449 510 698 202 597 387 486 937 415 216 717 132 295 835 162 566 167 632 682 125 866 256 444 536 52 901 730 556 520 215 209 659 788 255 158 401 248 205 193 658
125 307 646 654 745 38 751 512 325 575 324 371 585 360 895 681 115 668 219 0 97 238 116 175 810 431 120 126 753 800 751 54 281 318 613 220 243 912 231 551 662 207 478 210 604 777 213 308 597 180 112 629 57 459 65 702 793 101 764 421 286 651 222 726 640 350 343 411 223 528 680 103 335 605 447 34 412 440
217 286 651 695 707 135 833 590 422 519 413 463 500 290 930 635 160 570 313 97 0 253 158 105 844 394 198 221 846 808 803 119 186 243 577 297 334 983 150 619 699 251 481 139 648 694 121 363 595 248 129 531 154 470 147 776 829 190 706 517 219 736 309 684 591 253 260 493 306 521 620 154 433 687 529 124 506 354
218 112 408 446 960 231 655 696 439 769 492 364 718 273 677 485 126 700 276 238 253 0 354 357 1043 647 340 240 724 1039 562 292 322 258 830 185 269 771 393 753 894 74 715 206 403 679 269 155 834 143 347 644 235 697 194 891 578 203 590 533 219 809 232 937 454 389 303 340 419 762 513 340 434 516 371 264 424 574
201 420 762 761 649 129 815 437 318 498 277 422 551 448 1004 787 230 688 270 116 158 354 0 162 697 340 73 188 788 684 850 62 333 402 517 308 302 990 218 461 549 319 363 297 708 849 275 411 484 280 38 658 136 343 169 619 900 188 863 402 377 589 294 634 745 391 417 483 167 416 777 16 336 671 518 92 450 415
301 379 749 800 604 212 926 591 473 414 439 545 410 341 1034 704 263 526 392 175 105 357 162 0 784 293 229 299 925 727 908 162 193 293 475 393 417 1082 58 604 646 355 402 208 753 710 155 466 510 347 123 497 230 398 237 766 934 276 760 561 281 748 397 580 656 239 294 586 329 434 674 168 488 780 622 186 583 266
843 1117 1444 1389 577 811 1267 473 732 682 623 928 907 1125 1629 1480 917 1187 846 810 844 1043 697 784 0 589 703 820 1126 225 1440 757 974 1076 549 936 877 1481 804 380 149 993 400 981 1331 1475 939 1055 347 934 716 1191 808 391 849 397 1526 847 1544 713 1059 543 895 607 1435 1004 1078 1028 641 408 1459 708 757 1158 1051 780 908 864
539 672 1043 1083 314 459 1152 597 620 173 537 757 334 608 1322 974 540 598 609 431 394 647 340 293 589 0 405 528 1108 471 1183 389 441 562 183 645 641 1330 277 563 481 635 195 496 1034 900 433 739 256 610 323 602 470 221 495 717 1220 523 1011 682 560 760 634 296 925 446 548 822 450 183 928 356 644 1010 857 422 778 275
151 422 741 718 709 109 747 394 245 568 215 352 625 479 962 799 214 753 204 120 198 340 73 229 703 405 0 133 715 714 799 79 383 435 578 257 237 927 287 431 554 291 403 327 664 892 320 369 524 239 109 720 105 376 145 583 858 147 884 332 405 537 234 697 760 447 457 419 107 462 800 62 263 604 453 85 377 488
22 341 624 586 837 87 632 456 218 683 252 246 709 445 830 722 131 790 93 126 221 240 188 299 820 528 133 0 626 845 666 144 397 409 705 124 119 803 356 513 671 177 536 307 531 869 328 238 657 113 208 748 69 509 80 650 726 42 820 316 372 575 106 823 688 468 442 296 183 595 739 172 222 487 331 113 286 565
628 826 832 608 1386 714 213 656 488 1277 584 383 1334 996 751 1118 709 1403 533 753 846 724 788 925 1126 1108 715 626 0 1258 542 764 1006 978 1262 564 511 411 982 749 1006 660 1036 898 567 1394 939 573 1141 618 819 1354 696 997 698 758 681 656 1246 445 937 602 538 1382 1109 1079 1020 383 658 1105 1186 775 463 246 354 738 341 1191
864 1094 1447 1431 368 812 1373 606 813 515 701 1003 749 1065 1674 1430 915 1046 892 800 808 1039 684 727 225 471 714 845 1258 0 1501 747 902 1017 373 968 926 1580 730 518 263 1002 326 934 1375 1371 880 1083 218 954 693 1061 814 341 852 587 1570 861 1477 820 1008 715 936 403 1382 915 1009 1095 683 295 1393 699 840 1250 1123 776 995 738
650 603 379 140 1497 724 337 988 708 1321 817 512 1280 780 214 719 645 1226 608 751 803 562 850 908 1440 1183 799 666 542 1501 0 795 879 789 1365 542 574 278 951 1075 1295 552 1202 765 161 1072 832 443 1323 572 860 1163 715 1173 687 1154 140 662 849 745 756 1015 567 1478 732 941 833 412 817 1261 817 834 683 331 390 761 541 1137
152 360 700 702 702 70 776 472 313 540 294 388 570 402 944 731 168 678 234 54 119 292 62 162 757 389 79 144 764 747 795 0 304 357 569 256 263 945 221 505 609 258 425 250 650 812 240 353 545 223 65 643 81 405 109 660 841 134 811 405 328 617 249 685 690 369 378 439 187 477 726 48 327 631 475 33 423 428
387 283 645 753 724 316 967 770 606 508 599 624 405 168 969 533 297 396 484 281 186 322 333 193 974 441 383 397 1006 902 879 304 0 124 606 443 499 1092 172 791 838 360 584 116 717 518 68 470 683 389 297 351 334 585 317 952 876 359 575 702 136 920 468 692 483 73 107 635 491 606 490 333 616 823 669 310 674 270
394 185 528 657 848 343 913 829 627 632 642 606 516 48 861 413 285 444 483 318 243 258 402 293 1076 562 435 409 978 1017 789 357 124 0 730 419 490 1019 287 862 935 317 695 107 627 461 137 414 799 366 371 386 359 691 330 1018 773 367 467 725 40 969 455 817 365 160 45 596 541 722 382 397 631 775 628 352 661 389
718 852 1224 1267 132 640 1322 696 775 142 680 926 377 774 1505 1137 723 678 782 613 577 830 517 475 549 183 578 705 1262 373 1365 569 606 730 0 825 816 1505 452 641 483 818 246 673 1217 1023 607 922 210 792 504 699 650 287 677 777 1404 703 1163 824 733 851 811 120 1087 599 711 997 607 185 1082 533 800 1181 1031 603 942 388
107 297 518 462 957 187 535 540 264 795 337 186 798 444 706 663 146 839 101 220 297 185 308 393 936 645 257 124 564 968 542 256 443 419 825 0 86 691 445 609 786 110 661 334 406 861 377 119 782 54 322 790 175 634 155 733 602 122 772 353 379 637 50 941 635 516 459 196 295 719 697 292 255 389 231 223 243 651
117 381 594 512 947 205 514 463 180 800 264 128 828 519 753 749 206 896 34 243 334 269 302 417 877 641 237 119 511 926 574 263 499 490 816 86 0 689 474 536 729 195 631 398 454 940 431 191 751 129 325 850 187 600 186 653 650 144 858 267 451 552 37 934 721 572 528 181 243 693 782 286 169 369 215 233 174 683
793 836 657 413 1637 878 217 1009 767 1485 879 584 1480 1018 421 996 823 1463 723 912 983 771 990 1082 1481 1330 927 803 411 1580 278 945 1092 1019 1505 691 689 0 1133 1102 1347 738 1311 976 413 1342 1036 625 1428 735 1010 1403 864 1277 846 1143 397 812 1126 769 983 990 697 1624 1006 1160 1065 508 913 1377 1091 974 739 331 474 912 585 1333
357 400 773 839 577 269 980 640 531 376 495 602 353 334 1070 701 310 472 449 231 150 393 218 58 804 277 287 356 982 730 951 221 172 287 452 445 474 1133 0 648 670 400 412 220 794 677 155 513 512 398 179 446 287 413 292 810 971 332 747 619 283 799 453 550 652 202 279 640 384 435 662 225 547 834 676 244 641 208
536 847 1128 1038 736 536 887 93 370 723 272 563 890 907 1273 1228 633 1108 510 551 619 753 461 604 380 563 431 513 749 518 1075 505 791 862 641 609 536 1102 648 0 258 689 396 755 980 1310 736 726 457 622 495 1091 526 357 566 162 1172 549 1315 335 834 212 562 748 1189 843 879 665 334 456 1231 465 393 781 685 516 536 792
693 970 1294 1241 544 662 1135 350 590 601 479 785 812 984 1482 1335 767 1077 698 662 699 894 549 646 149 481 554 671 1006 263 1295 609 838 935 483 786 729 1347 670 258 0 843 286 837 1183 1346 798 905 273 784 571 1076 659 266 699 328 1379 697 1403 579 917 451 747 566 1291 872 940 883 491 313 1317 560 616 1020 908 631 768 752
154 187 450 448 950 190 606 629 366 769 424 293 741 338 688 557 94 750 202 207 251 74 319 355 993 635 291 177 660 1002 552 258 360 317 818 110 195 738 400 689 843 0 683 245 399 751 300 113 803 70 320 697 188 661 150 823 586 146 664 458 277 737 158 929 528 431 360 279 360 735 587 304 360 464 312 226 351 595
554 767 1123 1121 355 493 1116 449 555 331 452 726 528 743 1364 1106 593 792 597 478 481 715 363 402 400 195 403 536 1036 326 1202 425 584 695 246 661 631 1311 412 396 286 683 0 609 1067 1076 557 771 121 640 368 792 497 41 532 539 1261 547 1159 592 684 605 635 359 1059 607 691 809 398 68 1074 379 582 981 841 456 732 467
293 183 554 643 797 237 852 721 524 591 535 519 515 152 864 499 191 506 387 210 139 206 297 208 981 496 327 307 898 934 765 250 116 107 673 334 398 976 220 755 837 245 609 0 604 567 69 354 718 280 268 455 254 601 227 910 769 266 566 622 80 862 365 769 454 186 135 522 433 642 481 291 530 709 556 244 571 374
513 442 270 58 1349 579 395 897 609 1168 711 421 1120 619 300 591 494 1065 486 604 648 403 708 753 1331 1034 664 531 567 1375 161 650 717 627 1217 406 454 413 794 980 1183 399 1067 604 0 928 671 297 1188 428 715 1003 572 1040 541 1076 196 520 723 663 594 948 439 1329 597 779 672 320 695 1124 681 692 588 324 311 617 464 977
852 571 707 932 1107 804 1290 1285 1087 889 1102 1044 675 423 1056 377 741 390 937 777 694 679 849 710 1475 900 892 869 1394 1371 1072 812 518 461 1023 861 940 1342 677 1310 1346 751 1076 567 928 0 574 822 1157 811 815 342 820 1084 790 1469 1000 826 280 1185 496 1429 904 1068 348 474 434 1013 999 1082 266 847 1090 1167 1040 811 1103 636
319 252 623 710 730 247 905 711 538 522 534 556 448 186 933 549 230 464 415 213 121 269 275 155 939 433 320 328 939 880 832 240 68 137 607 377 431 1036 155 736 798 300 557 69 671 574 0 412 663 323 241 419 266 553 248 895 838 290 605 634 128 858 401 702 502 141 143 570 428 586 520 273 547 761 605 244 606 306
218 252 402 350 1054 282 499 655 371 879 454 239 855 427 593 581 203 855 216 308 363 155 411 466 1055 739 369 238 573 1083 443 353 470 414 922 119 191 625 513 726 905 113 771 354 297 822 412 0 892 131 418 800 275 746 244 845 489 224 699 451 375 741 163 1035 560 540 459 191 414 827 630 395 357 360 218 320 299 709
675 882 1241 1242 280 614 1229 525 667 335 560 843 560 847 1486 1212 713 846 717 597 595 834 484 510 347 256 524 657 1141 218 1323 545 683 799 210 782 751 1428 512 457 273 803 121 718 1188 1157 663 892 0 761 487 855 618 150 653 578 1382 668 1258 695 791 669 755 297 1164 698 791 928 515 76 1174 499 694 1097 959 576 846 529
91 254 510 481 924 152 585 560 296 755 355 240 749 392 724 628 93 785 132 180 248 143 280 347 934 610 239 113 618 954 572 223 389 366 792 54 129 735 398 622 784 70 640 280 428 811 323 131 761 0 288 735 143 615 115 754 621 93 733 389 326 667 92 906 597 462 406 247 296 696 656 264 291 440 283 189 295 602
217 404 754 766 636 136 839 474 354 475 316 448 517 419 1008 764 227 649 295 112 129 347 38 123 716 323 109 208 819 693 860 65 297 371 504 322 325 1010 179 495 571 320 368 268 715 815 241 418 487 288 0 619 147 351 173 654 905 200 835 440 348 627 313 619 720 354 384 504 205 416 750 46 372 695 539 99 479 379
739 567 855 1026 772 665 1299 1087 953 559 934 973 335 385 1208 601 645 66 835 629 531 644 658 497 1191 602 720 748 1354 1061 1163 643 351 386 699 790 850 1403 446 1091 1076 697 792 455 1003 342 419 800 855 735 619 0 684 809 668 1253 1129 710 562 1047 425 1245 818 732 553 279 341 976 824 785 504 662 964 1160 1010 655 1025 327
71 321 637 625 783 19 698 479 272 621 284 315 640 399 868 701 109 724 162 57 154 235 136 230 808 470 105 69 696 814 715 81 334 359 650 175 187 864 287 526 659 188 497 254 572 820 266 275 618 143 147 684 0 474 40 673 764 52 791 369 325 611 169 766 663 405 388 360 192 552 708 120 281 553 395 48 355 496
528 754 1105 1095 396 471 1080 409 518 367 413 692 556 740 1339 1101 573 812 566 459 470 697 343 398 391 221 376 509 997 341 1173 405 585 691 287 634 600 1277 413 357 266 661 41 601 1040 1084 553 746 150 615 351 809 474 0 511 503 1235 522 1158 553 678 565 606 400 1054 612 690 777 364 108 1072 357 545 947 808 435 696 486
70 281 598 593 809 39 688 517 297 640 319 315 645 367 835 662 68 711 167 65 147 194 169 237 849 495 145 80 698 852 687 109 317 330 677 155 186 846 292 566 699 150 532 227 541 790 248 244 653 115 173 668 40 511 0 711 732 42 753 395 294 645 162 791 625 389 362 348 231 585 671 153 303 542 384 76 360 499
673 991 1248 1134 858 685 925 194 475 870 399 654 1048 1062 1360 1372 776 1270 632 702 776 891 619 766 397 717 583 650 758 587 1154 660 952 1018 777 733 653 1143 810 162 328 823 539 910 1076 1469 895 845 578 754 654 1253 673 503 711 0 1262 690 1464 412 988 156 684 875 1336 1005 1036 755 480 592 1381 622 493 840 769 668 614 954
707 593 292 139 1535 771 478 1088 801 1347 906 610 1282 755 104 632 680 1194 682 793 829 578 900 934 1526 1220 858 726 681 1570 140 841 876 773 1404 602 650 397 971 1172 1379 586 1261 769 196 1000 838 489 1382 621 905 1129 764 1235 732 1262 0 713 757 850 745 1129 635 1513 652 931 815 508 891 1316 737 884 779 461 493 808 647 1143
28 301 596 574 836 65 649 495 261 673 293 273 686 402 817 682 88 754 125 101 190 203 188 276 847 523 147 42 656 861 662 134 359 367 703 122 144 812 332 549 697 146 547 266 520 826 290 224 668 93 200 710 52 522 42 690 713 0 778 358 329 617 121 819 647 431 400 310 216 603 697 172 264 504 346 100 317 540
799 480 470 713 1267 779 1109 1271 1028 1044 1071 938 862 419 800 131 690 623 866 764 706 590 863 760 1544 1011 884 820 1246 1477 849 811 575 467 1163 772 858 1126 747 1315 1403 664 1159 566 723 280 605 699 1258 733 835 562 791 1158 753 1464 757 778 0 1123 487 1395 821 1231 139 565 468 882 983 1182 85 855 1024 1004 902 798 998 782
332 643 847 722 945 387 556 244 97 855 144 242 949 761 949 1015 444 1083 256 421 517 533 402 561 713 682 332 316 445 820 745 405 702 725 824 353 267 769 619 335 579 458 592 622 663 1185 634 451 695 389 440 1047 369 553 395 412 850 358 1123 0 688 291 302 944 987 770 757 343 241 661 1045 394 98 445 357 392 203 817
356 153 509 626 854 309 874 799 590 641 608 565 539 74 836 423 246 482 444 286 219 219 377 281 1059 560 405 372 937 1008 756 328 136 40 733 379 451 983 283 834 917 277 684 80 594 496 128 375 791 326 348 425 325 678 294 988 745 329 487 688 0 936 416 824 376 186 84 556 510 714 401 370 594 735 588 321 621 406
595 915 1139 1006 948 626 773 164 372 926 327 530 1077 1010 1224 1294 706 1270 536 651 736 809 589 748 543 760 537 575 602 715 1015 617 920 969 851 637 552 990 799 212 451 737 605 862 948 1429 858 741 669 667 627 1245 611 565 645 156 1129 617 1395 291 936 0 586 959 1262 981 994 628 430 667 1314 588 383 694 637 617 483 967
97 344 565 496 943 185 529 492 213 789 290 155 807 483 739 713 173 865 52 222 309 232 294 397 895 634 234 106 538 936 567 249 468 455 811 50 37 697 453 562 747 158 635 365 439 904 401 163 755 92 313 818 169 606 162 684 635 121 821 302 416 586 0 928 685 542 494 190 256 695 745 278 205 383 226 217 206 661
835 951 1324 1377 41 755 1441 808 895 187 800 1046 397 859 1614 1216 835 702 901 726 684 937 634 580 607 296 697 823 1382 403 1478 685 692 817 120 941 934 1624 550 748 566 929 359 769 1329 1068 702 1035 297 906 619 732 766 400 791 875 1513 819 1231 944 824 959 928 0 1165 675 793 1116 727 293 1153 650 921 1301 1150 718 1062 449
667 346 360 593 1198 653 977 1142 893 977 941 799 817 317 708 51 559 619 730 640 591 454 745 656 1435 925 760 688 1109 1382 732 690 483 365 1087 635 721 1006 652 1189 1291 528 1059 454 597 348 502 560 1164 597 720 553 663 1054 625 1336 652 647 139 987 376 1262 685 1165 0 489 376 743 856 1087 85 736 888 868 763 675 859 719
460 339 689 812 709 386 1038 828 675 488 663 697 356 191 1021 540 370 323 556 350 253 389 391 239 1004 446 447 468 1079 915 941 369 73 160 599 516 572 1160 202 843 872 431 607 186 779 474 141 540 698 462 354 279 405 612 389 1005 931 431 565 770 186 981 542 675 489 0 124 707 554 621 483 393 686 895 741 378 747 234
428 230 566 701 826 371 958 850 659 607 668 646 479 67 903 426 322 398 520 343 260 303 417 294 1078 548 457 442 1020 1009 833 378 107 45 711 459 528 1065 279 879 940 360 691 135 672 434 143 459 791 406 384 341 388 690 362 1036 815 400 468 757 84 994 494 793 376 124 0 639 564 714 383 414 665 819 672 376 701 357
288 443 527 379 1129 375 340 580 296 979 405 102 993 613 608 759 341 1028 215 411 493 340 483 586 1028 822 419 296 383 1095 412 439 635 596 997 196 181 508 640 665 883 279 809 522 320 1013 570 191 928 247 504 976 360 777 348 755 508 310 882 343 556 628 190 1116 743 707 639 0 414 873 816 467 272 194 35 407 145 847
206 513 807 752 734 204 719 288 170 621 110 328 707 584 995 893 299 855 209 223 306 419 167 329 641 450 107 183 658 683 817 187 491 541 607 295 243 913 384 334 491 360 398 433 695 999 428 414 515 296 205 824 192 364 231 480 891 216 983 241 510 430 256 727 856 554 564 414 0 464 900 162 194 583 444 189 336 576
611 808 1169 1177 287 546 1182 514 623 287 520 792 501 770 1420 1136 643 779 659 528 521 762 416 434 408 183 462 595 1105 295 1261 477 606 722 185 719 693 1377 435 456 313 735 68 642 1124 1082 586 827 76 696 416 785 552 108 585 592 1316 603 1182 661 714 667 695 293 1087 621 714 873 464 0 1097 432 650 1047 905 509 799 458
719 402 445 678 1188 696 1060 1188 950 965 990 867 790 333 790 111 609 567 788 680 620 513 777 674 1459 928 800 739 1186 1393 817 726 490 382 1082 697 782 1091 662 1231 1317 587 1074 481 681 266 520 630 1174 656 750 504 708 1072 671 1381 737 697 85 1045 401 1314 745 1153 85 483 383 816 900 1097 0 770 947 948 838 714 927 704
184 409 748 745 665 114 800 438 307 514 272 407 563 443 988 778 215 693 255 103 154 340 16 168 708 356 62 172 775 699 834 48 333 397 533 292 286 974 225 465 560 304 379 291 692 847 273 395 499 264 46 662 120 357 153 622 884 172 855 394 370 588 278 650 736 393 414 467 162 432 770 0 325 656 502 77 436 425
237 545 757 646 926 300 536 309 27 815 139 171 888 666 880 917 348 1003 158 335 433 434 336 488 757 644 263 222 463 840 683 327 616 631 800 255 169 739 547 393 616 360 582 530 588 1090 547 357 694 291 372 964 281 545 303 493 779 264 1024 98 594 383 205 921 888 686 665 272 194 650 947 325 0 409 293 310 154 751
481 608 586 369 1311 568 146 689 436 1170 548 255 1187 786 546 875 533 1214 401 605 687 516 671 780 1158 1010 604 487 246 1250 331 631 823 775 1181 389 369 331 834 781 1020 464 981 709 324 1167 761 360 1097 440 695 1160 553 947 542 840 461 504 1004 445 735 694 383 1301 868 895 819 194 583 1047 948 656 409 0 158 600 254 1041
323 471 532 368 1162 411 304 598 318 1015 429 122 1029 644 591 778 376 1062 248 447 529 371 518 622 1051 857 453 331 354 1123 390 475 669 628 1031 231 215 474 676 685 908 312 841 556 311 1040 605 218 959 283 539 1010 395 808 384 769 493 346 902 357 588 637 226 1150 763 741 672 35 444 905 838 502 293 158 0 443 154 883
119 339 671 669 735 37 745 477 297 573 291 359 596 395 912 714 138 693 205 34 124 264 92 186 780 422 85 113 738 776 761 33 310 352 603 223 233 912 244 516 631 226 456 244 617 811 244 320 576 189 99 655 48 435 76 668 808 100 798 392 321 617 217 718 675 378 376 407 189 509 714 77 310 600 443 0 396 453
289 535 669 522 1070 373 383 447 182 945 294 60 993 687 745 880 380 1070 193 412 506 424 450 583 908 778 377 286 341 995 541 423 674 661 942 243 174 585 641 536 768 351 732 571 464 1103 606 299 846 295 479 1025 355 696 360 614 647 317 998 203 621 483 206 1062 859 747 701 145 336 799 927 436 154 254 154 396 0 850
565 552 916 1017 485 478 1187 803 733 262 684 811 146 424 1237 770 511 325 658 440 354 574 415 266 864 275 488 565 1191 738 1137 428 270 389 388 651 683 1333 208 792 752 595 467 374 977 636 306 709 529 602 379 327 496 486 499 954 1143 540 782 817 406 967 661 449 719 234 357 847 576 458 704 425 751 1041 883 453 850 0
