0 794 931 992 1469 357 111 1210 462 898 306 230 1206 309 1379 547
794 0 1597 1631 2241 835 682 2003 1096 1590 1087 564 458 531 2158 1336
931 1597 0 1396 1314 1229 1016 760 1145 76 850 1100 1886 1227 740 768
992 1631 1396 0 809 797 1066 1021 549 1323 734 1164 2088 1119 1282 649
1469 2241 1314 809 0 1446 1575 586 1180 1241 1163 1693 2673 1711 780 926
357 835 1229 797 1446 0 358 1331 268 1184 408 412 1291 328 1543 629
111 682 1016 1066 1575 358 0 1322 522 989 412 119 1097 211 1489 657
1210 2003 760 1021 586 1331 1322 0 1111 693 946 1439 2388 1506 260 704
462 1096 1145 549 1180 268 522 1111 0 1087 301 615 1549 573 1340 433
898 1590 76 1323 1241 1184 989 693 1087 0 796 1079 1895 1200 690 701
306 1087 850 734 1163 408 412 946 301 796 0 530 1510 567 1143 250
230 564 1100 1164 1693 412 119 1439 615 1079 530 0 979 150 1601 776
1206 458 1886 2088 2673 1291 1097 2388 1549 1895 1510 979 0 977 2517 1753
309 531 1227 1119 1711 328 211 1506 573 1200 567 150 977 0 1684 818
1379 2158 740 1282 780 1543 1489 260 1340 690 1143 1601 2517 1684 0 916
547 1336 768 649 926 629 657 704 433 701 250 776 1753 818 916 0
