0 1210 72 28 1087 1342 1178 1169 1476 963 497 104 1595 1495 1710 1080 1198
1210 0 1275 1220 1469 2177 568 1109 1488 1721 722 1310 2678 2312 2569 1990 2024
72 1275 0 55 1135 1283 1251 1179 1472 915 566 75 1563 1499 1706 1019 1141
28 1220 55 0 1116 1314 1199 1152 1455 934 511 107 1603 1515 1728 1053 1170
1087 1469 1135 1116 0 2406 993 2084 2453 2050 1036 1078 1515 919 1177 2136 2270
1342 2177 1283 1314 2406 0 2400 1291 1208 455 1680 1330 2226 2530 2660 272 155
1178 568 1251 1199 993 2400 0 1555 1950 1955 726 1253 2380 1895 2156 2171 2246
1169 1109 1179 1152 2084 1291 1555 0 395 898 1051 1254 2722 2659 2879 1211 1162
1476 1488 1472 1455 2453 1208 1950 395 0 926 1430 1548 2957 2970 3177 1214 1114
963 1721 915 934 2050 455 1955 898 926 0 1243 976 2137 2309 2474 312 302
497 722 566 511 1036 1680 726 1051 1430 1243 0 592 1985 1719 1964 1446 1526
104 1310 75 107 1078 1330 1253 1254 1548 976 592 0 1495 1423 1630 1063 1192
1595 2678 1563 1603 1515 2226 2380 2722 2957 2137 1985 1495 0 752 658 1997 2167
1495 2312 1499 1515 919 2530 1895 2659 2970 2309 1719 1423 752 0 260 2268 2432
1710 2569 1706 1728 1177 2660 2156 2879 3177 2474 1964 1630 658 260 0 2405 2573
1080 1990 1019 1053 2136 272 2171 1211 1214 312 1446 1063 1997 2268 2405 0 170
1198 2024 1141 1170 2270 155 2246 1162 1114 302 1526 1192 2167 2432 2573 170 0
