0 723 649 467 79 1548 133 1559 1665 1091 900 1058 106 1047 614 1197 1614
723 0 557 846 798 858 721 2213 1152 1465 743 1764 816 409 524 1242 1012
649 557 0 420 681 1079 548 2189 1040 1697 261 1648 678 961 916 700 1556
467 846 420 0 446 1496 335 1855 1431 1550 579 1285 425 1248 994 745 1851
79 798 681 446 0 1614 135 1512 1710 1103 923 996 30 1126 688 1189 1694
1548 858 1079 1496 1614 0 1510 3070 632 2282 1040 2605 1626 817 1330 1472 1044
133 721 548 335 135 1510 0 1643 1580 1223 788 1116 130 1078 705 1066 1663
1559 2213 2189 1855 1512 3070 1643 0 3223 1074 2416 595 1513 2397 1810 2546 2798
1665 1152 1040 1431 1710 632 1580 3223 0 2606 856 2689 1710 1307 1677 1095 1661
1091 1465 1697 1550 1103 2282 1223 1074 2606 0 1958 1041 1124 1503 954 2289 1787
900 743 261 579 923 1040 788 2416 856 1958 0 1858 916 1119 1162 510 1689
1058 1764 1648 1285 996 2605 1116 595 2689 1041 1858 0 990 2019 1455 1956 2503
106 816 678 425 30 1626 130 1513 1710 1124 916 990 0 1149 718 1170 1720
1047 409 961 1248 1126 817 1078 2397 1307 1503 1119 2019 1149 0 587 1628 603
614 524 916 994 688 1330 705 1810 1677 954 1162 1455 718 587 0 1606 1055
1197 1242 700 745 1189 1472 1066 2546 1095 2289 510 1956 1170 1628 1606 0 2199
1614 1012 1556 1851 1694 1044 1663 2798 1661 1787 1689 2503 1720 603 1055 2199 0
