0 375 1374 332 861 1360 1582 514 524 1620 1463 1276 568 1557 707 850
375 0 1244 83 1104 1676 1687 815 234 1565 1652 1042 373 1486 1076 1114
1374 1244 0 1191 2234 1776 974 1289 1019 412 2836 2128 1598 2705 1692 1260
332 83 1191 0 1114 1601 1607 741 210 1501 1679 1125 448 1557 1018 1034
861 1104 2234 1114 0 1676 2300 1122 1325 2458 619 1368 953 1187 932 1421
1360 1676 1776 1601 1676 0 1106 861 1683 1686 2205 2631 1928 2779 762 600
1582 1687 974 1607 2300 1106 0 1178 1545 691 2913 2723 2052 3132 1453 902
514 815 1289 741 1122 861 1178 0 843 1407 1737 1790 1080 2037 406 342
524 234 1019 210 1325 1683 1545 843 0 1356 1884 1184 580 1693 1170 1093
1620 1565 412 1501 2458 1686 691 1407 1356 0 3074 2508 1934 3049 1784 1274
1463 1652 2836 1679 619 2205 2913 1737 1884 3074 0 1570 1412 1080 1505 2024
1276 1042 2128 1125 1368 2631 2723 1790 1184 2508 1570 0 710 733 1918 2120
568 373 1598 448 953 1928 2052 1080 580 1934 1412 710 0 1115 1241 1410
1557 1486 2705 1557 1187 2779 3132 2037 1693 3049 1080 733 1115 0 2017 2379
707 1076 1692 1018 932 762 1453 406 1170 1784 1505 1918 1241 2017 0 551
850 1114 1260 1034 1421 600 902 342 1093 1274 2024 2120 1410 2379 551 0
