0 403 947 1203 1047 1105 94 1276 1516 272 907 376 815 590 292 1164 630
403 0 1280 902 1434 1357 496 1249 1390 326 606 259 1137 882 186 1542 866
947 1280 0 2148 996 1573 887 1183 1564 1214 1850 1323 145 1171 1231 384 1295
1203 902 2148 0 2008 1578 1274 2054 2081 949 298 827 2011 1335 916 2355 1228
1047 1434 996 2008 0 739 954 2034 2371 1158 1763 1288 1002 674 1273 804 792
1105 1357 1573 1578 739 0 1048 2353 2619 1031 1414 1119 1522 517 1172 1494 493
94 496 887 1274 954 1048 0 1313 1570 328 982 446 761 531 375 1084 588
1276 1249 1183 2054 2034 2353 1313 0 388 1469 1795 1479 1094 1839 1368 1565 1901
1516 1390 1564 2081 2371 2619 1570 388 0 1662 1856 1643 1467 2101 1542 1948 2145
272 326 1214 949 1158 1031 328 1469 1662 0 661 133 1085 562 140 1406 539
907 606 1850 298 1763 1414 982 1795 1856 661 0 535 1713 1099 618 2065 1008
376 259 1323 827 1288 1119 446 1479 1643 133 535 0 1190 675 114 1530 634
815 1137 145 2011 1002 1522 761 1094 1467 1085 1713 1190 0 1089 1095 503 1208
590 882 1171 1335 674 517 531 1839 2101 562 1099 675 1089 0 698 1200 136
292 186 1231 916 1273 1172 375 1368 1542 140 618 114 1095 698 0 1456 680
1164 1542 384 2355 804 1494 1084 1565 1948 1406 2065 1530 503 1200 1456 0 1336
630 866 1295 1228 792 493 588 1901 2145 539 1008 634 1208 136 680 1336 0
