0 1341 225 245 1006 832 1348 835 1339 356 664 1316 1602 1668 1337 979
1341 0 1562 1408 2339 1669 2689 802 2029 1034 715 2097 441 2557 2667 1901
225 1562 0 337 803 880 1132 1003 1276 577 872 1328 1806 1539 1112 978
245 1408 337 0 948 587 1313 1022 1572 374 799 1072 1719 1871 1360 737
1006 2339 803 948 0 1095 373 1801 1698 1310 1670 1288 2607 1697 534 1007
832 1669 880 587 1095 0 1454 1521 2151 793 1241 499 2058 2407 1615 232
1348 2689 1132 1313 373 1454 0 2105 1802 1669 2004 1589 2936 1681 314 1342
835 802 1003 1022 1801 1521 2105 0 1231 728 310 2018 868 1754 2016 1722
1339 2029 1276 1572 1698 2151 1802 1231 0 1569 1434 2604 1986 560 1550 2253
356 1034 577 374 1310 793 1669 728 1569 0 455 1289 1350 1961 1683 998
664 715 872 799 1670 1241 2004 310 1434 455 0 1733 937 1917 1960 1453
1316 2097 1328 1072 1288 499 1589 2018 2604 1289 1733 0 2507 2807 1821 351
1602 441 1806 1719 2607 2058 2936 868 1986 1350 937 2507 0 2540 2872 2287
1668 2557 1539 1871 1697 2407 1681 1754 560 1961 1917 2807 2540 0 1380 2461
1337 2667 1112 1360 534 1615 314 2016 1550 1683 1960 1821 2872 1380 0 1540
979 1901 978 737 1007 232 1342 1722 2253 998 1453 351 2287 2461 1540 0
