0 703 1066 1057 620 1402 660 1055 29 367 14 509 1052 1403 1518 181 1480
703 0 1693 1667 1222 699 1297 393 704 421 716 309 1633 2074 1850 682 1634
1066 1693 0 1256 471 2351 406 2080 1048 1273 1057 1406 178 437 2100 1017 1251
1057 1667 1256 0 1162 2335 1081 1914 1075 1420 1043 1554 1387 1258 888 1205 2294
620 1222 471 1162 0 1883 112 1609 599 802 614 935 432 873 1893 548 1132
1402 699 2351 2335 1883 0 1969 444 1402 1090 1415 949 2269 2751 2367 1365 2007
660 1297 406 1081 112 1969 0 1679 642 881 652 1020 409 782 1841 616 1222
1055 393 2080 1914 1609 444 1679 0 1062 813 1067 702 2025 2450 1925 1063 1980
29 704 1048 1075 599 1402 642 1062 0 354 36 498 1031 1392 1547 152 1450
367 421 1273 1420 802 1090 881 813 354 0 381 148 1211 1662 1800 276 1338
14 716 1057 1043 614 1415 652 1067 36 381 0 523 1046 1393 1510 189 1485
509 309 1406 1554 935 949 1020 702 498 148 523 0 1334 1802 1887 424 1358
1052 1633 178 1387 432 2269 409 2025 1031 1211 1046 1334 0 593 2206 974 1073
1403 2074 437 1258 873 2751 782 2450 1392 1662 1393 1802 593 0 2145 1392 1637
1518 1850 2100 888 1893 2367 1841 1925 1547 1800 1510 1887 2206 2145 0 1700 2968
181 682 1017 1205 548 1365 616 1063 152 276 189 424 974 1392 1700 0 1304
1480 1634 1251 2294 1132 2007 1222 1980 1450 1338 1485 1358 1073 1637 2968 1304 0
