0 978 1554 846 1148 956 1389 263 1432 163 1663 608 177 1226 464 585 238
978 0 2447 683 1082 1347 1151 900 1296 1126 2629 1260 814 1157 1064 1257 1037
1554 2447 0 1965 2613 1377 2877 1778 2877 1473 536 1835 1729 2677 1397 1215 1662
846 683 1965 0 1581 697 1726 963 1842 1004 2257 1393 784 1664 606 760 1042
1148 1082 2613 1581 0 2028 270 885 284 1167 2570 807 1018 83 1562 1720 968
956 1347 1377 697 2028 0 2229 1198 2310 1044 1768 1558 1027 2111 491 425 1194
1389 1151 2877 1726 270 2229 0 1130 172 1421 2841 1078 1246 230 1780 1947 1224
263 900 1778 963 885 1198 1130 0 1168 305 1833 430 185 962 709 846 142
1432 1296 2877 1842 284 2310 172 1168 0 1445 2809 1051 1303 206 1846 2005 1246
163 1126 1473 1004 1167 1044 1421 305 1445 0 1539 520 312 1240 563 641 198
1663 2629 536 2257 2570 1768 2841 1833 2809 1539 0 1763 1839 2622 1654 1502 1697
608 1260 1835 1393 807 1558 1078 430 1051 520 1763 0 610 860 1069 1161 371
177 814 1729 784 1018 1027 1246 185 1303 312 1839 610 0 1099 546 702 264
1226 1157 2677 1664 83 2111 230 962 206 1240 2622 860 1099 0 1643 1800 1041
464 1064 1397 606 1562 491 1780 709 1846 563 1654 1069 546 1643 0 194 703
585 1257 1215 760 1720 425 1947 846 2005 641 1502 1161 702 1800 194 0 812
238 1037 1662 1042 968 1194 1224 142 1246 198 1697 371 264 1041 703 812 0
