0 1281 945 115 327 862 945 508 738 398 39 1057 385 443 1325 919
1281 0 572 1209 1569 793 1805 1777 1951 1222 1308 1554 897 1663 2566 617
945 572 0 842 1160 928 1724 1449 1680 742 981 981 634 1230 2269 45
115 1209 842 0 363 863 1052 607 848 295 154 962 330 468 1427 814
327 1569 1160 363 0 1188 1074 372 656 449 321 969 692 119 1153 1126
862 793 928 863 1188 0 1038 1239 1325 1065 867 1665 578 1306 1929 944
945 1805 1724 1052 1074 1038 0 796 628 1343 910 1994 1098 1161 1057 1716
508 1777 1449 607 372 1239 796 0 284 797 475 1337 881 411 819 1421
738 1951 1680 848 656 1325 628 284 0 1069 700 1622 1075 692 615 1656
398 1222 742 295 449 1065 1343 797 1069 0 434 668 487 496 1600 703
39 1308 981 154 321 867 910 475 700 434 0 1089 411 440 1290 956
1057 1554 981 962 969 1665 1994 1337 1622 668 1089 0 1106 934 2043 937
385 897 634 330 692 578 1098 881 1075 487 411 1106 0 799 1683 621
443 1663 1230 468 119 1306 1161 411 692 496 440 934 799 0 1135 1194
1325 2566 2269 1427 1153 1929 1057 819 615 1600 1290 2043 1683 1135 0 2241
919 617 45 814 1126 944 1716 1421 1656 703 956 937 621 1194 2241 0
