0 128 77 627 1513 775 273 1456 366 331 5 601 1536 682 78 21
128 0 164 521 1447 809 279 1550 452 369 133 500 1641 763 173 111
77 164 0 608 1460 847 205 1498 295 254 78 578 1568 611 11 93
627 521 608 0 992 1281 488 2071 747 578 632 45 2161 956 619 618
1513 1447 1460 992 0 2251 1262 2951 1413 1274 1517 989 3000 1396 1468 1513
775 809 847 1281 2251 0 1049 929 1065 1096 772 1273 1097 1347 843 768
273 279 205 488 1262 1049 0 1690 263 110 276 449 1749 528 211 282
1456 1550 1498 2071 2951 929 1690 0 1562 1680 1451 2051 220 1715 1489 1461
366 452 295 747 1413 1065 263 1562 0 171 365 706 1592 316 290 385
331 369 254 578 1274 1096 110 1680 171 0 332 536 1726 418 255 344
5 133 78 632 1517 772 276 1451 365 332 0 606 1531 681 78 24
601 500 578 45 989 1273 449 2051 706 536 606 0 2137 911 588 592
1536 1641 1568 2161 3000 1097 1749 220 1592 1726 1531 2137 0 1707 1559 1544
682 763 611 956 1396 1347 528 1715 316 418 681 911 1707 0 606 702
78 173 11 619 1468 843 211 1489 290 255 78 588 1559 606 0 96
21 111 93 618 1513 768 282 1461 385 344 24 592 1544 702 96 0
