0 321 234 830 6 833 659 144 34 131 563 685 620 152 812 354 642 728 498 742 330 597 298 474 483 204 444 156 750 278 535 51 838 361 60 284 505 357 773 540 70 681 540 707 80 277 38 729 95 527 610 808 348 71 692 113 325 833 444 485 727 573 127 532 389 184 855 742 685 567 439 503 508 760 556 400 246 240
321 0 547 1144 315 1091 339 459 347 363 424 881 912 405 899 570 407 627 465 1062 513 767 60 791 705 469 640 165 463 139 833 312 517 634 345 129 816 94 853 700 380 411 533 941 358 310 325 1049 347 843 876 1118 567 251 659 380 607 516 765 529 1001 742 229 759 303 435 700 516 869 838 487 809 350 722 675 79 533 481
234 547 0 597 239 624 886 153 221 290 685 694 392 273 745 251 807 920 683 546 423 641 515 243 494 267 492 384 941 472 305 266 1062 176 243 482 353 591 869 446 204 865 584 669 245 388 222 504 270 353 540 639 243 304 729 178 288 1063 232 637 631 466 358 372 521 165 958 969 705 492 596 269 650 793 649 623 241 174
830 1144 597 0 835 402 1482 716 813 856 1194 954 285 824 945 661 1352 1443 1210 321 898 981 1108 356 836 784 888 981 1506 1057 331 857 1656 543 829 1068 495 1188 1244 723 789 1425 1020 846 825 934 819 148 847 440 711 463 658 901 1123 766 695 1661 410 1129 692 702 951 557 1060 724 1414 1547 984 685 1100 339 1183 1167 1060 1219 719 693
6 315 239 835 0 836 653 150 40 133 558 690 624 156 811 355 636 726 497 748 333 600 292 480 488 209 448 150 744 272 540 51 832 365 63 278 511 352 775 540 76 675 536 711 84 273 38 735 97 533 616 814 349 65 689 115 330 827 449 486 733 574 123 534 384 186 850 738 689 572 439 508 503 757 558 394 252 241
833 1091 624 402 836 0 1405 778 832 914 995 1211 264 898 593 521 1176 1545 1307 679 1034 1201 1040 485 1045 884 1072 951 1347 970 345 877 1558 471 860 981 740 1161 1454 465 823 1264 785 1132 866 808 805 493 891 693 987 831 524 892 845 730 855 1590 577 1258 1009 427 960 338 906 664 1151 1572 1234 948 1218 398 1007 873 1243 1151 841 613
659 339 886 1482 653 1405 0 794 683 683 538 1130 1244 724 1115 884 394 656 612 1396 791 1008 375 1130 984 786 909 504 303 436 1167 645 182 963 677 425 1144 317 1016 979 715 319 732 1215 689 597 664 1388 674 1175 1173 1443 882 588 811 716 924 185 1103 718 1301 1022 556 1067 523 766 713 400 1111 1141 691 1146 477 858 891 263 855 807
144 459 153 716 150 778 794 0 113 142 693 587 539 120 861 370 783 768 529 602 276 517 441 361 382 119 363 296 894 422 451 148 975 325 116 428 360 483 728 569 79 825 640 588 109 397 160 604 130 384 479 664 363 209 792 179 195 963 314 484 591 595 240 518 520 223 982 832 593 434 442 409 644 859 507 539 122 264
34 347 221 813 40 832 683 113 0 106 597 653 611 121 834 367 675 720 487 715 301 566 328 456 450 170 413 183 782 311 525 45 863 362 33 317 474 376 748 557 36 714 571 672 51 311 66 708 71 497 576 777 360 96 723 130 290 855 420 467 693 589 138 540 424 198 890 749 653 532 421 490 543 791 529 426 212 252
131 363 290 856 133 914 683 142 106 0 676 563 681 41 941 470 733 630 393 718 199 469 362 502 366 105 319 220 821 367 593 86 866 451 72 370 461 366 642 662 95 760 669 597 55 404 169 738 36 495 517 760 463 149 822 236 244 843 449 363 640 694 134 637 505 303 970 691 560 477 318 552 616 890 424 442 171 355
563 424 685 1194 558 995 538 693 597 676 0 1239 915 709 589 533 187 1047 889 1226 869 1139 376 894 1042 766 994 470 364 325 864 593 630 656 619 327 1032 513 1263 530 632 284 220 1269 639 299 536 1148 644 1038 1172 1325 536 527 272 524 886 703 913 941 1284 570 564 669 173 520 294 884 1235 1127 897 867 75 322 1068 407 808 525
685 881 694 954 690 1211 1130 587 653 563 1239 0 947 533 1439 944 1281 688 548 658 373 123 900 728 205 483 246 773 1341 923 873 648 1303 861 626 924 474 840 319 1140 622 1292 1222 136 605 963 719 805 596 527 243 578 936 712 1375 763 405 1242 635 428 310 1159 679 1052 1069 810 1534 936 35 270 444 817 1177 1442 255 949 466 847
620 912 392 285 624 264 1244 539 611 681 915 947 0 658 680 385 1079 1305 1067 459 780 936 869 220 781 637 811 757 1239 809 88 657 1410 281 635 820 478 969 1191 439 596 1157 735 870 637 670 599 295 662 432 725 608 383 686 838 533 594 1427 312 1008 755 420 747 273 789 478 1128 1361 969 685 971 137 908 883 983 981 587 437
152 405 273 824 156 898 724 120 121 41 709 533 658 0 950 471 771 648 409 678 180 444 402 473 333 64 291 259 862 404 570 115 907 441 92 408 420 407 630 667 98 800 692 561 72 430 188 704 65 455 477 719 464 184 845 246 202 883 415 367 600 696 175 631 537 308 1003 722 532 437 324 527 650 913 410 484 130 358
812 899 745 945 811 593 1115 861 834 941 589 1439 680 950 0 495 771 1501 1291 1128 1130 1378 838 807 1236 978 1224 836 945 759 689 863 1219 590 868 769 1054 992 1581 300 852 869 383 1411 885 599 773 975 905 1029 1276 1269 502 831 338 704 1033 1288 878 1296 1350 289 900 429 606 642 622 1412 1448 1229 1249 729 640 331 1361 923 977 597
354 570 251 661 355 521 884 370 367 470 533 944 385 471 495 0 694 1081 852 721 645 884 518 379 741 489 732 440 854 448 330 405 1041 130 400 460 583 645 1098 198 375 772 375 920 414 291 318 620 437 570 789 841 7 397 505 240 538 1069 424 833 874 225 469 189 405 169 769 1065 953 742 788 337 523 564 876 629 482 114
642 407 807 1352 636 1176 394 783 675 733 187 1281 1079 771 771 694 0 982 861 1353 909 1171 381 1034 1095 834 1036 513 176 367 1021 659 454 809 689 362 1139 476 1258 714 712 98 408 1330 708 423 624 1293 707 1153 1248 1439 696 589 442 633 965 538 1040 935 1368 755 605 845 293 648 325 776 1271 1206 894 1017 171 478 1082 356 886 665
728 627 920 1443 726 1545 656 768 720 630 1047 688 1305 648 1501 1081 982 0 238 1225 544 576 684 1109 656 670 582 666 949 756 1217 678 777 1081 690 748 968 535 438 1258 723 941 1155 816 681 903 762 1307 656 1019 854 1201 1075 686 1287 841 748 681 1036 317 967 1295 613 1260 929 912 1303 301 656 846 343 1172 972 1350 445 641 727 968
498 465 683 1210 497 1307 612 529 487 393 889 548 1067 409 1291 852 861 238 0 1007 316 424 512 872 460 432 380 459 869 574 979 447 772 845 455 568 746 385 406 1035 488 841 964 657 445 701 534 1077 420 795 664 999 846 463 1105 612 519 701 802 120 786 1070 392 1027 749 683 1165 394 522 648 120 934 815 1171 294 504 492 738
742 1062 546 321 748 679 1396 602 715 718 1226 658 459 678 1128 721 1353 1225 1007 0 692 705 1041 341 578 622 645 898 1484 1011 438 750 1577 591 718 1019 264 1081 965 855 682 1409 1095 538 706 933 747 187 723 223 416 151 716 811 1225 721 497 1560 313 908 375 848 840 700 1066 708 1485 1379 690 401 889 402 1195 1281 806 1141 551 701
330 513 423 898 333 1034 791 276 301 199 869 373 780 180 1130 645 909 544 316 692 0 271 528 572 194 157 127 401 976 550 693 285 970 599 270 552 429 482 453 843 279 923 869 429 250 603 367 762 235 478 385 693 637 345 1021 427 203 926 494 231 513 870 306 794 700 487 1163 691 365 357 201 643 805 1090 231 585 193 535
597 767 641 981 600 1201 1008 517 566 469 1139 123 936 444 1378 884 1171 576 424 705 271 0 790 716 155 403 154 670 1225 819 857 555 1180 815 537 819 486 722 263 1083 539 1178 1137 239 516 873 633 833 504 541 296 648 877 616 1290 685 357 1118 625 304 395 1106 575 1010 971 739 1433 815 102 304 320 802 1075 1358 134 833 402 781
298 60 515 1108 292 1040 375 441 328 362 376 900 869 402 838 518 381 684 512 1041 528 790 0 758 717 466 656 146 459 79 792 299 547 588 332 69 802 153 891 642 363 398 474 952 348 251 296 1019 340 825 879 1105 516 232 603 342 603 557 739 568 1002 684 229 706 245 391 659 576 890 839 524 771 303 666 705 112 527 434
474 791 243 356 480 485 1130 361 456 502 894 728 220 473 807 379 1034 1109 872 341 572 716 758 0 561 440 593 627 1176 713 145 500 1306 249 472 723 267 832 972 521 432 1098 754 657 469 610 465 262 492 229 512 468 374 545 884 418 378 1307 92 803 558 520 594 378 742 387 1146 1193 749 470 769 91 870 940 766 867 382 369
483 705 494 836 488 1045 984 382 450 366 1042 205 781 333 1236 741 1095 656 460 578 194 155 717 561 0 280 80 583 1169 732 701 449 1163 665 425 734 340 677 413 939 419 1114 1017 235 404 761 516 689 398 395 204 545 734 516 1170 558 206 1115 470 346 329 960 490 859 870 605 1336 853 212 190 340 646 983 1238 228 778 261 643
204 469 267 784 209 884 786 119 170 105 766 483 637 64 978 489 834 670 432 622 157 403 466 440 280 0 249 322 926 467 549 175 969 442 147 471 361 469 609 688 139 864 738 503 127 481 236 658 127 399 414 657 482 245 891 282 138 943 373 373 536 714 239 636 593 336 1059 767 485 373 334 502 710 959 387 548 70 381
444 640 492 888 448 1072 909 363 413 319 994 246 811 291 1224 732 1036 582 380 645 127 154 656 593 80 249 0 527 1103 677 727 404 1087 668 384 679 396 606 383 931 385 1051 984 306 363 721 480 745 353 450 284 620 724 467 1137 531 217 1037 505 269 409 954 433 863 824 584 1288 773 241 267 260 674 931 1205 174 711 250 627
156 165 384 981 150 951 504 296 183 220 470 773 757 259 836 440 513 666 459 898 401 670 146 627 583 322 527 0 605 149 676 153 682 484 185 151 656 212 801 598 217 541 508 816 201 242 162 884 195 680 736 959 436 86 653 224 458 679 600 485 858 637 94 630 307 287 763 624 766 696 438 649 405 720 599 243 381 338
750 463 941 1506 744 1347 303 894 782 821 364 1341 1239 862 945 854 176 949 869 1484 976 1225 459 1176 1169 926 1103 605 0 474 1175 757 301 963 789 466 1255 503 1276 887 818 82 585 1405 806 571 739 1438 800 1274 1338 1558 855 688 611 763 1062 400 1173 960 1462 929 687 1013 449 788 435 703 1327 1299 925 1168 339 642 1122 392 986 813
278 139 472 1057 272 970 436 422 311 367 325 923 809 404 759 448 367 756 574 1011 550 819 79 713 732 467 677 149 474 0 735 292 601 527 322 11 782 232 939 564 347 403 399 965 341 172 265 976 340 800 881 1085 446 222 533 295 598 621 702 618 1001 606 243 634 175 334 616 655 916 839 573 718 256 598 743 182 520 372
535 833 305 331 540 345 1167 451 525 593 864 873 88 570 689 330 1021 1217 979 438 693 857 792 145 701 549 727 676 1175 735 0 571 1336 212 548 746 412 887 1109 422 509 1095 696 803 550 604 516 300 575 372 658 580 327 602 810 453 510 1349 238 920 700 412 662 262 728 401 1092 1274 894 616 883 55 851 861 899 904 500 365
51 312 266 857 51 877 645 148 45 86 593 648 657 115 863 405 659 678 447 750 285 555 299 500 449 175 404 153 757 292 571 0 827 406 32 297 504 335 724 591 69 692 584 677 49 317 90 750 51 530 588 807 398 70 736 165 306 814 461 434 708 625 94 581 421 235 887 703 646 546 387 536 535 804 508 392 228 290
838 517 1062 1656 832 1558 182 975 863 866 630 1303 1410 907 1219 1041 454 777 772 1577 970 1180 547 1306 1163 969 1087 682 301 601 1336 827 0 1128 859 590 1326 500 1168 1117 895 358 843 1392 871 750 841 1566 856 1356 1354 1626 1040 768 895 889 1107 113 1282 884 1482 1160 738 1219 657 934 736 488 1282 1322 860 1317 583 933 1058 439 1038 973
361 634 176 543 365 471 963 325 362 451 656 861 281 441 590 130 809 1081 845 591 599 815 588 249 665 442 668 484 963 527 212 406 1128 0 391 538 467 696 1046 291 357 882 505 823 400 391 334 492 425 448 686 713 125 421 634 261 459 1146 299 808 762 302 488 195 516 199 898 1101 874 640 765 210 640 691 826 701 418 155
60 345 243 829 63 860 677 116 33 72 619 626 635 92 868 400 689 690 455 718 270 537 332 472 425 147 384 185 789 322 548 32 859 391 0 327 471 366 715 591 40 724 600 650 20 337 97 720 37 498 559 774 393 101 753 164 275 846 430 434 678 623 123 572 446 232 912 726 625 516 388 511 562 821 497 425 197 285
284 129 482 1068 278 981 425 428 317 370 327 924 820 408 769 460 362 748 568 1019 552 819 69 723 734 471 679 151 466 11 746 297 590 538 327 0 789 222 936 575 353 397 407 968 346 183 273 985 344 808 885 1092 457 227 539 304 603 610 711 615 1006 617 245 646 181 344 617 645 917 843 570 728 257 604 742 171 525 383
505 816 353 495 511 740 1144 360 474 461 1032 474 478 420 1054 583 1139 968 746 264 429 486 802 267 340 361 396 656 1255 782 412 504 1326 467 471 789 0 827 749 757 438 1185 936 392 457 733 517 349 470 55 246 303 576 569 1080 510 233 1304 179 650 296 765 588 633 863 516 1310 1114 500 207 628 358 991 1142 566 896 291 526
357 94 591 1188 352 1161 317 483 376 366 513 840 969 407 992 645 476 535 385 1081 482 722 153 832 677 469 606 212 503 232 887 335 500 696 366 222 827 0 783 785 405 463 627 911 375 399 371 1085 358 859 860 1126 641 287 753 436 606 479 796 461 987 826 242 834 398 498 781 427 824 826 423 859 438 816 618 119 537 548
773 853 869 1244 775 1454 1016 728 748 642 1263 319 1191 630 1581 1098 1258 438 406 965 453 263 891 972 413 609 383 801 1276 939 1109 724 1168 1046 715 936 749 783 0 1296 729 1244 1301 455 696 1031 811 1096 678 804 550 895 1090 770 1451 877 600 1086 882 323 629 1323 712 1241 1108 939 1550 728 284 564 367 1056 1192 1519 221 902 628 988
540 700 446 723 540 465 979 569 557 662 530 1140 439 667 300 198 714 1258 1035 855 843 1083 642 521 939 688 931 598 887 564 422 591 1117 291 591 575 757 785 1296 0 569 805 320 1111 606 391 502 721 628 736 977 988 206 572 400 427 735 1162 586 1025 1053 43 645 165 459 359 699 1212 1151 930 978 452 548 443 1074 744 681 308
70 380 204 789 76 823 715 79 36 95 632 622 596 98 852 375 712 723 488 682 279 539 363 432 419 139 385 217 818 347 509 69 895 357 40 353 438 405 729 569 0 750 599 638 42 343 97 680 67 463 540 742 368 131 752 148 254 884 391 458 656 599 163 541 459 210 924 766 624 496 414 472 579 820 509 459 176 261
681 411 865 1425 675 1264 319 825 714 760 284 1292 1157 800 869 772 98 941 841 1409 923 1178 398 1098 1114 864 1051 541 82 403 1095 692 358 882 724 397 1185 463 1244 805 750 0 504 1350 741 491 668 1360 737 1203 1277 1488 773 622 539 688 998 447 1098 925 1400 846 627 930 367 710 394 714 1280 1237 887 1088 257 574 1081 346 921 733
540 533 584 1020 536 785 732 640 571 669 220 1222 735 692 383 375 408 1155 964 1095 869 1137 474 754 1017 738 984 508 585 399 696 584 843 505 600 407 936 627 1301 320 599 504 0 1228 620 270 504 992 634 932 1113 1210 380 531 152 460 834 906 792 992 1213 357 590 472 230 427 395 1038 1223 1066 945 710 259 220 1090 546 762 410
707 941 669 846 711 1132 1215 588 672 597 1269 136 870 561 1411 920 1330 816 657 538 429 239 952 657 235 503 306 816 1405 965 803 677 1392 823 650 968 392 911 455 1111 638 1350 1228 0 630 981 736 698 627 438 145 446 912 745 1380 768 393 1338 566 537 175 1126 725 1006 1096 804 1562 1051 172 187 545 748 1212 1446 373 1014 466 834
80 358 245 825 84 866 689 109 51 55 639 605 637 72 885 414 708 681 445 706 250 516 348 469 404 127 363 201 806 341 550 49 871 400 20 346 457 375 696 606 42 741 620 630 0 358 117 713 25 485 539 760 407 119 773 181 257 855 424 419 659 638 133 583 467 247 933 726 604 497 373 512 582 841 478 438 179 300
277 310 388 934 273 808 597 397 311 404 299 963 670 430 599 291 423 903 701 933 603 873 251 610 761 481 721 242 571 172 604 317 750 391 337 183 733 399 1031 391 343 491 270 981 358 0 245 870 368 740 877 1027 291 261 420 224 592 782 619 723 987 434 320 470 132 225 584 825 962 831 676 597 261 488 821 353 515 242
38 325 222 819 38 805 664 160 66 169 536 719 599 188 773 318 624 762 534 747 367 633 296 465 516 236 480 162 739 265 516 90 841 334 97 273 517 371 811 502 97 668 504 736 117 245 0 724 133 535 635 819 312 87 656 78 349 841 442 524 750 536 155 499 362 149 827 767 720 591 477 487 484 724 594 402 272 205
729 1049 504 148 735 493 1388 604 708 738 1148 805 295 704 975 620 1293 1307 1077 187 762 833 1019 262 689 658 745 884 1438 976 300 750 1566 492 720 985 349 1085 1096 721 680 1360 992 698 713 870 724 0 734 294 563 338 616 801 1110 680 558 1563 289 991 548 708 843 558 1000 649 1388 1425 835 537 964 283 1127 1161 915 1126 591 628
95 347 270 847 97 891 674 130 71 36 644 596 662 65 905 437 707 656 420 723 235 504 340 492 398 127 353 195 800 340 575 51 856 425 37 344 470 358 678 628 67 737 634 627 25 368 133 734 0 501 541 772 430 118 786 202 262 838 444 396 663 660 118 607 472 269 938 702 594 500 350 536 585 854 460 427 186 323
527 843 353 440 533 693 1175 384 497 495 1038 527 432 455 1029 570 1153 1019 795 223 478 541 825 229 395 399 450 680 1274 800 372 530 1356 448 498 808 55 859 804 736 463 1203 932 438 485 740 535 294 501 0 294 287 563 594 1072 520 278 1338 150 702 328 740 618 604 872 519 1311 1159 553 258 678 319 1001 1133 621 923 328 523
610 876 540 711 616 987 1173 479 576 517 1172 243 725 477 1276 789 1248 854 664 416 385 296 879 512 204 414 284 736 1338 881 658 588 1354 686 559 885 246 860 550 977 540 1277 1113 145 539 877 635 563 541 294 0 352 782 658 1263 657 286 1312 422 550 127 989 650 866 998 685 1461 1057 274 47 545 604 1119 1328 412 953 363 710
808 1118 639 463 814 831 1443 664 777 760 1325 578 608 719 1269 841 1439 1201 999 151 693 648 1105 468 545 657 620 959 1558 1085 580 807 1626 713 774 1092 303 1126 895 988 742 1488 1210 446 760 1027 819 338 772 287 352 0 835 873 1346 807 521 1599 418 890 271 985 890 839 1159 804 1594 1384 612 355 878 540 1288 1405 764 1198 588 806
348 567 243 658 349 524 882 363 360 463 536 936 383 464 502 7 696 1075 846 716 637 877 516 374 734 482 724 436 855 446 327 398 1040 125 393 457 576 641 1090 206 368 773 380 912 407 291 312 616 430 563 782 835 0 392 511 234 530 1067 418 826 866 232 464 193 406 163 773 1061 946 734 781 333 525 570 869 627 475 108
71 251 304 901 65 892 588 209 96 149 527 712 686 184 831 397 589 686 463 811 345 616 232 545 516 245 467 86 688 222 602 70 768 421 101 227 569 287 770 572 131 622 531 745 119 261 87 801 118 594 658 873 392 0 682 162 376 762 514 467 779 609 72 582 356 232 821 680 709 617 420 572 467 750 559 330 298 287
692 659 729 1123 689 845 811 792 723 822 272 1375 838 845 338 505 442 1287 1105 1225 1021 1290 603 884 1170 891 1137 653 611 533 810 736 895 634 753 539 1080 753 1451 400 752 539 152 1380 773 420 656 1110 786 1072 1263 1346 511 682 0 613 986 973 929 1138 1361 428 738 565 358 577 306 1148 1376 1215 1092 831 338 68 1241 660 914 555
113 380 178 766 115 730 716 179 130 236 524 763 533 246 704 240 633 841 612 721 427 685 342 418 558 282 531 224 763 295 453 165 889 261 164 304 510 436 877 427 148 688 460 768 181 224 78 680 202 520 657 807 234 162 613 0 374 897 409 597 764 460 232 421 353 71 807 841 767 610 551 429 481 680 657 453 301 126
325 607 288 695 330 855 924 195 290 244 886 405 594 202 1033 538 965 748 519 497 203 357 603 378 206 138 217 458 1062 598 510 306 1107 459 275 603 233 606 600 735 254 998 834 393 257 592 349 558 262 278 286 521 530 376 986 374 0 1078 295 434 402 754 377 653 712 411 1176 881 416 242 405 457 833 1052 388 686 78 444
833 516 1063 1661 827 1590 185 963 855 843 703 1242 1427 883 1288 1069 538 681 701 1560 926 1118 557 1307 1115 943 1037 679 400 621 1349 814 113 1146 846 610 1304 479 1086 1162 884 447 906 1338 855 782 841 1563 838 1338 1312 1599 1067 762 973 897 1078 0 1275 817 1439 1206 722 1252 705 948 835 385 1219 1282 798 1326 648 1015 992 445 1013 991
444 765 232 410 449 577 1103 314 420 449 913 635 312 415 878 424 1040 1036 802 313 494 625 739 92 470 373 505 600 1173 702 238 461 1282 299 430 711 179 796 882 586 391 1098 792 566 424 619 442 289 444 150 422 418 418 514 929 409 295 1275 0 726 475 590 554 454 752 394 1177 1138 657 379 694 183 881 988 679 843 310 389
485 529 637 1129 486 1258 718 484 467 363 941 428 1008 367 1296 833 935 317 120 908 231 304 568 803 346 373 269 485 960 618 920 434 884 808 434 615 650 461 323 1025 458 925 992 537 419 723 524 991 396 702 550 890 826 467 1138 597 434 817 726 0 670 1057 403 998 790 666 1227 513 403 536 47 872 870 1206 175 580 421 719
727 1001 631 692 733 1009 1301 591 693 640 1284 310 755 600 1350 874 1368 967 786 375 513 395 1002 558 329 536 409 858 1462 1001 700 708 1482 762 678 1006 296 987 629 1053 656 1400 1213 175 659 987 750 548 663 328 127 271 866 779 1361 764 402 1439 475 670 0 1061 774 929 1111 786 1571 1181 345 163 668 647 1234 1425 521 1079 481 805
573 742 466 702 574 427 1022 595 589 694 570 1159 420 696 289 225 755 1295 1070 848 870 1106 684 520 960 714 954 637 929 606 412 625 1160 302 623 617 765 826 1323 43 599 846 357 1126 638 434 536 708 660 740 989 985 232 609 428 460 754 1206 590 1057 1061 0 681 149 502 390 730 1254 1171 942 1011 446 590 466 1101 787 704 338
127 229 358 951 123 960 556 240 138 134 564 679 747 175 900 469 605 613 392 840 306 575 229 594 490 239 433 94 687 243 662 94 738 488 123 245 588 242 712 645 163 627 590 725 133 320 155 843 118 618 650 890 464 72 738 232 377 722 554 403 774 681 0 653 399 303 857 614 672 611 355 628 499 806 507 309 303 358
532 759 372 557 534 338 1067 518 540 637 669 1052 273 631 429 189 845 1260 1027 700 794 1010 706 378 859 636 863 630 1013 634 262 581 1219 195 572 646 633 834 1241 165 541 930 472 1006 583 470 499 558 607 604 866 839 193 582 565 421 653 1252 454 998 929 149 653 0 568 350 860 1255 1067 820 954 299 674 609 1021 816 613 295
389 303 521 1060 384 906 523 520 424 505 173 1069 789 537 606 405 293 929 749 1066 700 971 245 742 870 593 824 307 449 175 728 421 657 516 446 181 863 398 1108 459 459 367 230 1096 467 132 362 1000 472 872 998 1159 406 356 358 353 712 705 752 790 1111 502 399 568 0 358 466 808 1065 954 743 724 129 422 906 316 635 372
184 435 165 724 186 664 766 223 198 303 520 810 478 308 642 169 648 912 683 708 487 739 391 387 605 336 584 287 788 334 401 235 934 199 232 344 516 498 939 359 210 710 427 804 247 225 149 649 269 519 685 804 163 232 577 71 411 948 394 666 786 390 303 350 358 0 793 909 816 638 620 384 487 642 718 503 344 55
855 700 958 1414 850 1151 713 982 890 970 294 1534 1128 1003 622 769 325 1303 1165 1485 1163 1433 659 1146 1336 1059 1288 763 435 616 1092 887 736 898 912 617 1310 781 1550 699 924 394 395 1562 933 584 827 1388 938 1311 1461 1594 773 821 306 807 1176 835 1177 1227 1571 730 857 860 466 793 0 1101 1529 1416 1183 1105 359 292 1360 665 1099 788
742 516 969 1547 738 1572 400 832 749 691 884 936 1361 722 1412 1065 776 301 394 1379 691 815 576 1193 853 767 773 624 703 655 1274 703 488 1101 726 645 1114 427 728 1212 766 714 1038 1051 726 825 767 1425 702 1159 1057 1384 1061 680 1148 841 881 385 1138 513 1181 1254 614 1255 808 909 1101 0 907 1039 512 1238 812 1204 681 491 836 962
685 869 705 984 689 1234 1111 593 653 560 1235 35 969 532 1448 953 1271 656 522 690 365 102 890 749 212 485 241 766 1327 916 894 646 1282 874 625 917 500 824 284 1151 624 1280 1223 172 604 962 720 835 594 553 274 612 946 709 1376 767 416 1219 657 403 345 1171 672 1067 1065 816 1529 907 0 298 421 838 1171 1444 228 935 472 855
567 838 492 685 572 948 1141 434 532 477 1127 270 685 437 1229 742 1206 846 648 401 357 304 839 470 190 373 267 696 1299 839 616 546 1322 640 516 843 207 826 564 930 496 1237 1066 187 497 831 591 537 500 258 47 355 734 617 1215 610 242 1282 379 536 163 942 611 820 954 638 1416 1039 298 0 527 562 1075 1281 411 916 320 663
439 487 596 1100 439 1218 691 442 421 318 897 444 971 324 1249 788 894 343 120 889 201 320 524 769 340 334 260 438 925 573 883 387 860 765 388 570 628 423 367 978 414 887 945 545 373 676 477 964 350 678 545 878 781 420 1092 551 405 798 694 47 668 1011 355 954 743 620 1183 512 421 527 0 835 826 1159 199 541 386 673
503 809 269 339 508 398 1146 409 490 552 867 817 137 527 729 337 1017 1172 934 402 643 802 771 91 646 502 674 649 1168 718 55 536 1317 210 511 728 358 859 1056 452 472 1088 710 748 512 597 487 283 536 319 604 540 333 572 831 429 457 1326 183 872 647 446 628 299 724 384 1105 1238 838 562 835 0 849 884 846 882 451 354
508 350 650 1183 503 1007 477 644 543 616 75 1177 908 650 640 523 171 972 815 1195 805 1075 303 870 983 710 931 405 339 256 851 535 583 640 562 257 991 438 1192 548 579 257 259 1212 582 261 484 1127 585 1001 1119 1288 525 467 338 481 833 648 881 870 1234 590 499 674 129 487 359 812 1171 1075 826 849 0 392 1000 332 755 500
760 722 793 1167 757 873 858 859 791 890 322 1442 883 913 331 564 478 1350 1171 1281 1090 1358 666 940 1238 959 1205 720 642 598 861 804 933 691 821 604 1142 816 1519 443 820 574 220 1446 841 488 724 1161 854 1133 1328 1405 570 750 68 680 1052 1015 988 1206 1425 466 806 609 422 642 292 1204 1444 1281 1159 884 392 0 1309 720 981 619
556 675 649 1060 558 1243 891 507 529 424 1068 255 983 410 1361 876 1082 445 294 806 231 134 705 766 228 387 174 599 1122 743 899 508 1058 826 497 742 566 618 221 1074 509 1081 1090 373 478 821 594 915 460 621 412 764 869 559 1241 657 388 992 679 175 521 1101 507 1021 906 718 1360 681 228 411 199 846 1000 1309 0 734 409 766
400 79 623 1219 394 1151 263 539 426 442 407 949 981 484 923 629 356 641 504 1141 585 833 112 867 778 548 711 243 392 182 904 392 439 701 425 171 896 119 902 744 459 346 546 1014 438 353 402 1126 427 923 953 1198 627 330 660 453 686 445 843 580 1079 787 309 816 316 503 665 491 935 916 541 882 332 720 734 0 613 546
246 533 241 719 252 841 855 122 212 171 808 466 587 130 977 482 886 727 492 551 193 402 527 382 261 70 250 381 986 520 500 228 1038 418 197 525 291 537 628 681 176 921 762 466 179 515 272 591 186 328 363 588 475 298 914 301 78 1013 310 421 481 704 303 613 635 344 1099 836 472 320 386 451 755 981 409 613 0 382
240 481 174 693 241 613 807 264 252 355 525 847 437 358 597 114 665 968 738 701 535 781 434 369 643 381 627 338 813 372 365 290 973 155 285 383 526 548 988 308 261 733 410 834 300 242 205 628 323 523 710 806 108 287 555 126 444 991 389 719 805 338 358 295 372 55 788 962 855 663 673 354 500 619 766 546 382 0
