0 990 699 1263 736 1308 942 325 877 1238 14 879 620 1557 1027 221
990 0 602 2009 1132 2096 1480 769 1837 2007 1000 1133 1087 2159 1831 900
699 602 0 1942 533 1998 882 374 1384 1922 713 534 505 2195 1717 503
1263 2009 1942 0 1951 126 2037 1581 1339 58 1249 2110 1837 410 253 1483
736 1132 533 1951 0 1974 348 533 1030 1917 748 166 116 2278 1702 535
1308 2096 1998 126 1974 0 2038 1630 1299 94 1294 2136 1861 489 281 1526
942 1480 882 2037 348 2038 0 829 903 1995 951 406 404 2398 1783 786
325 769 374 1581 533 1630 829 0 1075 1558 339 638 434 1855 1349 140
877 1837 1384 1339 1030 1299 903 1075 0 1286 872 1185 961 1743 1104 939
1238 2007 1922 58 1917 94 1995 1558 1286 0 1223 2077 1803 467 215 1457
14 1000 713 1249 748 1294 951 339 872 1223 0 891 632 1544 1013 235
879 1133 534 2110 166 2136 406 638 1185 2077 891 0 274 2430 1862 667
620 1087 505 1837 116 1861 404 434 961 1803 632 274 0 2161 1588 422
1557 2159 2195 410 2278 489 2398 1855 1743 467 1544 2430 2161 0 641 1777
1027 1831 1717 253 1702 281 1783 1349 1104 215 1013 1862 1588 641 0 1245
221 900 503 1483 535 1526 786 140 939 1457 235 667 422 1777 1245 0
