0 606 1622 1578 1379 1509 523 1163 1358 1729 1711 40 1072 1198 1130 504
606 0 2083 1501 1062 1246 407 1254 1114 2177 1241 628 970 1780 1568 1097
1622 2083 0 3128 2054 2007 1717 1227 2976 2492 2564 1583 1596 778 515 1484
1578 1501 3128 0 2544 2738 1847 2680 502 1646 2592 1617 2458 2505 2675 1658
1379 1062 2054 2544 0 206 859 832 2109 3108 512 1368 468 2151 1616 1837
1509 1246 2007 2738 206 0 1002 782 2309 3237 618 1494 494 2179 1603 1944
523 407 1717 1847 859 1002 0 854 1500 2250 1196 517 620 1519 1204 1007
1163 1254 1227 2680 832 782 854 0 2354 2763 1345 1131 403 1453 831 1445
1358 1114 2976 502 2109 2309 1500 2354 0 1949 2113 1398 2084 2446 2489 1588
1729 2177 2492 1646 3108 3237 2250 2763 1949 0 3405 1742 2780 1714 2260 1321
1711 1241 2564 2592 512 618 1196 1345 2113 3405 0 1710 971 2620 2117 2204
40 628 1583 1617 1368 1494 517 1131 1398 1742 1710 0 1051 1167 1090 497
1072 970 1596 2458 468 494 620 403 2084 2780 971 1051 0 1692 1148 1470
1198 1780 778 2505 2151 2179 1519 1453 2446 1714 2620 1167 1692 0 673 860
1130 1568 515 2675 1616 1603 1204 831 2489 2260 2117 1090 1148 673 0 1083
504 1097 1484 1658 1837 1944 1007 1445 1588 1321 2204 497 1470 860 1083 0
