0 202 176 571 293 1022 371 724 527 299 1036 1381 1653 1525 1394 1549 931
202 0 165 622 336 842 379 921 400 261 854 1535 1461 1610 1274 1666 733
176 165 0 460 172 992 499 812 353 126 882 1557 1510 1445 1218 1725 863
571 622 460 0 290 1394 941 752 490 371 1009 1792 1633 990 1068 2034 1222
293 336 172 290 0 1146 655 740 362 123 923 1617 1559 1273 1160 1818 999
1022 842 992 1394 1146 0 847 1742 944 1033 836 2009 1111 2367 1490 1973 235
371 379 499 941 655 847 0 960 777 622 1160 1239 1716 1894 1643 1317 844
724 921 812 752 740 1742 960 0 1102 854 1663 1176 2299 1237 1821 1504 1654
527 400 353 490 362 944 777 1102 0 256 561 1908 1198 1426 875 2062 750
299 261 126 371 123 1033 622 854 256 0 811 1671 1446 1362 1100 1848 879
1036 854 882 1009 923 836 1160 1663 561 811 0 2383 636 1810 656 2477 602
1381 1535 1557 1792 1617 2009 1239 1176 1908 1671 2383 0 2956 2407 2771 404 2064
1653 1461 1510 1633 1559 1111 1716 2299 1198 1446 636 2956 0 2336 904 3003 945
1525 1610 1445 990 1273 2367 1894 1237 1426 1362 1810 2407 2336 0 1495 2741 2176
1394 1274 1218 1068 1160 1490 1643 1821 875 1100 656 2771 904 1495 0 2938 1254
1549 1666 1725 2034 1818 1973 1317 1504 2062 1848 2477 404 3003 2741 2938 0 2072
931 733 863 1222 999 235 844 1654 750 879 602 2064 945 2176 1254 2072 0
