0 1061 1440 1535 1149 1676 1344 1345 1003 809 535 1467 617 945 554 208
1061 0 2154 1891 1331 1528 2149 1540 1556 1772 1522 1629 469 452 1582 1100
1440 2154 0 686 2576 3117 219 2757 609 1767 979 2877 1728 1762 1051 1250
1535 1891 686 0 2663 3135 874 2870 547 2116 1269 2991 1561 1445 1379 1326
1149 1331 2576 2663 0 587 2456 220 2147 1135 1610 333 1252 1599 1570 1355
1676 1528 3117 3135 587 0 3011 519 2645 1717 2170 464 1618 1902 2139 1872
1344 2149 219 874 2456 3011 0 2627 665 1588 845 2747 1703 1785 899 1170
1345 1540 2757 2870 220 519 2627 0 2348 1224 1783 121 1473 1819 1733 1553
1003 1556 609 547 2147 2645 665 2348 0 1573 730 2469 1150 1153 844 794
809 1772 1767 2116 1135 1717 1588 1224 1573 0 847 1326 1388 1744 742 938
535 1522 979 1269 1610 2170 845 1783 730 847 0 1903 1053 1283 118 422
1467 1629 2877 2991 333 464 2747 121 2469 1326 1903 0 1583 1923 1851 1674
617 469 1728 1561 1252 1618 1703 1473 1150 1388 1053 1583 0 380 1115 632
945 452 1762 1445 1599 1902 1785 1819 1153 1744 1283 1923 380 0 1368 895
554 1582 1051 1379 1570 2139 899 1733 844 742 118 1851 1115 1368 0 484
208 1100 1250 1326 1355 1872 1170 1553 794 938 422 1674 632 895 484 0
