0 1729 1636 866 656 674 39 1586 1562 967 815 1614 85 426 843 750 375
1729 0 1396 2006 1073 1128 1698 2106 2933 1420 1641 888 1796 1441 2553 2453 1743
1636 1396 0 1215 1290 1085 1634 2892 3195 682 2152 519 1720 1213 2144 2049 1355
866 2006 1215 0 1126 941 893 2449 2285 638 1668 1473 916 701 975 891 500
656 1073 1290 1126 0 233 626 1606 2027 788 865 1091 725 435 1485 1387 725
674 1128 1085 941 233 0 654 1828 2160 554 1069 955 755 314 1443 1341 615
39 1698 1634 893 626 654 0 1556 1562 970 782 1600 101 421 879 787 398
1586 2106 2892 2449 1606 1828 1556 0 1259 2362 789 2610 1547 1841 2100 2059 1950
1562 2933 3195 2285 2027 2160 1562 1259 0 2530 1295 3110 1480 1982 1487 1512 1892
967 1420 682 638 788 554 970 2362 2530 0 1584 838 1049 560 1483 1384 672
815 1641 2152 1668 865 1069 782 789 1295 1584 0 1937 790 1052 1471 1407 1168
1614 888 519 1473 1091 955 1600 2610 3110 838 1937 0 1698 1198 2285 2184 1434
85 1796 1720 916 725 755 101 1547 1480 1049 790 1698 0 512 796 708 438
426 1441 1213 701 435 314 421 1841 1982 560 1052 1198 512 0 1133 1031 303
843 2553 2144 975 1485 1443 879 2100 1487 1483 1471 2285 796 1133 0 102 855
750 2453 2049 891 1387 1341 787 2059 1512 1384 1407 2184 708 1031 102 0 753
375 1743 1355 500 725 615 398 1950 1892 672 1168 1434 438 303 855 753 0
