0 261 1052 247 383 373 139 85 553 353 1424 1175 406 675 1692 350
261 0 1235 35 300 634 142 236 349 614 1650 1316 505 917 1881 174
1052 1235 0 1243 1041 869 1176 1136 1271 897 1675 260 1368 1116 2104 1168
247 35 1243 0 330 618 117 211 383 597 1620 1331 471 891 1848 208
383 300 1041 330 0 683 368 426 245 675 1792 1078 757 1035 2074 147
373 634 869 618 683 0 504 417 898 30 1126 1061 518 375 1457 702
139 142 1176 117 368 504 0 94 478 482 1508 1284 391 775 1748 283
85 236 1136 211 426 417 94 0 563 393 1417 1261 336 680 1664 364
553 349 1271 383 245 898 478 563 0 886 1976 1283 854 1228 2226 202
353 614 897 597 675 30 482 393 886 0 1127 1086 488 372 1451 687
1424 1650 1675 1620 1792 1126 1508 1417 1976 1127 0 1932 1210 757 456 1774
1175 1316 260 1331 1078 1061 1284 1261 1283 1086 1932 0 1530 1344 2357 1218
406 505 1368 471 757 518 391 336 854 488 1210 1530 0 572 1391 670
675 917 1116 891 1035 375 775 680 1228 372 757 1344 572 0 1084 1025
1692 1881 2104 1848 2074 1457 1748 1664 2226 1451 456 2357 1391 1084 0 2028
350 174 1168 208 147 702 283 364 202 687 1774 1218 670 1025 2028 0
