0 421 1226 1144 522 845 891 614 774 1668 1437 604 1095 385 257 22
421 0 817 1505 326 529 634 625 1150 1836 1605 495 1513 330 299 407
1226 817 0 2169 976 825 975 1302 1966 2495 1963 884 2286 1082 1103 1215
1144 1505 2169 0 1666 1987 2034 1683 1133 2313 881 1290 532 1523 1399 1166
522 326 976 1666 0 335 370 334 1060 1553 1887 818 1570 155 267 500
845 529 825 1987 335 0 155 552 1374 1680 2133 996 1905 490 598 824
891 634 975 2034 370 155 0 482 1334 1544 2236 1119 1912 511 635 869
614 625 1302 1683 334 552 482 0 857 1220 2051 1085 1481 303 402 593
774 1150 1966 1133 1060 1374 1334 857 0 1183 1822 1356 733 916 865 777
1668 1836 2495 2313 1553 1680 1544 1220 1183 0 2978 2249 1861 1506 1565 1656
1437 1605 1963 881 1887 2133 2236 2051 1822 2978 0 1164 1394 1791 1666 1458
604 495 884 1290 818 996 1119 1085 1356 2249 1164 0 1472 783 693 611
1095 1513 2286 532 1570 1905 1912 1481 733 1861 1394 1472 0 1415 1312 1112
385 330 1082 1523 155 490 511 303 916 1506 1791 783 1415 0 129 362
257 299 1103 1399 267 598 635 402 865 1565 1666 693 1312 129 0 235
22 407 1215 1166 500 824 869 593 777 1656 1458 611 1112 362 235 0
