0 648 64 810 773 84 556 59 148 640 459 209 627 402 544 391 408 262 412 481 310 413 70 439 387 464 569 578 398 254 200 333 277 596 208 478 794 334 725 452 315 417 435 670 381 560 122 303 182 449 563 127 607 760 816 823 81 288 528 424 854 317 716 296 556 756 723 747 225 467 807 596 57 409 287 577 316 44
648 0 587 162 525 565 1203 694 606 189 559 853 1240 792 1189 1036 351 560 1056 1048 512 943 691 734 915 932 715 903 918 786 764 567 413 1197 564 404 1388 701 92 876 355 330 534 1011 732 917 580 610 830 1041 162 743 1199 1069 1209 1341 726 653 743 254 1409 965 813 945 1021 1031 766 216 838 565 1426 1178 640 992 687 309 498 604
64 587 0 749 742 22 616 121 117 576 446 266 691 393 607 449 345 255 476 515 293 465 109 416 438 475 534 606 417 269 251 327 233 640 164 445 857 353 662 489 263 373 420 665 401 554 78 268 243 510 509 166 649 753 857 851 146 262 538 360 913 381 719 359 569 744 721 682 286 421 857 635 62 446 270 514 296 27
810 162 749 0 558 727 1366 855 768 281 678 1016 1396 942 1350 1199 500 707 1217 1207 655 1091 854 878 1064 1085 839 1025 1075 946 920 705 568 1358 724 519 1539 842 111 1014 512 468 656 1147 869 1058 742 763 993 1195 285 906 1359 1199 1331 1492 888 807 858 413 1554 1127 900 1107 1172 1158 846 237 997 699 1587 1337 802 1152 842 419 641 766
773 525 742 558 0 725 1263 781 834 706 353 961 1155 1103 1196 1121 748 527 1072 1254 468 821 842 1086 801 1210 1130 622 1160 1011 750 469 515 1364 834 298 1252 573 593 687 511 389 360 1367 567 1258 791 928 922 960 392 900 1377 1444 896 1594 816 952 458 638 1217 1013 398 1006 1305 1420 333 739 843 974 1559 1368 804 1183 975 798 460 739
84 565 22 727 725 0 638 139 123 556 435 288 709 402 629 471 328 246 497 534 280 477 130 420 449 489 533 607 434 285 262 317 214 661 162 427 874 353 640 494 242 353 408 675 401 563 80 268 265 527 487 188 669 761 863 869 166 267 533 339 928 402 712 381 583 751 711 662 303 414 879 655 83 466 277 497 282 43
556 1203 616 1366 1263 638 0 517 617 1174 912 350 339 624 130 168 922 743 199 353 805 511 513 721 515 530 881 808 454 485 513 794 823 265 677 992 486 700 1277 662 868 958 902 748 721 688 631 701 374 382 1117 465 297 827 856 570 482 655 877 968 620 252 1061 265 546 861 1099 1281 420 871 326 321 565 331 623 1085 816 600
59 694 121 855 781 139 517 0 203 695 453 181 570 440 495 356 466 258 362 481 313 356 96 486 330 487 622 537 413 278 146 326 305 582 266 491 735 302 773 404 350 443 433 704 347 595 181 357 146 390 600 137 596 794 763 826 35 338 502 478 794 271 693 253 575 794 706 801 165 525 784 588 111 407 333 635 321 96
148 606 117 768 834 123 617 203 0 557 557 276 747 279 633 450 305 370 510 448 402 560 127 299 534 376 421 721 332 187 349 441 319 592 67 537 919 470 670 599 331 451 530 552 518 440 44 155 271 583 558 154 595 638 964 769 211 145 655 357 989 410 836 384 471 627 835 664 361 321 819 576 92 388 153 471 403 139
640 189 576 281 706 556 1174 695 557 0 682 828 1263 683 1181 1007 256 629 1052 969 596 995 666 609 967 829 559 1008 832 718 795 657 471 1128 501 538 1423 780 171 955 411 440 652 871 818 787 544 514 814 1073 320 709 1124 920 1310 1232 722 562 861 218 1462 954 959 931 911 877 919 106 855 424 1361 1100 615 923 598 138 584 599
459 559 446 678 353 435 912 453 557 682 0 624 809 837 843 775 596 196 719 934 154 477 528 845 454 920 931 347 857 711 399 127 271 1029 579 158 920 221 651 358 308 241 32 1109 222 998 513 685 584 611 400 583 1045 1195 653 1279 484 695 183 514 905 663 299 658 1013 1181 282 758 492 786 1214 1039 502 860 710 714 155 435
209 853 266 1016 961 288 350 181 276 828 624 0 486 392 357 183 580 434 237 322 492 391 162 468 375 382 625 643 295 211 249 498 483 404 341 672 662 446 926 494 524 622 607 619 483 522 284 391 41 356 772 122 420 711 814 666 145 353 646 619 750 138 840 110 455 722 861 935 185 570 603 415 214 247 330 747 501 252
627 1240 691 1396 1155 709 339 570 747 1263 809 486 0 863 210 389 1035 696 257 659 756 333 620 949 355 809 1109 588 721 690 476 720 827 602 814 933 176 591 1326 473 885 938 812 1044 588 966 741 877 479 202 1118 601 633 1130 546 909 546 839 710 1045 287 350 865 378 848 1156 917 1368 408 1056 633 655 664 613 817 1205 769 666
402 792 393 942 1103 402 624 440 279 683 837 392 863 0 694 487 442 648 606 315 682 769 344 98 748 147 256 978 178 181 581 720 592 480 268 809 1039 737 833 843 592 714 809 272 783 160 324 185 416 748 788 315 468 359 1191 550 429 151 929 541 1138 517 1113 489 229 354 1114 779 556 281 710 438 347 299 128 557 683 410
544 1189 607 1350 1196 629 130 495 633 1181 843 357 210 694 0 206 937 690 133 457 752 407 515 786 416 619 947 701 536 534 455 732 791 391 698 939 367 624 1268 560 842 919 837 849 638 779 638 740 367 269 1088 479 423 932 728 699 463 697 786 967 495 226 964 250 649 961 1006 1288 364 917 446 445 565 420 669 1104 765 587
391 1036 449 1199 1121 471 168 356 450 1007 775 183 389 487 206 0 755 595 143 277 656 435 345 579 430 420 741 723 333 330 377 652 662 278 511 841 561 574 1109 572 705 799 762 655 602 578 463 541 210 338 954 297 304 742 830 580 321 496 765 800 674 118 956 117 461 767 986 1113 287 715 439 313 397 225 467 919 666 435
408 351 345 500 748 328 922 466 305 256 596 580 1035 442 937 755 0 476 811 715 467 798 422 383 770 585 386 873 580 462 587 526 331 872 246 494 1202 622 392 789 287 382 563 663 667 566 298 263 570 855 377 459 870 727 1158 992 489 309 754 113 1256 711 894 686 671 693 870 361 631 229 1105 846 373 667 345 169 458 371
262 560 255 707 527 246 743 258 370 629 196 434 696 648 690 595 476 0 559 738 62 384 332 665 356 725 766 396 661 516 235 71 158 839 401 249 833 150 650 325 218 241 174 921 192 809 327 509 395 494 424 387 853 1008 686 1083 291 513 292 426 848 490 466 481 818 997 465 724 326 632 1032 846 308 665 524 623 74 241
412 1056 476 1217 1072 497 199 362 510 1052 719 237 257 606 133 143 811 559 0 420 622 316 388 692 318 555 852 612 467 434 325 605 657 406 576 809 433 503 1136 464 708 786 711 794 522 711 512 628 240 201 955 358 435 882 692 715 331 588 678 837 537 100 862 127 602 904 899 1158 233 807 522 448 437 366 564 979 634 455
481 1048 515 1207 1254 534 353 481 448 969 934 322 659 315 457 277 715 738 420 0 791 689 412 413 679 188 562 960 140 262 571 807 748 165 483 958 824 767 1104 810 772 887 913 395 805 340 484 455 363 611 1007 354 156 476 1100 345 450 407 968 794 946 370 1162 352 193 507 1181 1070 501 593 397 131 452 74 371 854 797 515
310 512 293 655 468 280 805 313 402 596 154 492 756 682 752 656 467 62 622 791 0 438 380 691 411 768 781 414 707 560 297 61 135 896 425 187 889 189 604 364 189 186 127 954 222 843 358 532 454 553 370 437 910 1040 713 1134 347 541 287 402 899 552 444 543 861 1026 435 686 389 640 1093 901 350 718 555 603 13 283
413 943 465 1091 821 477 511 356 560 995 477 391 333 769 407 435 798 384 316 689 438 0 442 830 28 773 974 296 686 590 214 395 532 713 622 606 451 261 1033 152 593 624 481 1010 255 910 536 712 357 143 808 456 739 1102 423 1014 352 689 384 780 467 322 556 337 844 1111 600 1095 213 881 838 747 467 621 679 963 452 437
70 691 109 854 842 130 513 96 127 666 528 162 620 344 515 345 422 332 388 412 380 442 0 391 418 396 532 633 328 186 239 403 340 532 194 545 792 396 764 500 372 480 505 608 441 499 123 271 148 457 618 59 541 699 856 753 90 246 593 456 863 289 783 264 487 697 791 773 237 445 748 529 52 341 239 590 386 103
439 734 416 878 1086 420 721 486 299 609 845 468 949 98 786 579 383 665 692 413 691 830 391 0 808 236 161 1018 277 258 631 735 586 577 265 799 1125 769 767 890 576 696 815 284 817 183 340 160 487 822 748 375 564 358 1247 624 481 153 954 490 1218 599 1131 571 305 337 1126 700 619 192 806 534 382 397 152 478 690 438
387 915 438 1064 801 449 515 330 534 967 454 375 355 748 416 430 770 356 318 679 411 28 418 808 0 757 950 295 670 570 187 369 503 709 596 581 477 236 1004 146 564 597 457 992 234 891 509 687 339 159 781 434 734 1084 442 1007 328 665 371 751 496 314 547 328 829 1093 589 1067 193 855 841 741 441 609 656 934 425 410
464 932 475 1085 1210 489 530 487 376 829 920 382 809 147 619 420 585 725 555 188 768 773 396 236 757 0 377 1014 89 210 611 797 695 347 386 913 981 790 977 870 705 826 895 240 834 159 419 322 417 725 917 350 331 330 1196 408 466 280 989 678 1093 481 1179 456 95 348 1188 925 565 427 572 299 418 200 248 704 771 485
569 715 534 839 1130 533 881 622 421 559 931 625 1109 256 947 741 386 766 852 562 781 974 532 161 950 377 0 1140 432 418 768 832 661 724 370 860 1285 886 728 1021 637 750 899 321 934 263 456 266 642 976 763 525 708 360 1385 724 622 285 1059 499 1376 758 1226 730 424 318 1213 634 766 157 947 676 512 555 298 421 778 559
578 903 606 1025 622 607 808 537 721 1008 347 643 588 978 701 723 873 396 612 960 414 296 633 1018 295 1014 1140 0 932 811 402 353 548 1002 769 506 647 256 996 151 604 575 370 1239 208 1132 684 874 603 432 746 668 1027 1331 306 1296 551 865 171 817 597 606 278 616 1095 1331 334 1094 459 1017 1134 1032 636 888 866 1017 425 582
398 918 417 1075 1160 434 454 413 332 832 857 295 721 178 536 333 580 661 467 140 707 686 328 277 670 89 432 932 0 148 530 732 646 304 357 862 894 714 970 786 663 782 833 330 757 245 372 317 331 635 887 276 295 420 1107 436 389 270 915 663 1004 391 1107 366 163 438 1119 932 479 453 537 269 357 123 234 715 711 424
254 786 269 946 1011 285 485 278 187 718 711 211 690 181 534 330 462 516 434 262 560 590 186 258 570 210 418 811 148 0 409 587 498 412 222 713 866 581 845 671 515 633 687 428 625 322 225 217 235 566 745 142 412 519 1012 584 260 170 779 533 960 340 969 312 301 524 978 822 377 386 644 391 209 206 138 612 564 277
200 764 251 920 750 262 513 146 349 795 399 249 476 581 455 377 587 235 325 571 297 214 239 631 187 611 768 402 530 409 0 281 351 641 409 484 628 200 850 262 408 469 389 838 235 731 322 503 207 279 645 267 660 929 617 914 151 484 398 577 670 264 592 260 693 932 615 898 93 668 815 659 256 496 478 753 310 223
333 567 327 705 469 317 794 326 441 657 127 498 720 720 732 652 526 71 605 807 61 395 403 735 369 797 832 353 732 587 281 0 196 902 470 212 846 137 659 309 250 237 109 992 165 881 397 578 458 518 420 457 918 1079 653 1152 357 583 229 464 849 543 396 536 889 1068 394 745 374 694 1091 912 379 733 595 664 72 312
277 413 233 568 515 214 823 305 319 471 271 483 827 592 791 662 331 158 657 748 135 532 340 586 503 695 661 548 646 498 351 196 0 872 324 218 974 308 502 484 61 140 239 860 348 750 276 425 452 627 297 399 882 942 843 1082 341 443 422 269 999 573 569 557 790 924 552 567 430 514 1085 869 296 680 463 468 127 237
596 1197 640 1358 1364 661 265 582 592 1128 1029 404 602 480 391 278 872 839 406 165 896 713 532 577 709 347 724 1002 304 412 641 902 872 0 634 1073 750 841 1257 850 903 1012 1012 522 873 488 622 616 444 607 1145 473 32 590 1097 310 548 567 1036 945 885 396 1229 388 324 631 1256 1231 557 758 233 61 578 205 532 1016 904 635
208 564 164 724 834 162 677 266 67 501 579 341 814 268 698 511 246 401 576 483 425 622 194 265 596 386 370 769 357 222 409 470 324 634 0 541 986 515 623 653 323 445 550 536 563 425 87 107 337 650 532 219 635 618 1021 789 277 118 692 311 1056 476 866 450 480 602 861 607 427 259 865 613 156 429 141 408 424 190
478 404 445 519 298 427 992 491 537 538 158 672 933 809 939 841 494 249 809 958 187 606 545 799 581 913 860 506 862 713 484 212 218 1073 541 0 1056 345 495 505 223 112 137 1076 361 966 494 639 636 731 242 604 1085 1156 812 1296 527 659 340 397 1052 739 421 728 1008 1136 385 608 576 706 1275 1074 507 887 681 588 175 443
794 1388 857 1539 1252 874 486 735 919 1423 920 662 176 1039 367 561 1202 833 433 824 889 451 792 1125 477 981 1285 647 894 866 628 846 974 750 986 1056 0 711 1476 565 1034 1075 928 1214 699 1139 910 1051 653 349 1258 775 782 1299 515 1049 714 1015 795 1204 146 526 924 554 1016 1326 982 1526 570 1230 741 808 834 783 993 1371 903 831
334 701 353 842 573 353 700 302 470 780 221 446 591 737 624 574 622 150 503 767 189 261 396 769 236 790 886 256 714 581 200 137 308 841 515 345 711 0 793 176 368 374 221 1004 48 894 431 621 404 391 557 440 861 1094 536 1112 325 616 201 576 712 458 394 457 877 1090 415 873 287 761 1011 859 390 693 620 773 202 331
725 92 662 111 593 640 1277 773 670 171 651 926 1326 833 1268 1109 392 650 1136 1104 604 1033 764 767 1004 977 728 996 970 845 850 659 502 1257 623 495 1476 793 0 968 442 423 626 1036 824 948 648 656 906 1128 252 813 1257 1088 1302 1384 804 701 835 312 1499 1043 900 1021 1063 1046 851 150 922 587 1488 1234 712 1052 737 308 590 681
452 876 489 1014 687 494 662 404 599 955 358 494 473 843 560 572 789 325 464 810 364 152 500 890 146 870 1021 151 786 671 262 309 484 850 653 505 565 176 968 0 544 547 370 1099 145 994 566 754 455 295 728 529 875 1191 370 1144 413 740 237 750 547 454 403 464 948 1194 448 1049 309 909 987 880 510 738 738 944 378 463
315 355 263 512 511 242 868 350 331 411 308 524 885 592 842 705 287 218 708 772 189 593 372 576 564 705 637 604 663 515 408 250 61 903 323 223 1034 368 442 544 0 122 276 856 407 746 290 417 495 686 249 430 911 934 901 1100 385 440 471 213 1060 621 607 604 800 912 585 506 485 486 1120 896 324 706 465 414 178 272
417 330 373 468 389 353 958 443 451 440 241 622 938 714 919 799 382 241 786 887 186 624 480 696 597 826 750 575 782 633 469 237 140 1012 445 112 1075 374 423 547 122 0 211 977 402 868 409 538 589 735 183 539 1022 1055 881 1218 478 563 421 285 1085 706 527 692 921 1032 495 519 555 596 1224 1008 436 819 587 479 172 377
435 534 420 656 360 408 902 433 530 652 32 607 812 809 837 762 563 174 711 913 127 481 505 815 457 895 899 370 833 687 389 109 239 1012 550 137 928 221 626 370 276 211 0 1081 229 970 485 655 567 612 375 561 1027 1166 676 1258 465 666 210 482 917 652 331 646 988 1152 313 730 482 754 1201 1020 477 840 682 682 126 410
670 1011 665 1147 1367 675 748 704 552 871 1109 619 1044 272 849 655 663 921 794 395 954 1010 608 284 992 240 321 1239 330 428 838 992 860 522 536 1076 1214 1004 1036 1099 856 977 1081 0 1050 111 596 439 653 965 1032 571 496 91 1433 423 688 417 1199 773 1330 721 1384 696 202 112 1386 952 799 448 710 462 617 431 399 734 955 682
381 732 401 869 567 401 721 347 518 818 222 483 588 783 638 602 667 192 522 805 222 255 441 817 234 834 934 208 757 625 235 165 348 873 563 361 699 48 824 145 407 402 229 1050 0 941 480 669 441 393 583 484 894 1140 494 1149 368 663 163 617 690 485 357 487 920 1137 383 909 316 809 1037 894 437 731 667 816 235 379
560 917 554 1058 1258 563 688 595 440 787 998 522 966 160 779 578 566 809 711 340 843 910 499 183 891 159 263 1132 245 322 731 881 750 488 425 966 1139 894 948 994 746 868 970 111 941 0 484 331 552 873 930 464 467 199 1333 461 581 307 1089 673 1249 632 1273 606 168 201 1275 874 698 363 699 434 506 359 287 652 843 570
122 580 78 742 791 80 631 181 44 544 513 284 741 324 638 463 298 327 512 484 358 536 123 340 509 419 456 684 372 225 322 397 276 622 87 494 910 431 648 566 290 409 485 596 480 484 0 189 272 569 523 165 627 682 934 809 196 186 614 337 975 413 793 388 514 670 791 651 345 345 847 610 76 420 197 467 359 103
303 610 268 763 928 268 701 357 155 514 685 391 877 185 740 541 263 509 628 455 532 712 271 160 687 322 266 874 317 217 503 578 425 616 107 639 1051 621 656 754 417 538 655 439 669 331 189 0 398 726 603 276 611 517 1119 730 361 48 800 357 1131 529 974 501 411 498 967 615 509 179 850 586 246 414 84 399 530 292
182 830 243 993 922 265 374 146 271 814 584 41 479 416 367 210 570 395 240 363 454 357 148 487 339 417 642 603 331 235 207 458 452 444 337 636 653 404 906 455 495 589 567 653 441 552 272 398 0 334 744 122 461 744 780 708 111 363 604 601 735 140 798 116 493 754 819 921 147 577 639 456 198 289 344 739 463 226
449 1041 510 1195 960 527 382 390 583 1073 611 356 202 748 269 338 855 494 201 611 553 143 457 822 159 725 976 432 635 566 279 518 627 607 650 731 349 391 1128 295 686 735 612 965 393 873 569 726 334 0 916 452 636 1055 491 915 373 695 528 855 406 244 698 268 783 1072 744 1176 224 902 709 649 494 550 678 1024 566 484
563 162 509 285 392 487 1117 600 558 320 400 772 1118 788 1088 954 377 424 955 1007 370 808 618 748 781 917 763 746 887 745 645 420 297 1145 532 242 1258 557 252 728 249 183 375 1032 583 930 523 603 744 916 0 675 1150 1101 1052 1322 634 639 583 264 1269 870 652 853 1010 1069 606 373 728 607 1366 1133 568 944 669 406 356 520
127 743 166 906 900 188 465 137 154 709 583 122 601 315 479 297 459 387 358 354 437 456 59 375 434 350 525 668 276 142 267 457 399 473 219 604 775 440 813 529 430 539 561 571 484 464 165 276 122 452 675 0 483 662 876 696 117 243 639 502 855 258 831 231 437 665 842 816 244 455 691 470 106 283 227 625 443 162
607 1199 649 1359 1377 669 297 596 595 1124 1045 420 633 468 423 304 870 853 435 156 910 739 541 564 734 331 708 1027 295 412 660 918 882 32 635 1085 782 861 1257 875 911 1022 1027 496 894 467 627 611 461 636 1150 483 0 562 1126 280 562 563 1057 946 917 420 1250 411 301 604 1276 1226 578 748 242 33 586 207 527 1010 917 645
760 1069 753 1199 1444 761 827 794 638 920 1195 711 1130 359 932 742 727 1008 882 476 1040 1102 699 358 1084 330 360 1331 420 519 929 1079 942 590 618 1156 1299 1094 1088 1191 934 1055 1166 91 1140 199 682 517 744 1055 1101 662 562 0 1525 446 779 500 1288 838 1417 811 1473 787 283 56 1473 994 891 503 763 530 706 517 484 781 1040 770
816 1209 857 1331 896 863 856 763 964 1310 653 814 546 1191 728 830 1158 686 692 1100 713 423 856 1247 442 1196 1385 306 1107 1012 617 653 843 1097 1021 812 515 536 1302 370 901 881 676 1433 494 1333 934 1119 780 491 1052 876 1126 1525 0 1407 766 1101 473 1112 406 729 506 749 1264 1535 573 1397 635 1278 1172 1140 873 1035 1095 1309 725 830
823 1341 851 1492 1594 869 570 826 769 1232 1279 666 909 550 699 580 992 1083 715 345 1134 1014 753 624 1007 408 724 1296 436 584 914 1152 1082 310 789 1296 1049 1112 1384 1144 1100 1218 1258 423 1149 461 809 730 708 915 1322 696 280 446 1407 0 796 688 1312 1087 1188 692 1506 680 321 501 1527 1325 840 816 363 267 789 420 655 1102 1140 854
81 726 146 888 816 166 482 35 211 722 484 145 546 429 463 321 489 291 331 450 347 352 90 481 328 466 622 551 389 260 151 357 341 548 277 527 714 325 804 413 385 478 465 688 368 581 196 361 111 373 634 117 562 779 766 796 0 337 526 506 779 238 718 219 552 781 733 828 149 533 749 555 121 376 329 658 356 123
288 653 262 807 952 267 655 338 145 562 695 353 839 151 697 496 309 513 588 407 541 689 246 153 665 280 285 865 270 170 484 583 443 567 118 659 1015 616 701 740 440 563 666 417 663 307 186 48 363 695 639 243 563 500 1101 688 337 0 800 398 1098 490 979 462 372 485 975 663 482 219 801 538 230 365 35 448 540 284
528 743 538 858 458 533 877 502 655 861 183 646 710 929 786 765 754 292 678 968 287 384 593 954 371 989 1059 171 915 779 398 229 422 1036 692 340 795 201 835 237 471 421 210 1199 163 1089 614 800 604 528 583 639 1057 1288 473 1312 526 800 0 683 759 646 193 649 1077 1282 221 941 479 923 1196 1057 582 894 808 884 295 519
424 254 360 413 638 339 968 478 357 218 514 619 1045 541 967 800 113 426 837 794 402 780 456 490 751 678 499 817 663 533 577 464 269 945 311 397 1204 576 312 750 213 285 482 773 617 673 337 357 601 855 264 502 946 838 1112 1087 506 398 683 0 1246 741 809 718 769 806 780 323 637 343 1176 924 404 740 432 200 392 382
854 1409 913 1554 1217 928 620 794 989 1462 905 750 287 1138 495 674 1256 848 537 946 899 467 863 1218 496 1093 1376 597 1004 960 670 849 999 885 1056 1052 146 712 1499 547 1060 1085 917 1330 690 1249 975 1131 735 406 1269 855 917 1417 406 1188 779 1098 759 1246 0 621 862 649 1135 1441 924 1563 629 1308 887 940 900 899 1079 1423 912 886
317 965 381 1127 1013 402 252 271 410 954 663 138 350 517 226 118 711 490 100 370 552 322 289 599 314 481 758 606 391 340 264 543 573 396 476 739 526 458 1043 454 621 706 652 721 485 632 413 529 140 244 870 258 420 811 729 692 238 490 646 741 621 0 837 28 539 829 868 1061 171 708 553 426 339 306 466 879 563 361
716 813 719 900 398 712 1061 693 836 959 299 840 865 1113 964 956 894 466 862 1162 444 556 783 1131 547 1179 1226 278 1107 969 592 396 569 1229 866 421 924 394 900 403 607 527 331 1384 357 1273 793 974 798 698 652 831 1250 1473 506 1506 718 979 193 809 862 837 0 841 1268 1463 66 1025 672 1083 1384 1251 767 1087 989 1006 447 702
296 945 359 1107 1006 381 265 253 384 931 658 110 378 489 250 117 686 481 127 352 543 337 264 571 328 456 730 616 366 312 260 536 557 388 450 728 554 457 1021 464 604 692 646 696 487 606 388 501 116 268 853 231 411 787 749 680 219 462 649 718 649 28 841 0 516 804 870 1038 170 680 555 415 315 285 438 854 553 340
556 1021 569 1172 1305 583 546 575 471 911 1013 455 848 229 649 461 671 818 602 193 861 844 487 305 829 95 424 1095 163 301 693 889 790 324 480 1008 1016 877 1063 948 800 921 988 202 920 168 514 411 493 783 1010 437 301 283 1264 321 552 372 1077 769 1135 539 1268 516 0 315 1279 1005 640 498 531 267 511 236 341 782 865 578
756 1031 744 1158 1420 751 861 794 627 877 1181 722 1156 354 961 767 693 997 904 507 1026 1111 697 337 1093 348 318 1331 438 524 932 1068 924 631 602 1136 1326 1090 1046 1194 912 1032 1152 112 1137 201 670 498 754 1072 1069 665 604 56 1535 501 781 485 1282 806 1441 829 1463 804 315 0 1461 949 899 467 812 571 700 542 474 739 1026 763
723 766 721 846 333 711 1099 706 835 919 282 861 917 1114 1006 986 870 465 899 1181 435 600 791 1126 589 1188 1213 334 1119 978 615 394 552 1256 861 385 982 415 851 448 585 495 313 1386 383 1275 791 967 819 744 606 842 1276 1473 573 1527 733 975 221 780 924 868 66 870 1279 1461 0 980 699 1067 1418 1275 772 1106 988 973 437 706
747 216 682 237 739 662 1281 801 664 106 758 935 1368 779 1288 1113 361 724 1158 1070 686 1095 773 700 1067 925 634 1094 932 822 898 745 567 1231 607 608 1526 873 150 1049 506 519 730 952 909 874 651 615 921 1176 373 816 1226 994 1397 1325 828 663 941 323 1563 1061 1025 1038 1005 949 980 0 960 510 1464 1201 722 1026 699 222 673 705
225 838 286 997 843 303 420 165 361 855 492 185 408 556 364 287 631 326 233 501 389 213 237 619 193 565 766 459 479 377 93 374 430 557 427 576 570 287 922 309 485 555 482 799 316 698 345 509 147 224 728 244 578 891 635 840 149 482 479 637 629 171 672 170 640 899 699 960 0 682 724 580 271 428 469 801 401 260
467 565 421 699 974 414 871 525 321 424 786 570 1056 281 917 715 229 632 807 593 640 881 445 192 855 427 157 1017 453 386 668 694 514 758 259 706 1230 761 587 909 486 596 754 448 809 363 345 179 577 902 607 455 748 503 1278 816 533 219 923 343 1308 708 1083 680 498 467 1067 510 682 0 990 719 414 565 248 288 636 447
807 1426 857 1587 1559 879 326 784 819 1361 1214 603 633 710 446 439 1105 1032 522 397 1093 838 748 806 841 572 947 1134 537 644 815 1091 1085 233 865 1275 741 1011 1488 987 1120 1224 1201 710 1037 699 847 850 639 709 1366 691 242 763 1172 363 749 801 1196 1176 887 553 1384 555 531 812 1418 1464 724 990 0 272 797 438 766 1250 1102 849
596 1178 635 1337 1368 655 321 588 576 1100 1039 415 655 438 445 313 846 846 448 131 901 747 529 534 741 299 676 1032 269 391 659 912 869 61 613 1074 808 859 1234 880 896 1008 1020 462 894 434 610 586 456 649 1133 470 33 530 1140 267 555 538 1057 924 940 426 1251 415 267 571 1275 1201 580 719 272 0 572 189 502 984 909 632
57 640 62 802 804 83 565 111 92 615 502 214 664 347 565 397 373 308 437 452 350 467 52 382 441 418 512 636 357 209 256 379 296 578 156 507 834 390 712 510 324 436 477 617 437 506 76 246 198 494 568 106 586 706 873 789 121 230 582 404 900 339 767 315 511 700 772 722 271 414 797 572 0 383 230 542 354 67
409 992 446 1152 1183 466 331 407 388 923 860 247 613 299 420 225 667 665 366 74 718 621 341 397 609 200 555 888 123 206 496 733 680 205 429 887 783 693 1052 738 706 819 840 431 731 359 420 414 289 550 944 283 207 517 1035 420 376 365 894 740 899 306 1087 285 236 542 1106 1026 428 565 438 189 383 0 330 813 725 445
287 687 270 842 975 277 623 333 153 598 710 330 817 128 669 467 345 524 564 371 555 679 239 152 656 248 298 866 234 138 478 595 463 532 141 681 993 620 737 738 465 587 682 399 667 287 197 84 344 678 669 227 527 484 1095 655 329 35 808 432 1079 466 989 438 341 474 988 699 469 248 766 502 230 330 0 484 556 289
577 309 514 419 798 497 1085 635 471 138 714 747 1205 557 1104 919 169 623 979 854 603 963 590 478 934 704 421 1017 715 612 753 664 468 1016 408 588 1371 773 308 944 414 479 682 734 816 652 467 399 739 1024 406 625 1010 781 1309 1102 658 448 884 200 1423 879 1006 854 782 739 973 222 801 288 1250 984 542 813 484 0 593 540
316 498 296 641 460 282 816 321 403 584 155 501 769 683 765 666 458 74 634 797 13 452 386 690 425 771 778 425 711 564 310 72 127 904 424 175 903 202 590 378 178 172 126 955 235 843 359 530 463 566 356 443 917 1040 725 1140 356 540 295 392 912 563 447 553 865 1026 437 673 401 636 1102 909 354 725 556 593 0 287
44 604 27 766 739 43 600 96 139 599 435 252 666 410 587 435 371 241 455 515 283 437 103 438 410 485 559 582 424 277 223 312 237 635 190 443 831 331 681 463 272 377 410 682 379 570 103 292 226 484 520 162 645 770 830 854 123 284 519 382 886 361 702 340 578 763 706 705 260 447 849 632 67 445 289 540 287 0
