0 554 517 1343 904 487 847 1525 711 352 324 954 1279 542 907 176
554 0 849 1757 1222 572 340 1920 237 425 465 925 1208 1093 1169 461
517 849 0 908 1356 1002 1189 1072 867 425 383 604 1795 585 389 439
1343 1757 908 0 1935 1815 2097 191 1761 1333 1291 1210 2579 998 678 1326
904 1222 1356 1935 0 659 1313 2126 1454 1243 1223 1858 850 941 1726 1073
487 572 1002 1815 659 0 667 2000 809 717 718 1349 793 900 1390 588
847 340 1189 2097 1313 667 0 2260 434 765 806 1214 1062 1387 1505 788
1525 1920 1072 191 2126 2000 2260 0 1910 1494 1454 1309 2768 1189 798 1499
711 237 867 1761 1454 809 434 1910 0 461 511 782 1424 1225 1126 572
352 425 425 1333 1243 717 765 1494 461 0 49 634 1487 786 753 175
324 465 383 1291 1223 718 806 1454 511 49 0 642 1497 738 724 149
954 925 604 1210 1858 1349 1214 1309 782 634 642 0 2102 1188 540 789
1279 1208 1795 2579 850 793 1062 2768 1424 1487 1497 2102 0 1608 2183 1376
542 1093 585 998 941 900 1387 1189 1225 786 738 1188 1608 0 865 652
907 1169 389 678 1726 1390 1505 798 1126 753 724 540 2183 865 0 814
176 461 439 1326 1073 588 788 1499 572 175 149 789 1376 652 814 0
