0 27 703 395 940 1160 420 7 230 1477 499 69 1318 546 28 1157
27 0 693 375 961 1151 447 19 258 1489 493 95 1293 549 56 1184
703 693 0 393 1601 1742 870 701 811 1110 219 753 1552 336 710 1616
395 375 393 0 1336 1348 726 391 586 1413 286 462 1229 453 415 1501
940 961 1601 1336 0 1208 780 945 789 1978 1382 875 1871 1336 922 664
1160 1151 1742 1348 1208 0 1441 1157 1268 2637 1595 1160 890 1693 1174 1831
420 447 870 726 780 1441 0 428 199 1266 656 367 1729 568 391 776
7 19 701 391 945 1157 428 0 238 1481 498 75 1310 548 36 1165
230 258 811 586 789 1268 199 238 0 1392 592 170 1529 563 202 930
1477 1489 1110 1413 1978 2637 1266 1481 1392 0 1127 1477 2639 973 1462 1582
499 493 219 286 1382 1595 656 498 592 1127 0 544 1513 186 503 1414
69 95 753 462 875 1160 367 75 170 1477 544 0 1363 570 46 1091
1318 1293 1552 1229 1871 890 1729 1310 1529 2639 1513 1363 0 1681 1345 2367
546 549 336 453 1336 1693 568 548 563 973 186 570 1681 0 540 1287
28 56 710 415 922 1174 391 36 202 1462 503 46 1345 540 0 1129
1157 1184 1616 1501 664 1831 776 1165 930 1582 1414 1091 2367 1287 1129 0
