0 862 883 1697 271 453 935 451 1331 706 1366 1129 689 845 620 596
862 0 1209 2319 953 409 1623 731 2185 1563 2174 808 871 1393 1425 942
883 1209 0 1155 1152 959 1725 539 1494 1240 1295 1849 337 327 1337 310
1697 2319 1155 0 1889 1989 2127 1590 1162 1511 790 2820 1472 926 1761 1377
271 953 1152 1889 0 580 706 712 1354 660 1458 1001 957 1088 475 868
453 409 959 1989 580 0 1281 422 1777 1157 1778 890 645 1070 1037 655
935 1623 1725 2127 706 1281 0 1384 1200 616 1468 1384 1608 1554 399 1491
451 731 539 1590 712 422 1384 0 1557 1061 1482 1310 254 664 1045 232
1331 2185 1494 1162 1354 1777 1200 1557 0 708 372 2345 1627 1174 969 1475
706 1563 1240 1511 660 1157 616 1061 708 0 891 1639 1222 1006 274 1078
1366 2174 1295 790 1458 1778 1468 1482 372 891 0 2459 1495 969 1166 1350
1129 808 1849 2820 1001 890 1384 1310 2345 1639 2459 0 1534 1928 1397 1542
689 871 337 1472 957 645 1608 254 1627 1222 1495 1534 0 569 1249 152
845 1393 327 926 1088 1070 1554 664 1174 1006 969 1928 569 0 1155 455
620 1425 1337 1761 475 1037 399 1045 969 274 1166 1397 1249 1155 0 1121
596 942 310 1377 868 655 1491 232 1475 1078 1350 1542 152 455 1121 0
