0 162 853 722 604 223 783 297 586 276 30 348 532 361 304 328 585 418 759 654 511 527 826 302 276 331 236 10 128 134 533 374 61 347 664 322 139 18 518 268 149 208 44 517 88 514 54 1 803 774 263 464 558 487 87 175 220 340 417 459 561 203 731 133 676 787 583 665 763 572 326 432 43 316 359 793 754 858
162 0 785 600 745 286 873 343 748 153 172 307 676 519 460 192 553 577 776 768 674 431 959 392 421 462 320 156 144 254 576 420 164 508 504 258 274 149 541 394 136 359 202 359 139 512 174 161 952 628 149 548 410 626 240 100 315 368 287 609 722 157 702 236 621 774 745 784 647 603 361 414 202 465 265 907 602 696
853 785 0 346 1419 680 803 1125 1282 636 832 1079 1344 1002 1107 882 1313 1184 1559 1503 1188 1121 1096 706 879 839 1084 843 921 790 1361 1203 903 1032 867 1022 817 836 1326 1118 706 882 854 642 900 1292 809 852 1220 521 637 1315 552 1314 851 885 1071 1153 947 992 1277 941 1456 765 182 284 1281 1509 1241 1388 1145 441 859 918 520 951 574 769
722 600 346 0 1326 632 989 937 1260 451 711 847 1253 983 1019 629 1057 1121 1324 1367 1170 838 1230 707 856 844 920 712 743 715 1158 1009 753 999 531 787 745 704 1108 986 580 831 741 336 736 1059 695 721 1310 182 461 1147 241 1210 756 685 914 951 671 1016 1244 736 1190 686 327 556 1257 1381 922 1173 949 451 744 903 367 1109 229 428
604 745 1419 1326 0 738 1026 497 292 879 614 669 74 460 313 829 731 247 663 198 339 872 856 728 557 618 454 613 615 630 480 477 581 414 1187 704 602 622 546 354 746 538 585 1101 607 618 632 605 706 1373 867 337 1155 120 576 690 447 527 878 544 258 662 806 657 1236 1281 287 167 1101 532 513 977 581 532 960 933 1348 1424
223 286 680 632 738 0 586 520 629 276 194 560 664 351 426 477 803 508 983 831 538 714 694 111 223 222 453 215 342 114 753 597 285 369 746 524 137 212 741 454 151 205 201 537 305 737 169 222 719 733 259 670 540 635 182 360 433 564 573 394 617 406 951 96 498 574 627 833 934 794 550 239 206 271 280 626 731 877
783 873 803 989 1026 586 0 1051 766 833 754 1131 967 587 801 1063 1363 792 1495 1195 692 1299 322 484 553 479 967 778 911 649 1254 1116 841 637 1296 1103 647 778 1265 913 737 617 745 1059 872 1281 734 783 493 1153 817 1130 1023 976 706 943 943 1102 1159 483 785 983 1507 653 684 525 768 1178 1520 1305 1084 575 749 545 775 163 1176 1361
297 343 1125 937 497 520 1051 0 626 496 326 173 446 522 334 350 324 441 462 455 588 383 1032 588 502 574 87 306 204 419 238 78 237 483 697 208 412 311 221 190 427 434 321 653 228 230 351 298 960 939 492 215 726 383 352 251 112 52 385 643 589 202 459 427 955 1082 621 481 624 274 33 724 317 522 607 1032 903 948
586 748 1282 1260 292 629 766 626 0 847 582 791 261 281 305 888 925 187 920 488 93 1006 566 577 409 442 551 593 655 548 704 642 594 260 1243 807 518 601 755 437 697 429 551 1102 631 812 590 587 415 1344 831 551 1134 306 521 731 532 672 961 308 39 725 1028 577 1103 1099 5 459 1249 761 654 850 549 365 896 655 1331 1444
276 153 636 451 879 276 833 496 847 0 270 444 808 591 579 269 684 690 922 915 764 524 970 385 473 493 471 267 296 306 728 573 302 592 471 389 334 258 689 535 151 427 301 264 285 656 258 274 993 499 17 701 286 761 326 249 464 519 355 658 826 305 831 279 478 652 844 930 708 752 513 305 304 522 117 894 483 609
30 172 832 711 614 194 754 326 582 270 0 377 541 347 310 347 614 420 789 673 504 553 803 273 255 306 263 24 157 105 561 403 91 337 676 349 113 26 547 286 132 189 31 519 117 544 25 29 784 770 256 488 555 499 68 199 245 370 439 440 559 231 761 103 654 760 579 682 788 601 356 407 34 297 345 766 752 862
348 307 1079 847 669 560 1131 173 791 444 377 0 619 654 491 220 247 604 481 611 745 214 1154 650 606 670 240 353 220 482 320 204 290 621 537 59 485 353 262 354 430 535 386 534 259 214 398 348 1101 821 446 366 618 557 427 208 260 145 225 770 756 155 396 479 922 1081 786 641 459 327 157 720 383 636 561 1135 778 799
532 676 1344 1253 74 664 967 446 261 808 541 619 0 392 238 768 703 179 664 234 290 827 813 655 485 548 394 541 549 556 461 436 511 345 1127 650 528 550 522 289 673 465 512 1033 539 589 559 533 674 1303 795 311 1085 63 502 625 385 481 822 483 223 600 789 582 1162 1208 255 212 1061 517 465 903 508 461 887 881 1279 1360
361 519 1002 983 460 351 587 522 281 591 347 654 392 0 218 688 847 213 928 612 188 859 510 296 128 166 434 364 465 284 688 571 391 50 1023 649 256 370 713 349 439 164 318 853 430 747 346 362 449 1078 574 552 874 392 278 531 410 575 774 122 275 543 976 312 822 832 280 599 1103 743 555 569 318 84 626 529 1070 1199
304 460 1107 1019 313 426 801 334 305 579 310 491 238 218 0 585 651 120 711 419 254 705 720 427 268 339 252 313 353 317 472 368 298 170 943 502 289 322 503 145 439 233 279 819 332 545 324 306 630 1079 566 334 863 210 264 430 230 384 656 338 272 420 772 344 924 981 300 415 950 528 365 666 276 259 652 747 1059 1156
328 192 882 629 829 477 1063 350 888 269 347 220 768 688 585 0 432 706 694 806 824 254 1147 584 602 650 375 327 233 442 540 408 299 670 359 161 458 322 483 480 326 536 372 313 260 430 357 328 1131 601 278 564 398 710 415 158 383 346 95 787 858 168 574 426 738 921 884 831 456 548 350 572 372 644 381 1098 559 599
585 553 1313 1057 731 803 1363 324 925 684 614 247 703 847 651 432 0 747 281 607 900 244 1357 887 822 892 412 591 460 717 261 284 524 807 652 296 716 593 187 506 677 753 619 727 498 114 637 585 1281 1002 688 394 818 641 657 455 437 272 388 968 886 402 149 718 1162 1328 919 646 397 223 291 967 615 845 801 1354 952 928
418 577 1184 1121 247 508 792 441 187 690 420 604 179 213 120 706 747 0 771 403 154 819 663 485 312 371 364 426 473 408 542 462 417 167 1063 620 379 435 585 251 544 302 388 935 452 636 431 420 548 1190 675 392 975 185 366 550 345 488 776 309 152 541 858 437 1002 1035 182 387 1063 599 469 744 386 284 754 715 1172 1274
759 776 1559 1324 663 983 1495 462 920 922 789 481 664 928 711 694 281 771 0 485 923 526 1429 1047 942 1017 535 768 654 880 241 387 698 881 934 539 871 772 241 583 881 880 783 1000 685 267 813 761 1319 1279 922 380 1089 614 812 676 558 420 663 1049 881 619 218 889 1397 1540 915 527 642 191 433 1179 778 952 1039 1457 1231 1209
654 768 1503 1367 198 831 1195 455 488 915 673 611 234 612 419 806 607 403 485 0 525 790 1047 845 686 755 448 665 625 717 346 406 615 562 1148 659 693 673 422 386 804 650 649 1104 630 501 695 656 903 1388 907 245 1171 219 653 692 452 467 835 712 453 651 654 740 1323 1397 483 41 998 389 459 1068 645 671 1012 1114 1355 1404
511 674 1188 1170 339 538 692 588 93 764 504 745 290 188 254 824 900 154 923 525 0 959 523 484 316 349 507 517 591 461 696 615 525 172 1173 754 432 524 739 397 613 341 473 1022 563 790 509 512 395 1258 748 545 1051 320 440 665 485 637 901 220 96 665 1012 490 1009 1007 93 501 1204 753 618 757 472 272 809 593 1247 1366
527 431 1121 838 872 714 1299 383 1006 524 553 214 827 859 705 254 244 819 526 790 959 0 1351 815 799 858 454 529 402 657 458 395 478 830 408 210 666 527 383 568 567 729 570 502 441 306 569 527 1309 767 533 550 597 764 613 357 474 345 175 972 970 323 356 648 986 1175 1001 824 245 439 361 827 567 834 634 1319 714 683
826 959 1096 1230 856 694 322 1032 566 970 803 1154 813 510 720 1147 1357 663 1429 1047 523 1351 0 584 551 497 944 825 948 705 1192 1081 872 553 1440 1141 690 829 1222 858 839 621 782 1225 910 1257 791 826 190 1375 952 1049 1212 841 738 1001 919 1085 1240 388 597 1027 1487 722 955 831 571 1021 1590 1248 1065 783 784 517 948 159 1387 1555
302 392 706 707 728 111 484 588 577 385 273 650 655 296 427 584 887 485 1047 845 484 815 584 0 174 139 512 297 429 170 811 660 363 327 856 619 176 296 808 489 261 194 269 643 390 813 251 302 618 823 368 712 639 636 235 459 489 636 680 309 571 499 1033 170 525 554 576 842 1040 856 619 274 273 212 375 516 826 980
276 421 879 856 557 223 553 502 409 473 255 606 485 128 268 602 822 312 942 686 316 799 551 174 0 75 416 276 397 170 701 564 321 153 921 590 147 280 712 361 323 70 232 738 358 733 247 276 531 953 456 582 753 471 188 452 391 554 693 188 399 476 961 195 698 723 407 679 1038 752 536 443 233 48 500 532 947 1083
331 462 839 844 618 222 479 574 442 493 306 670 548 166 339 650 892 371 1017 755 349 858 497 139 75 0 489 329 456 208 776 637 381 205 954 651 192 332 786 436 350 139 287 757 417 804 293 331 500 954 475 657 763 539 244 505 464 625 743 172 439 534 1032 226 661 666 442 747 1094 826 607 413 290 86 502 465 953 1099
236 320 1084 920 454 453 967 87 551 471 263 240 394 434 252 375 412 364 535 448 507 454 944 512 416 489 0 246 177 346 300 149 182 395 733 260 335 252 298 114 378 349 251 659 187 316 288 238 874 940 464 231 723 335 277 244 24 140 428 555 515 209 546 358 910 1023 546 467 699 344 121 669 247 435 575 945 909 972
10 156 843 712 613 215 778 306 593 267 24 353 541 364 313 327 591 426 768 665 517 529 825 297 276 329 246 0 133 129 542 384 69 352 660 325 137 8 527 278 138 209 46 510 93 522 46 8 804 765 254 474 550 497 88 176 230 349 417 460 568 206 738 127 666 778 589 675 764 581 335 422 46 317 349 790 746 851
128 144 921 743 615 342 911 204 655 296 157 220 549 465 353 233 460 473 654 625 591 402 948 429 397 456 177 133 0 262 441 282 75 442 589 194 267 133 413 260 227 327 169 487 39 398 178 128 913 765 290 404 547 494 211 77 174 235 311 573 625 79 608 259 751 886 651 643 642 472 225 525 166 432 404 920 735 811
134 254 790 715 630 114 649 419 548 306 105 482 556 284 317 442 717 408 880 717 461 657 705 170 170 208 346 129 262 0 647 493 193 288 751 455 29 130 640 340 155 121 98 570 222 643 87 133 700 796 289 558 590 524 69 301 325 466 535 358 530 336 863 29 608 687 545 720 889 690 450 351 103 217 349 662 786 915
533 576 1361 1158 480 753 1254 238 704 728 561 320 461 688 472 540 261 542 241 346 696 458 1192 811 701 776 300 542 441 647 0 159 474 642 845 379 635 547 76 342 665 639 552 854 467 156 586 534 1090 1141 725 153 935 404 578 479 322 209 540 810 665 425 327 658 1192 1320 699 385 653 56 216 962 547 711 842 1216 1099 1114
374 420 1203 1009 477 597 1116 78 642 573 403 204 436 571 368 408 284 462 387 406 615 395 1081 660 564 637 149 384 282 493 159 0 315 528 741 254 483 389 149 223 506 498 396 717 307 177 428 376 998 1005 569 161 794 373 425 325 173 61 428 693 604 273 406 502 1033 1161 637 436 625 197 60 802 391 580 685 1090 966 1001
61 164 903 753 581 285 841 237 594 302 91 290 511 391 298 299 524 417 698 615 525 478 872 363 321 381 182 69 75 193 474 315 0 370 649 269 194 74 457 232 196 251 96 523 39 452 115 62 838 791 292 412 574 462 137 141 168 279 383 497 565 155 670 195 727 846 589 628 718 511 265 488 92 357 397 846 767 858
347 508 1032 999 414 369 637 483 260 592 337 621 345 50 170 670 807 167 881 562 172 830 553 327 153 205 395 352 442 288 642 528 370 0 1012 620 259 359 669 305 440 168 306 852 409 705 340 348 480 1085 576 504 878 343 271 511 371 535 752 168 248 519 934 317 851 871 258 550 1075 697 516 595 306 119 636 577 1075 1197
664 504 867 531 1187 746 1296 697 1243 471 676 537 1127 1023 943 359 652 1063 934 1148 1173 408 1440 856 921 954 733 660 589 751 845 741 649 1012 0 489 774 653 775 839 604 863 706 248 612 703 678 663 1452 403 488 903 321 1068 744 512 742 681 313 1110 1214 528 752 729 784 1010 1239 1176 402 836 689 733 706 967 522 1365 343 275
322 258 1022 787 704 524 1103 208 807 389 349 59 650 649 502 161 296 620 539 659 754 210 1141 619 590 651 260 325 194 455 379 254 269 620 489 0 461 324 322 374 387 520 363 475 234 273 368 322 1098 762 392 414 558 589 406 164 275 192 176 762 772 119 444 449 867 1032 802 687 454 387 200 672 361 624 506 1114 720 747
139 274 817 745 602 137 647 412 518 334 113 485 528 256 289 458 716 379 871 693 432 666 690 176 147 192 335 137 267 29 635 483 194 259 774 461 0 139 632 321 182 92 98 597 227 638 101 139 678 826 318 540 619 497 59 312 313 460 550 335 500 343 861 59 635 707 515 696 901 680 444 377 101 193 379 653 815 942
18 149 836 704 622 212 778 311 601 258 26 353 550 370 322 322 593 435 772 673 524 527 829 296 280 332 252 8 133 130 547 389 74 359 653 324 139 0 531 286 130 214 52 501 94 525 44 16 809 757 245 481 541 505 93 173 236 353 413 465 576 205 740 125 659 772 597 683 762 585 339 416 53 322 341 792 737 843
518 541 1326 1108 546 741 1265 221 755 689 547 262 522 713 503 483 187 585 241 422 739 383 1222 808 712 786 298 527 413 640 76 149 457 669 775 322 632 531 0 364 641 647 543 796 444 80 572 519 1130 1083 688 211 881 461 573 441 322 178 474 836 716 385 272 648 1161 1299 750 459 577 65 191 939 538 727 805 1237 1039 1046
268 394 1118 986 354 454 913 190 437 535 286 354 289 349 145 480 506 251 583 386 397 568 858 489 361 436 114 278 260 340 342 223 232 305 839 374 321 286 364 0 417 304 264 747 255 401 309 269 775 1022 524 223 804 234 272 336 99 239 539 472 401 312 629 360 939 1028 432 397 812 395 220 687 259 368 627 875 995 1071
149 136 706 580 746 151 737 427 697 151 132 430 673 439 439 326 677 544 881 804 613 567 839 261 323 350 378 138 227 155 665 506 196 440 604 387 182 130 641 417 0 275 161 415 198 624 114 147 849 647 135 609 437 632 178 222 364 462 421 510 676 274 826 128 531 659 694 814 782 699 451 298 164 371 213 777 634 760
208 359 882 831 538 205 617 434 429 427 189 535 465 164 233 536 753 302 880 650 341 729 621 194 70 139 349 209 327 121 639 498 251 168 863 520 92 214 647 304 275 0 164 689 288 665 184 209 594 917 410 527 711 442 121 384 325 486 626 251 413 406 893 149 700 748 426 647 969 689 468 441 165 107 468 602 907 1034
44 202 854 741 585 201 745 321 551 301 31 386 512 318 279 372 619 388 783 649 473 570 782 269 232 287 251 46 169 98 552 396 96 306 706 363 98 52 543 264 161 164 0 551 129 544 46 44 758 801 287 471 587 471 43 220 232 367 462 415 527 246 765 106 675 773 547 657 807 594 352 424 4 271 374 751 784 893
517 359 642 336 1101 537 1059 653 1102 264 519 534 1033 853 819 313 727 935 1000 1104 1022 502 1225 643 738 757 659 510 487 570 854 717 523 852 248 475 597 501 796 747 415 689 551 0 494 740 513 515 1257 287 282 869 95 981 582 414 659 656 338 923 1078 453 856 543 542 764 1098 1126 599 862 658 488 553 786 283 1138 250 345
88 139 900 736 607 305 872 228 631 285 117 259 539 430 332 260 498 452 685 630 563 441 910 390 358 417 187 93 39 222 467 307 39 409 612 234 227 94 444 255 198 288 129 494 0 433 138 89 878 766 277 418 549 487 172 101 178 265 343 536 602 117 646 220 727 855 626 646 680 501 253 495 126 395 387 880 740 825
514 512 1292 1059 618 737 1281 230 812 656 544 214 589 747 545 430 114 636 267 501 790 306 1257 813 733 804 316 522 398 643 156 177 452 705 703 273 638 525 80 401 624 665 544 740 433 0 568 515 1175 1024 656 281 827 527 579 412 341 179 410 869 773 355 229 647 1132 1282 807 538 497 133 197 921 540 752 773 1262 978 976
54 174 809 695 632 169 734 351 590 258 25 398 559 346 324 357 637 431 813 695 509 569 791 251 247 293 288 46 178 87 586 428 115 340 678 368 101 44 572 309 114 184 46 513 138 568 0 53 778 758 244 512 545 518 69 213 270 395 449 434 567 249 784 81 630 735 586 703 802 625 380 382 50 291 328 750 742 857
1 161 852 721 605 222 783 298 587 274 29 348 533 362 306 328 585 420 761 656 512 527 826 302 276 331 238 8 128 133 534 376 62 348 663 322 139 16 519 269 147 209 44 515 89 515 53 0 803 772 261 465 556 489 88 175 221 341 417 459 562 204 732 133 675 786 584 666 763 573 327 431 44 316 357 792 752 856
803 952 1220 1310 706 719 493 960 415 993 784 1101 674 449 630 1131 1281 548 1319 903 395 1309 190 618 531 500 874 804 913 700 1090 998 838 480 1452 1098 678 809 1130 775 849 594 758 1257 878 1175 778 803 0 1439 975 941 1258 712 716 976 850 1012 1220 343 451 992 1401 723 1063 972 420 874 1553 1147 992 859 759 487 993 337 1444 1597
774 628 521 182 1373 733 1153 939 1344 499 770 821 1303 1078 1079 601 1002 1190 1279 1388 1258 767 1375 823 953 954 940 765 765 796 1141 1005 791 1085 403 762 826 757 1083 1022 647 917 801 287 766 1024 758 772 1439 0 514 1155 217 1254 825 695 939 944 616 1127 1324 738 1123 768 507 738 1341 1407 806 1148 945 592 804 1002 453 1263 60 248
263 149 637 461 867 259 817 492 831 17 256 446 795 574 566 278 688 675 922 907 748 533 952 368 456 475 464 254 290 289 725 569 292 576 488 392 318 245 688 524 135 410 287 282 277 656 244 261 975 514 0 694 302 750 311 247 456 516 366 641 810 303 835 262 476 645 828 920 721 751 510 294 290 505 117 877 499 626
464 548 1315 1147 337 670 1130 215 551 701 488 366 311 552 334 564 394 392 380 245 545 550 1049 712 582 657 231 474 404 558 153 161 412 504 903 414 540 481 211 223 609 527 471 869 418 281 512 465 941 1155 694 0 941 251 488 463 244 222 590 672 511 416 479 574 1140 1244 545 275 769 209 215 895 467 585 806 1082 1119 1160
558 410 552 241 1155 540 1023 726 1134 286 555 618 1085 874 863 398 818 975 1089 1171 1051 597 1212 639 753 763 723 550 547 590 935 794 574 878 321 558 619 541 881 804 437 711 587 95 549 827 545 556 1258 217 302 941 0 1036 613 479 721 733 431 933 1113 524 949 562 463 691 1131 1190 690 946 733 448 589 802 265 1114 197 343
487 626 1314 1210 120 635 976 383 306 761 499 557 63 392 210 710 641 185 614 219 320 764 841 636 471 539 335 497 494 524 404 373 462 343 1068 589 497 505 461 234 632 442 471 981 487 527 518 489 712 1254 750 251 1036 0 465 570 327 418 761 494 267 543 731 549 1132 1190 300 208 998 459 402 874 467 453 845 899 1228 1304
87 240 851 756 576 182 706 352 521 326 68 427 502 278 264 415 657 366 812 653 440 613 738 235 188 244 277 88 211 69 578 425 137 271 744 406 59 93 573 272 178 121 43 582 172 579 69 88 716 825 311 488 613 465 0 263 255 400 505 372 499 289 801 87 670 756 518 657 851 622 384 416 45 229 388 708 810 926
175 100 885 685 690 360 943 251 731 249 199 208 625 531 430 158 455 550 676 692 665 357 1001 459 452 505 244 176 77 301 479 325 141 511 512 164 312 173 441 336 222 384 220 414 101 412 213 175 976 695 247 463 479 570 263 0 245 270 243 634 701 56 605 291 721 873 727 712 588 503 265 512 218 491 364 963 664 734
220 315 1071 914 447 433 943 112 532 464 245 260 385 410 230 383 437 345 558 452 485 474 919 489 391 464 24 230 174 325 322 173 168 371 742 275 313 236 322 99 364 325 232 659 178 341 270 221 850 939 456 244 721 327 255 245 0 165 440 531 497 215 571 337 895 1005 527 469 719 367 146 652 227 410 565 920 909 977
340 368 1153 951 527 564 1102 52 672 519 370 145 481 575 384 346 272 488 420 467 637 345 1085 636 554 625 140 349 235 466 209 61 279 535 681 192 460 353 178 239 462 486 367 656 265 179 395 341 1012 944 516 222 733 418 400 270 165 0 368 696 635 216 407 472 986 1121 667 496 582 237 19 760 363 575 633 1085 905 939
417 287 947 671 878 573 1159 385 961 355 439 225 822 774 656 95 388 776 663 835 901 175 1240 680 693 743 428 417 311 535 540 428 383 752 313 176 550 413 474 539 421 626 462 338 343 410 449 417 1220 616 366 590 431 761 505 243 440 368 0 877 929 236 519 521 811 1004 957 863 361 538 376 660 461 734 462 1194 568 575
459 609 992 1016 544 394 483 643 308 658 440 770 483 122 338 787 968 309 1049 712 220 972 388 309 188 172 555 460 573 358 810 693 497 168 1110 762 335 465 836 472 510 251 415 923 536 869 434 459 343 1127 641 672 933 494 372 634 531 696 877 0 317 652 1099 382 818 793 309 695 1215 865 677 578 416 143 674 410 1125 1267
561 722 1277 1244 258 617 785 589 39 826 559 756 223 275 272 858 886 152 881 453 96 970 597 571 399 439 515 568 625 530 665 604 565 248 1214 772 500 576 716 401 676 413 527 1078 602 773 567 562 451 1324 810 511 1113 267 499 701 497 635 929 317 0 693 988 559 1097 1101 33 425 1213 721 617 842 525 359 879 681 1310 1419
203 157 941 736 662 406 983 202 725 305 231 155 600 543 420 168 402 541 619 651 665 323 1027 499 476 534 209 206 79 336 425 273 155 519 528 119 343 205 385 312 274 406 246 453 117 355 249 204 992 738 303 416 524 543 289 56 215 216 236 652 693 0 551 329 778 929 720 673 563 447 212 567 244 512 420 997 704 762
731 702 1456 1190 806 951 1507 459 1028 831 761 396 789 976 772 574 149 858 218 654 1012 356 1487 1033 961 1032 546 738 608 863 327 406 670 934 752 444 861 740 272 629 826 893 765 856 646 229 784 732 1401 1123 835 479 949 731 801 605 571 407 519 1099 988 551 0 865 1308 1476 1022 695 428 273 425 1116 761 981 948 1492 1070 1025
133 236 765 686 657 96 653 427 577 279 103 479 582 312 344 426 718 437 889 740 490 648 722 170 195 226 358 127 259 29 658 502 195 317 729 449 59 125 648 360 128 149 106 543 220 647 81 133 723 768 262 574 562 549 87 291 337 472 521 382 559 329 865 0 584 669 574 744 877 700 457 328 111 243 320 674 758 888
676 621 182 327 1236 498 684 955 1103 478 654 922 1162 822 924 738 1162 1002 1397 1323 1009 986 955 525 698 661 910 666 751 608 1192 1033 727 851 784 867 635 659 1161 939 531 700 675 542 727 1132 630 675 1063 507 476 1140 463 1132 670 721 895 986 811 818 1097 778 1308 584 0 233 1102 1328 1131 1222 977 258 679 738 361 818 546 745
787 774 284 556 1281 574 525 1082 1099 652 760 1081 1208 832 981 921 1328 1035 1540 1397 1007 1175 831 554 723 666 1023 778 886 687 1320 1161 846 871 1010 1032 707 772 1299 1028 659 748 773 764 855 1282 735 786 972 738 645 1244 691 1190 756 873 1005 1121 1004 793 1101 929 1476 669 233 0 1099 1396 1340 1357 1109 361 778 752 541 680 779 979
583 745 1281 1257 287 627 768 621 5 844 579 786 255 280 300 884 919 182 915 483 93 1001 571 576 407 442 546 589 651 545 699 637 589 258 1239 802 515 597 750 432 694 426 547 1098 626 807 586 584 420 1341 828 545 1131 300 518 727 527 667 957 309 33 720 1022 574 1102 1099 0 454 1244 755 649 849 545 364 894 659 1328 1441
665 784 1509 1381 167 833 1178 481 459 930 682 641 212 599 415 831 646 387 527 41 501 824 1021 842 679 747 467 675 643 720 385 436 628 550 1176 687 696 683 459 397 814 647 657 1126 646 538 703 666 874 1407 920 275 1190 208 657 712 469 496 863 695 425 673 695 744 1328 1396 454 0 1035 428 487 1072 652 662 1024 1093 1376 1430
763 647 1241 922 1101 934 1520 624 1249 708 788 459 1061 1103 950 456 397 1063 642 998 1204 245 1590 1040 1038 1094 699 764 642 889 653 625 718 1075 402 454 901 762 577 812 782 969 807 599 680 497 802 763 1553 806 721 769 690 998 851 588 719 582 361 1215 1213 563 428 877 1131 1340 1244 1035 0 619 599 1012 805 1075 804 1551 746 649
572 603 1388 1173 532 794 1305 274 761 752 601 327 517 743 528 548 223 599 191 389 753 439 1248 856 752 826 344 581 472 690 56 197 511 697 836 387 680 585 65 395 699 689 594 862 501 133 625 573 1147 1148 751 209 946 459 622 503 367 237 538 865 721 447 273 700 1222 1357 755 428 619 0 247 997 589 763 868 1270 1103 1108
326 361 1145 949 513 550 1084 33 654 513 356 157 465 555 365 350 291 469 433 459 618 361 1065 619 536 607 121 335 225 450 216 60 265 516 689 200 444 339 191 220 451 468 352 658 253 197 380 327 992 945 510 215 733 402 384 265 146 19 376 677 617 212 425 457 977 1109 649 487 599 247 0 749 347 556 626 1066 907 945
432 414 441 451 977 239 575 724 850 305 407 720 903 569 666 572 967 744 1179 1068 757 827 783 274 443 413 669 422 525 351 962 802 488 595 733 672 377 416 939 687 298 441 424 488 495 921 382 431 859 592 294 895 448 874 416 512 652 760 660 578 842 567 1116 328 258 361 849 1072 1012 997 749 0 429 485 213 672 608 787
43 202 859 744 581 206 749 317 549 304 34 383 508 318 276 372 615 386 778 645 472 567 784 273 233 290 247 46 166 103 547 391 92 306 706 361 101 53 538 259 164 165 4 553 126 540 50 44 759 804 290 467 589 467 45 218 227 363 461 416 525 244 761 111 679 778 545 652 805 589 347 429 0 273 378 753 786 895
316 465 918 903 532 271 545 522 365 522 297 636 461 84 259 644 845 284 952 671 272 834 517 212 48 86 435 317 432 217 711 580 357 119 967 624 193 322 727 368 371 107 271 786 395 752 291 316 487 1002 505 585 802 453 229 491 410 575 734 143 359 512 981 243 738 752 364 662 1075 763 556 485 273 0 548 510 996 1131
359 265 520 367 960 280 775 607 896 117 345 561 887 626 652 381 801 754 1039 1012 809 634 948 375 500 502 575 349 404 349 842 685 397 636 522 506 379 341 805 627 213 468 374 283 387 773 328 357 993 453 117 806 265 845 388 364 565 633 462 674 879 420 948 320 361 541 894 1024 804 868 626 213 378 548 0 855 451 607
793 907 951 1109 933 626 163 1032 655 894 766 1135 881 529 747 1098 1354 715 1457 1114 593 1319 159 516 532 465 945 790 920 662 1216 1090 846 577 1365 1114 653 792 1237 875 777 602 751 1138 880 1262 750 792 337 1263 877 1082 1114 899 708 963 920 1085 1194 410 681 997 1492 674 818 680 659 1093 1551 1270 1066 672 753 510 855 0 1280 1457
754 602 574 229 1348 731 1176 903 1331 483 752 778 1279 1070 1059 559 952 1172 1231 1355 1247 714 1387 826 947 953 909 746 735 786 1099 966 767 1075 343 720 815 737 1039 995 634 907 784 250 740 978 742 752 1444 60 499 1119 197 1228 810 664 909 905 568 1125 1310 704 1070 758 546 779 1328 1376 746 1103 907 608 786 996 451 1280 0 199
858 696 769 428 1424 877 1361 948 1444 609 862 799 1360 1199 1156 599 928 1274 1209 1404 1366 683 1555 980 1083 1099 972 851 811 915 1114 1001 858 1197 275 747 942 843 1046 1071 760 1034 893 345 825 976 857 856 1597 248 626 1160 343 1304 926 734 977 939 575 1267 1419 762 1025 888 745 979 1441 1430 649 1108 945 787 895 1131 607 1457 199 0
