0 1599 206 824 710 240 1360 973 1513 1532 1458 937 296 351 361 515
1599 0 1785 2047 1337 1711 704 1134 728 3017 917 2530 1848 1765 1239 1141
206 1785 0 870 897 325 1493 1172 1720 1326 1663 779 272 235 549 667
824 2047 870 0 718 584 2043 995 1649 1861 1500 889 599 1105 1025 1238
710 1337 897 718 0 618 1443 310 956 2198 838 1399 762 1057 607 790
240 1711 325 584 618 0 1552 917 1520 1580 1434 833 150 545 515 709
1360 704 1493 2043 1443 1552 0 1383 1286 2543 1421 2273 1653 1385 1038 846
973 1134 1172 995 310 917 1383 0 656 2489 527 1709 1065 1305 775 907
1513 728 1720 1649 956 1520 1286 656 0 3044 205 2341 1671 1795 1213 1242
1532 3017 1326 1861 2198 1580 2543 2489 3044 0 2989 1008 1441 1266 1843 1884
1458 917 1663 1500 838 1434 1421 527 205 2989 0 2236 1584 1764 1191 1255
937 2530 779 889 1399 833 2273 1709 2341 1008 2236 0 687 918 1297 1443
296 1848 272 599 762 150 1653 1065 1671 1441 1584 687 0 508 630 806
351 1765 235 1105 1057 545 1385 1305 1795 1266 1764 918 508 0 583 624
361 1239 549 1025 607 515 1038 775 1213 1843 1191 1297 630 583 0 214
515 1141 667 1238 790 709 846 907 1242 1884 1255 1443 806 624 214 0
