0 629 150 380 678 534 1336 960 1706 1197 1580 1359 1329 1040 1105 663
629 0 504 995 449 278 1940 1582 2121 621 1711 1302 1766 521 1629 1155
150 504 0 491 641 465 1439 1078 1724 1050 1661 1251 1352 890 1252 803
380 995 491 0 1044 913 955 587 1418 1518 1741 1402 1042 1343 984 664
678 449 641 1044 0 205 1986 1589 2365 1001 1269 1725 1992 948 1378 920
534 278 465 913 205 0 1867 1483 2184 883 1438 1523 1814 798 1397 924
1336 1940 1439 955 1986 1867 0 410 1022 2407 2371 1889 816 2216 1261 1307
960 1582 1078 587 1589 1483 410 0 1234 2094 1988 1762 924 1912 930 904
1706 2121 1724 1418 2365 2184 1022 1234 0 2351 3138 1385 378 2156 2161 2030
1197 621 1050 1518 1001 883 2407 2094 2351 0 2255 1181 2045 197 2248 1774
1580 1711 1661 1741 1269 1438 2371 1988 3138 2255 0 2905 2770 2217 1159 1108
1359 1302 1251 1402 1725 1523 1889 1762 1385 1181 2905 0 1207 1025 2383 2001
1329 1766 1352 1042 1992 1814 816 924 378 2045 2770 1207 0 1847 1830 1666
1040 521 890 1343 948 798 2216 1912 2156 197 2217 1025 1847 0 2116 1646
1105 1629 1252 984 1378 1397 1261 930 2161 2248 1159 2383 1830 2116 0 474
663 1155 803 664 920 924 1307 904 2030 1774 1108 2001 1666 1646 474 0
