0 75 909 1359 1174 1081 343 1174 1026 676 1027 417 3 1035 1664 950
75 0 857 1378 1166 1038 342 1102 1024 717 1001 493 78 960 1655 875
909 857 0 2183 721 231 1152 572 1761 1572 1607 1222 911 589 2318 748
1359 1378 2183 0 2530 2391 1042 2187 479 736 797 1364 1359 2006 644 1792
1174 1166 721 2530 0 571 1509 1285 2189 1818 2126 1263 1173 1310 2811 1449
1081 1038 231 2391 571 0 1352 728 1979 1755 1835 1347 1083 785 2546 966
343 342 1152 1042 1509 1352 0 1276 683 449 703 592 344 1109 1321 955
1174 1102 572 2187 1285 728 1276 0 1718 1726 1470 1571 1177 182 2159 414
1026 1024 1761 479 2189 1979 683 1718 0 592 337 1164 1026 1536 648 1317
676 717 1572 736 1818 1755 449 1726 592 0 815 629 675 1557 1209 1394
1027 1001 1607 797 2126 1835 703 1470 337 815 0 1276 1029 1290 712 1058
417 493 1222 1364 1263 1347 592 1571 1164 629 1276 0 414 1442 1809 1368
3 78 911 1359 1173 1083 344 1177 1026 675 1029 414 0 1038 1665 953
1035 960 589 2006 1310 785 1109 182 1536 1557 1290 1442 1038 0 1981 238
1664 1655 2318 644 2811 2546 1321 2159 648 1209 712 1809 1665 1981 0 1745
950 875 748 1792 1449 966 955 414 1317 1394 1058 1368 953 238 1745 0
