0 292 1347 1325 1537 625 272 677 859 1024 1440 191 364 1707 838 846
292 0 1058 1466 1783 340 428 968 602 753 1675 478 502 1438 920 646
1347 1058 0 2123 2677 779 1449 2024 763 635 2681 1521 1402 856 1759 993
1325 1466 2123 0 792 1750 1564 1317 2039 2152 2220 1207 976 2804 2095 2113
1537 1783 2677 792 0 2119 1680 1144 2384 2535 1828 1356 1305 3220 2078 2383
625 340 779 1750 2119 0 673 1286 288 417 1901 815 822 1101 1014 425
272 428 1449 1564 1680 673 0 655 831 1011 1249 359 630 1666 566 744
677 968 2024 1317 1144 1286 655 0 1480 1658 940 511 760 2321 937 1399
859 602 763 2039 2384 288 831 1480 0 182 1979 1050 1100 848 1012 233
1024 753 635 2152 2535 417 1011 1658 182 0 2157 1216 1238 685 1179 375
1440 1675 2681 2220 1828 1901 1249 940 1979 2157 0 1349 1657 2708 1010 1802
191 478 1521 1207 1356 815 359 511 1050 1216 1349 0 324 1898 897 1027
364 502 1402 976 1305 822 630 760 1100 1238 1657 324 0 1919 1193 1145
1707 1438 856 2804 3220 1101 1666 2321 848 685 2708 1898 1919 0 1697 936
838 920 1759 2095 2078 1014 566 937 1012 1179 1010 897 1193 1697 0 809
846 646 993 2113 2383 425 744 1399 233 375 1802 1027 1145 936 809 0
