0 369 868 223 396 718 1626 464 407 683 1546 764 1147 1147 923 553 471
369 0 1209 495 118 888 1287 346 155 722 1195 1097 1441 1489 1186 211 111
868 1209 0 919 1184 1237 2491 1312 1175 1385 2261 122 392 924 1141 1412 1288
223 495 919 0 562 496 1641 415 583 502 1689 835 1248 997 713 623 606
396 118 1184 562 0 988 1338 464 37 836 1150 1068 1388 1540 1269 293 110
718 888 1237 496 988 0 1707 609 1018 293 2011 1190 1614 874 384 918 991
1626 1287 2491 1641 1338 1707 0 1229 1359 1414 1005 2382 2726 2556 2091 1080 1227
464 346 1312 415 464 609 1229 0 501 390 1401 1217 1611 1357 961 310 423
407 155 1175 583 37 1018 1359 501 0 872 1142 1058 1370 1554 1293 325 136
683 722 1385 502 836 293 1414 390 872 0 1763 1316 1737 1157 677 695 811
1546 1195 2261 1689 1150 2011 1005 1401 1142 1763 0 2139 2357 2684 2355 1097 1084
764 1097 122 835 1068 1190 2382 1217 1058 1316 2139 0 425 972 1132 1302 1172
1147 1441 392 1248 1388 1614 2726 1611 1370 1737 2357 425 0 1288 1534 1652 1498
1147 1489 924 997 1540 874 2556 1357 1554 1157 2684 972 1288 0 524 1616 1599
923 1186 1141 713 1269 384 2091 961 1293 677 2355 1132 1534 524 0 1258 1297
553 211 1412 623 293 918 1080 310 325 695 1097 1302 1652 1616 1258 0 193
471 111 1288 606 110 991 1227 423 136 811 1084 1172 1498 1599 1297 193 0
