0 176 274 648 1177 1627 1161 1076 1367 945 35 61 699 755 1558 1152
176 0 337 704 1234 1648 1072 1240 1542 940 177 234 523 874 1493 1041
274 337 0 377 1440 1352 960 1195 1415 1220 239 300 773 547 1818 985
648 704 377 0 1783 988 842 1368 1486 1593 614 663 1047 337 2194 932
1177 1234 1440 1783 0 2769 2305 989 1406 464 1212 1140 1509 1744 994 2261
1627 1648 1352 988 2769 0 1004 2233 2214 2572 1592 1648 1818 1085 3131 1178
1161 1072 960 842 2305 1004 0 2148 2317 1972 1130 1213 970 1169 2375 174
1076 1240 1195 1368 989 2233 2148 0 426 1219 1093 1015 1739 1153 1917 2181
1367 1542 1415 1486 1406 2214 2317 426 0 1644 1375 1308 2061 1199 2344 2379
945 940 1220 1593 464 2572 1972 1219 1644 0 980 930 1097 1642 717 1904
35 177 239 614 1212 1592 1130 1093 1375 980 0 83 698 729 1589 1125
61 234 300 663 1140 1648 1213 1015 1308 930 83 0 756 742 1561 1209
699 523 773 1047 1509 1818 970 1739 2061 1097 698 756 0 1309 1407 858
755 874 547 337 1744 1085 1169 1153 1199 1642 729 742 1309 0 2301 1267
1558 1493 1818 2194 994 3131 2375 1917 2344 717 1589 1561 1407 2301 0 2265
1152 1041 985 932 2261 1178 174 2181 2379 1904 1125 1209 858 1267 2265 0
