0 1378 1315 839 760 1188 486 1392 566 1677 1731 860 1395 1218 998 1669
1378 0 152 768 1060 2564 1709 1146 939 744 2486 2054 2773 1696 2239 3027
1315 152 0 641 1087 2493 1680 993 838 629 2343 1948 2708 1750 2216 2944
839 768 641 0 1022 1941 1297 661 273 840 1732 1323 2169 1708 1830 2355
760 1060 1087 1022 0 1805 799 1684 873 1661 2443 1620 1968 695 1260 2326
1188 2564 2493 1941 1805 0 1021 2308 1681 2768 1732 822 237 1884 840 529
486 1709 1680 1297 799 1021 0 1877 1031 2118 2068 1074 1171 936 540 1549
1392 1146 993 661 1684 2308 1877 0 870 671 1513 1543 2545 2369 2383 2625
566 939 838 273 873 1681 1031 870 0 1113 1671 1114 1906 1527 1561 2111
1677 744 629 840 1661 2768 2118 671 1113 0 2183 2083 2999 2347 2657 3151
1731 2486 2343 1732 2443 1732 2068 1513 1671 2183 0 1031 1925 2944 2325 1727
860 2054 1948 1323 1620 822 1074 1543 1114 2083 1031 0 1054 1995 1294 1081
1395 2773 2708 2169 1968 237 1171 2545 1906 2999 1925 1054 0 1974 882 464
1218 1696 1750 1708 695 1884 936 2369 1527 2347 2944 1995 1974 0 1107 2408
998 2239 2216 1830 1260 840 540 2383 1561 2657 2325 1294 882 1107 0 1335
1669 3027 2944 2355 2326 529 1549 2625 2111 3151 1727 1081 464 2408 1335 0
