0 728 632 1363 1564 1345 140 1560 715 1363 699 600 703 733 1157 133
728 0 224 1791 1005 2064 748 1174 701 1770 422 1016 535 849 526 782
632 224 0 1573 958 1975 612 1391 477 1550 209 810 315 625 748 720
1363 1791 1573 0 1966 1687 1234 2880 1134 56 1419 799 1309 970 2318 1463
1564 1005 958 1966 0 2870 1504 1923 990 1921 868 1461 896 1117 1195 1668
1345 2064 1975 1687 2870 0 1373 2554 1908 1730 2007 1493 1975 1828 2415 1282
140 748 612 1234 1504 1373 0 1668 604 1231 636 461 620 604 1217 269
1560 1174 1391 2880 1923 2554 1668 0 1865 2869 1596 2081 1706 2001 737 1505
715 701 477 1134 990 1908 604 1865 0 1104 291 474 176 163 1219 846
1363 1770 1550 56 1921 1730 1231 2869 1104 0 1392 788 1280 941 2296 1467
699 422 209 1419 868 2007 636 1596 291 1392 0 702 115 451 930 810
600 1016 810 799 1461 1493 461 2081 474 788 702 0 613 349 1537 721
703 535 315 1309 896 1975 620 1706 176 1280 115 613 0 339 1046 825
733 849 625 970 1117 1828 604 2001 163 941 451 349 339 0 1372 867
1157 526 748 2318 1195 2415 1217 737 1219 2296 930 1537 1046 1372 0 1165
133 782 720 1463 1668 1282 269 1505 846 1467 810 721 825 867 1165 0
