0 1731 466 1607 1402 950 191 1218 1508 1517 619 939 1368 835 168 933
1731 0 1671 2555 2890 800 1579 1805 2774 3004 2337 1575 1675 2566 1616 2428
466 1671 0 2072 1232 1003 341 752 1965 1349 782 1328 1746 1075 331 759
1607 2555 2072 0 2683 1896 1748 2821 493 2773 1766 1000 938 1642 1748 2333
1402 2890 1232 2683 0 2230 1444 1341 2356 117 932 2311 2735 1055 1411 481
950 800 1003 1896 2230 0 821 1423 2037 2347 1568 898 1155 1778 858 1750
191 1579 341 1748 1444 821 0 1074 1680 1561 757 989 1412 1002 37 964
1218 1805 752 2821 1341 1423 1074 0 2714 1431 1392 2015 2410 1693 1073 1034
1508 2774 1965 493 2356 2037 1680 2714 0 2435 1490 1206 1299 1301 1669 2067
1517 3004 1349 2773 117 2347 1561 1431 2435 0 1034 2422 2845 1137 1527 598
619 2337 782 1766 932 1568 757 1392 1490 1034 0 1417 1829 303 721 577
939 1575 1328 1000 2311 898 989 2015 1206 2422 1417 0 429 1478 1007 1860
1368 1675 1746 938 2735 1155 1412 2410 1299 2845 1829 429 0 1861 1431 2288
835 2566 1075 1642 1055 1778 1002 1693 1301 1137 303 1478 1861 0 967 809
168 1616 331 1748 1411 858 37 1073 1669 1527 721 1007 1431 967 0 931
933 2428 759 2333 481 1750 964 1034 2067 598 577 1860 2288 809 931 0
