0 531 557 480 337 266 94 426 491 3 851 630 439 794 670 93 204 413 612 24 643 333 195 687 310 662 6 463 384 557 421 490 814 146 68 30 83 175 241 777 571 530 253 400 412 517 91 259 472 744 605 531 516 144 860 66 774 256 734 295 267 793 6 582 100 687 842 317 758 747 132 691 458 288 840 678 512 613
531 0 27 167 651 467 474 685 676 531 1369 758 877 1164 975 511 664 938 610 525 955 207 445 1110 291 1188 531 579 887 769 129 1020 1291 656 522 501 499 516 343 1138 227 8 311 886 177 451 447 727 616 1150 365 801 710 671 1094 551 582 526 1211 277 395 1322 534 813 563 444 1252 249 874 1268 660 1221 971 518 421 1154 362 1127
557 27 0 187 678 486 501 710 688 557 1393 780 898 1181 989 538 692 965 629 551 970 231 467 1137 311 1215 557 603 911 792 150 1047 1313 681 547 527 524 543 370 1163 237 27 338 909 202 457 474 754 639 1176 377 826 722 697 1104 578 575 553 1232 299 421 1349 560 826 587 453 1270 271 895 1292 686 1246 995 544 414 1181 366 1154
480 167 187 0 517 505 401 537 748 479 1331 593 882 1201 1029 433 567 860 443 466 1006 235 459 979 342 1107 478 419 860 610 213 949 1283 621 492 450 474 412 248 991 103 174 227 869 69 567 389 626 456 1013 214 648 782 624 1171 479 733 401 1202 314 273 1245 484 882 539 302 1275 292 707 1226 612 1165 937 385 367 1039 487 1034
337 651 678 517 0 590 279 92 828 333 978 312 721 1085 991 253 184 448 363 314 963 524 514 461 565 659 331 205 606 222 594 542 1020 430 405 337 415 180 320 493 562 655 356 646 477 817 323 197 188 498 512 196 853 392 1188 271 1064 128 947 536 257 798 342 917 434 561 1107 544 432 872 381 779 645 133 789 531 788 564
266 467 486 505 590 0 312 673 261 269 942 857 417 700 523 338 470 622 797 284 500 275 76 948 176 855 271 672 465 801 338 677 834 288 201 256 183 412 363 1043 609 462 346 448 441 260 269 522 691 1008 695 786 292 329 675 331 518 485 755 195 430 971 262 383 202 786 784 221 988 850 325 828 554 509 865 923 281 831
94 474 501 401 279 312 0 361 559 91 932 552 533 888 758 38 199 465 521 73 732 292 235 680 302 714 90 377 474 489 378 550 905 239 146 74 147 100 155 751 488 474 175 493 337 541 45 262 389 732 513 475 586 229 943 78 792 176 825 277 172 850 100 659 189 593 936 293 682 826 216 763 544 204 754 694 520 653
426 685 710 537 92 673 361 0 916 422 1051 221 814 1177 1083 339 275 519 299 402 1056 580 596 455 633 713 420 157 695 130 643 611 1104 523 493 424 502 260 374 454 565 689 409 736 508 891 404 281 127 480 493 120 942 484 1280 361 1132 192 1032 602 302 851 431 1007 524 529 1197 607 339 946 474 848 731 180 770 552 855 611
491 676 688 748 828 261 559 916 0 495 913 1111 370 515 308 577 682 744 1058 514 293 513 333 1130 406 939 497 930 501 1046 554 771 744 443 423 492 414 658 625 1246 851 668 607 459 688 275 520 723 946 1195 948 1023 34 491 422 558 457 735 674 435 690 1031 486 137 399 1040 625 456 1241 840 494 855 580 762 1093 1072 361 946
3 531 557 479 333 269 91 422 495 0 852 626 442 797 674 89 201 412 608 21 647 333 198 684 312 661 2 460 386 553 421 490 816 148 71 29 86 172 239 774 570 530 252 402 411 520 89 256 468 742 603 528 519 145 863 63 777 253 736 296 264 793 9 585 104 684 844 318 754 748 133 691 459 285 838 676 515 612
851 1369 1393 1331 978 942 932 1051 913 852 0 1258 547 591 727 906 817 531 1342 864 714 1161 934 843 1097 400 852 1183 482 1143 1246 440 245 713 847 880 869 954 1087 1014 1420 1366 1104 493 1264 1152 942 783 1167 904 1434 1070 899 706 887 856 1370 1010 269 1099 1091 337 846 848 805 1505 486 1127 1343 107 718 209 397 1044 1686 681 1209 510
630 758 780 593 312 857 552 221 1111 626 1258 0 1034 1398 1297 538 497 729 183 606 1269 709 781 558 784 900 624 192 917 116 753 818 1323 740 694 622 699 455 515 485 581 765 545 958 589 1049 590 501 166 556 466 194 1138 703 1490 569 1273 376 1252 750 439 1032 636 1211 730 461 1419 749 130 1154 692 1051 951 348 717 694 999 791
439 877 898 882 721 417 533 814 370 442 547 1034 0 363 306 526 538 451 1044 462 279 673 432 876 588 595 443 889 167 940 748 445 417 300 399 461 412 603 670 1022 982 872 673 112 813 605 520 549 890 946 1036 892 363 331 515 482 824 682 337 599 705 670 433 338 351 1122 402 627 1152 470 343 487 223 717 1249 780 666 626
794 1164 1181 1201 1085 700 888 1177 515 797 591 1398 363 0 213 885 902 770 1405 818 222 975 742 1196 875 834 799 1251 498 1303 1036 732 351 662 746 813 754 964 1013 1353 1305 1158 1010 449 1134 790 868 909 1253 1266 1375 1252 485 695 301 843 931 1043 326 895 1057 856 788 389 699 1463 131 922 1516 576 706 658 505 1078 1564 1075 875 901
670 975 989 1029 991 523 758 1083 308 674 727 1297 306 213 0 763 815 757 1279 695 27 796 577 1182 692 881 676 1134 472 1213 849 745 512 560 612 684 614 846 864 1326 1132 968 856 416 964 581 731 837 1142 1252 1215 1173 276 602 209 728 719 927 460 716 917 935 664 176 570 1306 337 741 1421 684 611 739 514 959 1385 1084 668 925
93 511 538 433 253 338 38 339 577 89 906 538 526 885 763 0 161 430 520 68 736 331 262 642 339 678 87 370 455 469 416 516 887 227 156 85 163 83 184 716 516 512 208 478 370 574 80 223 379 695 532 449 603 210 952 49 827 163 808 315 188 815 99 672 193 610 928 332 666 800 197 733 521 195 780 655 556 615
204 664 692 567 184 470 199 275 682 201 817 497 538 902 815 161 0 302 535 188 788 492 399 485 498 542 199 374 422 401 576 396 841 256 269 219 287 155 324 573 637 665 354 461 510 720 240 62 366 541 625 357 703 213 1017 142 977 193 766 475 297 681 207 755 283 690 922 493 613 710 204 627 465 226 891 495 710 467
413 938 965 860 448 622 465 519 744 412 531 729 451 770 757 430 302 0 811 415 731 745 574 428 718 249 411 653 285 615 833 94 606 333 445 441 470 453 613 583 937 938 638 340 799 880 491 257 636 498 927 546 752 295 966 387 1135 494 544 706 597 385 411 765 424 991 749 729 821 426 300 331 266 526 1193 333 899 209
612 610 629 443 363 797 521 299 1058 608 1342 183 1044 1405 1279 520 535 811 0 587 1253 602 725 718 692 1012 606 161 951 265 628 905 1376 743 667 596 665 440 434 663 413 618 456 984 454 954 549 560 175 725 287 339 1088 716 1460 562 1158 362 1300 657 368 1149 618 1172 710 277 1443 649 271 1236 704 1142 1000 327 533 838 892 910
24 525 551 466 314 284 73 402 514 21 864 606 462 818 695 68 188 415 587 0 668 330 211 673 316 664 18 439 401 533 418 495 832 166 90 30 102 151 224 760 556 524 239 420 400 531 79 246 447 730 585 509 539 158 884 47 788 232 753 298 245 797 30 606 125 666 864 319 733 759 146 701 473 264 824 670 523 611
643 955 970 1006 963 500 732 1056 293 647 714 1269 279 222 27 736 788 731 1253 668 0 774 553 1156 671 859 649 1107 446 1185 829 720 504 533 585 657 588 819 839 1299 1110 949 831 391 941 568 705 809 1115 1225 1191 1145 263 575 236 701 715 900 449 695 892 915 637 167 543 1281 340 719 1394 668 583 720 490 932 1364 1059 654 900
333 207 231 235 524 275 292 580 513 333 1161 709 673 975 796 331 492 745 602 330 774 0 241 964 107 994 334 517 680 688 88 823 1085 450 316 303 293 359 206 1016 337 204 171 678 176 353 257 555 547 1011 438 701 547 468 936 363 563 395 1004 79 279 1126 335 647 356 530 1056 57 837 1061 458 1017 763 400 590 987 291 941
195 445 467 459 514 76 235 596 333 198 934 781 432 742 577 262 399 574 725 211 553 241 0 881 162 815 200 597 452 724 317 638 845 245 136 182 114 335 294 971 563 441 280 444 392 322 193 454 615 940 638 710 363 279 740 258 580 408 765 168 357 937 192 449 150 728 817 196 911 837 274 805 539 432 825 865 325 782
687 1110 1137 979 461 948 680 455 1130 684 843 558 876 1196 1182 642 485 428 718 673 1156 964 881 0 982 443 682 608 712 453 1042 468 992 687 747 704 768 605 771 170 1017 1113 806 767 938 1204 723 427 572 70 948 379 1144 639 1392 628 1461 584 944 958 715 542 689 1174 750 977 1166 973 586 758 637 640 691 595 1224 167 1196 333
310 291 311 342 565 176 302 633 406 312 1097 784 588 875 692 339 498 718 692 316 671 107 162 982 0 964 313 593 614 751 162 788 1004 400 273 286 248 388 269 1051 444 286 240 606 283 265 258 559 619 1034 545 753 440 427 829 358 498 442 924 34 345 1090 310 540 302 636 960 50 914 1000 419 965 701 454 693 986 222 922
662 1188 1215 1107 659 855 714 713 939 661 400 900 595 834 881 678 542 249 1012 664 859 994 815 443 964 0 660 862 439 783 1083 177 570 569 690 690 715 696 860 613 1180 1188 886 488 1047 1108 741 488 838 504 1160 706 941 537 1082 637 1358 728 537 953 839 140 660 932 665 1217 774 977 969 320 544 203 372 757 1431 281 1135 113
6 531 557 478 331 271 90 420 497 2 852 624 443 799 676 87 199 411 606 18 649 334 200 682 313 660 0 458 386 551 422 489 817 149 74 30 88 170 238 771 569 530 251 404 411 522 89 254 466 740 601 525 522 145 865 61 779 251 737 297 262 792 11 588 106 683 846 319 752 748 133 691 460 283 837 674 516 611
463 579 603 419 205 672 377 157 930 460 1183 192 889 1251 1134 370 374 653 161 439 1107 517 597 608 593 862 458 0 791 191 564 747 1215 589 523 451 525 288 323 586 428 585 353 826 405 858 411 400 38 627 341 240 959 559 1320 409 1081 208 1140 558 248 1001 469 1036 563 372 1285 557 321 1076 547 984 839 174 616 709 807 763
384 887 911 860 606 465 474 695 501 386 482 917 167 498 472 455 422 285 951 401 446 680 452 712 614 439 386 791 0 815 763 280 432 239 369 412 390 520 625 861 955 884 637 55 792 696 474 418 787 782 987 759 501 245 681 406 936 592 353 616 644 530 378 495 325 1066 503 644 1029 385 258 366 88 627 1223 613 741 461
557 769 792 610 222 801 489 130 1046 553 1143 116 940 1303 1213 469 401 615 265 533 1185 688 724 453 751 783 551 191 815 0 744 704 1214 653 624 554 632 389 484 403 618 774 517 858 593 1012 531 397 154 459 521 79 1072 613 1411 492 1247 316 1144 718 409 915 562 1138 655 534 1318 721 213 1040 603 936 844 297 787 582 971 674
421 129 150 213 594 338 378 643 554 421 1246 753 748 1036 849 416 576 833 628 418 829 88 317 1042 162 1083 422 564 763 744 0 911 1163 537 403 392 379 438 274 1087 307 124 238 760 176 353 344 639 597 1088 427 763 589 555 975 450 530 466 1082 149 341 1214 423 691 441 516 1123 121 877 1146 546 1104 848 466 538 1071 274 1029
490 1020 1047 949 542 677 550 611 771 490 440 818 445 732 745 516 396 94 905 495 720 823 638 468 788 177 489 747 280 704 911 0 534 392 515 520 540 545 701 632 1027 1019 724 333 886 931 573 351 729 538 1021 632 775 360 952 472 1182 589 478 779 688 303 488 775 488 1085 697 803 907 336 368 236 232 621 1286 343 958 181
814 1291 1313 1283 1020 834 905 1104 744 816 245 1323 417 351 512 887 841 606 1376 832 504 1085 845 992 1004 570 817 1215 432 1214 1163 534 0 667 791 841 809 952 1055 1161 1381 1287 1064 414 1214 1006 903 823 1206 1059 1418 1148 725 677 651 838 1199 1020 81 1014 1076 551 808 655 744 1498 240 1042 1424 260 690 370 375 1056 1649 844 1076 664
146 656 681 621 430 288 239 523 443 148 713 740 300 662 560 227 256 333 743 166 533 450 245 687 400 569 149 589 239 653 537 392 667 0 134 173 157 302 387 804 716 654 398 254 553 546 236 286 591 752 751 613 459 48 761 181 803 381 587 395 412 691 140 502 97 833 701 421 862 611 53 567 316 416 984 643 566 542
68 522 547 492 405 201 146 493 423 71 847 694 399 746 612 156 269 445 667 90 585 316 136 747 273 690 74 523 369 624 403 515 791 134 0 72 25 239 270 842 589 519 274 376 424 457 122 320 534 806 637 600 448 154 797 135 716 319 710 264 310 817 63 516 48 722 801 290 823 746 146 700 450 349 858 728 460 651
30 501 527 450 337 256 74 424 492 29 880 622 461 813 684 85 219 441 596 30 657 303 182 704 286 690 30 451 412 554 392 520 841 173 72 0 78 167 214 789 543 500 224 427 383 501 62 277 461 760 579 533 518 174 869 76 758 247 761 268 244 822 34 588 114 662 864 290 751 776 162 721 487 277 811 700 492 640
83 499 524 474 415 183 147 502 414 86 869 699 412 754 614 163 287 470 665 102 588 293 114 768 248 715 88 525 390 632 379 540 809 157 25 78 0 244 259 860 573 496 260 395 405 436 116 341 537 826 624 611 440 179 795 149 694 323 728 239 304 842 79 512 65 711 813 265 828 768 171 724 472 352 841 752 437 676
175 516 543 412 180 412 100 260 658 172 954 455 603 964 846 83 155 453 440 151 819 359 335 605 388 696 170 288 520 389 438 545 952 302 239 167 244 0 172 662 483 517 205 548 356 637 143 214 296 652 480 375 684 278 1035 121 885 81 874 360 143 835 181 755 276 552 1003 372 584 847 265 772 580 114 740 638 610 622
241 343 370 248 320 363 155 374 625 239 1087 515 670 1013 864 184 324 613 434 224 839 206 294 771 269 860 238 323 625 484 274 701 1055 387 270 214 259 172 0 813 332 345 35 641 186 534 152 385 349 814 366 494 656 383 1034 232 763 191 975 236 75 998 246 743 318 451 1072 236 645 982 370 918 698 194 599 811 487 791
777 1138 1163 991 493 1043 751 454 1246 774 1014 485 1022 1353 1326 716 573 583 663 760 1299 1016 971 170 1051 613 771 586 861 403 1087 632 1161 804 842 789 860 662 813 0 1013 1142 849 915 961 1290 796 524 548 113 924 346 1264 756 1535 713 1543 622 1110 1023 748 708 780 1303 853 937 1328 1034 477 929 752 811 849 622 1191 334 1271 504
571 227 237 103 562 609 488 565 851 570 1420 581 982 1305 1132 516 637 937 413 556 1110 337 563 1017 444 1180 569 428 955 618 307 1027 1381 716 589 543 573 483 332 1013 0 236 318 966 170 660 480 693 466 1045 140 667 885 715 1274 564 809 457 1300 417 340 1319 576 985 637 217 1377 394 684 1315 702 1249 1029 435 268 1092 576 1101
530 8 27 174 655 462 474 689 668 530 1366 765 872 1158 968 512 665 938 618 524 949 204 441 1113 286 1188 530 585 884 774 124 1019 1287 654 519 500 496 517 345 1142 236 0 312 882 181 443 446 728 621 1153 373 805 703 669 1086 551 573 529 1206 273 398 1322 533 806 560 453 1246 245 881 1265 659 1219 968 521 429 1156 353 1127
253 311 338 227 356 346 175 409 607 252 1104 545 673 1010 856 208 354 638 456 239 831 171 280 806 240 886 251 353 637 517 238 724 1064 398 274 224 260 205 35 849 318 312 0 649 162 505 162 416 380 850 365 529 639 397 1020 253 731 227 983 205 108 1023 258 729 322 453 1073 204 674 999 385 938 712 229 586 843 455 819
400 886 909 869 646 448 493 736 459 402 493 958 112 449 416 478 461 340 984 420 391 678 444 767 606 488 404 826 55 858 760 333 414 254 376 427 395 548 641 915 966 882 649 0 800 668 489 462 823 837 1006 805 456 270 626 430 901 622 333 611 665 572 395 444 330 1087 461 639 1072 403 283 398 121 658 1235 668 718 514
412 177 202 69 477 441 337 508 688 411 1264 589 813 1134 964 370 510 799 454 400 941 176 392 938 283 1047 411 405 792 593 176 886 1214 553 424 383 405 356 186 961 170 181 162 800 0 521 322 570 440 976 262 623 722 557 1111 415 706 355 1133 252 224 1184 417 820 470 353 1207 233 709 1159 545 1100 869 343 436 990 448 977
517 451 457 567 817 260 541 891 275 520 1152 1049 605 790 581 574 720 880 954 531 568 353 322 1204 265 1108 522 858 696 1012 353 931 1006 546 457 501 436 637 534 1290 660 443 505 668 521 0 496 776 883 1262 780 1010 305 588 659 578 258 699 932 299 609 1218 514 405 462 869 901 304 1179 1069 585 1063 784 715 872 1183 94 1089
91 447 474 389 323 269 45 404 520 89 942 590 520 868 731 80 240 491 549 79 705 257 193 723 258 741 89 411 474 531 344 573 903 236 122 62 116 143 152 796 480 446 162 489 322 496 0 302 425 776 518 518 548 235 911 106 747 216 823 235 188 875 96 625 169 602 922 253 720 837 223 780 549 241 749 733 475 684
259 727 754 626 197 522 262 281 723 256 783 501 549 909 837 223 62 257 560 246 809 555 454 427 559 488 254 400 418 397 639 351 823 286 320 277 341 214 385 524 693 728 416 462 570 776 302 0 386 485 673 343 742 239 1041 201 1034 240 751 537 354 628 261 789 329 734 921 555 610 676 232 587 450 270 943 432 770 408
472 616 639 456 188 691 389 127 946 468 1167 166 890 1253 1142 379 366 636 175 447 1115 547 615 572 619 838 466 38 787 154 597 729 1206 591 534 461 537 296 349 548 466 621 380 823 440 883 425 386 0 590 378 202 974 559 1331 414 1110 215 1132 585 273 976 478 1049 572 405 1284 584 297 1061 547 966 831 184 652 677 835 737
744 1150 1176 1013 498 1008 732 480 1195 742 904 556 946 1266 1252 695 541 498 725 730 1225 1011 940 70 1034 504 740 627 782 459 1088 538 1059 752 806 760 826 652 814 113 1045 1153 850 837 976 1262 776 485 590 0 968 390 1210 703 1462 684 1518 625 1012 1009 755 595 747 1241 811 991 1235 1023 567 822 701 704 761 632 1241 223 1251 397
605 365 377 214 512 695 513 493 948 603 1434 466 1036 1375 1215 532 625 927 287 585 1191 438 638 948 545 1160 601 341 987 521 427 1021 1418 751 637 579 624 480 366 924 140 373 365 1006 262 780 518 673 378 968 0 580 982 741 1370 582 944 433 1338 513 344 1300 610 1078 685 91 1438 495 558 1327 729 1251 1054 402 277 1041 701 1072
531 801 826 648 196 786 475 120 1023 528 1070 194 892 1252 1173 449 357 546 339 509 1145 701 710 379 753 706 525 240 759 79 763 632 1148 613 600 533 611 375 494 346 667 805 529 805 623 1010 518 343 202 390 580 0 1047 570 1374 465 1252 311 1081 722 422 837 537 1108 626 601 1262 728 275 968 561 862 783 301 852 503 976 596
516 710 722 782 853 292 586 942 34 519 899 1138 363 485 276 603 703 752 1088 539 263 547 363 1144 440 941 522 959 501 1072 589 775 725 459 448 518 440 684 656 1264 885 703 639 456 722 305 548 742 974 1210 982 1047 0 508 388 582 474 762 656 469 720 1028 511 104 421 1073 598 490 1268 830 512 850 578 790 1127 1082 392 951
144 671 697 624 392 329 229 484 491 145 706 703 331 695 602 210 213 295 716 158 575 468 279 639 427 537 145 559 245 613 555 360 677 48 154 174 179 278 383 756 715 669 397 270 557 588 235 239 559 703 741 570 508 0 805 161 846 353 598 419 398 662 139 550 129 820 726 444 823 602 12 549 315 389 982 597 604 503
860 1094 1104 1171 1188 675 943 1280 422 863 887 1490 515 301 209 952 1017 966 1460 884 236 936 740 1392 829 1082 865 1320 681 1411 975 952 651 761 797 869 795 1035 1034 1535 1274 1086 1020 626 1111 659 911 1041 1331 1462 1370 1374 388 805 0 921 724 1116 618 858 1093 1126 854 291 759 1461 427 879 1616 859 813 928 720 1147 1513 1293 753 1131
66 551 578 479 271 331 78 361 558 63 856 569 482 843 728 49 142 387 562 47 701 363 258 628 358 637 61 409 406 492 450 472 838 181 135 76 149 121 232 713 564 551 253 430 415 578 106 201 414 684 582 465 582 161 921 0 834 200 759 338 238 772 71 646 163 660 883 357 695 751 148 685 472 235 829 629 568 578
774 582 575 733 1064 518 792 1132 457 777 1370 1273 824 931 719 827 977 1135 1158 788 715 563 580 1461 498 1358 779 1081 936 1247 530 1182 1199 803 716 758 694 885 763 1543 809 573 731 901 706 258 747 1034 1110 1518 944 1252 474 846 724 834 0 941 1131 530 839 1464 772 549 721 1026 1055 526 1400 1294 843 1300 1021 953 967 1442 276 1345
256 526 553 401 128 485 176 192 735 253 1010 376 682 1043 927 163 193 494 362 232 900 395 408 584 442 728 251 208 592 316 466 589 1020 381 319 247 323 81 191 622 457 529 227 622 355 699 216 240 215 625 433 311 762 353 1116 200 941 0 943 411 131 869 262 835 357 497 1080 418 505 902 341 821 646 35 703 638 664 644
734 1211 1232 1202 947 755 825 1032 674 736 269 1252 337 326 460 808 766 544 1300 753 449 1004 765 944 924 537 737 1140 353 1144 1082 478 81 587 710 761 728 874 975 1110 1300 1206 983 333 1133 932 823 751 1132 1012 1338 1081 656 598 618 759 1131 943 0 933 997 537 728 592 663 1419 240 961 1356 250 611 344 301 979 1568 802 999 622
295 277 299 314 536 195 277 602 435 296 1099 750 599 895 716 315 475 706 657 298 695 79 168 958 34 953 297 558 616 718 149 779 1014 395 264 268 239 360 236 1023 417 273 205 611 252 299 235 537 585 1009 513 722 469 419 858 338 530 411 933 0 311 1081 296 568 298 605 978 28 880 1001 410 962 702 422 669 967 253 908
267 395 421 273 257 430 172 302 690 264 1091 439 705 1057 917 188 297 597 368 245 892 279 357 715 345 839 262 248 644 409 341 688 1076 412 310 244 304 143 75 748 340 398 108 665 224 609 188 354 273 755 344 422 720 398 1093 238 839 131 997 311 0 979 273 804 357 422 1108 312 570 985 385 913 710 125 598 767 563 762
793 1322 1349 1245 798 971 850 851 1031 793 337 1032 670 856 935 815 681 385 1149 797 915 1126 937 542 1090 140 792 1001 530 915 1214 303 551 691 817 822 842 835 998 708 1319 1322 1023 572 1184 1218 875 628 976 595 1300 837 1028 662 1126 772 1464 869 537 1081 979 0 791 1008 788 1358 777 1106 1095 291 671 198 450 898 1571 375 1252 240
6 534 560 484 342 262 100 431 486 9 846 636 433 788 664 99 207 411 618 30 637 335 192 689 310 660 11 469 378 562 423 488 808 140 63 34 79 181 246 780 576 533 258 395 417 514 96 261 478 747 610 537 511 139 854 71 772 262 728 296 273 791 0 576 94 693 835 318 763 742 128 687 453 295 845 678 511 612
582 813 826 882 917 383 659 1007 137 585 848 1211 338 389 176 672 755 765 1172 606 167 647 449 1174 540 932 588 1036 495 1138 691 775 655 502 516 588 512 755 743 1303 985 806 729 444 820 405 625 789 1049 1241 1078 1108 104 550 291 646 549 835 592 568 804 1008 576 0 483 1169 507 590 1339 787 556 821 561 864 1230 1098 494 955
100 563 587 539 434 202 189 524 399 104 805 730 351 699 570 193 283 424 710 125 543 356 150 750 302 665 106 563 325 655 441 488 744 97 48 114 65 276 318 853 637 560 322 330 470 462 169 329 572 811 685 626 421 129 759 163 721 357 663 298 357 788 94 483 0 770 753 325 858 705 124 664 407 389 905 721 475 632
687 444 453 302 561 786 593 529 1040 684 1505 461 1122 1463 1306 610 690 991 277 666 1281 530 728 977 636 1217 683 372 1066 534 516 1085 1498 833 722 662 711 552 451 937 217 453 453 1087 353 869 602 734 405 991 91 601 1073 820 1461 660 1026 497 1419 605 422 1358 693 1169 770 0 1524 586 535 1398 808 1318 1131 464 255 1081 789 1125
842 1252 1270 1275 1107 784 936 1197 625 844 486 1419 402 131 337 928 922 749 1443 864 340 1056 817 1166 960 774 846 1285 503 1318 1123 697 240 701 801 864 813 1003 1072 1328 1377 1246 1073 461 1207 901 922 921 1284 1235 1438 1262 598 726 427 883 1055 1080 240 978 1108 777 835 507 753 1524 0 1005 1532 488 739 584 485 1115 1642 1032 982 853
317 249 271 292 544 221 293 607 456 318 1127 749 627 922 741 332 493 729 649 319 719 57 196 973 50 977 319 557 644 721 121 803 1042 421 290 290 265 372 236 1034 394 245 204 639 233 304 253 555 584 1023 495 728 490 444 879 357 526 418 961 28 312 1106 318 590 325 586 1005 0 878 1028 435 989 730 427 644 986 250 930
758 874 895 707 432 988 682 339 1241 754 1343 130 1152 1516 1421 666 613 821 271 733 1394 837 911 586 914 969 752 321 1029 213 877 907 1424 862 823 751 828 584 645 477 684 881 674 1072 709 1179 720 610 297 567 558 275 1268 823 1616 695 1400 505 1356 880 570 1095 763 1339 858 535 1532 878 0 1242 813 1134 1057 479 785 738 1127 857
747 1268 1292 1226 872 850 826 946 840 748 107 1154 470 576 684 800 710 426 1236 759 668 1061 837 758 1000 320 748 1076 385 1040 1146 336 260 611 746 776 768 847 982 929 1315 1265 999 403 1159 1069 837 676 1061 822 1327 968 830 602 859 751 1294 902 250 1001 985 291 742 787 705 1398 488 1028 1242 0 614 118 298 937 1580 601 1121 424
132 660 686 612 381 325 216 474 494 133 718 692 343 706 611 197 204 300 704 146 583 458 274 637 419 544 133 547 258 603 546 368 690 53 146 162 171 265 370 752 702 659 385 283 545 585 223 232 547 701 729 561 512 12 813 148 843 341 611 410 385 671 128 556 124 808 739 435 813 614 0 560 327 376 970 599 599 508
691 1221 1246 1165 779 828 763 848 855 691 209 1051 487 658 739 733 627 331 1142 701 720 1017 805 640 965 203 691 984 366 936 1104 236 370 567 700 721 724 772 918 811 1249 1219 938 398 1100 1063 780 587 966 704 1251 862 850 549 928 685 1300 821 344 962 913 198 687 821 664 1318 584 989 1134 118 560 0 279 854 1511 483 1106 306
458 971 995 937 645 554 544 731 580 459 397 951 223 505 514 521 465 266 1000 473 490 763 539 691 701 372 460 839 88 844 848 232 375 316 450 487 472 580 698 849 1029 968 712 121 869 784 549 450 831 761 1054 783 578 315 720 472 1021 646 301 702 710 450 453 561 407 1131 485 730 1057 298 327 279 0 682 1297 576 829 410
288 518 544 385 133 509 204 180 762 285 1044 348 717 1078 959 195 226 526 327 264 932 400 432 595 454 757 283 174 627 297 466 621 1056 416 349 277 352 114 194 622 435 521 229 658 343 715 241 270 184 632 402 301 790 389 1147 235 953 35 979 422 125 898 295 864 389 464 1115 427 479 937 376 854 682 0 675 657 676 671
840 421 414 367 789 865 754 770 1093 838 1686 717 1249 1564 1385 780 891 1193 533 824 1364 590 825 1224 693 1431 837 616 1223 787 538 1286 1649 984 858 811 841 740 599 1191 268 429 586 1235 436 872 749 943 652 1241 277 852 1127 982 1513 829 967 703 1568 669 598 1571 845 1230 905 255 1642 644 785 1580 970 1511 1297 675 0 1318 780 1346
678 1154 1181 1039 531 923 694 552 1072 676 681 694 780 1075 1084 655 495 333 838 670 1059 987 865 167 986 281 674 709 613 582 1071 343 844 643 728 700 752 638 811 334 1092 1156 843 668 990 1183 733 432 677 223 1041 503 1082 597 1293 629 1442 638 802 967 767 375 678 1098 721 1081 1032 986 738 601 599 483 576 657 1318 0 1189 180
512 362 366 487 788 281 520 855 361 515 1209 999 666 875 668 556 710 899 892 523 654 291 325 1196 222 1135 516 807 741 971 274 958 1076 566 460 492 437 610 487 1271 576 353 455 718 448 94 475 770 835 1251 701 976 392 604 753 568 276 664 999 253 563 1252 511 494 475 789 982 250 1127 1121 599 1106 829 676 780 1189 0 1107
613 1127 1154 1034 564 831 653 611 946 612 510 791 626 901 925 615 467 209 910 611 900 941 782 333 922 113 611 763 461 674 1029 181 664 542 651 640 676 622 791 504 1101 1127 819 514 977 1089 684 408 737 397 1072 596 951 503 1131 578 1345 644 622 908 762 240 612 955 632 1125 853 930 857 424 508 306 410 671 1346 180 1107 0
