0 580 832 881 314 370 1074 1108 664 551 1469 549 1354 1341 1228 935 465
580 0 1320 480 888 303 1621 716 195 1122 1179 875 910 1028 1780 471 115
832 1320 0 1381 570 1022 385 1523 1307 706 1663 1210 2177 2173 531 1746 1221
881 480 1381 0 1124 512 1742 241 285 1420 700 1313 1215 1421 1899 834 541
314 888 570 1124 0 638 764 1330 946 320 1627 651 1659 1620 916 1248 774
370 303 1022 512 638 0 1337 743 309 916 1135 833 1204 1285 1496 762 224
1074 1621 385 1742 764 1337 0 1897 1637 731 2049 1308 2423 2372 159 2009 1513
1108 716 1523 241 1330 743 1897 0 524 1636 483 1554 1366 1605 2052 1023 782
664 195 1307 285 946 309 1637 524 0 1215 983 1041 1032 1190 1796 611 260
551 1122 706 1420 320 916 731 1636 1215 0 1947 581 1781 1680 854 1407 1007
1469 1179 1663 700 1627 1135 2049 483 983 1947 0 1968 1835 2085 2190 1506 1228
549 875 1210 1313 651 833 1308 1554 1041 581 1968 0 1277 1124 1435 975 782
1354 910 2177 1215 1659 1204 2423 1366 1032 1781 1835 1277 0 345 2575 441 981
1341 1028 2173 1421 1620 1285 2372 1605 1190 1680 2085 1124 345 0 2515 587 1064
1228 1780 531 1899 916 1496 159 2052 1796 854 2190 1435 2575 2515 0 2164 1671
935 471 1746 834 1248 762 2009 1023 611 1407 1506 975 441 587 2164 0 539
465 115 1221 541 774 224 1513 782 260 1007 1228 782 981 1064 1671 539 0
