0 714 411 845 499 899 57 1321 959 203 1698 1035 670 1302 233 1668
714 0 548 273 569 546 772 914 1205 736 1559 1720 1359 1982 921 2303
411 548 0 542 90 505 453 916 703 281 1917 1411 886 1678 637 2064
845 273 542 0 518 302 901 641 1078 800 1821 1880 1424 2146 1073 2495
499 569 90 518 0 436 539 836 648 354 1989 1487 934 1753 723 2144
899 546 505 302 436 0 948 427 838 786 2106 1917 1365 2184 1132 2565
57 772 453 901 539 948 0 1367 964 216 1719 980 619 1248 184 1617
1321 914 916 641 836 427 1367 0 1011 1191 2451 2322 1725 2588 1552 2980
959 1205 703 1078 648 838 964 1011 0 756 2611 1642 927 1881 1099 2320
203 736 281 800 354 786 216 1191 756 0 1884 1132 628 1399 386 1791
1698 1559 1917 1821 1989 2106 1719 2451 2611 1884 0 2017 2230 2156 1679 2184
1035 1720 1411 1880 1487 1917 980 2322 1642 1132 2017 0 725 267 807 679
670 1359 886 1424 934 1365 619 1725 927 628 2230 725 0 955 568 1396
1302 1982 1678 2146 1753 2184 1248 2588 1881 1399 2156 267 955 0 1072 446
233 921 637 1073 723 1132 184 1552 1099 386 1679 807 568 1072 0 1434
1668 2303 2064 2495 2144 2565 1617 2980 2320 1791 2184 679 1396 446 1434 0
