0 1151 720 1672 1314 1037 693 196 281 445 257 881 1612 171 1165 1020
1151 0 698 2713 2351 2129 1743 1296 884 1031 1408 341 2763 1000 1782 2158
720 698 0 2055 2035 1516 1124 914 586 900 935 358 2245 552 1086 1711
1672 2713 2055 0 1698 649 987 1645 1943 2069 1454 2381 952 1767 1216 1213
1314 2351 2035 1698 0 1236 1317 1122 1507 1323 1125 2152 911 1484 2090 529
1037 2129 1516 649 1236 0 392 996 1314 1420 808 1811 845 1148 982 707
693 1743 1124 987 1317 392 0 706 958 1116 509 1421 1174 779 773 818
196 1296 914 1645 1122 996 706 0 412 423 196 1049 1480 362 1289 862
281 884 586 1943 1507 1314 958 412 0 328 535 646 1883 192 1315 1273
445 1031 900 2069 1323 1420 1116 423 328 0 616 879 1850 475 1598 1204
257 1408 935 1454 1125 808 509 196 535 616 0 1131 1355 415 1131 778
881 341 358 2381 2152 1811 1421 1049 646 879 1131 0 2483 716 1445 1902
1612 2763 2245 952 911 845 1174 1480 1883 1850 1355 2483 0 1768 1823 653
171 1000 552 1767 1484 1148 779 362 192 475 415 716 1768 0 1131 1188
1165 1782 1086 1216 2090 982 773 1289 1315 1598 1131 1445 1823 1131 0 1586
1020 2158 1711 1213 529 707 818 862 1273 1204 778 1902 653 1188 1586 0
