0 1366 885 741 725 1482 710 944 1077 803 293 13 888 1620 348 566
1366 0 1637 2066 728 1874 1668 597 2393 947 1084 1355 2008 1804 1054 1312
885 1637 0 1360 1328 620 1585 1040 1080 691 865 878 1690 815 1075 390
741 2066 1360 0 1360 1975 657 1685 791 1524 1031 754 464 2173 1011 1193
725 728 1328 1360 0 1782 944 626 1801 798 510 717 1280 1818 377 939
1482 1874 620 1975 1782 0 2191 1310 1581 1002 1398 1473 2310 265 1610 929
710 1668 1585 657 944 2191 0 1463 1400 1444 881 720 355 2329 728 1275
944 597 1040 1685 626 1310 1463 0 1869 349 654 931 1753 1282 738 734
1077 2393 1080 791 1801 1581 1400 1869 0 1584 1322 1084 1256 1830 1426 1164
803 947 691 1524 798 1002 1444 349 1584 0 563 790 1681 1020 734 420
293 1084 865 1031 510 1398 881 654 1322 563 0 281 1126 1493 213 481
13 1355 878 754 717 1473 720 931 1084 790 281 0 900 1610 342 555
888 2008 1690 464 1280 2310 355 1753 1256 1681 1126 900 0 2479 1016 1439
1620 1804 815 2173 1818 265 2329 1282 1830 1020 1493 1610 2479 0 1699 1054
348 1054 1075 1011 377 1610 728 738 1426 734 213 342 1016 1699 0 694
566 1312 390 1193 939 929 1275 734 1164 420 481 555 1439 1054 694 0
