0 1141 675 1645 1671 285 276 1212 732 1729 822 1162 998 625 1221 989 1306
1141 0 964 513 2682 1313 1391 2341 1626 1844 1686 455 854 529 1830 621 412
675 964 0 1451 2313 608 748 1580 1407 1115 1496 1241 1333 543 872 468 896
1645 513 1451 0 3117 1826 1901 2851 2061 2193 2110 659 1130 1042 2298 1042 653
1671 2682 2313 3117 0 1716 1570 1245 1057 3185 1007 2483 2058 2245 2444 2660 2941
285 1313 608 1826 1716 0 146 1036 907 1540 999 1404 1278 783 959 1023 1401
276 1391 748 1901 1570 146 0 950 779 1679 871 1437 1263 863 1066 1148 1510
1212 2341 1580 2851 1245 1036 950 0 1223 2129 1273 2364 2113 1812 1333 2036 2433
732 1626 1407 2061 1057 907 779 1223 0 2442 92 1437 1043 1216 1842 1670 1905
1729 1844 1115 2193 3185 1540 1679 2129 2442 0 2535 2240 2427 1611 800 1228 1541
822 1686 1496 2110 1007 999 871 1273 92 2535 0 1477 1066 1291 1932 1752 1977
1162 455 1241 659 2483 1404 1437 2364 1437 2240 1477 0 472 704 2107 1016 867
998 854 1333 1130 2058 1278 1263 2113 1043 2427 1066 472 0 816 2134 1269 1254
625 529 543 1042 2245 783 863 1812 1216 1611 1291 704 816 0 1403 495 696
1221 1830 872 2298 2444 959 1066 1333 1842 800 1932 2107 2134 1403 0 1260 1686
989 621 468 1042 2660 1023 1148 2036 1670 1228 1752 1016 1269 495 1260 0 434
1306 412 896 653 2941 1401 1510 2433 1905 1541 1977 867 1254 696 1686 434 0
