0 1401 1348 1219 1676 1260 324 1105 815 445 392 279 897 403 255 934
1401 0 1950 2052 2832 2602 1135 2157 1253 969 1785 1279 1121 1568 1218 575
1348 1950 0 307 1157 2190 1541 2377 2106 1334 1308 1594 835 968 1199 1854
1219 2052 307 0 886 1923 1463 2176 2019 1307 1100 1487 938 818 1124 1868
1676 2832 1157 886 0 1734 1990 2274 2469 1949 1361 1949 1768 1327 1709 2531
1260 2602 2190 1923 1734 0 1470 768 1537 1698 983 1323 2093 1372 1507 2056
324 1135 1541 1463 1990 1470 0 1138 565 300 709 152 921 680 342 624
1105 2157 2377 2176 2274 768 1138 0 935 1432 1076 993 1997 1417 1346 1582
815 1253 2106 2019 2469 1537 565 935 0 814 1114 536 1448 1214 907 686
445 969 1334 1307 1949 1698 300 1432 814 0 817 439 635 629 254 582
392 1785 1308 1100 1361 983 709 1076 1114 817 0 622 1111 392 579 1326
279 1279 1594 1487 1949 1323 152 993 536 439 622 0 1034 677 407 749
897 1121 835 938 1768 2093 921 1997 1448 635 1111 1034 0 737 650 1050
403 1568 968 818 1327 1372 680 1417 1214 629 392 677 737 0 382 1207
255 1218 1199 1124 1709 1507 342 1346 907 254 579 407 650 382 0 825
934 575 1854 1868 2531 2056 624 1582 686 582 1326 749 1050 1207 825 0
