0 16 96 866 346 68 539 953 883 1182 1309 285 1213 296 523 447
16 0 104 874 339 84 523 937 899 1178 1293 301 1196 300 521 453
96 104 0 770 442 69 564 1015 884 1277 1372 240 1241 203 618 522
866 874 770 0 1211 814 1142 1671 1135 2028 2021 703 1724 593 1369 1208
346 339 442 1211 0 397 584 791 968 844 1119 566 1170 638 209 307
68 84 69 814 397 0 597 1022 833 1222 1377 217 1273 266 561 454
539 523 564 1142 584 597 0 532 1420 1299 878 805 676 604 779 867
953 937 1015 1671 791 1022 532 0 1756 1132 358 1239 492 1109 892 1092
883 899 884 1135 968 833 1420 1756 0 1383 2087 665 2086 978 933 688
1182 1178 1277 2028 844 1222 1299 1132 1383 0 1265 1334 1624 1478 660 840
1309 1293 1372 2021 1119 1377 878 358 2087 1265 0 1594 545 1466 1187 1409
285 301 240 703 566 217 805 1239 665 1334 1594 0 1481 316 685 504
1213 1196 1241 1724 1170 1273 676 492 2086 1624 545 1481 0 1259 1318 1477
296 300 203 593 638 266 604 1109 978 1478 1466 316 1259 0 820 719
523 521 618 1369 209 561 779 892 933 660 1187 685 1318 820 0 249
447 453 522 1208 307 454 867 1092 688 840 1409 504 1477 719 249 0
