0 1552 427 1149 11 674 1193 1428 38 1053 25 1386 1303 1110 354 1174
1552 0 1895 1484 1546 1009 2363 124 1552 1713 1567 494 914 2492 1702 2094
427 1895 0 1111 438 917 807 1771 403 1412 431 1645 1729 1139 212 886
1149 1484 1111 0 1155 727 1056 1396 1114 2097 1175 1022 1890 2214 930 695
11 1546 438 1155 0 673 1205 1421 48 1042 23 1383 1292 1108 366 1184
674 1009 917 727 673 0 1371 891 656 1414 697 731 1178 1772 711 1151
1193 2363 807 1056 1205 1371 0 2252 1159 2219 1206 1979 2434 1811 844 386
1428 124 1771 1396 1421 891 2252 0 1427 1617 1442 446 854 2374 1580 1991
38 1552 403 1114 48 656 1159 1427 0 1091 62 1373 1325 1137 318 1136
1053 1713 1412 2097 1042 1414 2219 1617 1091 0 1034 1854 907 1057 1404 2227
25 1567 431 1175 23 697 1206 1442 62 1034 0 1406 1302 1085 371 1193
1386 494 1645 1022 1383 731 1979 446 1373 1854 1406 0 1229 2445 1436 1674
1303 914 1729 1890 1292 1178 2434 854 1325 907 1302 1229 0 1881 1607 2293
1110 2492 1139 2214 1108 1772 1811 2374 1137 1057 1085 2445 1881 0 1289 2001
354 1702 212 930 366 711 844 1580 318 1404 371 1436 1607 1289 0 826
1174 2094 886 695 1184 1151 386 1991 1136 2227 1193 1674 2293 2001 826 0
