0 1126 933 1515 455 1460 276 1649 705 1432 715 983 508 483 187 133
1126 0 1619 597 867 2453 1287 1445 644 2283 1440 1303 619 1579 954 1127
933 1619 0 2172 1342 2027 674 2554 975 2161 221 1916 1182 1131 1052 805
1515 597 2172 0 1120 2613 1736 1072 1212 2354 1977 1264 1039 1891 1328 1560
455 867 1342 1120 0 1585 725 1212 748 1431 1121 636 349 770 293 554
1460 2453 2027 2613 1585 0 1519 2075 2163 424 1892 1402 1876 994 1564 1549
276 1287 674 1736 725 1519 0 1925 750 1565 464 1250 699 532 439 179
1649 1445 2554 1072 1212 2075 1925 0 1805 1702 2333 761 1428 1768 1504 1762
705 644 975 1212 748 2163 750 1805 0 2102 802 1373 410 1186 612 639
1432 2283 2161 2354 1431 424 1565 1702 2102 0 1993 1098 1760 1040 1489 1546
715 1440 221 1977 1121 1892 464 2333 802 1993 0 1697 971 955 830 586
983 1303 1916 1264 636 1402 1250 761 1373 1098 1697 0 964 1013 886 1111
508 619 1182 1039 349 1876 699 1428 410 1760 971 964 0 963 336 526
483 1579 1131 1891 770 994 532 1768 1186 1040 955 1013 963 0 627 557
187 954 1052 1328 293 1564 439 1504 612 1489 830 886 336 627 0 263
133 1127 805 1560 554 1549 179 1762 639 1546 586 1111 526 557 263 0
