0 1667 680 716 710 1228 694 1503 736 158 1174 1362 668 677 1000 824
1667 0 2223 2327 2277 2061 1356 2963 1757 1690 2377 1556 1380 1031 1372 2375
680 2223 0 172 65 937 1368 823 645 574 1537 1387 910 1323 1142 963
716 2327 172 0 112 1106 1379 827 811 644 1430 1556 1051 1386 1301 835
710 2277 65 112 0 993 1392 798 711 615 1515 1452 972 1364 1207 930
1228 2061 937 1106 993 0 1824 1157 498 1071 2359 652 789 1548 688 1854
694 1356 1368 1379 1392 1824 0 2190 1329 832 1026 1754 1086 430 1378 1080
1503 2963 823 827 798 1157 2190 0 1221 1391 2193 1795 1586 2132 1700 1575
736 1757 645 811 711 498 1329 1221 0 581 1891 748 379 1084 507 1432
158 1690 574 644 615 1071 832 1391 581 0 1316 1235 560 749 886 918
1174 2377 1537 1430 1515 2359 1026 2193 1891 1316 0 2532 1829 1423 2162 618
1362 1556 1387 1556 1452 652 1754 1795 748 1235 2532 0 704 1371 378 2144
668 1380 910 1051 972 789 1086 1586 379 560 1829 704 0 764 333 1478
677 1031 1323 1386 1364 1548 430 2132 1084 749 1423 1371 764 0 1008 1344
1000 1372 1142 1301 1207 688 1378 1700 507 886 2162 378 333 1008 0 1803
824 2375 963 835 930 1854 1080 1575 1432 918 618 2144 1478 1344 1803 0
