0 244 1528 1731 1505 1626 575 928 1731 510 978 1222 700 1693 651 669
244 0 1347 1603 1741 1735 750 689 1730 717 1191 1190 944 1911 409 599
1528 1347 0 2386 2977 1888 2092 829 1302 2038 2502 931 2120 3207 1036 1791
1731 1603 2386 0 2626 3337 1656 1598 3259 1773 2028 2701 2207 2557 1535 1072
1505 1741 2977 2626 0 2104 1088 2431 2674 1050 621 2370 858 374 2150 1752
1626 1735 1888 3337 2104 0 1976 2025 787 1835 2036 958 1508 2467 1907 2294
575 750 2092 1656 1088 1976 0 1413 2234 142 478 1763 569 1189 1132 671
928 689 829 1598 2431 2025 1413 0 1731 1400 1873 1188 1621 2594 282 985
1731 1730 1302 3259 2674 787 2234 1731 0 2113 2445 557 1920 3008 1726 2329
510 717 2038 1773 1050 1835 142 1400 2113 0 474 1655 436 1194 1117 754
978 1191 2502 2028 621 2036 478 1873 2445 474 0 2041 534 720 1590 1132
1222 1190 931 2701 2370 958 1763 1188 557 1655 2041 0 1546 2669 1168 1786
700 944 2120 2207 858 1508 569 1621 1920 436 534 1546 0 1125 1349 1166
1693 1911 3207 2557 374 2467 1189 2594 3008 1194 720 2669 1125 0 2311 1804
651 409 1036 1535 2150 1907 1132 282 1726 1117 1590 1168 1349 2311 0 756
669 599 1791 1072 1752 2294 671 985 2329 754 1132 1786 1166 1804 756 0
