0 51 345 145 689 538 902 589 815 679 160 843 742 1013 722 939
51 0 349 122 709 543 950 538 772 677 110 876 762 1059 757 938
345 349 0 470 1019 884 832 675 1047 336 414 611 1073 1211 515 594
145 122 470 0 622 433 1030 520 680 795 104 988 673 1046 867 1056
689 709 1019 622 0 251 1153 1064 942 1355 726 1334 53 678 1210 1609
538 543 884 433 251 0 1205 822 699 1218 528 1302 286 886 1175 1478
902 950 832 1030 1153 1205 0 1460 1709 943 1061 439 1195 817 405 1057
589 538 675 520 1064 822 1460 0 477 852 437 1286 1105 1566 1189 1071
815 772 1047 680 942 699 1709 477 0 1293 666 1638 963 1577 1524 1529
679 677 336 795 1355 1218 943 852 1293 0 724 574 1409 1487 544 260
160 110 414 104 726 528 1061 437 666 724 0 975 775 1138 859 983
843 876 611 988 1334 1302 439 1286 1638 574 975 0 1384 1188 126 632
742 762 1073 673 53 286 1195 1105 963 1409 775 1384 0 685 1260 1663
1013 1059 1211 1046 678 886 817 1566 1577 1487 1138 1188 685 0 1094 1692
722 757 515 867 1210 1175 405 1189 1524 544 859 126 1260 1094 0 653
939 938 594 1056 1609 1478 1057 1071 1529 260 983 632 1663 1692 653 0
