0 1150 1143 1664 227 947 1595 1328 147 40 691 714 1515 330 1 1280
1150 0 2090 1156 1287 274 2318 1925 1144 1112 1838 1851 2383 856 1150 2240
1143 2090 0 1977 919 1974 2314 659 1049 1159 957 1039 390 1448 1142 1780
1664 1156 1977 0 1635 1348 3201 1474 1554 1628 2262 2314 2095 1566 1663 2945
227 1287 919 1635 0 1114 1730 1119 145 240 632 679 1288 534 226 1350
947 274 1974 1348 1114 0 2043 1897 968 911 1618 1624 2296 629 947 1973
1595 2318 2314 3201 1730 2043 0 2783 1736 1622 1357 1274 2687 1635 1596 586
1328 1925 659 1474 1119 1897 2783 0 1189 1325 1459 1541 632 1541 1328 2305
147 1144 1049 1554 145 968 1736 1189 0 135 742 779 1410 399 146 1399
40 1112 1159 1628 240 911 1622 1325 135 0 731 755 1528 301 39 1316
691 1838 957 2262 632 1618 1357 1459 742 731 0 83 1336 989 692 846
714 1851 1039 2314 679 1624 1274 1541 779 755 83 0 1417 997 715 764
1515 2383 390 2095 1288 2296 2687 632 1410 1528 1336 1417 0 1807 1514 2140
330 856 1448 1566 534 629 1635 1541 399 301 989 997 1807 0 330 1433
1 1150 1142 1663 226 947 1596 1328 146 39 692 715 1514 330 0 1281
1280 2240 1780 2945 1350 1973 586 2305 1399 1316 846 764 2140 1433 1281 0
