0 731 19 212 1134 1348 1178 883 888 373 544 197 1280 344 435 72
731 0 728 668 1072 2072 1851 709 931 760 928 886 1934 560 380 800
19 728 0 193 1150 1354 1172 866 905 391 524 187 1273 328 440 71
212 668 193 0 1282 1482 1183 678 1046 559 369 242 1269 154 480 229
1134 1072 1150 1282 0 1952 2194 1726 252 776 1651 1317 2317 1311 859 1187
1348 2072 1354 1482 1952 0 874 2098 1740 1396 1524 1240 983 1636 1723 1286
1178 1851 1172 1183 2194 874 0 1586 1944 1444 1007 987 134 1300 1612 1106
883 709 866 678 1726 2098 1586 0 1537 1162 593 891 1624 539 881 907
888 931 905 1046 252 1740 1944 1537 0 525 1415 1068 2066 1088 657 938
373 760 391 559 776 1396 1444 1162 525 0 915 544 1561 643 380 416
544 928 524 369 1651 1524 1007 593 1415 915 0 427 1060 384 834 518
197 886 187 242 1317 1240 987 891 1068 544 427 0 1086 395 625 132
1280 1934 1273 1269 2317 983 134 1624 2066 1561 1060 1086 0 1377 1711 1209
344 560 328 154 1311 1636 1300 539 1088 643 384 395 1377 0 463 376
435 380 440 480 859 1723 1612 881 657 380 834 625 1711 463 0 507
72 800 71 229 1187 1286 1106 907 938 416 518 132 1209 376 507 0
