0 1101 627 552 268 752 1604 806 174 307 470 179 1 12 505 484
1101 0 1243 1645 1363 976 1372 1755 937 1374 1150 980 1102 1101 1144 1276
627 1243 0 935 746 347 2148 1346 586 553 160 759 626 615 134 186
552 1645 935 0 284 1195 1871 472 726 388 830 669 551 555 868 748
268 1363 746 284 0 956 1712 601 442 218 614 395 267 271 653 567
752 976 347 1195 956 0 2063 1548 631 808 373 816 751 741 338 490
1604 1372 2148 1871 1712 2063 0 1610 1573 1884 1994 1430 1606 1615 2014 2059
806 1755 1346 472 601 1548 1610 0 965 798 1215 823 807 815 1254 1163
174 937 586 726 442 631 1573 965 0 441 426 186 175 171 452 487
307 1374 553 388 218 808 1884 798 441 0 442 483 305 301 480 367
470 1150 160 830 614 373 1994 1215 426 442 0 598 469 458 39 133
179 980 759 669 395 816 1430 823 186 483 598 0 181 188 628 638
1 1102 626 551 267 751 1606 807 175 305 469 181 0 11 504 482
12 1101 615 555 271 741 1615 815 171 301 458 188 11 0 493 471
505 1144 134 868 653 338 2014 1254 452 480 39 628 504 493 0 157
484 1276 186 748 567 490 2059 1163 487 367 133 638 482 471 157 0
