0 160 1002 1640 731 1347 914 524 1336 798 637 1694 238 567 432 1254
160 0 877 1777 832 1505 930 666 1467 819 785 1774 331 727 335 1376
1002 877 0 2641 1709 2177 889 1526 1887 863 1420 2629 969 1490 1018 1748
1640 1777 2641 0 1009 1086 2257 1115 1723 2160 1412 863 1703 1218 1792 1800
731 832 1709 1009 0 1224 1569 331 1558 1455 896 971 889 647 786 1546
1347 1505 2177 1086 1224 0 1495 1005 665 1435 760 1792 1246 785 1719 774
914 930 889 2257 1569 1495 0 1264 1051 115 847 2535 695 1047 1256 902
524 666 1526 1115 331 1005 1264 0 1248 1153 566 1273 614 321 759 1225
1336 1467 1887 1723 1558 665 1051 1248 0 1036 723 2331 1140 930 1767 152
798 819 863 2160 1455 1435 115 1153 1036 0 757 2423 579 945 1148 892
637 785 1420 1412 896 760 847 566 723 757 0 1792 491 253 1057 673
1694 1774 2629 863 971 1792 2535 1273 2331 2423 1792 0 1860 1541 1627 2364
238 331 969 1703 889 1246 695 614 1140 579 491 1860 0 521 655 1045
567 727 1490 1218 647 785 1047 321 930 945 253 1541 521 0 936 903
432 335 1018 1792 786 1719 1256 759 1767 1148 1057 1627 655 936 0 1687
1254 1376 1748 1800 1546 774 902 1225 152 892 673 2364 1045 903 1687 0
