0 1062 1101 604 1605 1697 1374 490 1139 1209 1095 815 1552 1467 379 1668
1062 0 2153 576 2561 1826 758 1413 2200 1992 1115 1638 2562 1078 1411 2730
1101 2153 0 1693 1118 2018 2429 988 142 918 1980 822 895 2444 743 636
604 576 1693 0 1989 1939 780 853 1716 1750 712 1360 2003 934 984 2225
1605 2561 1118 1989 0 3038 2497 1155 978 2020 1856 1827 272 2350 1453 901
1697 1826 2018 1939 3038 0 2560 2147 2152 1161 2643 1216 2871 2827 1632 2614
1374 758 2429 780 2497 2560 0 1490 2432 2525 674 2138 2577 357 1752 2907
490 1413 988 853 1155 2147 1490 0 962 1454 992 1096 1150 1464 563 1416
1139 2200 142 1716 978 2152 2432 962 0 1059 1952 947 753 2426 803 543
1209 1992 918 1750 2020 1161 2525 1454 1059 0 2302 394 1811 2665 903 1467
1095 1115 1980 712 1856 2643 674 992 1952 2302 0 1909 1966 498 1422 2369
815 1638 822 1360 1827 1216 2138 1096 947 394 1909 0 1655 2271 533 1448
1552 2562 895 2003 272 2871 2577 1150 753 1811 1966 1655 0 2464 1342 629
1467 1078 2444 934 2350 2827 357 1464 2426 2665 498 2271 2464 0 1828 2861
379 1411 743 984 1453 1632 1752 563 803 903 1422 533 1342 1828 0 1345
1668 2730 636 2225 901 2614 2907 1416 543 1467 2369 1448 629 2861 1345 0
