0 75 620 269 915 1334 1548 689 1059 358 1346 1235 1049 969 414 706
75 0 613 211 851 1286 1619 765 986 392 1279 1243 1123 1045 433 664
620 613 0 774 1282 868 1551 1001 1304 973 1656 646 1421 1189 1034 1226
269 211 774 0 646 1332 1811 923 804 396 1078 1418 1242 1212 389 461
915 851 1282 646 0 1486 2454 1545 268 925 433 1911 1809 1837 857 386
1334 1286 868 1332 1486 0 2367 1862 1343 1677 1682 972 2280 2057 1703 1650
1548 1619 1551 1811 2454 2367 0 937 2606 1584 2887 1537 923 666 1675 2170
689 765 1001 923 1545 1862 937 0 1727 648 1977 1382 419 291 738 1238
1059 986 1304 804 268 1343 2606 1727 0 1138 361 1898 2022 2016 1081 646
358 392 973 396 925 1677 1584 648 1138 0 1349 1568 885 934 95 592
1346 1279 1656 1078 433 1682 2887 1977 361 1349 0 2258 2228 2268 1275 775
1235 1243 646 1418 1911 972 1537 1382 1898 1568 2258 0 1773 1453 1642 1872
1049 1123 1421 1242 1809 2280 923 419 2022 885 2228 1773 0 359 953 1456
969 1045 1189 1212 1837 2057 666 291 2016 934 2268 1453 359 0 1022 1526
414 433 1034 389 857 1703 1675 738 1081 95 1275 1642 953 1022 0 509
706 664 1226 461 386 1650 2170 1238 646 592 775 1872 1456 1526 509 0
