0 224 95 834 46 525 168 398 103 800 95 488 806 423 443 368 485 696 356 834 213 360 388 137 855 598 591 250 763 245 620 438 484 424 444 427 591 760 718 635 335 689 508 756 242 745 126 498 165 365 231 107 116 14 607 757 207 4 275 388 666 476 127 74 322 342 40 19 238 171 462 703 119 843 135 386 784 801
224 0 248 623 180 660 162 351 291 1016 129 522 998 279 513 494 699 591 572 676 104 138 612 206 939 724 801 444 945 371 823 607 476 442 524 623 593 536 850 452 552 475 701 724 319 881 215 680 389 215 434 243 327 209 404 617 46 223 262 570 637 389 266 175 445 526 234 210 358 394 674 484 311 1040 359 564 993 751
95 248 0 871 119 440 124 321 48 772 145 583 859 490 348 457 521 777 330 901 195 369 400 228 946 683 630 196 823 153 666 366 395 519 538 375 685 770 800 690 313 723 453 849 337 663 218 435 185 428 292 16 182 94 586 829 249 99 200 324 759 407 222 156 412 279 54 110 144 201 502 730 201 792 165 456 823 715
834 623 871 0 788 1259 772 845 913 1635 740 806 1478 462 1078 937 1256 503 1191 330 696 517 1207 749 1180 1101 1341 1067 1407 984 1345 1225 972 744 883 1246 773 251 1214 255 1169 149 1324 760 784 1473 765 1301 995 495 995 866 914 821 503 391 628 832 827 1192 723 811 817 768 902 1149 854 817 970 994 1228 159 884 1663 963 1066 1517 1112
46 180 119 788 0 558 153 392 141 846 51 473 835 380 463 374 522 660 402 791 183 318 432 111 854 606 626 293 788 272 653 477 487 405 439 471 571 716 729 590 381 643 552 731 229 780 104 540 210 321 261 127 150 33 571 716 161 44 271 429 642 463 125 37 326 383 74 30 263 214 499 657 142 888 179 408 819 799
525 660 440 1259 558 0 498 452 421 565 584 991 1014 926 209 816 667 1218 349 1334 569 743 508 663 1290 1003 761 305 1012 292 818 134 375 939 923 236 1103 1103 1097 1113 368 1111 227 1275 752 222 650 175 469 863 599 436 547 530 854 1267 676 529 434 195 1187 532 636 595 785 225 486 544 303 491 668 1105 585 469 483 744 916 602
168 162 124 772 153 498 0 240 172 887 134 614 971 437 355 527 640 744 450 838 77 259 524 252 1006 759 749 307 930 212 782 452 345 540 589 480 703 653 882 615 435 623 554 852 377 719 250 529 305 372 397 111 282 156 462 778 184 170 122 421 763 310 278 180 479 379 147 169 198 319 620 625 287 892 282 554 942 649
398 351 321 845 392 452 240 0 357 962 373 851 1176 622 247 765 829 936 571 988 251 358 689 491 1246 996 939 423 1143 278 980 475 132 775 829 547 934 661 1117 752 567 702 601 1074 616 643 490 559 498 560 614 305 503 389 402 946 390 402 123 476 986 95 517 420 718 450 367 404 267 518 814 686 516 912 483 778 1129 410
103 291 48 913 141 421 172 357 0 726 178 582 820 521 353 440 477 799 283 932 243 416 353 241 930 661 587 155 786 147 625 336 419 523 529 335 689 817 776 726 266 766 414 857 337 642 229 400 142 460 260 61 158 110 634 857 287 107 238 289 768 446 220 175 398 243 67 122 144 161 460 774 184 753 126 426 780 741
800 1016 772 1635 846 565 887 962 726 0 894 1077 706 1207 755 860 511 1423 444 1604 964 1142 458 899 1193 926 525 579 749 701 580 490 922 1066 978 417 1195 1541 960 1427 465 1489 362 1373 915 555 883 409 643 1156 683 780 731 813 1334 1513 1007 802 892 487 1299 1055 837 868 859 519 782 817 715 648 537 1500 767 214 674 718 563 1167
95 129 145 740 51 584 134 373 178 894 0 479 880 344 472 403 572 635 450 755 144 267 483 118 874 636 675 333 831 293 700 512 478 407 456 513 570 665 760 547 429 594 593 724 244 807 119 578 261 282 309 148 199 81 523 684 112 94 257 467 634 437 156 54 354 422 114 81 283 265 548 607 187 931 230 450 868 783
488 522 583 806 473 991 614 851 582 1077 479 0 694 382 931 217 582 387 714 613 605 612 625 363 425 297 625 688 618 730 606 880 958 82 103 829 120 880 408 550 686 712 905 300 245 1201 368 916 527 396 418 595 443 489 879 508 477 483 737 819 222 906 362 438 223 777 528 473 724 507 552 755 406 1196 508 363 766 1261
806 998 859 1478 835 1014 971 1176 820 706 880 694 0 1019 1097 542 357 1079 671 1307 1018 1133 515 795 569 409 252 783 81 919 200 880 1219 739 602 778 777 1497 353 1225 659 1363 805 916 711 1136 783 850 678 1002 574 876 689 819 1402 1203 961 804 1058 826 875 1266 731 826 582 814 823 809 925 658 366 1396 693 909 694 434 148 1535
423 279 490 462 380 926 437 622 521 1207 344 382 1019 0 792 477 797 314 772 411 383 288 762 307 800 661 879 673 952 634 882 856 751 306 438 851 399 499 781 223 748 343 932 484 322 1149 324 921 565 64 541 492 476 413 520 341 253 420 541 810 406 643 370 349 440 764 454 404 623 559 768 380 441 1266 534 604 1055 1005
443 513 348 1078 463 209 355 247 353 755 472 931 1097 792 0 792 740 1099 434 1186 412 570 583 574 1281 1006 846 316 1081 207 897 268 168 867 883 363 1033 906 1115 956 441 932 395 1194 686 397 566 346 458 727 594 337 508 443 649 1131 540 448 258 295 1104 322 570 499 751 290 403 459 209 482 734 921 538 678 459 757 1022 444
368 494 457 937 374 816 527 765 440 860 403 217 542 477 792 0 367 586 512 797 547 618 410 291 489 232 423 512 476 585 414 695 852 220 119 633 335 959 357 686 485 820 705 514 179 1016 285 721 348 461 220 472 283 376 894 696 451 364 643 633 439 838 249 349 49 594 404 361 583 325 338 854 256 983 337 149 584 1170
485 699 521 1256 522 667 640 829 477 511 572 582 357 797 740 367 0 952 319 1156 698 838 160 516 695 417 110 426 345 564 156 532 864 587 479 433 696 1228 470 1019 304 1124 475 870 475 813 501 514 336 761 267 537 372 499 1092 1058 670 484 714 475 801 921 446 524 381 459 494 493 572 320 30 1148 389 669 358 218 302 1179
696 591 777 503 660 1218 744 936 799 1423 635 387 1079 314 1099 586 952 0 1014 232 695 594 964 561 690 673 1007 942 1001 928 992 1134 1065 365 488 1111 307 667 766 287 988 470 1192 257 510 1440 576 1189 807 377 740 782 713 689 786 129 560 692 853 1081 230 954 606 624 572 1036 733 677 918 794 922 521 673 1513 779 735 1153 1315
356 572 330 1191 402 349 450 571 283 444 450 714 671 772 434 512 319 1014 0 1177 524 699 159 466 957 668 418 150 664 293 473 214 575 681 629 125 833 1100 754 989 27 1045 192 1012 507 517 449 213 209 717 295 340 302 369 907 1093 562 359 477 156 929 667 411 427 492 144 337 374 305 220 319 1056 341 498 238 411 588 878
834 676 901 330 791 1334 838 988 932 1604 755 613 1307 411 1186 797 1156 232 1177 0 774 629 1149 711 917 904 1221 1084 1230 1042 1210 1267 1121 578 709 1261 540 551 999 237 1152 364 1342 471 691 1556 727 1332 968 472 924 902 876 824 743 104 657 830 930 1221 460 984 768 760 776 1175 865 814 1030 960 1126 412 838 1674 938 943 1375 1327
213 104 195 696 183 569 77 251 243 964 144 605 1018 383 412 547 698 695 524 774 0 181 590 257 1012 779 804 384 972 288 834 528 373 528 593 557 684 576 904 547 508 547 632 823 382 788 261 606 368 319 444 184 329 199 396 719 140 215 158 498 735 300 301 199 497 457 205 208 274 379 676 548 325 970 341 592 998 657
360 138 369 517 318 743 259 358 416 1142 267 612 1133 288 570 618 838 594 699 629 181 0 749 337 1036 841 939 563 1078 468 961 709 491 530 631 738 663 401 968 393 681 368 813 770 439 959 349 787 525 236 572 361 466 345 276 590 171 360 313 680 688 361 401 313 569 638 366 348 454 531 813 366 449 1152 496 698 1131 720
388 612 400 1207 432 508 524 689 353 458 483 625 515 762 583 410 160 964 159 1149 590 749 0 458 818 530 263 274 505 417 315 373 713 609 530 277 745 1148 605 985 144 1067 328 925 458 664 442 361 224 716 226 415 292 403 986 1057 591 389 581 315 847 784 392 444 404 299 386 402 425 218 160 1085 323 573 253 283 443 1025
137 206 228 749 111 663 252 491 241 899 118 363 795 307 574 291 516 561 466 711 257 337 458 0 756 523 611 380 741 381 627 572 595 293 338 552 459 713 649 528 441 611 634 620 125 883 16 628 258 257 249 238 168 134 610 629 166 133 374 520 530 555 69 75 241 474 177 119 373 251 489 633 135 962 227 360 799 901
855 939 946 1180 854 1290 1006 1246 930 1193 874 425 569 800 1281 489 695 690 957 917 1012 1036 818 756 0 289 667 990 493 1074 616 1161 1339 506 418 1083 411 1291 234 933 933 1110 1144 450 631 1474 756 1171 829 820 694 961 773 861 1304 818 893 851 1126 1098 460 1311 730 825 533 1065 892 845 1073 806 677 1156 746 1364 823 547 703 1654
598 724 683 1101 606 1003 759 996 661 926 636 297 409 661 1006 232 417 673 668 904 779 841 530 523 289 0 412 706 329 800 372 873 1078 357 222 794 369 1158 126 845 644 1001 855 510 404 1186 518 882 549 660 412 698 502 606 1117 799 679 594 873 810 466 1070 481 582 281 778 631 591 800 525 396 1040 482 1086 546 258 504 1398
591 801 630 1341 626 761 749 939 587 525 675 625 252 879 846 423 110 1007 418 1221 804 939 263 611 667 412 0 534 255 674 60 628 973 643 522 526 733 1324 434 1098 407 1212 558 900 556 893 597 601 445 848 367 646 476 605 1198 1120 770 590 824 573 838 1031 542 626 447 561 602 598 681 429 128 1239 489 707 467 278 193 1287
250 444 196 1067 293 305 307 423 155 579 333 688 783 673 316 512 426 942 150 1084 384 563 274 380 990 706 534 0 764 145 583 194 439 640 618 179 802 961 808 881 143 919 259 977 454 513 366 248 164 614 296 202 244 260 760 1007 442 253 326 139 889 519 342 324 479 93 220 270 156 186 418 926 283 597 179 451 717 752
763 945 823 1407 788 1012 930 1143 786 749 831 618 81 952 1081 476 345 1001 664 1230 972 1078 505 741 493 329 255 764 0 895 195 877 1194 666 527 778 698 1435 273 1153 649 1295 813 834 649 1148 730 855 646 937 533 840 647 775 1350 1126 907 760 1023 821 795 1230 680 777 519 804 784 764 900 625 348 1330 647 945 659 382 211 1513
245 371 153 984 272 292 212 278 147 701 293 730 919 634 207 585 564 928 293 1042 288 468 417 381 1074 800 674 145 895 0 719 241 299 669 677 284 835 853 911 824 289 835 351 1001 484 514 370 320 256 570 390 146 301 247 633 975 384 249 190 217 911 373 367 309 545 182 204 262 14 279 553 835 331 686 254 555 859 618
620 823 666 1345 653 818 782 980 625 580 700 606 200 882 897 414 156 992 473 1210 834 961 315 627 616 372 60 583 195 719 0 684 1019 632 504 583 709 1339 382 1098 460 1220 617 870 561 953 614 659 483 855 391 683 504 634 1224 1108 790 618 863 629 813 1071 560 649 444 615 634 625 726 465 166 1249 513 765 501 278 173 1335
438 607 366 1225 477 134 452 475 336 490 512 880 880 856 268 695 532 1134 214 1267 528 709 373 572 1161 873 628 194 877 241 684 0 433 834 806 105 995 1092 964 1056 234 1075 128 1170 648 321 558 84 352 794 475 367 438 446 861 1194 614 442 420 63 1083 566 536 511 667 102 403 457 255 373 534 1076 477 446 371 614 786 703
484 476 395 972 487 375 345 132 419 922 478 958 1219 751 168 852 864 1065 575 1121 373 491 713 595 1339 1078 973 439 1194 299 1019 433 0 885 926 523 1048 778 1195 884 577 831 562 1194 717 540 591 513 550 688 678 379 576 478 509 1078 513 488 222 451 1105 171 609 520 806 438 447 494 293 572 853 813 596 845 542 845 1156 322
424 442 519 744 405 939 540 775 523 1066 407 82 739 306 867 220 587 365 681 578 528 530 609 293 506 357 643 640 666 669 632 834 885 0 138 791 166 806 475 489 654 643 869 337 186 1153 301 875 484 316 390 530 395 424 798 476 397 420 663 775 249 828 303 369 208 731 465 408 662 467 557 683 356 1173 462 369 798 1184
444 524 538 883 439 923 589 829 529 978 456 103 602 438 883 119 479 488 629 709 593 631 530 338 418 222 522 618 527 677 504 806 926 138 0 748 218 935 345 627 602 779 822 395 212 1128 338 836 455 438 334 552 379 449 905 606 478 440 710 744 322 893 317 408 139 704 483 432 673 433 450 818 346 1103 440 261 666 1238
427 623 375 1246 471 236 480 547 335 417 513 829 778 851 363 633 433 1111 125 1261 557 738 277 552 1083 794 526 179 778 284 583 105 523 791 748 0 947 1132 878 1061 150 1098 81 1126 611 391 537 88 307 792 413 380 400 438 917 1181 622 430 474 71 1040 641 505 501 610 102 399 447 298 324 437 1103 440 418 332 536 681 804
591 593 685 773 571 1103 703 934 689 1195 570 120 777 399 1033 335 696 307 833 540 684 663 745 459 411 369 733 802 698 835 709 995 1048 166 218 947 0 881 459 523 806 699 1024 180 351 1316 467 1033 643 431 538 696 557 590 917 436 548 586 825 935 105 982 469 535 343 892 632 575 829 624 667 745 518 1316 623 479 861 1342
760 536 770 251 716 1103 653 661 817 1541 665 880 1497 499 906 959 1228 667 1100 551 576 401 1148 713 1291 1158 1324 961 1435 853 1339 1092 778 806 935 1132 881 0 1280 380 1083 198 1204 914 786 1304 727 1173 925 499 960 760 861 745 275 584 559 759 673 1070 858 608 782 706 916 1031 768 746 838 930 1201 146 839 1539 895 1066 1512 877
718 850 800 1214 729 1097 882 1117 776 960 760 408 353 781 1115 357 470 766 754 999 904 968 605 649 234 126 434 808 273 911 382 964 1195 475 345 878 459 1280 0 958 731 1119 933 573 531 1269 643 965 656 783 521 817 618 728 1244 895 806 715 994 902 546 1193 605 707 407 873 750 713 912 632 454 1159 601 1135 657 358 476 1516
635 452 690 255 590 1113 615 752 726 1427 547 550 1225 223 956 686 1019 287 989 237 547 393 985 528 933 845 1098 881 1153 824 1098 1056 884 489 627 1061 523 380 958 0 966 184 1141 535 543 1334 545 1126 784 271 765 689 697 623 519 221 441 632 698 1015 485 746 593 562 653 969 661 616 811 779 989 234 663 1478 753 820 1269 1091
335 552 313 1169 381 368 435 567 266 465 429 686 659 748 441 485 304 988 27 1152 508 681 144 441 933 644 407 143 649 289 460 234 577 654 602 150 806 1083 731 966 0 1024 219 985 480 541 424 239 183 694 268 324 276 348 895 1067 541 337 468 173 902 662 385 404 465 154 317 352 300 194 302 1036 315 525 213 386 581 884
689 475 723 149 643 1111 623 702 766 1489 594 712 1363 343 932 820 1124 470 1045 364 547 368 1067 611 1110 1001 1212 919 1295 835 1220 1075 831 643 779 1098 699 198 1119 184 1024 0 1175 719 658 1325 627 1152 851 364 859 718 774 676 388 387 482 687 679 1043 667 674 680 624 781 1000 707 673 821 852 1096 51 745 1514 820 942 1393 991
508 701 453 1324 552 227 554 601 414 362 593 905 805 932 395 705 475 1192 192 1342 632 813 328 634 1144 855 558 259 813 351 617 128 562 869 822 81 1024 1204 933 1141 219 1175 0 1203 690 337 618 52 387 873 487 457 480 519 982 1263 702 512 539 134 1118 693 586 582 684 175 479 528 366 403 484 1179 520 339 413 601 698 823
756 724 849 760 731 1275 852 1074 857 1373 724 300 916 484 1194 514 870 257 1012 471 823 770 925 620 450 510 900 977 834 1001 870 1170 1194 337 395 1126 180 914 573 535 985 719 1203 0 523 1490 630 1211 820 533 718 858 732 754 999 377 683 751 972 1111 89 1111 639 694 523 1068 796 739 993 802 842 770 693 1497 799 655 1014 1475
242 319 337 784 229 752 377 616 337 915 244 245 711 322 686 179 475 510 507 691 382 439 458 125 631 404 556 454 649 484 561 648 717 186 212 611 351 786 531 543 480 658 690 523 0 967 126 693 303 293 232 349 211 243 715 599 274 237 498 591 435 680 117 196 131 546 282 227 479 287 446 688 171 1004 279 283 735 1026
745 881 663 1473 780 222 719 643 642 555 807 1201 1136 1149 397 1016 813 1440 517 1556 788 959 664 883 1474 1186 893 513 1148 514 953 321 540 1153 1128 391 1316 1304 1269 1334 541 1325 337 1490 967 0 870 303 674 1085 796 659 758 751 1044 1490 898 750 646 383 1402 710 853 816 988 424 707 765 526 695 821 1317 797 385 692 928 1019 676
126 215 218 765 104 650 250 490 229 883 119 368 783 324 566 285 501 576 449 727 261 349 442 16 756 518 597 366 730 370 614 558 591 301 338 537 467 727 643 545 424 627 618 630 126 870 0 613 241 274 233 229 152 124 620 645 177 121 372 505 540 556 54 70 236 459 166 108 363 234 474 649 118 946 211 349 786 900
498 680 435 1301 540 175 529 559 400 409 578 916 850 921 346 721 514 1189 213 1332 606 787 361 628 1171 882 601 248 855 320 659 84 513 875 836 88 1033 1173 965 1126 239 1152 52 1211 693 303 613 0 391 860 501 437 482 507 945 1255 684 502 503 110 1125 649 585 572 697 156 466 518 335 409 520 1154 522 365 414 625 746 771
165 389 185 995 210 469 305 498 142 643 261 527 678 565 458 348 336 807 209 968 368 525 224 258 829 549 445 164 646 256 483 352 550 484 455 307 643 925 656 784 183 851 387 820 303 674 241 391 0 512 136 201 93 180 764 884 371 166 380 291 734 588 202 227 316 250 162 180 259 23 318 867 134 707 31 299 638 872
365 215 428 495 321 863 372 560 460 1156 282 396 1002 64 727 461 761 377 717 472 319 236 716 257 820 660 848 614 937 570 855 794 688 316 438 792 431 499 783 271 694 364 873 533 293 1085 274 860 512 0 500 429 426 354 486 405 188 362 477 749 451 584 324 292 419 704 394 346 559 508 733 394 393 1208 481 577 1029 947
231 434 292 995 261 599 397 614 260 683 309 418 574 541 594 220 267 740 295 924 444 572 226 249 694 412 367 296 533 390 391 475 678 390 334 413 538 960 521 765 268 859 487 718 232 796 233 501 136 500 0 309 115 244 833 831 403 229 492 413 635 699 179 259 196 375 250 235 391 112 241 882 122 782 136 166 559 1000
107 243 16 866 127 436 111 305 61 780 148 595 876 492 337 472 537 782 340 902 184 361 415 238 961 698 646 202 840 146 683 367 379 530 552 380 696 760 817 689 324 718 457 858 349 659 229 437 201 429 309 0 199 105 573 832 247 112 183 327 769 390 235 164 427 283 68 121 136 218 519 724 216 797 181 473 839 699
116 327 182 914 150 547 282 503 158 731 199 443 689 476 508 283 372 713 302 876 329 466 292 168 773 502 476 244 647 301 504 438 576 395 379 400 557 861 618 697 276 774 480 732 211 758 152 482 93 426 115 199 0 129 721 791 301 114 381 379 645 586 108 154 244 336 137 121 300 83 348 792 40 801 67 274 670 897
14 209 94 821 33 530 156 389 110 813 81 489 819 413 443 376 499 689 369 824 199 345 403 134 861 606 605 260 775 247 634 446 478 424 449 438 590 745 728 623 348 676 519 754 243 751 124 507 180 354 244 105 129 0 593 748 193 15 267 397 664 466 131 65 329 351 43 16 239 186 477 689 130 855 150 397 799 794
607 404 586 503 571 854 462 402 634 1334 523 879 1402 520 649 894 1092 786 907 743 396 276 986 610 1304 1117 1198 760 1350 633 1224 861 509 798 905 917 917 275 1244 519 895 388 982 999 715 1044 620 945 764 486 833 573 721 593 0 741 444 608 443 849 926 338 670 575 845 815 601 599 618 775 1070 352 711 1307 738 968 1391 609
757 617 829 391 716 1267 778 946 857 1513 684 508 1203 341 1131 696 1058 129 1093 104 719 590 1057 629 818 799 1120 1007 1126 975 1108 1194 1078 476 606 1181 436 584 895 221 1067 387 1263 377 599 1490 645 1255 884 405 831 832 791 748 741 0 594 753 877 1145 359 951 682 683 677 1099 790 737 964 873 1028 438 752 1591 854 844 1272 1304
207 46 249 628 161 676 184 390 287 1007 112 477 961 253 540 451 670 560 562 657 140 171 591 166 893 679 770 442 907 384 790 614 513 397 478 622 548 559 806 441 541 482 702 683 274 898 177 684 371 188 403 247 301 193 444 594 0 205 295 573 596 433 229 147 402 528 225 191 372 374 645 495 281 1040 340 526 960 794
4 223 99 832 44 529 170 402 107 802 94 483 804 420 448 364 484 692 359 830 215 360 389 133 851 594 590 253 760 249 618 442 488 420 440 430 586 759 715 632 337 687 512 751 237 750 121 502 166 362 229 112 114 15 608 753 205 0 279 392 662 479 123 70 318 346 45 16 242 171 461 701 116 846 136 383 783 805
275 262 200 827 271 434 122 123 238 892 257 737 1058 541 258 643 714 853 477 930 158 313 581 374 1126 873 824 326 1023 190 863 420 222 663 710 474 825 673 994 698 468 679 539 972 498 646 372 503 380 477 492 183 381 267 443 877 295 279 0 406 884 207 395 301 596 373 244 282 176 399 698 672 393 867 363 655 1016 528
388 570 324 1192 429 195 421 476 289 487 467 819 826 810 295 633 475 1081 156 1221 498 680 315 520 1098 810 573 139 821 217 629 63 451 775 744 71 935 1070 902 1015 173 1043 134 1111 591 383 505 110 291 749 413 327 379 397 849 1145 573 392 406 0 1025 569 480 462 605 45 355 408 232 312 475 1046 419 471 312 551 738 738
666 637 759 723 642 1187 763 986 768 1299 634 222 875 406 1104 439 801 230 929 460 735 688 847 530 460 466 838 889 795 911 813 1083 1105 249 322 1040 105 858 546 485 902 667 1118 89 435 1402 540 1125 734 451 635 769 645 664 926 359 596 662 884 1025 0 1025 550 605 443 981 707 649 904 716 773 716 605 1416 712 584 964 1388
476 389 407 811 463 532 310 95 446 1055 437 906 1266 643 322 838 921 954 667 984 300 361 784 555 1311 1070 1031 519 1230 373 1071 566 171 828 893 641 982 608 1193 746 662 674 693 1111 680 710 556 649 588 584 699 390 586 466 338 951 433 479 207 569 1025 0 588 488 789 545 449 480 362 607 905 652 595 998 571 860 1222 363
127 266 222 817 125 636 278 517 220 837 156 362 731 370 570 249 446 606 411 768 301 401 392 69 730 481 542 342 680 367 560 536 609 303 317 505 469 782 605 593 385 680 586 639 117 853 54 585 202 324 179 235 108 131 670 682 229 123 395 480 550 588 0 102 200 435 167 115 362 191 419 702 70 909 173 298 732 924
74 175 156 768 37 595 180 420 175 868 54 438 826 349 499 349 524 624 427 760 199 313 444 75 825 582 626 324 777 309 649 511 520 369 408 501 535 706 707 562 404 624 582 694 196 816 70 572 227 292 259 164 154 65 575 683 147 70 301 462 605 488 102 0 301 416 109 54 300 227 499 641 136 916 195 396 818 829
322 445 412 902 326 785 479 718 398 859 354 223 582 440 751 49 381 572 492 776 497 569 404 241 533 281 447 479 519 545 444 667 806 208 139 610 343 916 407 653 465 781 684 523 131 988 236 697 316 419 196 427 244 329 845 677 402 318 596 605 443 789 200 301 0 565 359 314 542 294 351 814 213 973 302 168 616 1123
342 526 279 1149 383 225 379 450 243 519 422 777 814 764 290 594 459 1036 144 1175 457 638 299 474 1065 778 561 93 804 182 615 102 438 731 704 102 892 1031 873 969 154 1000 175 1068 546 424 459 156 250 704 375 283 336 351 815 1099 528 346 373 45 981 545 435 416 565 0 310 362 196 271 456 1004 375 514 269 519 732 735
40 234 54 854 74 486 147 367 67 782 114 528 823 454 403 404 494 733 337 865 205 366 386 177 892 631 602 220 784 204 634 403 447 465 483 399 632 768 750 661 317 707 479 796 282 707 166 466 162 394 250 68 137 43 601 790 225 45 244 355 707 449 167 109 359 310 0 58 197 174 473 718 149 816 136 411 795 766
19 210 110 817 30 544 169 404 122 817 81 473 809 404 459 361 493 677 374 814 208 348 402 119 845 591 598 270 764 262 625 457 494 408 432 447 575 746 713 616 352 673 528 739 227 765 108 518 180 346 235 121 121 16 599 737 191 16 282 408 649 480 115 54 314 362 58 0 254 184 470 687 118 862 149 385 791 809
238 358 144 970 263 303 198 267 144 715 283 724 925 623 209 583 572 918 305 1030 274 454 425 373 1073 800 681 156 900 14 726 255 293 662 673 298 829 838 912 811 300 821 366 993 479 526 363 335 259 559 391 136 300 239 618 964 372 242 176 232 904 362 362 300 542 196 197 254 0 282 559 821 328 700 255 557 868 614
171 394 201 994 214 491 319 518 161 648 265 507 658 559 482 325 320 794 220 960 379 531 218 251 806 525 429 186 625 279 465 373 572 467 433 324 624 930 632 779 194 852 403 802 287 695 234 409 23 508 112 218 83 186 775 873 374 171 399 312 716 607 191 227 294 271 174 184 282 0 301 868 121 719 37 275 622 894
462 674 502 1228 499 668 620 814 460 537 548 552 366 768 734 338 30 922 319 1126 676 813 160 489 677 396 128 418 348 553 166 534 853 557 450 437 667 1201 454 989 302 1096 484 842 446 821 474 520 318 733 241 519 348 477 1070 1028 645 461 698 475 773 905 419 499 351 456 473 470 559 301 0 1121 363 690 338 189 322 1170
703 484 730 159 657 1105 625 686 774 1500 607 755 1396 380 921 854 1148 521 1056 412 548 366 1085 633 1156 1040 1239 926 1330 835 1249 1076 813 683 818 1103 745 146 1159 234 1036 51 1179 770 688 1317 649 1154 867 394 882 724 792 689 352 438 495 701 672 1046 716 652 702 641 814 1004 718 687 821 868 1121 0 766 1518 836 972 1422 959
119 311 201 884 142 585 287 516 184 767 187 406 693 441 538 256 389 673 341 838 325 449 323 135 746 482 489 283 647 331 513 477 596 356 346 440 518 839 601 663 315 745 520 693 171 797 118 522 134 393 122 216 40 130 711 752 281 116 393 419 605 595 70 136 213 375 149 118 328 121 363 766 0 840 107 267 681 916
843 1040 792 1663 888 469 892 912 753 214 931 1196 909 1266 678 983 669 1513 498 1674 970 1152 573 962 1364 1086 707 597 945 686 765 446 845 1173 1103 418 1316 1539 1135 1478 525 1514 339 1497 1004 385 946 365 707 1208 782 797 801 855 1307 1591 1040 846 867 471 1416 998 909 916 973 514 816 862 700 719 690 1518 840 0 736 854 769 1045
135 359 165 963 179 483 282 483 126 674 230 508 694 534 459 337 358 779 238 938 341 496 253 227 823 546 467 179 659 254 501 371 542 462 440 332 623 895 657 753 213 820 413 799 279 692 211 414 31 481 136 181 67 150 738 854 340 136 363 312 712 571 173 195 302 269 136 149 255 37 338 836 107 736 0 302 660 864
386 564 456 1066 408 744 554 778 426 718 450 363 434 604 757 149 218 735 411 943 592 698 283 360 547 258 278 451 382 555 278 614 845 369 261 536 479 1066 358 820 386 942 601 655 283 928 349 625 299 577 166 473 274 397 968 844 526 383 655 551 584 860 298 396 168 519 411 385 557 275 189 972 267 854 302 0 451 1167
784 993 823 1517 819 916 942 1129 780 563 868 766 148 1055 1022 584 302 1153 588 1375 998 1131 443 799 703 504 193 717 211 859 173 786 1156 798 666 681 861 1512 476 1269 581 1393 698 1014 735 1019 786 746 638 1029 559 839 670 799 1391 1272 960 783 1016 738 964 1222 732 818 616 732 795 791 868 622 322 1422 681 769 660 451 0 1466
801 751 715 1112 799 602 649 410 741 1167 783 1261 1535 1005 444 1170 1179 1315 878 1327 657 720 1025 901 1654 1398 1287 752 1513 618 1335 703 322 1184 1238 804 1342 877 1516 1091 884 991 823 1475 1026 676 900 771 872 947 1000 699 897 794 609 1304 794 805 528 738 1388 363 924 829 1123 735 766 809 614 894 1170 959 916 1045 864 1167 1466 0
