0 347 291 1181 1158 446 513 1344 202 292 704 220 1112 1371 600 16
347 0 319 839 1452 789 205 1681 464 503 959 436 852 1234 877 363
291 319 0 1107 1432 601 359 1569 235 220 994 182 854 1534 887 304
1181 839 1107 0 2155 1627 751 2466 1299 1321 1643 1263 870 1105 1599 1195
1158 1452 1432 2155 0 937 1650 486 1223 1301 512 1279 2270 1693 575 1142
446 789 601 1627 937 0 928 980 366 407 658 419 1445 1711 540 433
513 205 359 751 1650 928 0 1858 571 577 1162 528 647 1345 1076 530
1344 1681 1569 2466 486 980 1858 0 1336 1387 877 1392 2422 2145 882 1328
202 464 235 1299 1223 366 571 1336 0 97 822 56 1085 1573 707 202
292 503 220 1321 1301 407 577 1387 97 0 914 76 1039 1653 798 294
704 959 994 1643 512 658 1162 877 822 914 0 871 1798 1291 119 690
220 436 182 1263 1279 419 528 1392 56 76 871 0 1029 1577 757 224
1112 852 854 870 2270 1445 647 2422 1085 1039 1798 1029 0 1841 1705 1128
1371 1234 1534 1105 1693 1711 1345 2145 1573 1653 1291 1577 1841 0 1334 1375
600 877 887 1599 575 540 1076 882 707 798 119 757 1705 1334 0 585
16 363 304 1195 1142 433 530 1328 202 294 690 224 1128 1375 585 0
