0 41 707 718 619 156 354 383 84 529 11 114 470 760 522 194 215 654 66 716 711 460 462 291 83 79 695 410 269 557 548 451 666 805 705 148 569 475 175 191 353 601 746 439 100 171 762 415 349 22 647 146 167 303 655 784 478 679 688 848 98 217 50 468 154 460 147 604 511 151 680 504 776 239 607 367 327 143
41 0 716 746 620 191 392 408 113 505 39 78 462 727 561 222 211 613 98 744 688 483 433 332 87 115 736 441 229 598 588 487 679 832 695 181 554 456 212 186 357 642 721 457 113 212 751 409 315 63 612 127 208 324 677 743 442 660 724 816 73 241 75 429 125 492 118 599 482 142 689 465 788 204 577 406 302 102
707 716 0 1284 1319 785 846 387 767 547 719 692 1177 790 616 846 513 1021 751 366 553 318 1116 761 790 651 796 985 753 832 664 527 1336 1372 1411 788 404 1169 611 898 1055 895 1411 1096 802 702 1468 361 661 706 1249 617 697 962 240 1096 747 472 1122 814 789 507 751 780 832 1014 825 1311 626 857 27 1053 84 880 667 617 569 738
718 746 1284 0 468 568 438 897 635 1248 712 822 588 1469 734 524 912 1267 651 1088 1428 966 835 525 666 717 699 315 946 529 705 781 298 89 671 573 1274 707 702 624 494 490 937 323 636 614 705 1101 1058 702 1025 865 621 427 1116 1399 1172 1390 262 1560 720 815 671 1151 737 274 738 558 1228 658 1262 1019 1325 802 1323 671 1046 825
619 620 1319 468 0 541 587 958 552 1084 607 672 200 1232 941 480 831 934 568 1250 1270 1038 454 633 536 668 1004 453 725 811 934 932 180 502 204 536 1163 308 717 435 265 805 475 278 520 633 245 1030 862 616 604 742 637 377 1227 1057 934 1258 671 1328 556 813 571 900 534 473 539 95 1034 480 1293 663 1384 547 1116 810 893 646
156 191 785 568 541 0 206 417 81 681 152 268 437 916 456 61 345 791 93 720 860 497 515 165 138 151 596 255 416 434 469 415 552 656 667 12 708 481 176 194 286 470 771 314 112 94 725 541 505 136 717 299 97 177 686 924 633 823 534 1004 198 279 117 620 245 304 242 550 667 186 760 608 845 337 763 303 481 288
354 392 846 438 587 206 0 459 287 856 353 468 551 1106 355 209 503 998 297 686 1025 530 691 88 344 318 434 150 621 250 347 365 531 527 756 217 858 626 275 377 388 273 917 311 316 199 810 678 700 332 898 484 206 232 692 1130 832 978 338 1191 405 385 322 822 449 168 446 627 853 382 824 807 891 539 949 245 663 492
383 408 387 897 958 417 459 0 419 560 394 421 840 843 297 478 278 912 407 337 680 80 841 374 459 309 507 598 547 479 345 189 957 985 1075 422 492 857 241 566 700 543 1129 718 462 326 1133 316 526 374 1013 363 322 588 273 1023 658 612 748 906 480 166 414 673 534 627 527 963 600 531 365 844 436 607 684 239 440 473
84 113 767 635 552 81 287 419 0 614 77 191 421 840 508 110 293 711 17 741 795 499 458 238 61 116 663 328 336 509 526 452 588 721 656 70 651 445 184 149 287 548 729 357 46 136 713 494 428 70 655 231 135 220 693 843 554 762 614 929 119 263 37 540 170 379 166 547 594 125 741 535 833 263 690 351 411 207
529 505 547 1248 1084 681 856 560 614 0 537 432 895 283 851 724 355 486 596 812 186 573 729 775 590 539 1060 937 363 991 896 743 1173 1335 1100 675 149 835 588 665 839 1049 1002 961 618 656 1150 249 225 546 795 383 649 830 686 550 226 183 1194 349 547 498 578 268 554 986 549 1039 86 621 526 592 629 541 129 744 202 444
11 39 719 712 607 152 353 394 77 537 0 116 458 764 529 187 226 652 60 727 719 471 452 292 71 89 700 404 268 559 554 460 656 798 693 143 578 463 183 179 342 603 736 430 89 174 750 426 353 26 638 154 170 294 666 783 481 687 685 853 88 229 41 469 144 455 138 592 517 139 692 498 788 231 613 373 334 141
114 78 692 822 672 268 468 421 191 432 116 0 501 649 609 300 178 548 176 759 617 489 430 404 158 169 793 519 158 665 640 526 744 908 728 259 491 477 261 239 415 712 724 528 186 281 784 363 237 136 591 75 276 398 680 676 364 593 802 739 117 259 153 354 144 570 137 643 405 194 665 426 768 191 500 459 230 51
470 462 1177 588 200 437 551 840 421 895 458 501 0 1033 882 384 672 736 434 1156 1080 920 261 569 387 534 985 453 533 797 886 851 350 643 235 428 984 120 602 279 163 808 376 297 379 532 292 864 671 473 437 575 534 318 1114 861 736 1073 733 1128 391 682 429 700 357 492 364 143 841 320 1150 467 1247 354 920 735 710 467
760 727 790 1469 1232 916 1106 843 840 283 764 649 1033 0 1132 949 621 403 825 1088 248 856 814 1031 803 788 1341 1168 526 1262 1176 1025 1349 1552 1203 908 392 946 851 853 1016 1319 1037 1161 833 908 1245 532 412 780 806 622 902 1041 958 393 301 324 1445 95 749 771 803 333 737 1220 735 1170 256 814 773 624 867 692 161 1019 446 643
522 561 616 734 941 456 355 297 508 851 529 609 882 1132 0 500 528 1149 505 354 978 321 966 313 567 446 209 501 762 223 49 108 883 815 1101 467 790 937 349 649 721 283 1228 666 553 372 1157 612 780 503 1163 578 372 571 403 1271 919 910 526 1199 614 376 525 926 670 504 665 975 882 633 601 1027 633 761 971 157 706 655
194 222 846 524 480 61 209 478 110 724 187 300 384 949 500 0 398 799 127 776 905 558 486 193 149 207 626 219 437 453 509 467 492 611 611 58 759 437 237 167 228 482 729 255 119 153 669 596 537 179 692 341 157 117 746 932 659 871 515 1039 209 340 147 643 245 272 244 492 704 174 821 599 907 333 800 351 522 310
215 211 513 912 831 345 503 278 293 355 226 178 672 621 528 398 0 635 275 607 522 333 606 420 295 195 731 596 272 641 568 428 881 1000 903 342 362 655 233 398 567 698 901 651 315 304 959 200 253 223 756 104 298 513 514 749 391 479 840 698 281 153 265 400 320 642 313 811 365 353 486 575 589 368 459 401 179 226
654 613 1021 1267 934 791 998 912 711 486 652 548 736 403 1149 799 635 0 702 1227 591 957 482 945 654 717 1340 1008 389 1211 1183 1057 1082 1340 859 780 636 628 808 652 775 1256 652 943 682 826 893 674 388 677 417 570 821 855 1116 134 274 639 1313 484 593 777 677 245 553 1061 555 856 401 629 997 272 1105 471 399 1004 480 511
66 98 751 651 568 93 297 407 17 596 60 176 434 825 505 127 275 702 0 731 778 486 462 244 62 101 665 343 324 514 526 446 606 738 669 83 633 454 174 159 303 555 736 375 55 136 726 476 413 52 657 213 134 238 681 834 540 745 627 914 114 248 25 527 167 394 163 561 578 131 725 531 818 260 674 348 394 195
716 744 366 1088 1250 720 686 337 741 812 727 759 1156 1088 354 776 607 1227 731 0 876 273 1178 621 788 639 475 836 879 573 389 321 1217 1169 1388 728 699 1185 556 890 1005 628 1463 987 786 625 1445 569 839 704 1351 698 622 873 133 1327 960 797 877 1131 814 503 742 982 869 847 862 1269 874 860 365 1180 342 945 941 444 746 810
711 688 553 1428 1270 860 1025 680 795 186 719 617 1080 248 978 905 522 591 778 876 0 674 904 941 774 714 1187 1115 546 1139 1025 869 1359 1516 1280 854 187 1015 751 851 1026 1199 1165 1145 801 827 1329 367 409 726 949 564 820 1013 744 618 376 80 1361 260 732 652 760 419 740 1162 736 1223 243 807 539 749 627 725 195 889 387 631
460 483 318 966 1038 497 530 80 499 573 471 489 920 856 321 558 333 957 486 273 674 0 914 447 537 387 523 673 605 524 370 219 1035 1053 1155 502 486 934 321 644 780 587 1204 797 541 406 1212 324 569 451 1081 426 401 667 195 1063 696 601 805 912 555 242 493 715 608 699 601 1043 623 609 298 907 361 678 701 299 478 541
462 433 1116 835 454 515 691 841 458 729 452 430 261 814 966 486 606 482 462 1178 904 914 0 677 401 541 1110 639 380 939 983 908 612 897 389 503 845 146 633 320 349 964 294 520 413 594 431 767 509 477 207 502 594 481 1108 602 533 913 943 908 364 674 445 493 308 688 315 373 660 333 1089 210 1195 238 724 810 576 380
291 332 761 525 633 165 88 374 238 775 292 404 569 1031 313 193 420 945 244 621 941 447 677 0 299 243 433 225 561 270 317 301 597 614 788 177 771 630 189 356 407 310 923 366 276 124 844 591 628 269 881 411 129 259 616 1076 764 892 419 1114 358 297 269 757 408 253 404 662 776 351 739 772 808 501 872 178 585 434
83 87 790 666 536 138 344 459 61 590 71 158 387 803 567 149 295 654 62 788 774 537 401 299 0 150 725 368 287 570 587 507 591 751 622 126 641 398 234 108 271 608 676 370 30 197 679 495 392 86 595 214 195 240 733 787 510 748 664 894 61 296 45 493 108 421 104 521 563 72 764 473 859 201 657 410 387 161
79 115 651 717 668 151 318 309 116 539 89 169 534 788 446 207 195 717 101 639 714 387 541 243 150 0 625 402 328 497 473 372 698 805 769 149 557 548 96 257 403 546 824 462 154 120 827 389 385 65 726 167 113 324 582 845 521 673 657 872 177 148 105 516 233 448 227 662 534 222 625 581 716 318 631 292 344 210
695 736 796 699 1004 596 434 507 663 1060 700 793 985 1341 209 626 731 1340 665 475 1187 523 1110 433 725 625 0 551 951 192 164 318 910 766 1184 609 999 1058 532 790 822 211 1350 726 705 529 1237 822 981 674 1314 772 532 666 564 1465 1120 1119 449 1409 779 578 688 1124 832 533 828 1054 1090 782 784 1196 799 925 1180 336 910 835
410 441 985 315 453 255 150 598 328 937 404 519 453 1168 501 219 596 1008 343 836 1115 673 639 225 368 402 551 0 656 358 488 516 382 404 635 262 959 547 389 357 299 359 829 175 338 299 687 786 756 391 845 554 306 159 840 1142 879 1075 308 1257 427 502 365 862 456 53 456 505 922 379 962 788 1034 537 1018 394 736 529
269 229 753 946 725 416 621 547 336 363 268 158 533 526 762 437 272 389 324 879 546 605 380 561 287 328 951 656 0 823 795 674 827 1028 738 406 466 473 418 327 493 870 668 635 317 439 789 394 137 291 496 187 434 519 785 517 226 543 950 619 228 397 299 206 211 709 209 676 308 288 726 305 834 178 393 615 196 128
557 598 832 529 811 434 250 479 509 991 559 665 797 1262 223 453 641 1211 514 573 1139 524 939 270 570 497 192 358 823 0 183 306 720 604 993 447 956 877 416 621 636 63 1167 534 547 385 1045 772 876 534 1145 659 389 479 626 1341 1014 1079 303 1339 628 492 539 1012 679 340 675 863 1007 620 816 1043 855 772 1101 249 818 700
548 588 664 705 934 469 347 345 526 896 554 640 886 1176 49 509 568 1183 526 389 1025 370 983 317 587 473 164 488 795 183 0 156 868 783 1100 481 838 946 378 664 723 241 1238 657 571 390 1155 659 819 527 1182 613 392 571 447 1306 958 958 487 1245 637 415 547 963 692 486 687 973 925 650 649 1052 679 784 1015 181 747 684
451 487 527 781 932 415 365 189 452 743 460 526 851 1025 108 467 428 1057 446 321 869 219 908 301 507 372 318 516 674 306 156 0 896 866 1078 424 682 894 276 600 695 369 1181 667 498 322 1135 503 682 434 1098 488 321 556 335 1176 819 802 597 1091 547 279 463 828 604 529 598 956 777 577 510 951 554 691 865 123 604 575
666 679 1336 298 180 552 531 957 588 1173 656 744 350 1349 883 492 881 1082 606 1217 1359 1035 612 597 591 698 910 382 827 720 868 896 0 323 376 551 1233 468 724 508 334 702 656 239 567 633 407 1082 958 658 777 806 638 375 1213 1209 1048 1337 529 1444 627 831 616 1017 620 382 624 275 1133 552 1311 816 1392 657 1221 773 973 728
805 832 1372 89 502 656 527 985 721 1335 798 908 643 1552 815 611 1000 1340 738 1169 1516 1053 897 614 751 805 766 404 1028 604 783 866 323 0 699 661 1363 764 792 704 565 560 977 398 721 703 727 1190 1143 789 1081 952 710 511 1201 1472 1255 1479 318 1644 803 904 757 1232 818 364 820 596 1313 740 1350 1088 1412 880 1408 757 1133 909
705 695 1411 671 204 667 756 1075 656 1100 693 728 235 1203 1101 611 903 859 669 1388 1280 1155 389 788 622 769 1184 635 738 993 1100 1078 376 699 0 659 1200 264 836 514 383 993 295 461 615 762 57 1091 875 708 475 804 765 529 1348 968 918 1281 873 1298 622 917 665 879 584 663 591 130 1037 554 1384 590 1482 564 1108 959 925 690
148 181 788 573 536 12 217 422 70 675 143 259 428 908 467 58 342 780 83 728 854 502 503 177 126 149 609 262 406 447 481 424 551 661 659 0 704 470 181 182 278 483 760 314 100 103 717 539 496 129 705 292 105 176 693 913 623 818 543 996 187 281 107 610 233 312 230 543 660 174 763 596 849 325 756 313 474 277
569 554 404 1274 1163 708 858 492 651 149 578 491 984 392 790 759 362 636 633 699 187 486 845 771 641 557 999 959 466 956 838 682 1233 1363 1200 704 0 937 582 731 906 1018 1127 1008 666 663 1252 184 336 581 930 426 656 872 568 698 372 122 1189 432 609 477 619 412 629 1003 623 1127 235 685 385 726 485 636 263 707 274 517
475 456 1169 707 308 481 626 857 445 835 463 477 120 946 937 437 655 628 454 1185 1015 934 146 630 398 548 1058 547 473 877 946 894 468 764 264 470 937 0 629 295 248 893 292 406 399 571 315 836 610 483 318 553 572 399 1130 749 656 1016 840 1041 382 692 443 618 336 591 343 228 773 325 1141 356 1243 302 845 784 663 435
175 212 611 702 717 176 275 241 184 588 183 261 602 851 349 237 233 808 174 556 751 321 633 189 234 96 532 389 418 416 378 276 724 792 836 181 582 629 0 334 459 469 910 485 229 92 893 402 459 157 821 243 86 350 513 933 598 702 609 930 270 112 188 597 327 428 321 723 594 305 586 677 669 414 690 197 404 305
191 186 898 624 435 194 377 566 149 665 179 239 279 853 649 167 398 652 159 890 851 644 320 356 108 257 790 357 327 621 664 600 508 704 514 182 731 295 334 0 175 650 580 308 104 279 571 595 451 194 525 307 279 203 839 786 553 831 665 947 121 404 151 528 115 410 118 414 626 45 872 435 968 181 717 494 466 220
353 357 1055 494 265 286 388 700 287 839 342 415 163 1016 721 228 567 775 303 1005 1026 780 349 407 271 403 822 299 493 636 723 695 334 565 383 278 906 248 459 175 0 648 532 172 254 380 440 766 623 350 552 482 383 156 971 907 715 1007 596 1111 297 549 306 686 286 344 290 264 798 221 1028 525 1120 325 886 576 641 395
601 642 895 490 805 470 273 543 548 1049 603 712 808 1319 283 482 698 1256 555 628 1199 587 964 310 608 546 211 359 870 63 241 369 702 560 993 483 1018 893 469 650 648 0 1181 532 583 430 1044 834 928 579 1172 710 435 494 687 1386 1066 1140 250 1396 668 551 580 1062 716 332 713 863 1063 653 879 1078 916 808 1158 311 874 745
746 721 1411 937 475 771 917 1129 729 1002 736 724 376 1037 1228 729 901 652 736 1463 1165 1204 294 923 676 824 1350 829 668 1167 1238 1181 656 977 295 760 1127 292 910 580 532 1181 0 672 682 859 297 1060 790 758 235 797 860 687 1399 738 789 1184 1107 1127 649 963 722 746 596 869 603 381 925 605 1384 418 1489 532 976 1074 865 675
439 457 1096 323 278 314 311 718 357 961 430 528 297 1161 666 255 651 943 375 987 1145 797 520 366 370 462 726 175 635 534 657 667 239 398 461 314 1008 406 485 308 172 532 672 0 344 394 512 850 756 427 719 583 399 138 977 1076 861 1117 436 1255 416 592 388 837 424 202 426 331 930 347 1072 698 1153 482 1022 543 758 522
100 113 802 636 520 112 316 462 46 618 89 186 379 833 553 119 315 682 55 786 801 541 413 276 30 154 705 338 317 547 571 498 567 721 615 100 666 399 229 104 254 583 682 344 0 181 672 515 421 96 611 239 180 212 735 816 540 773 634 924 90 302 51 523 132 391 129 509 592 79 776 496 870 225 686 397 415 191
171 212 702 614 633 94 199 326 136 656 174 281 532 908 372 153 304 826 136 625 827 406 594 124 197 120 529 299 439 385 390 322 633 703 762 103 663 571 92 279 380 430 859 394 181 0 820 487 504 149 792 287 6 261 593 956 640 782 538 992 249 204 158 633 303 340 299 645 654 261 678 667 759 396 750 215 463 314
762 751 1468 705 245 725 810 1133 713 1150 750 784 292 1245 1157 669 959 893 726 1445 1329 1212 431 844 679 827 1237 687 789 1045 1155 1135 407 727 57 717 1252 315 893 571 440 1044 297 512 672 820 0 1146 925 766 497 859 822 585 1406 998 964 1332 916 1339 679 975 722 924 640 713 646 183 1086 611 1441 627 1539 616 1154 1016 978 745
415 409 361 1101 1030 541 678 316 494 249 426 363 864 532 612 596 200 674 476 569 367 324 767 591 495 389 822 786 394 772 659 503 1082 1190 1091 539 184 836 402 595 766 834 1060 850 515 487 1146 0 301 424 889 289 480 712 448 764 400 307 1006 590 475 294 466 429 507 828 500 1005 305 550 335 692 444 537 377 522 208 401
349 315 661 1058 862 505 700 526 428 225 353 237 671 412 780 537 253 388 413 839 409 569 509 628 392 385 981 756 137 876 819 682 958 1143 875 496 336 610 459 451 623 928 790 756 421 504 925 301 0 369 599 218 498 632 731 496 139 406 1036 502 340 404 391 147 337 808 333 814 175 410 636 398 745 316 265 646 95 234
22 63 706 702 616 136 332 374 70 546 26 136 473 780 503 179 223 677 52 704 726 451 477 269 86 65 674 391 291 534 527 434 658 789 708 129 581 483 157 194 350 579 758 427 96 149 766 424 369 0 664 163 144 290 647 807 500 693 667 867 113 210 44 490 170 441 164 605 530 157 680 524 774 258 627 347 345 165
647 612 1249 1025 604 717 898 1013 655 795 638 591 437 806 1163 692 756 417 657 1351 949 1081 207 881 595 726 1314 845 496 1145 1182 1098 777 1081 475 705 930 318 821 525 552 1172 235 719 611 792 497 889 599 664 0 656 791 688 1270 506 574 975 1148 895 550 848 637 531 494 893 500 512 715 532 1222 203 1330 408 756 1006 684 540
146 127 617 865 742 299 484 363 231 383 154 75 575 622 578 341 104 570 213 698 564 426 502 411 214 167 772 554 187 659 613 488 806 952 804 292 426 553 243 307 482 710 797 583 239 287 859 289 218 163 656 0 281 449 613 693 355 534 823 707 186 209 196 354 219 604 212 716 369 262 590 481 694 264 466 435 182 121
167 208 697 621 637 97 206 322 135 649 170 276 534 902 372 157 298 821 134 622 820 401 594 129 195 113 532 306 434 389 392 321 638 710 765 105 656 572 86 279 383 435 860 399 180 6 822 480 498 144 791 281 0 266 589 951 634 775 545 985 246 197 156 628 301 347 296 648 647 260 672 664 754 393 744 216 457 310
303 324 962 427 377 177 232 588 220 830 294 398 318 1041 571 117 513 855 238 873 1013 667 481 259 240 324 666 159 519 479 571 556 375 511 529 176 872 399 350 203 156 494 687 138 212 261 585 712 632 290 688 449 266 0 852 989 745 982 468 1133 292 456 253 724 311 210 312 403 803 232 936 629 1020 384 897 434 627 398
655 677 240 1116 1227 686 692 273 693 686 666 680 1114 958 403 746 514 1116 681 133 744 195 1108 616 733 582 564 840 785 626 447 335 1213 1201 1348 693 568 1130 513 839 971 687 1399 977 735 593 1406 448 731 647 1270 613 589 852 0 1212 846 664 926 999 750 437 688 870 802 859 795 1236 752 805 236 1090 234 870 815 448 636 731
784 743 1096 1399 1057 924 1130 1023 843 550 783 676 861 393 1271 932 749 134 834 1327 618 1063 602 1076 787 845 1465 1142 517 1341 1306 1176 1209 1472 968 913 698 749 933 786 907 1386 738 1076 816 956 998 764 496 807 506 693 951 989 1212 0 367 678 1447 455 726 896 809 349 687 1195 688 975 470 763 1074 393 1179 605 441 1128 584 641
478 442 747 1172 934 633 832 658 554 226 481 364 736 301 919 659 391 274 540 960 376 696 533 764 510 521 1120 879 226 1014 958 819 1048 1255 918 623 372 656 598 553 715 1066 789 861 540 640 964 400 139 500 574 355 634 745 846 367 0 401 1166 396 453 543 516 43 437 931 435 875 142 515 723 372 831 391 190 785 218 349
679 660 472 1390 1258 823 978 612 762 183 687 593 1073 324 910 871 479 639 745 797 80 601 913 892 748 673 1119 1075 543 1079 958 802 1337 1479 1281 818 122 1016 702 831 1007 1140 1184 1117 773 782 1332 307 406 693 975 534 775 982 664 678 401 0 1310 341 710 598 729 444 724 1121 719 1217 260 786 458 772 547 720 240 829 366 613
688 724 1122 262 671 534 338 748 614 1194 685 802 733 1445 526 515 840 1313 627 877 1361 805 943 419 664 657 449 308 950 303 487 597 529 318 873 543 1189 840 609 665 596 250 1107 436 634 538 916 1006 1036 667 1148 823 545 468 926 1447 1166 1310 0 1530 725 712 651 1154 760 257 759 748 1192 684 1103 1097 1151 843 1288 509 1001 821
848 816 814 1560 1328 1004 1191 906 929 349 853 739 1128 95 1199 1039 698 484 914 1131 260 912 908 1114 894 872 1409 1257 619 1339 1245 1091 1444 1644 1298 996 432 1041 930 947 1111 1396 1127 1255 924 992 1339 590 502 867 895 707 985 1133 999 455 396 341 1530 0 841 846 892 428 831 1308 828 1265 338 907 800 717 887 788 241 1093 528 735
98 73 789 720 556 198 405 480 119 547 88 117 391 749 614 209 281 593 114 814 732 555 364 358 61 177 779 427 228 628 637 547 627 803 622 187 609 382 270 121 297 668 649 416 90 249 679 475 340 113 550 186 246 292 750 726 453 710 725 841 0 313 90 434 56 480 50 530 513 76 762 417 862 147 606 457 346 106
217 241 507 815 813 279 385 166 263 498 229 259 682 771 376 340 153 777 248 503 652 242 674 297 296 148 578 502 397 492 415 279 831 904 917 281 477 692 112 404 549 551 963 592 302 204 975 294 404 210 848 209 197 456 437 896 543 598 712 846 313 0 252 550 367 540 360 810 516 368 481 685 570 441 609 248 332 310
50 75 751 671 571 117 322 414 37 578 41 153 429 803 525 147 265 677 25 742 760 493 445 269 45 105 688 365 299 539 547 463 616 757 665 107 619 443 188 151 306 580 722 388 51 158 722 466 391 44 637 196 156 253 688 809 516 729 651 892 90 252 0 502 145 416 140 560 557 117 724 508 818 237 652 368 375 170
468 429 780 1151 900 620 822 673 540 268 469 354 700 333 926 643 400 245 527 982 419 715 493 757 493 516 1124 862 206 1012 963 828 1017 1232 879 610 412 618 597 528 686 1062 746 837 523 633 924 429 147 490 531 354 628 724 870 349 43 444 1154 428 434 550 502 0 414 915 412 839 184 492 756 329 864 361 232 788 236 333
154 125 832 737 534 245 449 534 170 554 144 144 357 737 670 245 320 553 167 869 740 608 308 408 108 233 832 456 211 679 692 604 620 818 584 233 629 336 327 115 286 716 596 424 132 303 640 507 337 170 494 219 301 311 802 687 437 724 760 831 56 367 145 414 0 510 7 500 512 78 805 364 907 93 601 514 358 111
460 492 1014 274 473 304 168 627 379 986 455 570 492 1220 504 272 642 1061 394 847 1162 699 688 253 421 448 533 53 709 340 486 529 382 364 663 312 1003 591 428 410 344 332 869 202 391 340 713 828 808 441 893 604 347 210 859 1195 931 1121 257 1308 480 540 416 915 510 0 510 533 972 433 992 840 1059 590 1068 411 786 582
147 118 825 738 539 242 446 527 166 549 138 137 364 735 665 244 313 555 163 862 736 601 315 404 104 227 828 456 209 675 687 598 624 820 591 230 623 343 321 118 290 713 603 426 129 299 646 500 333 164 500 212 296 312 795 688 435 719 759 828 50 360 140 412 7 510 0 506 508 79 798 369 900 97 598 508 353 106
604 599 1311 558 95 550 627 963 547 1039 592 643 143 1170 975 492 811 856 561 1269 1223 1043 373 662 521 662 1054 505 676 863 973 956 275 596 130 543 1127 228 723 414 264 863 381 331 509 645 183 1005 814 605 512 716 648 403 1236 975 875 1217 748 1265 530 810 560 839 500 533 506 0 983 457 1285 584 1379 497 1061 836 854 610
511 482 626 1228 1034 667 853 600 594 86 517 405 841 256 882 704 365 401 578 874 243 623 660 776 563 534 1090 922 308 1007 925 777 1133 1313 1037 660 235 773 594 626 798 1063 925 930 592 654 1086 305 175 530 715 369 647 803 752 470 142 260 1192 338 513 516 557 184 512 972 508 983 0 584 604 512 710 487 96 765 190 408
151 142 857 658 480 186 382 531 125 621 139 194 320 814 633 174 353 629 131 860 807 609 333 351 72 222 782 379 288 620 650 577 552 740 554 174 685 325 305 45 221 653 605 347 79 261 611 550 410 157 532 262 260 232 805 763 515 786 684 907 76 368 117 492 78 433 79 457 584 0 830 425 927 159 675 476 421 176
680 689 27 1262 1293 760 824 365 741 526 692 665 1150 773 601 821 486 997 725 365 539 298 1089 739 764 625 784 962 726 816 649 510 1311 1350 1384 763 385 1141 586 872 1028 879 1384 1072 776 678 1441 335 636 680 1222 590 672 936 236 1074 723 458 1103 800 762 481 724 756 805 992 798 1285 604 830 0 1027 109 853 647 597 543 711
504 465 1053 1019 663 608 807 844 535 592 498 426 467 624 1027 599 575 272 531 1180 749 907 210 772 473 581 1196 788 305 1043 1052 951 816 1088 590 596 726 356 677 435 525 1078 418 698 496 667 627 692 398 524 203 481 664 629 1090 393 372 772 1097 717 417 685 508 329 364 840 369 584 512 425 1027 0 1136 271 558 872 485 376
776 788 84 1325 1384 845 891 436 833 629 788 768 1247 867 633 907 589 1105 818 342 627 361 1195 808 859 716 799 1034 834 855 679 554 1392 1412 1482 849 485 1243 669 968 1120 916 1489 1153 870 759 1539 444 745 774 1330 694 754 1020 234 1179 831 547 1151 887 862 570 818 864 907 1059 900 1379 710 927 109 1136 0 957 748 654 652 815
239 204 880 802 547 337 539 607 263 541 231 191 354 692 761 333 368 471 260 945 725 678 238 501 201 318 925 537 178 772 784 691 657 880 564 325 636 302 414 181 325 808 532 482 225 396 616 537 316 258 408 264 393 384 870 605 391 720 843 788 147 441 237 361 93 590 97 497 487 159 853 271 957 0 569 604 361 142
607 577 667 1323 1116 763 949 684 690 129 613 500 920 161 971 800 459 399 674 941 195 701 724 872 657 631 1180 1018 393 1101 1015 865 1221 1408 1108 756 263 845 690 717 886 1158 976 1022 686 750 1154 377 265 627 756 466 744 897 815 441 190 240 1288 241 606 609 652 232 601 1068 598 1061 96 675 647 558 748 569 0 858 287 500
367 406 617 671 810 303 245 239 351 744 373 459 735 1019 157 351 401 1004 348 444 889 299 810 178 410 292 336 394 615 249 181 123 773 757 959 313 707 784 197 494 576 311 1074 543 397 215 1016 522 646 347 1006 435 216 434 448 1128 785 829 509 1093 457 248 368 788 514 411 508 836 765 476 597 872 654 604 858 0 580 503
327 302 569 1046 893 481 663 440 411 202 334 230 710 446 706 522 179 480 394 746 387 478 576 585 387 344 910 736 196 818 747 604 973 1133 925 474 274 663 404 466 641 874 865 758 415 463 978 208 95 345 684 182 457 627 636 584 218 366 1001 528 346 332 375 236 358 786 353 854 190 421 543 485 652 361 287 580 0 247
143 102 738 825 646 288 492 473 207 444 141 51 467 643 655 310 226 511 195 810 631 541 380 434 161 210 835 529 128 700 684 575 728 909 690 277 517 435 305 220 395 745 675 522 191 314 745 401 234 165 540 121 310 398 731 641 349 613 821 735 106 310 170 333 111 582 106 610 408 176 711 376 815 142 500 503 247 0
