0 672 1547 1578 551 1416 336 1578 67 874 599 1217 556 1707 1663 37
672 0 2139 1909 658 1976 905 2195 737 1274 801 1835 475 1690 2195 687
1547 2139 0 2473 2043 1798 1583 1605 1484 983 1436 1471 2097 3027 2031 1516
1578 1909 2473 0 1252 792 1255 1152 1575 2320 2174 1049 1435 919 740 1606
551 658 2043 1252 0 1382 481 1653 597 1424 1088 1308 191 1176 1576 588
1416 1976 1798 792 1382 0 1095 369 1379 1906 1927 331 1567 1634 267 1428
336 905 1583 1255 481 1095 0 1291 321 1105 920 929 597 1498 1335 358
1578 2195 1605 1152 1653 369 1291 0 1530 1904 2016 361 1827 2003 475 1582
67 737 1484 1575 597 1379 321 1530 0 837 599 1170 616 1740 1630 53
874 1274 983 2320 1424 1906 1105 1904 837 0 487 1604 1397 2577 2174 837
599 801 1436 2174 1088 1927 920 2016 599 487 0 1673 1011 2265 2188 569
1217 1835 1471 1049 1308 331 929 361 1170 1604 1673 0 1477 1800 587 1222
556 475 2097 1435 191 1567 597 1827 616 1397 1011 1477 0 1277 1766 590
1707 1690 3027 919 1176 1634 1498 2003 1740 2577 2265 1800 1277 0 1645 1744
1663 2195 2031 740 1576 267 1335 475 1630 2174 2188 587 1766 1645 0 1677
37 687 1516 1606 588 1428 358 1582 53 837 569 1222 590 1744 1677 0
