0 840 1320 707 88 1634 1209 230 15 698 1152 1267 1238 387 663 1161
840 0 863 384 920 2474 1950 615 850 469 320 968 1733 1034 1437 1254
1320 863 0 1229 1359 2772 1991 1190 1335 629 771 231 2480 1237 1981 2101
707 384 1229 0 795 2290 1910 489 711 713 660 1304 1366 1023 1178 873
88 920 1359 795 0 1554 1122 316 85 747 1229 1292 1247 331 624 1219
1634 2474 2772 2290 1554 0 957 1861 1624 2243 2784 2627 1665 1545 1159 2238
1209 1950 1991 1910 1122 957 0 1421 1207 1586 2214 1808 1939 915 1173 2232
230 615 1190 489 316 1861 1421 0 238 561 932 1174 1298 543 840 1080
15 850 1335 711 85 1624 1207 238 0 713 1163 1282 1224 395 648 1152
698 469 629 713 747 2243 1586 561 713 0 645 625 1857 707 1362 1543
1152 320 771 660 1229 2784 2214 932 1163 645 0 942 2026 1306 1757 1487
1267 968 231 1304 1292 2627 1808 1174 1282 625 942 0 2473 1120 1915 2160
1238 1733 2480 1366 1247 1665 1939 1298 1224 1857 2026 2473 0 1553 781 742
387 1034 1237 1023 331 1545 915 543 395 707 1306 1120 1553 0 852 1547
663 1437 1981 1178 624 1159 1173 840 648 1362 1757 1915 781 852 0 1120
1161 1254 2101 873 1219 2238 2232 1080 1152 1543 1487 2160 742 1547 1120 0
