0 1290 1636 1064 1292 391 972 621 427 721 1585 777 482 1330 1139 278
1290 0 624 1697 429 1682 2071 1879 1434 1378 683 2067 808 955 2298 1282
1636 624 0 1638 1046 2009 2187 2133 1895 1918 131 2383 1191 1579 2745 1524
1064 1697 1638 0 1944 1127 705 988 1484 1782 1522 1311 1169 2210 1965 790
1292 429 1046 1944 0 1665 2194 1912 1301 1146 1112 2039 857 537 2137 1374
391 1682 2009 1127 1665 0 772 303 518 868 1949 385 874 1637 860 513
972 2071 2187 705 2194 772 0 491 1277 1625 2088 749 1336 2300 1445 820
621 1879 2133 988 1912 303 491 0 821 1171 2057 324 1079 1925 992 613
427 1434 1895 1484 1301 518 1277 821 0 349 1867 805 710 1162 864 706
721 1378 1918 1782 1146 868 1625 1171 349 0 1914 1128 815 886 1009 991
1585 683 131 1522 1112 1949 2088 2057 1867 1914 0 2318 1158 1636 2707 1453
777 2067 2383 1311 2039 385 749 324 805 1128 2318 0 1259 1965 695 865
482 808 1191 1169 857 874 1336 1079 710 815 1158 1259 0 1041 1554 516
1330 955 1579 2210 537 1637 2300 1925 1162 886 1636 1965 1041 0 1886 1507
1139 2298 2745 1965 2137 860 1445 992 864 1009 2707 695 1554 1886 0 1352
278 1282 1524 790 1374 513 820 613 706 991 1453 865 516 1507 1352 0
