0 821 901 571 178 387 1552 1392 38 970 1424 760 1236 411 1258 1030
821 0 806 1385 997 1204 2008 2174 800 805 2148 690 1754 621 1209 1437
901 806 0 1374 986 1209 2440 1809 863 83 2291 152 1107 497 1905 759
571 1385 1374 0 413 184 1322 976 600 1452 926 1255 1235 938 1474 1185
178 997 986 413 0 231 1529 1218 197 1061 1306 857 1139 527 1365 977
387 1204 1209 184 231 0 1380 1090 416 1286 1082 1085 1200 759 1388 1100
1552 2008 2440 1322 1529 1380 0 2096 1590 2501 852 2292 2557 1943 1098 2481
1392 2174 1809 976 1218 1090 2096 0 1401 1891 1359 1760 954 1582 2450 1187
38 800 863 600 197 416 1590 1401 0 931 1460 722 1217 373 1279 1004
970 805 83 1452 1061 1286 2501 1891 931 0 2367 210 1173 561 1935 824
1424 2148 2291 926 1306 1082 852 1359 1460 2367 0 2164 2037 1828 1682 2070
760 690 152 1255 857 1085 2292 1760 722 210 2164 0 1131 351 1757 790
1236 1754 1107 1235 1139 1200 2557 954 1217 1173 2037 1131 0 1148 2494 348
411 621 497 938 527 759 1943 1582 373 561 1828 351 1148 0 1478 855
1258 1209 1905 1474 1365 1388 1098 2450 1279 1935 1682 1757 2494 1478 0 2277
1030 1437 759 1185 977 1100 2481 1187 1004 824 2070 790 348 855 2277 0
