0 139 1155 259 239 1697 1303 713 1674 1599 761 45 84 484 912 394
139 0 1031 129 320 1656 1325 641 1813 1624 878 183 150 501 1000 273
1155 1031 0 971 1344 1202 2147 628 2794 1667 1663 1198 1181 1031 2004 949
259 129 971 0 378 1695 1290 664 1917 1715 1008 301 238 600 1035 145
239 320 1344 378 0 1936 1077 948 1567 1807 845 218 173 712 680 457
1697 1656 1202 1695 1936 0 2981 1033 2868 786 1656 1719 1771 1245 2584 1774
1303 1325 2147 1290 1077 2981 0 1954 1873 2881 1805 1292 1222 1787 687 1238
713 641 628 664 948 1033 1954 0 2224 1193 1047 746 775 418 1625 741
1674 1813 2794 1917 1567 2868 1873 2224 0 2298 1228 1629 1679 1810 1242 2022
1599 1624 1667 1715 1807 786 2881 1193 2298 0 1208 1601 1683 1123 2341 1840
761 878 1663 1008 845 1656 1805 1047 1228 1208 0 730 823 632 1182 1151
45 183 1198 301 218 1719 1292 746 1629 1601 730 0 95 495 880 432
84 150 1181 238 173 1771 1222 775 1679 1683 823 95 0 568 854 355
484 501 1031 600 712 1245 1787 418 1810 1123 632 495 568 0 1339 734
912 1000 2004 1035 680 2584 687 1625 1242 2341 1182 880 854 1339 0 1065
394 273 949 145 457 1774 1238 741 2022 1840 1151 432 355 734 1065 0
