0 1295 748 1627 1723 1353 95 373 505 1039 814 1320 1503 1173 591 392 1364
1295 0 1634 1780 2521 527 1201 1523 1799 2170 523 660 1097 460 1629 1137 1235
748 1634 0 1036 2374 1891 762 411 846 1561 1119 1905 1269 1303 204 545 2078
1627 1780 1036 0 3345 2239 1590 1400 1870 2578 1445 2320 784 1321 1234 1255 2706
1723 2521 2374 3345 0 2185 1774 1967 1553 880 2281 2045 3167 2668 2173 2111 1511
1353 527 1891 2239 2185 0 1273 1670 1814 2010 822 152 1608 953 1831 1348 759
95 1201 762 1590 1774 1273 0 419 600 1119 718 1246 1428 1080 624 338 1324
373 1523 411 1400 1967 1670 419 0 479 1177 1003 1656 1457 1295 226 401 1737
505 1799 846 1870 1553 1814 600 479 0 715 1317 1760 1918 1666 642 805 1671
1039 2170 1561 2578 880 2010 1119 1177 715 0 1783 1907 2543 2170 1357 1423 1583
814 523 1119 1445 2281 822 718 1003 1317 1783 0 882 944 392 1105 614 1284
1320 660 1905 2320 2045 152 1246 1656 1760 1907 882 0 1718 1061 1829 1360 606
1503 1097 1269 784 3167 1608 1428 1457 1918 2543 944 1718 0 656 1401 1124 2209
1173 460 1303 1321 2668 953 1080 1295 1666 2170 392 1061 656 0 1345 894 1570
591 1629 204 1234 2173 1831 624 226 642 1357 1105 1829 1401 1345 0 494 1948
392 1137 545 1255 2111 1348 338 401 805 1423 614 1360 1124 894 494 0 1561
1364 1235 2078 2706 1511 759 1324 1737 1671 1583 1284 606 2209 1570 1948 1561 0
