0 1328 1390 982 1626 1329 1238 1348 388 1672 303 1279 609 335 48 219
1328 0 2445 1344 2953 1968 1176 2050 1560 2527 1034 517 1611 1365 1374 1341
1390 2445 0 2346 1431 2525 1582 2502 1008 464 1637 2123 854 1671 1349 1229
982 1344 2346 0 2127 624 1962 710 1366 2653 853 1640 1590 675 1015 1188
1626 2953 1431 2127 0 1921 2599 1844 1497 1890 1919 2867 1609 1642 1582 1661
1329 1968 2525 624 1921 0 2480 104 1660 2903 1326 2240 1908 996 1344 1548
1238 1176 1582 1962 2599 2480 0 2523 1135 1499 1154 686 989 1521 1251 1064
1348 2050 2502 710 1844 104 2523 0 1664 2889 1368 2306 1913 1021 1359 1566
388 1560 1008 1366 1497 1660 1135 1664 0 1286 634 1383 249 700 351 231
1672 2527 464 2653 1890 2903 1499 2889 1286 0 1870 2130 1071 1985 1637 1477
303 1034 1637 853 1919 1326 1154 1368 634 1870 0 1046 802 396 352 408
1279 517 2123 1640 2867 2240 686 2306 1383 2130 1046 0 1355 1438 1314 1206
609 1611 854 1590 1609 1908 989 1913 249 1071 802 1355 0 937 580 406
335 1365 1671 675 1642 996 1521 1021 700 1985 396 1438 937 0 357 555
48 1374 1349 1015 1582 1344 1251 1359 351 1637 352 1314 580 357 0 207
219 1341 1229 1188 1661 1548 1064 1566 231 1477 408 1206 406 555 207 0
