0 309 675 329 1390 1260 1231 313 1568 1567 1723 1718 1243 1250 1673 471
309 0 611 628 1256 1543 1535 165 1733 1725 1742 1783 1253 965 1940 176
675 611 0 941 722 1411 1532 771 2244 1260 1137 2369 651 1368 2276 552
329 628 941 0 1664 1069 972 578 1340 1572 1875 1590 1420 1513 1352 797
1390 1256 722 1664 0 1947 2140 1421 2957 1432 864 3039 614 1679 2989 1130
1260 1543 1411 1069 1947 0 323 1574 2008 939 1640 2456 1403 2506 1513 1659
1231 1535 1532 972 2140 323 0 1532 1723 1256 1925 2203 1640 2475 1190 1675
313 165 771 578 1421 1574 1532 0 1581 1837 1896 1618 1407 943 1833 313
1568 1733 2244 1340 2957 2008 1723 1581 0 2801 3210 598 2761 2122 834 1895
1567 1725 1260 1572 1432 939 1256 1837 2801 0 802 3149 820 2617 2427 1752
1723 1742 1137 1875 864 1640 1925 1896 3210 802 0 3438 488 2431 3009 1688
1718 1783 2369 1590 3039 2456 2203 1618 598 3149 3438 0 2961 1878 1431 1914
1243 1253 651 1420 614 1403 1640 1407 2761 820 488 2961 0 1978 2632 1203
1250 965 1368 1513 1679 2506 2475 943 2122 2617 2431 1878 1978 0 2619 879
1673 1940 2276 1352 2989 1513 1190 1833 834 2427 3009 1431 2632 2619 0 2116
471 176 552 797 1130 1659 1675 313 1895 1752 1688 1914 1203 879 2116 0
