0 225 738 46 503 227 379 154 727 33 540 528 214 518 385 679 810 209 551 806 207 358 778 178 384 404 314 755 94 841 816 108 266 383 738 651 68 727 81 471 802 723 54 792 257 95 633 694 223 121 818 750 729 772 802 695 797 104 170 612 352 257 620 783 862 633 354 378 113 49 174 116 345 698 315 136 167 828
225 0 808 272 696 227 359 378 638 220 318 563 185 743 218 821 1011 192 771 996 298 545 913 403 600 623 259 973 225 980 727 200 173 428 658 840 280 540 172 294 822 906 182 651 37 289 853 520 213 331 782 948 932 987 989 796 931 317 142 698 576 352 706 743 969 827 519 529 334 244 304 336 277 915 502 239 308 602
738 808 0 726 500 581 1111 754 522 707 1039 252 623 791 710 1324 1271 928 966 570 944 500 1424 706 633 652 1031 1116 651 321 545 842 958 380 495 1195 685 1321 699 1096 184 1273 717 1458 840 810 739 1315 947 799 1553 599 1197 1159 1322 1389 274 668 873 1324 824 483 123 1517 209 1161 1018 404 685 782 906 684 1058 1089 952 874 895 1192
46 272 726 0 464 249 404 110 749 60 587 528 243 471 424 660 773 244 508 766 219 322 760 132 339 359 347 712 109 813 836 140 306 385 757 619 41 771 118 514 801 693 95 829 304 84 587 735 255 92 837 709 691 730 769 687 771 67 210 608 308 253 606 803 841 599 334 353 69 61 179 72 378 656 288 156 168 874
503 696 500 464 0 522 853 415 842 490 1009 480 556 293 744 883 775 707 476 303 657 150 979 360 173 180 809 616 470 408 907 603 770 438 831 720 434 1227 525 972 662 795 523 1293 732 519 253 1196 718 484 1262 252 704 659 835 982 384 398 673 941 377 386 394 1232 498 684 625 209 395 522 608 392 840 590 555 612 594 1261
227 227 581 249 522 0 549 346 500 194 503 340 43 648 224 906 1013 364 731 809 417 377 1006 338 474 501 459 932 139 760 589 301 381 200 511 866 222 759 152 520 608 941 179 879 261 322 723 744 384 342 988 772 931 957 1016 919 710 241 305 832 529 141 478 950 742 845 581 329 268 276 395 268 483 881 537 341 390 739
379 359 1111 404 853 549 0 439 998 407 478 886 514 767 572 553 847 185 704 1149 196 721 627 493 701 713 101 879 461 1217 1086 271 188 741 1017 658 442 493 412 295 1157 702 394 466 349 335 916 434 165 369 441 1084 781 874 789 479 1175 471 243 374 567 628 996 405 1242 661 357 756 465 342 245 468 95 818 393 247 260 773
154 378 754 110 415 346 439 0 839 170 689 583 347 370 533 587 667 312 398 710 243 293 688 55 264 278 406 602 209 796 924 213 384 449 845 520 124 853 228 599 851 596 205 890 409 112 498 813 317 70 850 645 585 620 669 635 759 109 294 570 198 315 631 819 844 498 266 356 82 138 193 83 436 546 206 208 179 981
727 638 522 749 842 500 998 839 0 695 708 367 517 1071 432 1407 1492 825 1195 1036 905 746 1506 818 884 911 897 1387 639 837 89 789 810 422 33 1359 718 1001 650 846 387 1435 678 1189 651 823 1092 1020 846 842 1408 1038 1410 1418 1507 1413 786 730 768 1322 1001 539 523 1369 729 1334 1082 643 756 776 890 756 913 1341 1036 832 887 750
33 220 707 60 490 194 407 170 695 0 538 495 184 524 363 711 833 232 568 793 240 343 811 185 381 403 338 772 61 818 783 136 283 350 705 678 60 737 57 481 769 751 37 810 254 127 632 706 248 149 847 740 752 791 829 729 773 97 187 646 368 225 589 812 834 659 386 354 113 83 208 115 367 717 344 167 201 820
540 318 1039 587 1009 503 478 689 708 538 0 787 462 1058 330 1027 1280 418 1069 1305 540 859 1104 719 919 941 396 1267 542 1259 783 486 346 678 738 1097 598 294 491 196 1005 1154 501 483 283 588 1171 311 428 633 767 1262 1205 1275 1240 957 1207 636 405 851 882 643 957 729 1225 1092 772 829 651 551 569 654 387 1207 775 512 578 305
528 563 252 528 480 340 886 583 367 495 787 0 381 732 458 1170 1185 701 879 673 735 405 1271 545 549 574 799 1057 435 510 426 625 722 145 353 1077 488 1069 475 848 273 1155 497 1210 594 612 733 1064 721 613 1327 671 1105 1094 1217 1213 456 482 643 1137 703 274 184 1290 443 1047 849 296 504 577 703 503 824 1018 790 661 694 951
214 185 623 243 556 43 514 347 517 184 462 381 0 667 199 892 1014 329 739 846 391 409 990 345 497 524 421 942 138 803 606 275 341 243 529 862 222 716 134 477 645 936 162 836 218 309 749 701 350 333 950 807 932 964 1013 897 753 247 270 808 537 180 521 913 786 842 568 367 273 260 373 273 445 888 529 317 370 705
518 743 791 471 293 648 767 370 1071 524 1058 732 667 0 866 634 481 676 189 464 582 327 721 339 187 159 759 328 539 677 1146 582 750 648 1066 443 465 1218 578 967 945 514 562 1234 776 479 159 1174 678 433 1116 384 412 368 545 757 663 431 664 740 200 546 680 1092 785 405 450 436 411 509 535 409 788 297 389 570 521 1345
385 218 710 424 744 224 572 533 432 363 330 458 199 866 0 1034 1195 411 930 1024 512 600 1128 539 696 723 470 1134 330 943 518 404 384 359 455 1034 412 617 306 423 679 1104 331 779 223 472 947 621 432 506 975 991 1114 1154 1184 1015 890 441 360 917 729 358 631 936 898 1017 722 544 465 422 511 467 483 1079 695 446 512 522
679 821 1324 660 883 906 553 587 1407 711 1027 1170 892 634 1034 0 379 637 457 1098 523 826 101 625 714 703 630 511 769 1291 1495 630 694 1036 1417 228 694 1024 757 848 1435 211 729 924 830 584 784 959 620 568 634 1017 352 478 282 161 1267 692 679 225 508 901 1200 628 1376 260 326 919 668 631 524 669 640 466 380 588 525 1326
810 1011 1271 773 775 1013 847 667 1492 833 1280 1185 1014 481 1195 379 0 862 307 893 739 785 405 677 643 620 896 191 876 1147 1574 811 934 1077 1494 189 792 1340 890 1128 1418 168 864 1273 1032 726 581 1279 852 689 1012 814 81 142 112 541 1138 771 884 595 490 953 1156 1004 1264 188 507 894 745 774 715 744 915 189 510 777 708 1585
209 192 928 244 707 364 185 312 825 232 418 701 329 676 411 637 862 0 658 1009 123 566 726 358 573 590 105 853 280 1050 914 104 76 556 842 681 277 542 229 291 971 741 213 585 194 199 810 500 21 244 626 950 787 858 827 604 1006 311 58 505 484 446 815 589 1065 674 356 587 312 185 152 315 135 792 357 106 163 722
551 771 966 508 476 731 704 398 1195 568 1069 879 739 189 930 457 307 658 0 646 544 478 538 393 336 314 721 204 601 866 1275 582 734 776 1194 254 518 1185 626 946 1111 324 603 1167 798 483 328 1133 654 439 995 565 230 226 358 594 852 491 663 595 202 656 850 976 972 216 351 587 466 526 506 465 746 149 312 557 495 1368
806 996 570 766 303 809 1149 710 1036 793 1305 673 846 464 1024 1098 893 1009 646 0 953 451 1184 657 449 442 1110 706 771 299 1083 905 1072 685 1018 899 737 1530 827 1275 755 965 825 1595 1033 818 319 1499 1019 780 1545 81 841 755 980 1219 320 701 976 1195 627 668 518 1516 449 861 888 480 697 824 904 694 1141 706 820 912 889 1546
207 298 944 219 657 417 196 243 905 240 540 735 391 582 512 523 739 123 544 953 0 528 616 297 506 518 178 735 300 1027 995 116 195 589 920 558 260 642 265 402 1009 618 240 654 308 142 726 594 113 173 618 888 664 738 704 508 987 284 156 417 384 464 825 585 1060 551 232 571 275 161 49 277 206 674 237 75 64 845
358 545 500 322 150 377 721 293 746 343 859 405 409 327 600 826 785 566 478 451 528 0 926 238 143 169 670 652 320 502 819 462 625 326 740 695 290 1079 375 824 634 773 374 1151 582 386 357 1049 578 357 1143 402 707 689 827 904 466 255 528 851 323 246 379 1111 558 662 536 109 256 383 480 253 701 614 466 476 467 1114
778 913 1424 760 979 1006 627 688 1506 811 1104 1271 990 721 1128 101 405 726 538 1184 616 926 0 727 810 799 710 562 869 1385 1595 725 778 1137 1517 292 795 1080 856 921 1536 249 828 964 920 683 867 1014 708 668 642 1103 398 524 296 172 1363 793 770 267 606 1002 1301 642 1473 328 426 1020 769 730 620 770 717 525 481 683 621 1400
178 403 706 132 360 338 493 55 818 185 719 545 345 339 539 625 677 358 393 657 297 238 727 0 215 232 455 596 209 741 902 256 428 417 822 542 128 896 240 641 809 619 222 940 436 161 457 858 365 123 906 594 595 619 688 683 704 98 335 621 191 284 583 874 790 516 312 305 73 177 248 72 486 543 247 256 233 1005
384 600 633 339 173 474 701 264 884 381 919 549 497 187 696 714 643 573 336 449 506 143 810 215 0 27 670 508 381 581 959 471 642 461 880 563 321 1109 428 853 775 641 418 1155 635 375 253 1072 580 334 1097 382 566 545 689 808 554 283 548 768 205 362 515 1068 662 529 452 253 270 390 456 268 700 470 382 471 441 1193
404 623 652 359 180 501 713 278 911 403 941 574 524 159 723 703 620 590 314 442 518 169 799 232 27 0 684 483 405 588 986 488 660 489 907 546 343 1128 451 872 797 623 440 1169 658 391 229 1090 596 348 1102 372 545 520 669 803 563 305 566 765 198 390 536 1074 675 511 451 278 291 408 468 289 715 445 382 486 454 1217
314 259 1031 347 809 459 101 406 897 338 396 799 421 759 470 630 896 105 721 1110 178 670 710 455 670 684 0 907 385 1156 985 207 86 655 917 709 382 464 332 231 1067 761 318 485 247 294 899 415 91 336 529 1049 825 908 848 571 1111 415 157 467 562 550 919 491 1171 708 391 692 414 287 223 417 30 846 410 198 237 699
755 973 1116 712 616 932 879 602 1387 772 1267 1057 942 328 1134 511 191 853 204 706 735 652 562 596 508 483 907 0 805 968 1464 782 928 965 1385 284 722 1368 830 1136 1273 313 807 1332 1000 685 400 1313 847 642 1117 628 164 49 293 669 963 694 862 699 405 851 1007 1103 1092 256 521 761 669 728 700 668 931 60 497 755 690 1568
94 225 651 109 470 139 461 209 639 61 542 435 138 539 330 769 876 280 601 771 300 320 869 209 381 405 385 805 0 776 727 192 322 289 648 727 84 760 57 507 709 801 67 847 262 187 634 734 298 202 902 722 795 826 877 789 730 111 229 707 399 167 535 866 785 706 443 314 135 144 269 136 414 751 397 226 262 812
841 980 321 813 408 760 1217 796 837 818 1259 510 803 677 943 1291 1147 1050 866 299 1027 502 1385 741 581 588 1156 968 776 0 866 950 1098 583 812 1118 775 1519 832 1274 498 1191 841 1623 1016 885 568 1501 1065 859 1645 357 1084 1016 1221 1389 53 746 1004 1346 786 627 327 1612 152 1081 1029 463 753 874 981 750 1186 957 958 970 968 1455
816 727 545 836 907 589 1086 924 89 783 783 426 606 1146 518 1495 1574 914 1275 1083 995 819 1595 902 959 986 985 1464 727 866 0 878 899 499 80 1444 805 1073 739 928 389 1520 767 1266 738 911 1158 1095 935 929 1494 1091 1493 1497 1591 1503 817 815 857 1411 1083 621 566 1454 747 1419 1170 713 842 864 979 842 1001 1420 1124 921 976 800
108 200 842 140 603 301 271 213 789 136 486 625 275 582 404 630 811 104 582 905 116 462 725 256 471 488 207 782 192 950 878 0 171 479 803 639 174 640 150 386 898 705 127 690 221 103 711 601 115 149 711 846 733 793 788 624 906 207 82 533 397 359 726 675 971 627 319 487 208 81 106 210 238 723 301 43 108 786
266 173 958 306 770 381 188 384 810 283 346 722 341 750 384 694 934 76 734 1072 195 625 778 428 642 660 86 928 322 1098 899 171 0 580 831 751 335 469 266 216 987 809 257 527 161 272 882 430 82 318 611 1015 860 933 895 646 1052 371 97 544 560 482 849 572 1105 746 426 636 376 251 228 378 105 868 432 181 239 651
383 428 380 385 438 200 741 449 422 350 678 145 243 648 359 1036 1077 556 776 685 589 326 1137 417 461 489 655 965 289 583 499 479 580 0 419 957 346 949 330 718 419 1035 351 1078 460 469 679 939 576 473 1182 665 997 998 1101 1072 531 344 499 994 588 134 281 1145 548 929 712 230 368 432 558 367 681 921 656 515 550 876
738 658 495 757 831 511 1017 845 33 705 738 353 529 1066 455 1417 1494 842 1194 1018 920 740 1517 822 880 907 917 1385 648 812 80 803 831 419 0 1364 726 1031 662 872 356 1440 689 1217 672 833 1082 1049 864 850 1431 1021 1412 1417 1511 1427 762 736 785 1337 1003 540 502 1392 702 1339 1091 636 762 787 903 762 934 1340 1044 846 899 784
651 840 1195 619 720 866 658 520 1359 678 1097 1077 862 443 1034 228 189 681 254 899 558 695 292 542 563 546 709 284 727 1118 1444 639 751 957 1364 0 644 1150 733 941 1327 78 706 1085 859 562 580 1090 670 530 840 818 134 254 150 385 1101 629 708 421 375 826 1075 828 1218 37 325 799 602 611 538 602 727 238 339 602 533 1402
68 280 685 41 434 222 442 124 718 60 598 488 222 465 412 694 792 277 518 737 260 290 795 128 321 343 382 722 84 775 805 174 335 346 726 644 0 794 112 538 761 719 97 861 315 125 572 762 290 127 877 682 710 742 793 725 732 37 238 649 316 213 565 843 801 622 368 313 55 100 220 56 412 667 318 195 210 879
727 540 1321 771 1227 759 493 853 1001 737 294 1069 716 1218 617 1024 1340 542 1185 1530 642 1079 1080 896 1109 1128 464 1368 760 1519 1073 640 469 949 1031 1150 794 0 703 256 1296 1191 704 220 504 741 1351 68 540 786 588 1477 1274 1366 1277 914 1469 832 561 813 1024 892 1230 556 1498 1154 847 1070 840 719 686 843 438 1307 873 648 699 409
81 172 699 118 525 152 412 228 650 57 491 475 134 578 306 757 890 229 626 827 265 375 856 240 428 451 332 830 57 832 739 150 266 330 662 733 112 703 0 450 748 805 27 790 209 175 681 676 248 202 854 777 809 848 883 766 786 147 175 680 425 217 586 817 839 714 434 372 167 126 242 169 360 774 396 190 237 767
471 294 1096 514 972 520 295 599 846 481 196 848 477 967 423 848 1128 291 946 1275 402 824 921 641 853 872 231 1136 507 1274 928 386 216 718 872 941 538 256 450 0 1093 991 449 362 259 488 1097 227 293 534 581 1221 1057 1138 1078 767 1226 576 306 662 776 647 998 542 1263 940 622 819 584 464 441 587 213 1076 639 397 453 479
802 822 184 801 662 608 1157 851 387 769 1005 273 645 945 679 1435 1418 971 1111 755 1009 634 1536 809 775 797 1067 1273 709 498 389 898 987 419 356 1327 761 1296 748 1093 0 1405 771 1455 849 886 910 1300 991 884 1596 781 1341 1314 1461 1484 454 752 913 1410 951 547 268 1558 365 1295 1117 527 774 851 977 772 1091 1242 1056 935 968 1113
723 906 1273 693 795 941 702 596 1435 751 1154 1155 936 514 1104 211 168 741 324 965 618 773 249 619 641 623 761 313 801 1191 1520 705 809 1035 1440 78 719 1191 805 991 1405 0 778 1113 923 632 645 1129 728 602 843 884 149 274 87 373 1175 705 771 427 454 903 1153 836 1294 111 387 878 678 682 602 679 777 279 409 667 598 1458
54 182 717 95 523 179 394 205 678 37 501 497 162 562 331 729 864 213 603 825 240 374 828 222 418 440 318 807 67 841 767 127 257 351 689 706 97 704 27 449 771 778 0 783 217 147 670 675 230 176 835 773 783 825 857 739 796 134 162 653 403 234 602 799 852 688 406 379 151 98 215 153 347 751 369 165 210 782
792 651 1458 829 1293 879 466 890 1189 810 483 1210 836 1234 779 924 1273 585 1167 1595 654 1151 964 940 1155 1169 485 1332 847 1623 1266 690 527 1078 1217 1085 861 220 790 362 1455 1113 783 0 618 779 1380 174 575 820 395 1534 1217 1321 1196 792 1576 896 623 701 1033 999 1357 369 1621 1096 816 1162 898 771 702 900 454 1272 858 684 717 628
257 37 840 304 732 261 349 409 651 254 283 594 218 776 223 830 1032 194 798 1033 308 582 920 436 635 658 247 1000 262 1016 738 221 161 460 672 859 315 504 209 259 849 923 217 618 0 315 887 485 214 358 762 985 954 1012 1007 798 967 352 152 698 605 388 739 723 1004 847 535 566 368 273 320 370 262 941 522 256 325 572
95 289 810 84 519 322 335 112 823 127 588 612 309 479 472 584 726 199 483 818 142 386 683 161 375 391 294 685 187 885 911 103 272 469 833 562 125 741 175 488 886 632 147 779 315 0 610 700 205 46 760 755 646 698 712 603 845 143 186 524 294 338 689 727 920 545 259 429 132 49 97 134 324 626 223 95 85 885
633 853 739 587 253 723 916 498 1092 632 1171 733 749 159 947 784 581 810 328 319 726 357 867 457 253 229 899 400 634 568 1158 711 882 679 1082 580 572 1351 681 1097 910 645 670 1380 887 610 0 1310 814 565 1274 238 524 448 663 913 564 535 791 899 353 601 642 1250 694 542 608 449 520 633 677 518 929 391 546 704 663 1447
694 520 1315 735 1196 744 434 813 1020 706 311 1064 701 1174 621 959 1279 500 1133 1499 594 1049 1014 858 1072 1090 415 1313 734 1501 1095 601 430 939 1049 1090 762 68 676 227 1300 1129 675 174 485 700 1310 0 496 744 524 1444 1215 1309 1215 846 1452 799 525 746 977 873 1221 491 1487 1095 791 1047 805 681 638 808 387 1252 820 605 652 468
223 213 947 255 718 384 165 317 846 248 428 721 350 678 432 620 852 21 654 1019 113 578 708 365 580 596 91 847 298 1065 935 115 82 576 864 670 290 540 248 293 991 728 230 575 214 205 814 496 0 248 606 959 777 851 814 584 1021 323 79 485 484 465 833 569 1082 664 344 602 323 195 147 325 122 786 350 109 160 733
121 331 799 92 484 342 369 70 842 149 633 613 333 433 506 568 689 244 439 780 173 357 668 123 334 348 336 642 202 859 929 149 318 473 850 530 127 786 202 534 884 602 176 820 358 46 565 744 248 0 786 716 608 656 680 599 820 132 232 526 248 339 677 754 900 511 241 410 114 87 124 115 366 584 195 139 110 930
818 782 1553 837 1262 988 441 850 1408 847 767 1327 950 1116 975 634 1012 626 995 1545 618 1143 642 906 1097 1102 529 1117 902 1645 1494 711 611 1182 1431 840 877 588 854 581 1596 843 835 395 762 760 1274 524 606 786 0 1472 974 1093 916 477 1605 902 683 418 924 1070 1437 39 1679 862 665 1190 893 777 663 895 506 1062 729 682 677 989
750 948 599 709 252 772 1084 645 1038 740 1262 671 807 384 991 1017 814 950 565 81 888 402 1103 594 382 372 1049 628 722 357 1091 846 1015 665 1021 818 682 1477 777 1221 781 884 773 1534 985 755 238 1444 959 716 1472 0 761 677 900 1140 368 645 919 1118 551 633 531 1445 501 780 813 448 639 765 838 636 1080 626 745 850 824 1511
729 932 1197 691 704 931 781 585 1410 752 1205 1105 932 412 1114 352 81 787 230 841 664 707 398 595 566 545 825 164 795 1084 1493 733 860 997 1412 134 710 1274 809 1057 1341 149 783 1217 954 646 524 1215 777 608 974 761 0 126 139 513 1073 689 807 555 409 872 1081 963 1197 120 435 816 663 694 638 662 845 137 432 699 630 1510
772 987 1159 730 659 957 874 620 1418 791 1275 1094 964 368 1154 478 142 858 226 755 738 689 524 619 545 520 908 49 826 1016 1497 793 933 998 1417 254 742 1366 848 1138 1314 274 825 1321 1012 698 448 1309 851 656 1093 677 126 0 247 638 1011 717 871 675 427 881 1049 1081 1139 231 518 799 691 743 706 690 930 76 501 763 697 1578
802 989 1322 769 835 1016 789 669 1507 829 1240 1217 1013 545 1184 282 112 827 358 980 704 827 296 688 689 669 848 293 877 1221 1591 788 895 1101 1511 150 793 1277 883 1078 1461 87 857 1196 1007 712 663 1215 814 680 916 900 139 247 0 441 1208 777 855 505 514 971 1204 911 1331 172 472 933 751 762 686 751 864 276 489 751 681 1545
695 796 1389 687 982 919 479 635 1413 729 957 1213 897 757 1015 161 541 604 594 1219 508 904 172 683 808 803 571 669 789 1389 1503 624 646 1072 1427 385 725 914 766 767 1484 373 739 792 798 603 913 846 584 599 477 1140 513 638 441 0 1361 731 655 105 604 938 1266 474 1462 414 371 987 710 645 524 711 573 621 438 581 529 1246
797 931 274 771 384 710 1175 759 786 773 1207 456 753 663 890 1267 1138 1006 852 320 987 466 1363 704 554 563 1111 963 730 53 817 906 1052 531 762 1101 732 1469 786 1226 454 1175 796 1576 967 845 564 1452 1021 820 1605 368 1073 1011 1208 1361 0 704 958 1314 760 578 273 1572 132 1064 997 419 712 832 941 710 1141 949 927 927 928 1401
104 317 668 67 398 241 471 109 730 97 636 482 247 431 441 692 771 311 491 701 284 255 793 98 283 305 415 694 111 746 815 207 371 344 736 629 37 832 147 576 752 705 134 896 352 143 535 799 323 132 902 645 689 717 777 731 704 0 274 658 289 209 547 869 776 605 368 287 26 128 240 26 445 641 312 223 229 915
170 142 873 210 673 305 243 294 768 187 405 643 270 664 360 679 884 58 663 976 156 528 770 335 548 566 157 862 229 1004 857 82 97 499 785 708 238 561 175 306 913 771 162 623 152 186 791 525 79 232 683 919 807 871 855 655 958 274 0 558 479 393 761 646 1014 698 383 541 280 158 169 282 185 802 374 107 176 706
612 698 1324 608 941 832 374 570 1322 646 851 1137 808 740 917 225 595 505 595 1195 417 851 267 621 768 765 467 699 707 1346 1411 533 544 994 1337 421 649 813 680 662 1410 427 653 701 698 524 899 746 485 526 418 1118 555 675 505 105 1314 658 558 0 569 862 1201 408 1409 444 316 926 639 563 438 641 468 647 387 491 445 1141
352 576 824 308 377 529 567 198 1001 368 882 703 537 200 729 508 490 484 202 627 384 323 606 191 205 198 562 405 399 786 1083 397 560 588 1003 375 316 1024 425 776 951 454 403 1033 605 294 353 977 484 248 924 551 409 427 514 604 760 289 479 569 0 462 702 898 867 344 261 424 264 332 338 263 590 351 194 379 325 1177
257 352 483 253 386 141 628 315 539 225 643 274 180 546 358 901 953 446 656 668 464 246 1002 284 362 390 550 851 167 627 621 359 482 134 540 826 213 892 217 647 547 903 234 999 388 338 601 873 465 339 1070 633 872 881 971 938 578 209 393 862 462 0 368 1034 623 799 577 188 233 304 430 232 578 804 521 392 420 878
620 706 123 606 394 478 996 631 523 589 957 184 521 680 631 1200 1156 815 850 518 825 379 1301 583 515 536 919 1007 535 327 566 726 849 281 502 1075 565 1230 586 998 268 1153 602 1357 739 689 642 1221 833 677 1437 531 1081 1049 1204 1266 273 547 761 1201 702 368 0 1401 268 1041 895 281 563 663 785 561 946 977 829 756 774 1134
783 743 1517 803 1232 950 405 819 1369 812 729 1290 913 1092 936 628 1004 589 976 1516 585 1111 642 874 1068 1074 491 1103 866 1612 1454 675 572 1145 1392 828 843 556 817 542 1558 836 799 369 723 727 1250 491 569 754 39 1445 963 1081 911 474 1572 869 646 408 898 1034 1401 0 1644 849 641 1156 860 743 631 862 468 1047 704 648 644 955
862 969 209 841 498 742 1242 844 729 834 1225 443 786 785 898 1376 1264 1065 972 449 1060 558 1473 790 662 675 1171 1092 785 152 747 971 1105 548 702 1218 801 1498 839 1263 365 1294 852 1621 1004 920 694 1487 1082 900 1679 501 1197 1139 1331 1462 132 776 1014 1409 867 623 268 1644 0 1182 1094 490 788 901 1017 786 1199 1075 1024 996 1005 1394
633 827 1161 599 684 845 661 498 1334 659 1092 1047 842 405 1017 260 188 674 216 861 551 662 328 516 529 511 708 256 706 1081 1419 627 746 929 1339 37 622 1154 714 940 1295 111 688 1096 847 545 542 1095 664 511 862 780 120 231 172 414 1064 605 698 444 344 799 1041 849 1182 0 319 767 579 594 528 579 727 207 325 591 522 1397
354 519 1018 334 625 581 357 266 1082 386 772 849 568 450 722 326 507 356 351 888 232 536 426 312 452 451 391 521 443 1029 1170 319 426 712 1091 325 368 847 434 622 1117 387 406 816 535 259 608 791 344 241 665 813 435 518 472 371 997 368 383 316 261 577 895 641 1094 319 0 616 344 308 215 346 412 461 70 280 211 1077
378 529 404 353 209 329 756 356 643 354 829 296 367 436 544 919 894 587 587 480 571 109 1020 305 253 278 692 761 314 463 713 487 636 230 636 799 313 1070 372 819 527 878 379 1162 566 429 449 1047 602 410 1190 448 816 799 933 987 419 287 541 926 424 188 281 1156 490 767 616 0 298 414 527 295 722 724 549 509 514 1065
113 334 685 69 395 268 465 82 756 113 651 504 273 411 465 668 745 312 466 697 275 256 769 73 270 291 414 669 135 753 842 208 376 368 762 602 55 840 167 584 774 678 151 898 368 132 520 805 323 114 893 639 663 691 751 710 712 26 280 639 264 233 563 860 788 579 344 298 0 127 229 2 445 615 288 219 216 934
49 244 782 61 522 276 342 138 776 83 551 577 260 509 422 631 774 185 526 824 161 383 730 177 390 408 287 728 144 874 864 81 251 432 787 611 100 719 126 464 851 682 98 771 273 49 633 681 195 87 777 765 694 743 762 645 832 128 158 563 332 304 663 743 901 594 308 414 127 0 126 130 318 671 272 95 117 844
174 304 906 179 608 395 245 193 890 208 569 703 373 535 511 524 715 152 506 904 49 480 620 248 456 468 223 700 269 981 979 106 228 558 903 538 220 686 242 441 977 602 215 702 320 97 677 638 147 124 663 838 638 706 686 524 941 240 169 438 338 430 785 631 1017 528 215 527 229 126 0 231 252 640 206 64 14 872
116 336 684 72 392 268 468 83 756 115 654 503 273 409 467 669 744 315 465 694 277 253 770 72 268 289 417 668 136 750 842 210 378 367 762 602 56 843 169 587 772 679 153 900 370 134 518 808 325 115 895 636 662 690 751 711 710 26 282 641 263 232 561 862 786 579 346 295 2 130 231 0 448 614 288 222 219 936
345 277 1058 378 840 483 95 436 913 367 387 824 445 788 483 640 915 135 746 1141 206 701 717 486 700 715 30 931 414 1186 1001 238 105 681 934 727 412 438 360 213 1091 777 347 454 262 324 929 387 122 366 506 1080 845 930 864 573 1141 445 185 468 590 578 946 468 1199 727 412 722 445 318 252 448 0 870 435 229 266 686
698 915 1089 656 590 881 818 546 1341 717 1207 1018 888 297 1079 466 189 792 149 706 674 614 525 543 470 445 846 60 751 957 1420 723 868 921 1340 238 667 1307 774 1076 1242 279 751 1272 941 626 391 1252 786 584 1062 626 137 76 276 621 949 641 802 647 351 804 977 1047 1075 207 461 724 615 671 640 614 870 0 437 695 630 1509
315 502 952 288 555 537 393 206 1036 344 775 790 529 389 695 380 510 357 312 820 237 466 481 247 382 382 410 497 397 958 1124 301 432 656 1044 339 318 873 396 639 1056 409 369 858 522 223 546 820 350 195 729 745 432 501 489 438 927 312 374 387 194 521 829 704 1024 325 70 549 288 272 206 288 435 437 0 267 198 1079
136 239 874 156 612 341 247 208 832 167 512 661 317 570 446 588 777 106 557 912 75 476 683 256 471 486 198 755 226 970 921 43 181 515 846 602 195 648 190 397 935 667 165 684 256 95 704 605 109 139 682 850 699 763 751 581 927 223 107 491 379 392 756 648 996 591 280 509 219 95 64 222 229 695 267 0 69 814
167 308 895 168 594 390 260 179 887 201 578 694 370 521 512 525 708 163 495 889 64 467 621 233 441 454 237 690 262 968 976 108 239 550 899 533 210 699 237 453 968 598 210 717 325 85 663 652 160 110 677 824 630 697 681 529 928 229 176 445 325 420 774 644 1005 522 211 514 216 117 14 219 266 630 198 69 0 881
828 602 1192 874 1261 739 773 981 750 820 305 951 705 1345 522 1326 1585 722 1368 1546 845 1114 1400 1005 1193 1217 699 1568 812 1455 800 786 651 876 784 1402 879 409 767 479 1113 1458 782 628 572 885 1447 468 733 930 989 1511 1510 1578 1545 1246 1401 915 706 1141 1177 878 1134 955 1394 1397 1077 1065 934 844 872 936 686 1509 1079 814 881 0
