0 246 415 1409 1072 495 1471 1460 1236 501 1642 1475 21 271 607 583
246 0 659 1516 902 453 1705 1216 1027 697 1581 1611 225 270 603 513
415 659 0 1392 1445 719 1135 1875 1635 436 1879 1395 437 558 859 815
1409 1516 1392 0 1448 1904 1180 2244 1744 969 1062 220 1412 1679 965 1989
1072 902 1445 1448 0 1306 2193 809 295 1210 894 1638 1053 1168 683 1329
495 453 719 1904 1306 0 1854 1406 1368 982 2033 1969 491 224 1047 96
1471 1705 1135 1180 2193 1854 0 2840 2461 1038 2169 1007 1489 1682 1513 1950
1460 1216 1875 2244 809 1406 2840 0 532 1803 1631 2423 1438 1395 1366 1372
1236 1027 1635 1744 295 1368 2461 532 0 1453 1107 1933 1215 1273 948 1371
501 697 436 969 1210 982 1038 1803 1453 0 1485 998 513 765 539 1075
1642 1581 1879 1062 894 2033 2169 1631 1107 1485 0 1281 1631 1842 1040 2084
1475 1611 1395 220 1638 1969 1007 2423 1933 998 1281 0 1481 1746 1103 2059
21 225 437 1412 1053 491 1489 1438 1215 513 1631 1481 0 266 598 578
271 270 558 1679 1168 224 1682 1395 1273 765 1842 1746 266 0 834 312
607 603 859 965 683 1047 1513 1366 948 539 1040 1103 598 834 0 1115
583 513 815 1989 1329 96 1950 1372 1371 1075 2084 2059 578 312 1115 0
