0 594 433 339 109 177 839 473 856 61 667 387 153 862 104 165 759 205 257 68 742 64 665 579 346 782 551 627 750 382 527 43 30 258 633 441 139 442 573 529 545 415 342 34 215 8 748 86 754 554 673 728 441 767 639 405 612 821 272 620 578 47 525 782 181 133 566 353 481 847 461 388 270 696 415 333 203 321
594 0 1025 282 492 543 1420 751 1414 598 90 386 731 1237 563 444 983 747 666 609 546 530 794 863 941 189 950 1007 936 977 89 580 565 852 670 919 599 739 1126 478 261 772 327 567 682 599 1331 659 764 486 446 1144 248 189 1234 999 491 740 859 1201 397 583 882 1375 563 610 1062 666 703 363 307 741 863 834 265 915 712 288
433 1025 0 757 533 515 415 605 465 445 1094 789 296 726 471 596 804 359 516 418 1113 497 821 742 93 1214 611 674 931 86 960 445 463 187 936 355 448 577 243 898 966 597 741 458 403 427 386 385 958 922 1064 695 868 1200 216 39 984 1137 169 289 973 442 645 349 539 434 364 615 734 1245 845 592 182 833 841 127 355 743
339 282 757 0 230 261 1142 495 1132 361 339 341 460 977 287 230 757 524 492 338 657 279 590 766 677 470 805 874 891 717 245 315 315 595 674 637 318 478 844 497 369 634 66 308 400 343 1087 418 608 516 561 998 270 471 970 734 553 810 588 960 474 317 752 1106 376 331 780 534 620 510 160 601 608 629 258 641 431 28
109 492 533 230 0 127 931 446 936 143 562 345 239 879 87 110 734 306 318 118 705 56 615 632 450 681 629 703 789 488 431 87 88 365 634 481 137 417 649 501 475 476 234 77 233 112 857 191 686 526 626 814 366 670 743 508 579 809 366 729 530 90 592 883 213 142 617 396 513 738 354 446 377 649 342 423 244 212
177 543 515 261 127 0 884 318 871 235 599 466 225 760 73 235 606 378 429 127 824 165 494 749 445 732 729 804 912 490 498 134 178 377 762 382 66 290 583 625 576 588 230 147 138 173 873 260 576 649 741 905 467 731 731 498 701 935 347 750 646 130 700 858 333 81 524 515 636 729 330 559 393 526 445 391 171 257
839 1420 415 1142 931 884 0 851 147 858 1482 1205 691 704 857 1005 935 772 926 812 1526 902 1034 1111 508 1610 956 1003 1293 490 1362 844 870 603 1337 572 824 835 319 1312 1379 986 1115 860 751 832 434 799 1185 1336 1479 975 1279 1601 282 451 1398 1537 567 465 1389 840 1008 160 955 811 463 1020 1131 1598 1203 986 598 1030 1253 507 713 1133
473 751 605 495 446 318 851 0 785 535 776 776 422 485 377 553 288 642 731 406 1129 480 219 1052 579 921 1008 1084 1223 626 737 433 484 559 1080 281 333 32 534 938 859 887 434 452 273 466 991 537 354 961 1040 1166 753 938 800 609 1010 1251 480 890 947 427 992 884 647 339 395 826 951 797 453 861 574 238 735 485 311 507
856 1414 465 1132 936 871 147 785 0 885 1469 1236 703 572 856 1022 829 823 980 818 1573 916 949 1197 555 1603 1051 1104 1383 549 1363 854 887 645 1401 520 816 774 288 1357 1401 1060 1097 872 733 848 571 830 1101 1381 1517 1090 1297 1600 392 504 1443 1602 589 583 1425 849 1096 301 992 805 390 1081 1199 1561 1174 1056 643 941 1271 526 702 1127
61 598 445 361 143 235 858 535 885 0 676 351 191 918 163 154 820 164 196 129 698 86 726 518 354 782 494 569 688 385 524 103 58 261 577 493 201 504 607 483 521 354 374 87 275 69 734 62 811 508 635 674 422 762 642 414 568 768 295 604 541 108 465 790 124 195 613 292 420 872 496 326 270 757 395 358 259 339
667 90 1094 339 562 599 1482 776 1469 676 0 477 798 1259 626 524 989 829 754 676 616 604 793 953 1012 145 1040 1098 1024 1050 179 649 640 925 756 964 658 767 1182 564 344 862 372 638 736 672 1410 737 746 571 518 1234 339 175 1305 1070 571 815 926 1280 478 652 972 1444 648 670 1107 756 794 279 322 831 938 832 356 980 770 351
387 386 789 341 345 466 1205 776 1236 351 477 0 539 1224 430 236 1059 446 318 441 360 338 913 476 696 530 569 623 567 720 297 403 358 601 333 821 481 751 958 162 191 393 402 382 577 396 1022 407 947 185 285 761 138 490 971 755 235 478 647 894 190 409 497 1124 251 485 952 288 318 741 494 363 608 950 121 709 581 315
153 731 296 460 239 225 691 422 703 191 798 539 0 743 174 318 690 227 351 122 890 213 636 659 221 921 591 667 842 264 670 153 183 155 761 310 158 390 420 675 698 492 446 169 153 145 647 152 749 700 824 744 593 910 510 275 759 956 127 526 729 149 586 645 313 144 423 458 589 952 554 471 171 660 567 183 111 447
862 1237 726 977 879 760 704 485 572 918 1259 1224 743 0 795 989 332 961 1094 796 1584 895 520 1396 765 1405 1302 1373 1582 796 1220 833 885 806 1495 433 744 499 505 1380 1331 1231 918 855 651 853 1038 893 653 1405 1502 1415 1223 1424 823 755 1459 1682 712 989 1406 827 1314 819 1043 743 363 1200 1332 1248 936 1212 816 493 1203 671 659 986
104 563 471 287 87 73 857 377 856 163 626 430 174 795 0 194 665 305 358 58 791 103 563 680 394 752 656 731 846 436 507 61 108 318 709 393 51 347 568 584 561 517 272 76 146 100 815 186 649 609 713 832 453 745 685 450 664 889 301 691 617 57 628 819 269 55 530 449 573 779 383 489 333 594 428 353 158 276
165 444 596 230 110 235 1005 553 1022 154 524 236 318 989 194 0 840 306 262 209 596 106 712 554 506 628 577 647 699 539 370 171 135 414 528 586 245 525 738 391 379 410 263 151 341 173 887 216 770 415 519 769 275 608 796 566 470 700 437 757 423 177 529 943 147 249 719 317 422 734 383 378 424 747 249 498 346 204
759 983 804 757 734 606 935 288 829 820 989 1059 690 332 665 840 0 916 1015 691 1406 768 202 1336 805 1133 1281 1357 1509 848 985 719 771 807 1368 449 620 317 654 1221 1126 1169 692 739 550 751 1175 818 321 1244 1314 1429 1024 1161 966 820 1291 1536 719 1093 1223 713 1272 1011 934 625 486 1112 1238 938 676 1144 821 168 1008 704 581 773
205 747 359 524 306 378 772 642 823 164 829 446 227 961 305 306 916 0 157 253 754 250 849 435 268 927 365 441 621 281 669 246 218 180 580 528 327 610 569 540 633 270 539 239 369 207 586 119 949 564 709 529 547 901 526 321 626 781 260 456 622 248 358 680 196 316 621 260 387 1035 660 254 180 876 520 317 334 502
257 666 516 492 318 429 926 731 980 196 754 318 351 1094 358 262 1015 157 0 324 600 266 922 321 425 833 315 386 495 436 581 299 250 337 424 662 397 699 725 390 510 159 525 282 466 264 705 202 1003 412 561 506 439 800 672 478 474 624 411 578 479 304 273 828 115 391 766 107 238 987 645 130 337 953 414 471 443 465
68 609 418 338 118 127 812 406 818 129 676 441 122 796 58 209 691 253 324 0 799 103 602 646 339 798 611 687 818 380 549 38 88 261 699 380 75 374 532 589 587 481 328 60 147 60 758 137 696 614 727 782 480 788 631 396 671 885 250 633 631 32 589 768 249 66 510 422 549 836 441 454 275 631 455 305 140 325
742 546 1113 657 705 824 1526 1129 1573 698 616 360 890 1584 791 596 1406 754 600 799 0 696 1247 557 1020 577 716 736 519 1035 485 761 714 928 256 1180 842 1105 1303 216 300 583 723 739 937 751 1279 747 1259 191 101 873 387 516 1271 1075 130 204 987 1159 183 767 634 1427 582 845 1309 515 438 892 784 569 931 1286 399 1049 940 637
64 530 497 279 56 165 902 480 916 86 604 338 213 895 103 106 768 250 266 103 696 0 659 584 411 718 575 649 746 446 463 65 36 322 606 483 152 450 631 487 486 425 289 44 243 70 809 138 736 512 623 758 381 703 703 470 568 788 335 680 527 71 540 847 168 152 614 350 471 789 410 395 333 691 355 395 243 259
665 794 821 590 615 494 1034 219 949 726 793 913 636 520 563 712 202 849 922 602 1247 659 0 1243 799 937 1212 1288 1405 845 804 623 671 777 1235 482 527 249 726 1075 957 1080 524 639 483 659 1206 738 152 1097 1151 1377 860 967 1011 827 1139 1391 700 1108 1064 618 1191 1083 827 536 570 1009 1128 736 488 1052 793 39 847 704 526 610
579 863 742 766 632 749 1111 1052 1197 518 953 476 659 1396 680 554 1336 435 321 646 557 584 1243 0 665 992 173 179 189 656 774 621 571 598 302 963 719 1021 978 423 633 167 812 603 786 586 778 518 1318 431 574 317 614 944 832 703 472 470 689 676 535 626 103 981 419 713 1051 237 159 1217 926 191 592 1274 598 739 759 738
346 941 93 677 450 445 508 579 555 354 1012 696 221 765 394 506 805 268 425 339 1020 411 799 665 0 1129 546 613 855 47 873 363 376 94 847 361 378 550 313 805 874 515 666 373 348 341 430 293 928 829 970 650 777 1113 293 59 891 1047 104 315 880 360 571 436 446 364 404 526 648 1173 775 506 89 815 750 101 299 662
782 189 1214 470 681 732 1610 921 1603 782 145 530 921 1405 752 628 1133 927 833 798 577 718 937 992 1129 0 1098 1150 1037 1164 258 769 753 1039 759 1104 788 912 1315 579 359 923 510 756 870 788 1513 844 883 579 489 1290 396 61 1421 1188 564 781 1048 1383 476 772 1025 1564 737 800 1247 818 834 337 468 894 1050 975 419 1104 902 477
551 950 611 805 629 729 956 1008 1051 494 1040 569 591 1302 656 577 1281 365 315 611 716 575 1212 173 546 1098 0 75 338 527 861 594 552 496 467 876 686 976 854 556 747 177 840 581 735 556 606 474 1305 569 721 195 706 1056 674 573 619 643 590 509 667 599 81 819 430 676 946 284 284 1289 960 209 486 1240 685 632 700 777
627 1007 674 874 703 804 1003 1084 1104 569 1098 623 667 1373 731 647 1357 441 386 687 736 649 1288 179 613 1150 75 0 308 591 918 670 627 568 482 949 762 1052 917 594 794 240 910 657 811 631 632 550 1381 604 751 141 761 1105 721 637 649 643 662 546 705 674 125 861 501 752 1016 345 320 1352 1030 273 557 1316 741 702 775 846
750 936 931 891 789 912 1293 1223 1383 688 1024 567 842 1582 846 699 1509 621 495 818 519 746 1405 189 855 1037 338 308 0 845 850 790 738 788 280 1149 889 1192 1168 461 684 351 944 771 962 758 939 697 1470 458 569 409 694 983 1012 892 477 371 877 847 561 796 287 1158 578 884 1240 397 277 1299 1050 370 782 1438 684 929 938 863
382 977 86 717 488 490 490 626 549 385 1050 720 264 796 436 539 848 281 436 380 1035 446 845 656 47 1164 527 591 845 0 908 402 411 124 852 401 423 596 326 822 901 512 708 411 395 378 384 323 975 845 989 620 806 1147 257 46 907 1053 151 268 900 400 559 406 468 409 433 533 650 1216 818 506 114 861 779 143 346 701
527 89 960 245 431 498 1362 737 1363 524 179 297 670 1220 507 370 985 669 581 549 485 463 804 774 873 258 861 918 850 908 0 517 497 783 588 880 548 721 1075 395 188 684 302 502 636 533 1254 587 791 405 384 1055 159 240 1165 933 416 671 796 1124 322 521 793 1310 480 558 1022 577 615 449 317 653 793 844 176 854 662 242
43 580 445 315 87 134 844 433 854 103 649 403 153 833 61 171 719 246 299 38 761 65 623 621 363 769 594 670 790 402 517 0 52 279 664 418 99 402 568 551 550 457 311 22 182 39 774 126 711 576 689 770 444 757 656 420 633 849 279 647 592 6 568 795 216 95 549 392 519 819 428 429 292 653 418 337 178 299
30 565 463 315 88 178 870 484 887 58 640 358 183 885 108 135 771 218 250 88 714 36 671 571 376 753 552 627 738 411 497 52 0 286 611 467 151 454 604 502 514 409 322 32 235 38 773 103 754 527 644 733 410 737 668 435 585 797 303 644 549 59 522 812 163 147 594 341 466 825 443 381 298 702 384 363 227 295
258 852 187 595 365 377 603 559 645 261 925 601 155 806 318 414 807 180 337 261 928 322 777 598 94 1039 496 568 788 124 783 279 286 0 761 381 312 528 389 712 779 440 589 287 303 253 497 199 898 736 876 624 683 1022 382 153 798 961 94 373 786 278 510 529 351 297 453 441 566 1097 702 428 15 798 656 141 255 578
633 670 936 674 634 762 1337 1080 1401 577 756 333 761 1495 709 528 1368 580 424 699 256 606 1235 302 847 759 467 482 280 852 588 664 611 761 0 1070 758 1052 1149 193 411 357 735 642 846 641 1051 609 1278 184 291 617 440 704 1069 896 197 200 835 938 283 670 386 1224 452 757 1184 320 208 1034 827 352 760 1272 437 895 836 648
441 919 355 637 481 382 572 281 520 493 964 821 310 433 393 586 449 528 662 380 1180 483 482 963 361 1104 876 949 1149 401 880 418 467 381 1070 0 344 263 254 969 954 798 593 440 248 432 731 462 629 994 1105 1003 845 1108 529 371 1051 1261 287 644 1009 412 883 603 618 338 143 768 900 1041 658 779 393 489 821 260 240 637
139 599 448 318 137 66 824 333 816 201 658 481 158 744 51 245 620 327 397 75 842 152 527 719 378 788 686 762 889 423 548 99 151 312 758 344 0 303 528 636 609 555 294 119 96 133 806 212 622 660 763 857 500 784 664 431 715 940 280 684 667 93 663 793 314 14 482 492 618 796 396 528 327 556 477 326 114 310
442 739 577 478 417 290 835 32 774 504 767 751 390 499 347 525 317 610 699 374 1105 450 249 1021 550 912 976 1052 1192 596 721 402 454 528 1052 263 303 0 517 912 838 855 418 421 240 435 964 505 380 936 1017 1134 731 927 775 581 986 1225 450 861 923 396 961 863 616 308 384 795 920 799 445 829 543 270 713 456 279 488
573 1126 243 844 649 583 319 534 288 607 1182 958 420 505 568 738 654 569 725 532 1303 631 726 978 313 1315 854 917 1168 326 1075 568 604 389 1149 254 528 517 0 1087 1118 827 811 587 445 565 538 556 876 1112 1242 936 1012 1312 322 280 1173 1349 317 484 1148 563 883 359 721 517 168 830 956 1283 891 817 392 727 986 255 413 838
529 478 898 497 501 625 1312 938 1357 483 564 162 675 1380 584 391 1221 540 390 589 216 487 1075 423 805 579 556 594 461 822 395 551 502 712 193 969 636 912 1087 0 222 399 560 529 730 538 1083 530 1105 25 174 735 249 527 1062 861 85 316 770 960 111 557 476 1218 366 638 1095 315 273 842 643 379 716 1113 248 833 729 472
545 261 966 369 475 576 1379 859 1401 521 344 191 698 1331 561 379 1126 633 510 587 300 486 957 633 874 359 747 794 684 901 188 550 514 779 411 954 609 838 1118 222 0 575 434 530 705 553 1213 580 961 227 200 935 109 311 1155 933 229 483 814 1084 135 555 671 1307 436 616 1092 473 476 623 484 548 787 996 132 876 719 352
415 772 597 634 476 588 986 887 1060 354 862 393 492 1231 517 410 1169 270 159 481 583 425 1080 167 515 923 177 240 351 512 684 457 409 440 357 798 555 855 827 399 575 0 673 441 619 422 698 351 1162 416 571 372 529 882 714 558 471 554 528 581 507 463 118 868 266 548 890 106 149 1112 792 32 436 1111 508 581 592 606
342 327 741 66 234 230 1115 434 1097 374 372 402 446 918 272 263 692 539 525 328 723 289 524 812 666 510 840 910 944 708 302 311 322 589 735 593 294 418 811 560 434 673 0 308 365 344 1085 426 545 580 627 1030 336 517 956 722 618 875 572 959 540 312 792 1088 409 307 736 577 670 507 122 641 603 563 324 620 402 88
34 567 458 308 77 147 860 452 872 87 638 382 169 855 76 151 739 239 282 60 739 44 639 603 373 756 581 657 771 411 502 22 32 287 642 440 119 421 587 529 530 441 308 0 204 35 780 120 724 554 667 760 425 743 666 432 611 827 293 652 571 28 552 808 195 115 570 373 499 814 427 412 300 670 399 352 200 290
215 682 403 400 233 138 751 273 733 275 736 577 153 651 146 341 550 369 466 147 937 243 483 786 348 870 735 811 962 395 636 182 235 303 846 248 96 240 445 730 705 619 365 204 0 207 778 267 596 754 860 894 596 870 618 393 810 1031 244 663 763 176 722 735 397 92 388 567 696 851 453 594 319 508 573 275 48 396
8 599 427 343 112 173 832 466 848 69 672 396 145 853 100 173 751 207 264 60 751 70 659 586 341 788 556 631 758 378 533 39 38 253 641 432 133 435 565 538 553 422 344 35 207 0 745 87 749 563 682 731 449 773 634 400 621 830 265 617 586 42 531 776 190 126 557 361 489 850 462 394 266 689 422 325 194 324
748 1331 386 1087 857 873 434 991 571 734 1410 1022 647 1038 815 887 1175 586 705 758 1279 809 1206 778 430 1513 606 632 939 384 1254 774 773 497 1051 731 806 964 538 1083 1213 698 1085 780 778 745 0 673 1345 1103 1258 571 1132 1488 216 386 1162 1241 534 129 1181 773 676 274 781 792 701 768 846 1593 1199 710 482 1217 1106 510 730 1069
86 659 385 418 191 260 799 537 830 62 737 407 152 893 186 216 818 119 202 137 747 138 738 518 293 844 474 550 697 323 587 126 103 199 609 462 212 505 556 530 580 351 426 120 267 87 673 0 833 555 687 646 483 825 580 353 616 804 240 544 594 129 455 729 165 202 575 307 438 928 546 327 208 767 456 304 241 397
754 764 958 608 686 576 1185 354 1101 811 746 947 749 653 649 770 321 949 1003 696 1259 736 152 1318 928 883 1305 1381 1470 975 791 711 754 898 1278 629 622 380 876 1105 961 1162 545 724 596 749 1345 833 0 1125 1160 1479 873 922 1154 962 1161 1419 827 1241 1079 706 1276 1232 899 632 721 1081 1192 640 476 1132 913 164 865 837 642 633
554 486 922 516 526 649 1336 961 1381 508 571 185 700 1405 609 415 1244 564 412 614 191 512 1097 431 829 579 569 604 458 845 405 576 527 736 184 994 660 936 1112 25 227 416 580 554 754 563 1103 555 1125 0 155 745 263 525 1085 885 61 294 795 981 105 582 489 1240 390 662 1120 335 285 849 661 397 740 1134 264 858 754 492
673 446 1064 561 626 741 1479 1040 1517 635 518 285 824 1502 713 519 1314 709 561 727 101 623 1151 574 970 489 721 751 569 989 384 689 644 876 291 1105 763 1017 1242 174 200 571 627 667 860 682 1258 687 1160 155 0 891 291 430 1233 1027 102 296 928 1134 96 695 640 1389 525 768 1238 489 437 796 684 552 881 1190 306 991 866 542
728 1144 695 998 814 905 975 1166 1090 674 1234 761 744 1415 832 769 1429 529 506 782 873 758 1377 317 650 1290 195 141 409 620 1055 770 733 624 617 1003 857 1134 936 735 935 372 1030 760 894 731 571 646 1479 745 891 0 899 1246 698 662 789 766 717 510 847 774 264 824 622 846 1053 479 462 1484 1152 404 611 1403 879 747 855 971
441 248 868 270 366 467 1279 753 1297 422 339 138 593 1223 453 275 1024 547 439 480 387 381 860 614 777 396 706 761 694 806 159 444 410 683 440 845 500 731 1012 249 109 529 336 425 596 449 1132 483 873 263 291 899 0 361 1062 836 289 549 713 1002 205 449 635 1212 351 508 983 423 455 607 401 499 691 899 26 774 611 250
767 189 1200 471 670 731 1601 938 1600 762 175 490 910 1424 745 608 1161 901 800 788 516 703 967 944 1113 61 1056 1105 983 1147 240 757 737 1022 704 1108 784 927 1312 527 311 882 517 743 870 773 1488 825 922 525 430 1246 361 0 1404 1172 507 721 1036 1358 421 761 981 1550 708 795 1251 778 787 397 489 854 1032 1006 386 1094 898 474
639 1234 216 970 743 731 282 800 392 642 1305 971 510 823 685 796 966 526 672 631 1271 703 1011 832 293 1421 674 721 1012 257 1165 656 668 382 1069 529 664 775 322 1062 1155 714 956 666 618 634 216 580 1154 1085 1233 698 1062 1404 0 235 1146 1268 384 191 1147 653 728 156 719 650 487 758 861 1461 1061 717 372 1018 1035 342 571 955
405 999 39 734 508 498 451 609 504 414 1070 755 275 755 450 566 820 321 478 396 1075 470 827 703 59 1188 573 637 892 46 933 420 435 153 896 371 431 581 280 861 933 558 722 432 393 400 386 353 962 885 1027 662 836 1172 235 0 947 1097 151 280 938 418 606 377 504 417 392 576 695 1227 828 552 147 842 809 124 345 720
612 491 984 553 579 701 1398 1010 1443 568 571 235 759 1459 664 470 1291 626 474 671 130 568 1139 472 891 564 619 649 477 907 416 633 585 798 197 1051 715 986 1173 85 229 471 618 611 810 621 1162 616 1161 61 102 789 289 507 1146 947 0 260 856 1040 94 639 537 1302 451 718 1179 394 335 851 691 454 801 1177 295 919 811 530
821 740 1137 810 809 935 1537 1251 1602 768 815 478 956 1682 889 700 1536 781 624 885 204 788 1391 470 1047 781 643 643 371 1053 671 849 797 961 200 1261 940 1225 1349 316 483 554 875 827 1031 830 1241 804 1419 294 296 766 549 721 1268 1097 260 0 1034 1131 349 855 566 1422 643 940 1379 521 406 1092 951 551 961 1429 554 1094 1024 786
272 859 169 588 366 347 567 480 589 295 926 647 127 712 301 437 719 260 411 250 987 335 700 689 104 1048 590 662 877 151 796 279 303 94 835 287 280 450 317 770 814 528 572 293 244 265 534 240 827 795 928 717 713 1036 384 151 856 1034 0 419 835 276 602 517 404 266 362 518 646 1076 677 513 105 718 686 63 195 575
620 1201 289 960 729 750 465 890 583 604 1280 894 526 989 691 757 1093 456 578 633 1159 680 1108 676 315 1383 509 546 847 268 1124 647 644 373 938 644 684 861 484 960 1084 581 959 652 663 617 129 544 1241 981 1134 510 1002 1358 191 280 1040 1131 419 0 1056 647 573 315 651 670 635 646 731 1467 1074 591 358 1121 976 404 614 940
578 397 973 474 530 646 1389 947 1425 541 478 190 729 1406 617 423 1223 622 479 631 183 527 1064 535 880 476 667 705 561 900 322 592 549 786 283 1009 667 923 1148 111 135 507 540 571 763 586 1181 594 1079 105 96 847 205 421 1147 938 94 349 835 1056 0 598 588 1302 434 672 1142 416 385 757 606 484 791 1103 216 898 770 453
47 583 442 317 90 130 840 427 849 108 652 409 149 827 57 177 713 248 304 32 767 71 618 626 360 772 599 674 796 400 521 6 59 278 670 412 93 396 563 557 555 463 312 28 176 42 773 129 706 582 695 774 449 761 653 418 639 855 276 647 598 0 573 792 222 88 543 398 525 819 428 435 291 648 423 333 172 301
525 882 645 752 592 700 1008 992 1096 465 972 497 586 1314 628 529 1272 358 273 589 634 540 1191 103 571 1025 81 125 287 559 793 568 522 510 386 883 663 961 883 476 671 118 792 552 722 531 676 455 1276 489 640 264 635 981 728 606 537 566 602 573 588 573 0 878 384 655 964 220 203 1226 910 151 502 1220 616 650 690 724
782 1375 349 1106 883 858 160 884 301 790 1444 1124 645 819 819 943 1011 680 828 768 1427 847 1083 981 436 1564 819 861 1158 406 1310 795 812 529 1224 603 793 863 359 1218 1307 868 1088 808 735 776 274 729 1232 1240 1389 824 1212 1550 156 377 1302 1422 517 315 1302 792 878 0 873 780 525 914 1016 1586 1187 872 520 1086 1185 467 691 1093
181 563 539 376 213 333 955 647 992 124 648 251 313 1043 269 147 934 196 115 249 582 168 827 419 446 737 430 501 578 468 480 216 163 351 452 618 314 616 721 366 436 266 409 195 397 190 781 165 899 390 525 622 351 708 719 504 451 643 404 651 434 222 384 873 0 311 736 182 303 874 530 235 357 859 324 467 384 349
133 610 434 331 142 81 811 339 805 195 670 485 144 743 55 249 625 316 391 66 845 152 536 713 364 800 676 752 884 409 558 95 147 297 757 338 14 308 517 638 616 548 307 115 92 126 792 202 632 662 768 846 508 795 650 417 718 940 266 670 672 88 655 780 311 0 475 487 613 810 411 521 313 565 484 313 104 322
566 1062 364 780 617 524 463 395 390 613 1107 952 423 363 530 719 486 621 766 510 1309 614 570 1051 404 1247 946 1016 1240 433 1022 549 594 453 1184 143 482 384 168 1095 1092 890 736 570 388 557 701 575 721 1120 1238 1053 983 1251 487 392 1179 1379 362 635 1142 543 964 525 736 475 0 874 1004 1177 799 875 461 567 959 314 373 780
353 666 615 534 396 515 1020 826 1081 292 756 288 458 1200 449 317 1112 260 107 422 515 350 1009 237 526 818 284 345 397 533 577 392 341 441 320 768 492 795 830 315 473 106 577 373 567 361 768 307 1081 335 489 479 423 778 758 576 394 521 518 646 416 398 220 914 182 487 874 0 131 1006 693 75 440 1042 402 577 546 506
481 703 734 620 513 636 1131 951 1199 420 794 318 589 1332 573 422 1238 387 238 549 438 471 1128 159 648 834 284 320 277 650 615 519 466 566 208 900 618 920 956 273 476 149 670 499 696 489 846 438 1192 285 437 462 455 787 861 695 335 406 646 731 385 525 203 1016 303 613 1004 131 0 1059 780 144 564 1162 439 704 677 592
847 363 1245 510 738 729 1598 797 1561 872 279 741 952 1248 779 734 938 1035 987 836 892 789 736 1217 1173 337 1289 1352 1299 1216 449 819 825 1097 1034 1041 796 799 1283 842 623 1112 507 814 851 850 1593 928 640 849 796 1484 607 397 1461 1227 851 1092 1076 1467 757 819 1226 1586 874 810 1177 1006 1059 0 399 1080 1111 770 620 1121 894 533
461 307 845 160 354 330 1203 453 1174 496 322 494 554 936 383 383 676 660 645 441 784 410 488 926 775 468 960 1030 1050 818 317 428 443 702 827 658 396 445 891 643 484 792 122 427 453 462 1199 546 476 661 684 1152 401 489 1061 828 691 951 677 1074 606 428 910 1187 530 411 799 693 780 399 0 759 716 528 397 721 495 188
388 741 592 601 446 559 986 861 1056 326 831 363 471 1212 489 378 1144 254 130 454 569 395 1052 191 506 894 209 273 370 506 653 429 381 428 352 779 528 829 817 379 548 32 641 412 594 394 710 327 1132 397 552 404 499 854 717 552 454 551 513 591 484 435 151 872 235 521 875 75 144 1080 759 0 425 1083 477 569 569 573
270 863 182 608 377 393 598 574 643 270 938 608 171 816 333 424 821 180 337 275 931 333 793 592 89 1050 486 557 782 114 793 292 298 15 760 393 327 543 392 716 787 436 603 300 319 266 482 208 913 740 881 611 691 1032 372 147 801 961 105 358 791 291 502 520 357 313 461 440 564 1111 716 425 0 813 664 147 271 590
696 834 833 629 649 526 1030 238 941 757 832 950 660 493 594 747 168 876 953 631 1286 691 39 1274 815 975 1240 1316 1438 861 844 653 702 798 1272 489 556 270 727 1113 996 1111 563 670 508 689 1217 767 164 1134 1190 1403 899 1006 1018 842 1177 1429 718 1121 1103 648 1220 1086 859 565 567 1042 1162 770 528 1083 813 0 886 718 549 649
415 265 841 258 342 445 1253 735 1271 395 356 121 567 1203 428 249 1008 520 414 455 399 355 847 598 750 419 685 741 684 779 176 418 384 656 437 821 477 713 986 248 132 508 324 399 573 422 1106 456 865 264 306 879 26 386 1035 809 295 554 686 976 216 423 616 1185 324 484 959 402 439 620 397 477 664 886 0 747 587 237
333 915 127 641 423 391 507 485 526 358 980 709 183 671 353 498 704 317 471 305 1049 395 704 739 101 1104 632 702 929 143 854 337 363 141 895 260 326 456 255 833 876 581 620 352 275 325 510 304 837 858 991 747 774 1094 342 124 919 1094 63 404 898 333 650 467 467 313 314 577 704 1121 721 569 147 718 747 0 228 629
203 712 355 431 244 171 713 311 702 259 770 581 111 659 158 346 581 334 443 140 940 243 526 759 299 902 700 775 938 346 662 178 227 255 836 240 114 279 413 729 719 592 402 200 48 194 730 241 642 754 866 855 611 898 571 345 811 1024 195 614 770 172 690 691 384 104 373 546 677 894 495 569 271 549 587 228 0 424
321 288 743 28 212 257 1133 507 1127 339 351 315 447 986 276 204 773 502 465 325 637 259 610 738 662 477 777 846 863 701 242 299 295 578 648 637 310 488 838 472 352 606 88 290 396 324 1069 397 633 492 542 971 250 474 955 720 530 786 575 940 453 301 724 1093 349 322 780 506 592 533 188 573 590 649 237 629 424 0
