0 212 736 473 292 730 736 820 392 359 2 622 114 42 823 18 712 640 596 420 823 558 501 67 832 403 10 430 391 758 256 477 862 464 313 12 340 54 494 506 3 579 756 701 245 155 724 282 548 155 746 536 375 579 108 158 493 760 48 622 824 470 568 295 44 127 682 765 678 711 89 793 217 727 67 45 183 686
212 0 534 675 465 942 736 1028 427 353 213 437 324 214 1032 194 788 852 806 325 1022 357 694 279 1017 522 210 572 598 928 323 503 930 676 390 223 233 266 355 681 215 468 629 518 228 320 623 253 367 281 594 410 179 732 210 283 281 958 210 815 966 329 378 364 210 166 593 977 532 802 272 687 422 662 144 232 102 804
736 534 0 1150 910 1452 802 1556 697 799 736 152 835 746 1515 719 1246 1356 1330 453 1556 382 1146 802 1550 1034 731 951 1127 1456 696 945 1368 1193 739 748 626 789 601 1100 739 714 772 509 712 854 833 567 215 733 672 655 360 1255 743 813 268 1492 743 1260 1285 591 181 717 719 636 502 1481 300 1044 768 493 919 935 672 741 618 1300
473 675 1150 0 242 335 782 513 527 757 471 1012 358 492 364 490 908 233 304 728 581 1030 76 413 675 615 472 289 288 686 464 808 1048 199 442 464 799 426 956 170 471 1022 1200 1173 683 473 1150 589 939 418 1207 989 806 622 545 531 941 540 499 163 496 934 970 456 465 525 908 347 998 552 403 1029 255 1122 538 444 655 795
292 465 910 242 0 569 602 722 299 637 289 771 200 326 606 306 906 467 493 486 767 822 237 255 829 586 286 156 365 803 221 729 1055 353 206 288 632 263 785 217 291 871 1048 980 534 366 1014 346 698 187 1036 828 574 679 391 409 713 715 332 355 536 760 729 216 266 302 678 587 756 465 204 800 132 1010 345 251 470 831
730 942 1452 335 569 0 1110 209 862 913 728 1322 621 733 182 748 896 102 170 1052 315 1277 384 662 454 686 732 621 370 529 788 909 1007 267 774 718 1007 676 1158 479 727 1193 1364 1395 880 664 1295 906 1248 723 1394 1176 1096 575 766 723 1222 307 738 347 707 1139 1275 785 737 815 1243 53 1324 847 684 1364 533 1236 797 715 895 744
736 736 802 782 602 1110 0 1295 345 1068 734 660 728 778 1073 736 1447 1011 1078 440 1357 974 725 755 1430 1131 726 493 967 1405 481 1205 1598 947 435 743 969 752 1075 631 738 1197 1343 1159 939 882 1352 486 628 589 1284 1135 678 1268 836 894 787 1310 782 785 599 1050 667 447 691 629 309 1109 508 331 672 382 719 1398 735 696 818 1404
820 1028 1556 513 722 209 1295 0 1022 924 820 1438 725 814 365 838 804 291 232 1188 120 1336 574 754 272 665 825 802 429 381 930 885 892 374 928 808 1047 767 1187 672 817 1201 1360 1431 921 720 1281 1038 1363 850 1406 1194 1196 494 831 774 1310 146 817 554 917 1171 1386 935 838 925 1401 243 1462 1048 795 1522 655 1205 885 817 963 640
392 427 697 527 299 862 345 1022 0 734 389 546 385 434 873 392 1102 759 792 244 1065 733 495 410 1120 786 382 266 649 1080 136 865 1253 652 98 399 655 406 781 425 394 895 1056 914 607 537 1050 179 483 244 1013 837 434 930 494 550 571 1011 438 593 594 755 521 103 347 292 381 874 485 385 327 502 393 1080 396 351 493 1061
359 353 799 757 637 913 1068 924 734 0 362 746 437 318 1053 352 450 848 747 677 878 464 807 381 824 273 368 785 545 704 604 153 584 660 667 358 172 375 269 837 359 280 452 514 129 284 393 584 687 513 483 269 503 497 251 231 533 814 312 920 1173 259 686 646 400 441 946 960 872 1071 447 1038 527 372 338 405 255 505
2 213 736 471 289 728 734 820 389 362 0 623 112 45 821 20 714 638 595 419 822 560 498 66 832 404 8 427 390 759 253 480 865 462 311 12 342 52 497 503 4 582 758 703 248 156 727 281 549 152 749 538 376 580 111 160 494 759 50 619 822 473 568 292 42 126 681 763 677 708 86 792 215 730 69 42 185 687
622 437 152 1012 771 1322 660 1438 546 746 623 0 713 639 1377 607 1196 1224 1208 302 1445 401 1004 686 1451 956 616 803 1012 1365 552 898 1329 1069 592 635 579 674 593 954 625 717 807 564 642 754 853 424 74 599 718 653 258 1170 647 720 227 1382 637 1116 1132 577 60 571 599 512 371 1349 183 893 643 389 790 941 564 621 532 1233
114 324 835 358 200 621 728 725 385 437 112 713 0 135 708 132 729 528 495 477 738 673 390 58 764 408 114 352 302 706 254 532 880 358 292 106 446 68 603 403 112 680 857 815 339 170 819 328 638 147 854 640 476 545 196 209 601 677 142 510 735 579 661 282 116 200 723 654 747 651 73 839 103 810 181 94 296 676
42 214 746 492 326 733 778 814 434 318 45 639 135 0 835 43 671 646 593 452 810 546 525 78 812 365 52 468 384 733 298 434 821 466 356 39 310 67 467 536 41 546 723 681 208 122 688 319 566 197 719 505 386 548 67 116 496 746 6 645 861 443 583 337 87 162 717 771 704 752 128 826 238 688 75 87 164 649
823 1032 1515 364 606 182 1073 365 873 1053 821 1377 708 835 0 841 1074 206 339 1089 482 1381 378 758 628 846 823 612 510 711 826 1065 1188 393 798 813 1128 771 1283 454 820 1331 1505 1512 1004 786 1443 952 1304 783 1527 1307 1169 753 878 846 1303 484 841 289 591 1262 1334 814 821 888 1247 131 1354 777 762 1366 609 1392 890 799 999 925
18 194 719 490 306 748 736 838 392 352 20 607 132 43 841 0 714 658 613 410 839 540 518 85 846 408 19 442 408 771 257 474 864 482 317 29 325 71 479 521 20 566 742 684 234 163 712 275 533 160 731 521 358 589 102 160 475 776 46 639 837 455 552 297 47 119 674 783 665 718 102 784 235 718 49 56 166 692
712 788 1246 908 906 896 1447 804 1102 450 714 1196 729 671 1074 714 0 879 735 1102 709 890 980 694 588 321 722 1061 622 447 966 300 151 732 1016 704 620 696 668 1048 709 600 694 882 561 565 596 986 1137 858 781 634 950 321 619 554 983 660 667 1062 1397 670 1136 1001 757 829 1373 950 1318 1371 777 1473 774 483 725 750 686 166
640 852 1356 233 467 102 1011 291 759 848 638 1224 528 646 206 658 879 0 149 951 380 1193 286 573 502 640 641 521 304 554 686 859 1001 189 672 629 930 586 1084 382 637 1127 1301 1317 805 587 1237 806 1150 624 1325 1106 1001 561 684 647 1129 356 652 266 637 1064 1177 683 644 720 1140 125 1223 757 589 1261 437 1186 707 622 810 737
596 806 1330 304 493 170 1078 232 792 747 595 1208 495 593 339 613 735 149 0 955 278 1129 375 528 374 515 600 585 213 409 698 739 853 142 698 584 850 542 997 472 593 1028 1196 1237 723 511 1126 806 1133 617 1230 1012 970 415 618 568 1088 236 597 392 766 979 1157 704 611 696 1170 222 1229 855 565 1291 423 1066 662 589 749 589
420 325 453 728 486 1052 440 1188 244 677 419 302 477 452 1089 410 1102 951 955 0 1212 536 712 470 1241 813 411 501 777 1176 264 827 1248 813 294 431 550 461 639 655 423 765 904 721 550 573 918 149 239 338 843 701 237 999 488 560 354 1152 453 820 835 616 278 275 382 292 271 1073 274 607 404 375 532 974 384 399 423 1098
823 1022 1556 581 767 315 1357 120 1065 878 822 1445 738 810 482 839 709 380 278 1212 0 1311 649 758 152 609 829 864 435 270 963 821 786 413 969 810 1014 771 1146 747 819 1148 1300 1391 891 705 1216 1062 1371 873 1354 1147 1196 414 817 754 1301 65 813 646 1016 1133 1391 973 846 937 1439 355 1484 1129 810 1559 682 1132 884 826 948 543
558 357 382 1030 822 1277 974 1336 733 464 560 401 673 546 1381 540 890 1193 1129 536 1311 0 1051 622 1275 729 558 921 916 1163 660 594 1002 1009 724 568 300 609 225 1038 560 332 406 185 419 618 455 555 381 636 321 274 302 956 511 562 192 1245 540 1172 1308 219 355 697 565 521 735 1316 578 1118 628 781 775 553 491 586 383 967
501 694 1146 76 237 384 725 574 495 807 498 1004 390 525 378 518 980 286 375 712 649 1051 0 447 748 681 498 239 362 763 451 868 1121 275 419 494 836 458 993 98 500 1066 1244 1202 724 522 1198 579 932 423 1244 1029 811 698 583 577 950 611 532 121 420 969 964 436 486 536 872 387 975 480 423 992 287 1176 563 467 684 870
67 279 802 413 255 662 755 754 410 381 66 686 58 78 758 85 694 573 528 470 758 622 447 0 773 376 71 405 325 705 274 482 845 396 322 55 388 13 545 461 64 622 799 760 281 128 761 326 612 165 797 582 441 533 137 156 560 696 85 567 792 522 633 308 89 181 726 698 735 699 83 840 160 754 135 71 242 653
832 1017 1550 675 829 454 1430 272 1120 824 832 1451 764 812 628 846 588 502 374 1241 152 1275 748 773 0 550 840 945 471 140 1006 743 649 486 1022 819 975 784 1093 845 829 1079 1220 1337 858 697 1131 1093 1378 908 1284 1087 1195 330 807 737 1288 147 814 764 1138 1083 1394 1022 862 954 1483 499 1508 1227 836 1601 727 1038 887 843 933 422
403 522 1034 615 586 686 1131 665 786 273 404 956 408 365 846 408 321 640 515 813 609 729 681 376 550 0 413 742 344 433 650 223 472 464 698 393 428 379 543 739 400 538 694 787 322 250 617 684 889 542 744 539 699 227 325 252 766 546 362 775 1090 532 896 684 446 527 1081 737 1051 1051 459 1188 454 550 428 437 424 285
10 210 731 472 286 732 726 825 382 368 8 616 114 52 823 19 722 641 600 411 829 558 498 71 840 413 0 423 396 767 246 486 872 467 304 20 345 58 499 501 12 585 761 703 252 165 730 273 542 146 750 541 370 588 117 168 489 766 57 619 818 474 562 285 34 118 673 767 670 702 83 784 216 735 67 37 186 696
430 572 951 289 156 621 493 802 266 785 427 803 352 468 612 442 1061 521 585 501 864 921 239 405 945 742 423 0 498 934 266 884 1211 458 212 429 763 410 912 159 431 1007 1181 1090 676 521 1154 390 735 294 1161 959 646 825 535 561 788 819 475 327 396 887 771 236 397 406 635 627 752 310 341 754 287 1157 474 386 597 982
391 598 1127 288 365 370 967 429 649 545 390 1012 302 384 510 408 622 304 213 777 435 916 362 325 471 344 396 498 0 438 535 557 760 120 551 379 638 338 787 440 388 824 996 1026 511 298 932 628 937 440 1024 805 766 337 405 355 880 375 388 439 782 769 958 551 412 501 1012 416 1049 801 375 1132 256 883 455 391 537 508
758 928 1456 686 803 529 1405 381 1080 704 759 1365 706 733 711 771 447 554 409 1176 270 1163 763 705 140 433 767 934 438 0 957 613 516 488 982 746 862 715 972 854 755 950 1086 1214 751 612 996 1031 1294 853 1153 962 1108 207 718 645 1190 236 733 800 1171 963 1307 978 793 885 1429 579 1436 1230 776 1544 687 900 807 776 838 281
256 323 696 464 221 788 481 930 136 604 253 552 254 298 826 257 966 686 698 264 963 660 451 274 1006 650 246 266 535 957 0 731 1117 555 67 263 539 271 676 405 258 783 950 833 479 401 936 128 481 109 917 729 380 800 360 414 522 906 303 564 648 650 514 42 211 168 477 808 536 481 192 597 280 958 266 215 373 927
477 503 945 808 729 909 1205 885 865 153 480 898 532 434 1065 474 300 859 739 827 821 594 868 482 743 223 486 884 557 613 731 0 431 678 790 472 320 479 378 912 475 337 478 610 276 362 396 725 840 632 540 355 656 414 371 325 682 760 429 972 1258 376 838 771 521 576 1097 960 1025 1181 558 1190 607 327 470 521 404 378
862 930 1368 1048 1055 1007 1598 892 1253 584 865 1329 880 821 1188 864 151 1001 853 1248 786 1002 1121 845 649 472 872 1211 760 516 1117 431 0 865 1167 854 749 847 777 1192 860 692 756 972 702 717 657 1134 1272 1009 854 735 1087 439 768 704 1110 746 817 1197 1540 782 1269 1152 907 979 1519 1061 1457 1521 928 1617 923 534 874 901 828 263
464 676 1193 199 353 267 947 374 652 660 462 1069 358 466 393 482 732 189 142 813 413 1009 275 396 486 464 467 458 120 488 555 678 865 0 557 452 742 410 895 366 461 938 1112 1129 616 399 1050 664 994 476 1136 916 834 431 498 458 957 363 471 333 692 875 1019 562 475 557 1029 308 1087 744 426 1149 281 1003 531 453 627 607
313 390 739 442 206 774 435 928 98 667 311 592 292 356 798 317 1016 672 698 294 969 724 419 322 1022 698 304 212 551 982 67 790 1167 557 0 318 607 320 744 361 315 851 1018 899 544 450 1004 178 523 159 985 797 438 835 420 469 580 915 361 525 584 718 559 26 269 235 472 790 556 413 239 593 295 1024 330 270 440 969
12 223 748 464 288 718 743 808 399 358 12 635 106 39 813 29 704 629 584 431 810 568 494 55 819 393 20 429 379 746 263 472 854 452 318 0 344 42 500 501 9 583 759 709 246 144 726 293 561 159 752 540 387 567 106 151 504 747 45 614 823 476 580 301 53 139 693 754 690 713 89 805 209 727 79 48 190 676
340 233 626 799 632 1007 969 1047 655 172 342 579 446 310 1128 325 620 930 850 550 1014 300 836 388 975 428 345 763 638 862 539 320 749 742 607 344 0 377 156 846 340 244 417 388 126 343 396 485 525 471 408 196 347 655 254 283 362 949 304 955 1160 134 519 582 367 371 810 1050 716 1021 427 893 548 428 289 381 168 677
54 266 789 426 263 676 752 767 406 375 52 674 68 67 771 71 696 586 542 461 771 609 458 13 784 379 58 410 338 715 271 479 847 410 320 42 377 0 534 471 51 612 789 747 272 130 752 318 600 162 785 571 428 541 128 153 547 708 73 578 799 510 620 305 78 170 718 711 724 702 81 831 171 747 121 61 229 658
494 355 601 956 785 1158 1075 1187 781 269 497 593 603 467 1283 479 668 1084 997 639 1146 225 993 545 1093 543 499 912 787 972 676 378 777 895 744 500 156 534 0 1000 495 127 274 245 278 496 279 604 555 617 251 62 410 766 411 436 366 1081 460 1112 1309 25 538 718 519 511 881 1202 755 1157 580 948 705 349 440 534 316 756
506 681 1100 170 217 479 631 672 425 837 503 954 403 536 454 521 1048 382 472 655 747 1038 98 461 845 739 501 159 440 854 405 912 1192 366 361 501 846 471 1000 0 505 1083 1260 1197 742 555 1222 533 884 401 1252 1041 779 778 599 605 921 709 543 168 350 976 919 382 483 516 794 478 910 382 420 912 309 1209 562 466 686 947
3 215 739 471 291 727 738 817 394 359 4 625 112 41 820 20 709 637 593 423 819 560 500 64 829 400 12 431 388 755 258 475 860 461 315 9 340 51 495 505 0 580 756 703 245 152 724 285 551 156 747 536 378 576 107 156 495 757 46 620 824 471 571 296 47 131 685 762 681 712 90 796 215 727 70 46 184 683
579 468 714 1022 871 1193 1197 1201 895 280 582 717 680 546 1331 566 600 1127 1028 765 1148 332 1066 622 1079 538 585 1007 824 950 783 337 692 938 851 583 244 612 127 1083 580 0 177 282 341 550 155 721 681 715 206 65 537 749 484 492 491 1084 539 1182 1403 149 663 826 610 616 1008 1240 881 1265 669 1075 779 224 533 622 412 710
756 629 772 1200 1048 1364 1343 1360 1056 452 758 807 857 723 1505 742 694 1301 1196 904 1300 406 1244 799 1220 694 761 1181 996 1086 950 478 756 1112 1018 759 417 789 274 1260 756 177 0 269 519 727 99 878 785 888 110 222 669 892 661 669 592 1238 716 1360 1578 300 760 992 784 784 1131 1412 983 1431 844 1185 957 222 707 798 584 827
701 518 509 1173 980 1395 1159 1431 914 514 703 564 815 681 1512 684 882 1317 1237 721 1391 185 1202 760 1337 787 703 1090 1026 1214 833 610 972 1129 899 709 388 747 245 1197 703 282 269 0 514 730 347 735 556 799 163 254 487 1009 634 671 374 1327 675 1323 1481 259 526 873 716 685 914 1437 747 1299 780 952 918 465 638 735 518 987
245 228 712 683 534 880 939 921 607 129 248 642 339 208 1004 234 561 805 723 550 891 419 724 281 858 322 252 676 511 751 479 276 702 616 544 246 126 272 278 742 245 341 519 514 0 218 480 455 579 393 524 306 390 547 143 158 444 826 201 842 1069 258 582 521 281 314 820 924 756 952 335 915 438 483 213 290 127 590
155 320 854 473 366 664 882 720 537 284 156 754 170 122 786 163 565 587 511 573 705 618 522 128 697 250 165 521 298 612 401 362 717 399 450 144 343 130 496 555 152 550 727 730 218 0 677 438 682 292 741 521 498 426 112 59 596 640 121 635 897 476 697 435 197 282 838 707 826 822 211 948 246 654 194 187 243 531
724 623 833 1150 1014 1295 1352 1281 1050 393 727 853 819 688 1443 712 596 1237 1126 918 1216 455 1198 761 1131 617 730 1154 932 996 936 396 657 1050 1004 726 396 752 279 1222 724 155 99 347 480 677 0 876 823 865 201 217 688 805 623 621 630 1155 681 1313 1549 302 802 979 757 768 1158 1344 1023 1417 814 1221 915 124 681 768 564 733
282 253 567 589 346 906 486 1038 179 584 281 424 328 319 952 275 986 806 806 149 1062 555 579 326 1093 684 273 390 628 1031 128 725 1134 664 178 293 485 318 604 533 285 721 878 735 455 438 876 0 353 189 834 662 261 859 366 433 402 1003 321 692 758 579 386 153 241 157 400 929 423 564 256 513 383 914 260 256 332 968
548 367 215 939 698 1248 628 1363 483 687 549 74 638 566 1304 533 1137 1150 1133 239 1371 381 932 612 1378 889 542 735 937 1294 481 840 1272 994 523 561 525 600 555 884 551 681 785 556 579 682 823 353 0 525 703 616 190 1100 576 650 193 1308 564 1045 1074 536 40 501 525 437 358 1274 200 841 568 400 715 904 491 546 465 1168
155 281 733 418 187 723 589 850 244 513 152 599 147 197 783 160 858 624 617 338 873 636 423 165 908 542 146 294 440 853 109 632 1009 476 159 159 471 162 617 401 156 715 888 799 393 292 865 189 525 0 866 666 388 692 263 310 526 814 203 543 691 592 553 143 113 115 576 749 612 558 82 693 194 876 183 111 303 818
746 594 672 1207 1036 1394 1284 1406 1013 483 749 718 854 719 1527 731 781 1325 1230 843 1354 321 1244 797 1284 744 750 1161 1024 1153 917 540 854 1136 985 752 408 785 251 1252 747 206 110 163 524 741 201 834 703 866 0 219 606 953 662 681 513 1291 712 1363 1557 276 675 959 770 757 1056 1440 898 1395 832 1102 957 326 691 785 566 905
536 410 655 989 828 1176 1135 1194 837 269 538 653 640 505 1307 521 634 1106 1012 701 1147 274 1029 582 1087 539 541 959 805 962 729 355 735 916 797 540 196 571 62 1041 536 65 222 254 306 521 217 662 616 666 219 0 472 757 445 462 426 1083 498 1147 1356 85 599 771 563 562 943 1221 816 1210 624 1010 741 288 485 577 362 733
375 179 360 806 574 1096 678 1196 434 503 376 258 476 386 1169 358 950 1001 970 237 1196 302 811 441 1195 699 370 646 766 1108 380 656 1087 834 438 387 347 428 410 779 378 537 669 487 390 498 688 261 190 388 606 472 0 912 390 462 142 1132 383 929 1020 388 199 412 359 282 471 1127 369 818 411 546 564 754 312 381 275 978
579 732 1255 622 679 575 1268 494 930 497 580 1170 545 548 753 589 321 561 415 999 414 956 698 533 330 227 588 825 337 207 800 414 439 431 835 567 655 541 766 778 576 749 892 1009 547 426 805 859 1100 692 953 757 912 0 525 450 988 356 548 764 1118 757 1111 827 617 707 1260 628 1251 1133 611 1372 551 718 620 603 639 177
108 210 743 545 391 766 836 831 494 251 111 647 196 67 878 102 619 684 618 488 817 511 583 137 807 325 117 535 405 718 360 371 768 498 420 106 254 128 411 599 107 484 661 634 143 112 623 366 576 263 662 445 390 525 0 74 484 752 60 701 927 389 589 400 150 210 758 806 728 819 195 863 295 621 105 153 132 610
158 283 813 531 409 723 894 774 550 231 160 720 209 116 846 160 554 647 568 560 754 562 577 156 737 252 168 561 355 645 414 325 704 458 469 151 283 153 436 605 156 492 669 671 158 59 621 433 650 310 681 462 462 450 74 0 551 688 113 692 944 416 662 452 203 276 829 766 803 855 233 935 296 603 176 199 196 537
493 281 268 941 713 1222 787 1310 571 533 494 227 601 496 1303 475 983 1129 1088 354 1301 192 950 560 1288 766 489 788 880 1190 522 682 1110 957 580 504 362 547 366 921 495 491 592 374 444 596 630 402 193 526 513 426 142 988 484 551 0 1237 492 1069 1161 350 172 554 485 416 543 1255 393 953 541 593 695 714 426 507 355 1032
760 958 1492 540 715 307 1310 146 1011 814 759 1382 677 746 484 776 660 356 236 1152 65 1245 611 696 147 546 766 819 375 236 906 760 746 363 915 747 949 708 1081 709 757 1084 1238 1327 826 640 1155 1003 1308 814 1291 1083 1132 356 752 688 1237 0 749 619 993 1068 1328 918 784 875 1383 354 1424 1092 750 1503 625 1074 820 764 883 495
48 210 743 499 332 738 782 817 438 312 50 637 142 6 841 46 667 652 597 453 813 540 532 85 814 362 57 475 388 733 303 429 817 471 361 45 304 73 460 543 46 539 716 675 201 121 681 321 564 203 712 498 383 548 60 113 492 749 0 652 868 436 580 342 92 164 719 776 704 758 135 828 245 681 73 93 158 647
622 815 1260 163 355 347 785 554 593 920 619 1116 510 645 289 639 1062 266 392 820 646 1172 121 567 764 775 619 327 439 800 564 972 1197 333 525 614 955 578 1112 168 620 1182 1360 1323 842 635 1313 692 1045 543 1363 1147 929 764 701 692 1069 619 652 0 374 1089 1078 545 608 656 961 333 1078 502 544 1079 406 1285 684 588 805 940
824 966 1285 496 536 707 599 917 594 1173 822 1132 735 861 591 837 1397 637 766 835 1016 1308 420 792 1138 1090 818 396 782 1171 648 1258 1540 692 584 823 1160 799 1309 350 824 1403 1578 1481 1069 897 1549 758 1074 691 1557 1356 1020 1118 927 944 1161 993 868 374 0 1284 1113 611 793 800 866 681 1036 269 735 966 651 1546 871 781 994 1291
470 329 591 934 760 1139 1050 1171 755 259 473 577 579 443 1262 455 670 1064 979 616 1133 219 969 522 1083 532 474 887 769 963 650 376 782 875 718 476 134 510 25 976 471 149 300 259 258 476 302 579 536 592 276 85 388 757 389 416 350 1068 436 1089 1284 0 521 692 494 486 859 1182 736 1131 556 928 682 368 415 509 291 753
568 378 181 970 729 1275 667 1386 521 686 568 60 661 583 1334 552 1136 1177 1157 278 1391 355 964 633 1394 896 562 771 958 1307 514 838 1269 1019 559 580 519 620 538 919 571 663 760 526 582 697 802 386 40 553 675 599 199 1111 589 662 172 1328 580 1078 1113 521 0 536 547 461 393 1302 223 881 592 427 742 887 508 568 472 1172
295 364 717 456 216 785 447 935 103 646 292 571 282 337 814 297 1001 683 704 275 973 697 436 308 1022 684 285 236 551 978 42 771 1152 562 26 301 582 305 718 382 296 826 992 873 521 435 979 153 501 143 959 771 412 827 400 452 554 918 342 545 611 692 536 0 250 211 466 803 541 439 225 587 294 1001 308 252 416 958
44 210 719 465 266 737 691 838 347 400 42 599 116 87 821 47 757 644 611 382 846 565 486 89 862 446 34 397 412 793 211 521 907 475 269 53 367 78 519 483 47 610 784 716 281 197 757 241 525 113 770 563 359 617 150 203 485 784 92 608 793 494 547 250 0 92 642 770 645 671 63 754 211 765 79 22 203 728
127 166 636 525 302 815 629 925 292 441 126 512 200 162 888 119 829 720 696 292 937 521 536 181 954 527 118 406 501 885 168 576 979 557 235 139 371 170 511 516 131 616 784 685 314 282 768 157 437 115 757 562 282 707 210 276 416 875 164 656 800 486 461 211 92 0 555 845 553 649 131 665 283 790 106 111 204 811
682 593 502 908 678 1243 309 1401 381 946 681 371 723 717 1247 674 1373 1140 1170 271 1439 735 872 726 1483 1081 673 635 1012 1429 477 1097 1519 1029 472 693 810 718 881 794 685 1008 1131 914 820 838 1158 400 358 576 1056 943 471 1260 758 829 543 1383 719 961 866 859 393 466 642 555 0 1255 202 602 652 121 757 1225 653 656 693 1366
765 977 1481 347 587 53 1109 243 874 960 763 1349 654 771 131 783 950 125 222 1073 355 1316 387 698 499 737 767 627 416 579 808 960 1061 308 790 754 1050 711 1202 478 762 1240 1412 1437 924 707 1344 929 1274 749 1440 1221 1127 628 806 766 1255 354 776 333 681 1182 1302 803 770 845 1255 0 1344 836 715 1375 562 1287 832 748 933 798
678 532 300 998 756 1324 508 1462 485 872 677 183 747 704 1354 665 1318 1223 1229 274 1484 578 975 735 1508 1051 670 752 1049 1436 536 1025 1457 1087 556 690 716 724 755 910 681 881 983 747 756 826 1023 423 200 612 898 816 369 1251 728 803 393 1424 704 1078 1036 736 223 541 645 553 202 1344 0 780 674 205 806 1104 631 664 634 1335
711 802 1044 552 465 847 331 1048 385 1071 708 893 651 752 777 718 1371 757 855 607 1129 1118 480 699 1227 1051 702 310 801 1230 481 1181 1521 744 413 713 1021 702 1157 382 712 1265 1431 1299 952 822 1417 564 841 558 1395 1210 818 1133 819 855 953 1092 758 502 269 1131 881 439 671 649 602 836 780 0 624 698 597 1435 740 665 853 1292
89 272 768 403 204 684 672 795 327 447 86 643 73 128 762 102 777 589 565 404 810 628 423 83 836 459 83 341 375 776 192 558 928 426 239 89 427 81 580 420 90 669 844 780 335 211 814 256 568 82 832 624 411 611 195 233 541 750 135 544 735 556 592 225 63 131 652 715 674 624 0 768 153 816 142 46 265 735
793 687 493 1029 800 1364 382 1522 502 1038 792 389 839 826 1366 784 1473 1261 1291 375 1559 781 992 840 1601 1188 784 754 1132 1544 597 1190 1617 1149 593 805 893 831 948 912 796 1075 1185 952 915 948 1221 513 400 693 1102 1010 546 1372 863 935 593 1503 828 1079 966 928 427 587 754 665 121 1375 205 698 768 0 877 1296 759 770 788 1473
217 422 919 255 132 533 719 655 393 527 215 790 103 238 609 235 774 437 423 532 682 775 287 160 727 454 216 287 256 687 280 607 923 281 295 209 548 171 705 309 215 779 957 918 438 246 915 383 715 194 957 741 564 551 295 296 695 625 245 406 651 682 742 294 211 283 757 562 806 597 153 877 0 900 283 190 400 700
727 662 935 1122 1010 1236 1398 1205 1080 372 730 941 810 688 1392 718 483 1186 1066 974 1132 553 1176 754 1038 550 735 1157 883 900 958 327 534 1003 1024 727 428 747 349 1209 727 224 222 465 483 654 124 914 904 876 326 288 754 718 621 603 714 1074 681 1285 1546 368 887 1001 765 790 1225 1287 1104 1435 816 1296 900 0 695 772 587 629
67 144 672 538 345 797 735 885 396 338 69 564 181 75 890 49 725 707 662 384 884 491 563 135 887 428 67 474 455 807 266 470 874 531 330 79 289 121 440 562 70 533 707 638 213 194 681 260 491 183 691 485 312 620 105 176 426 820 73 684 871 415 508 308 79 106 653 832 631 740 142 759 283 695 0 96 124 714
45 232 741 444 251 715 696 817 351 405 42 621 94 87 799 56 750 622 589 399 826 586 467 71 843 437 37 386 391 776 215 521 901 453 270 48 381 61 534 466 46 622 798 735 290 187 768 256 546 111 785 577 381 603 153 199 507 764 93 588 781 509 568 252 22 111 656 748 664 665 46 770 190 772 96 0 219 718
183 102 618 655 470 895 818 963 493 255 185 532 296 164 999 166 686 810 749 423 948 383 684 242 933 424 186 597 537 838 373 404 828 627 440 190 168 229 316 686 184 412 584 518 127 243 564 332 465 303 566 362 275 639 132 196 355 883 158 805 994 291 472 416 203 204 693 933 634 853 265 788 400 587 124 219 0 703
686 804 1300 795 831 744 1404 640 1061 505 687 1233 676 649 925 692 166 737 589 1098 543 967 870 653 422 285 696 982 508 281 927 378 263 607 969 676 677 658 756 947 683 710 827 987 590 531 733 968 1168 818 905 733 978 177 610 537 1032 495 647 940 1291 753 1172 958 728 811 1366 798 1335 1292 735 1473 700 629 714 718 703 0
