0 371 150 1040 80 369 531 509 1568 846 336 817 387 643 1470 1083
371 0 381 1404 293 640 529 568 1660 1217 669 553 444 756 1101 712
150 381 0 1036 144 266 667 359 1424 883 455 895 241 496 1440 1064
1040 1404 1036 0 1113 835 1408 1144 1542 312 868 1824 1142 1066 2474 2101
80 293 144 1113 0 401 525 483 1564 925 410 764 353 635 1390 1003
369 640 266 835 401 0 899 333 1232 750 535 1161 306 355 1649 1289
531 529 667 1408 525 899 0 1000 2090 1137 540 482 867 1160 1434 1052
509 568 359 1144 483 333 1000 0 1099 1083 795 1121 133 192 1400 1074
1568 1660 1424 1542 1564 1232 2090 1099 0 1704 1761 2204 1232 929 2172 1973
846 1217 883 312 925 750 1137 1083 1704 0 606 1579 1044 1057 2314 1929
336 669 455 868 410 535 540 795 1761 606 0 972 692 881 1766 1373
817 553 895 1824 764 1161 482 1121 2204 1579 972 0 998 1310 1012 668
387 444 241 1142 353 306 867 133 1232 1044 692 998 0 312 1354 1007
643 756 496 1066 635 355 1160 192 929 1057 881 1310 312 0 1562 1251
1470 1101 1440 2474 1390 1649 1434 1400 2172 2314 1766 1012 1354 1562 0 393
1083 712 1064 2101 1003 1289 1052 1074 1973 1929 1373 668 1007 1251 393 0
