0 395 829 523 535 70 1497 1536 140 730 614 203 1191 788 183 1096
395 0 1130 241 589 442 1892 1782 491 690 987 415 1385 759 306 1191
829 1130 0 1328 1325 845 1175 727 689 819 361 716 498 811 827 1779
523 241 1328 0 455 542 1972 2003 651 930 1138 615 1616 999 505 1023
535 589 1325 455 0 494 1678 2049 666 1209 1035 728 1722 1274 658 605
70 442 845 542 494 0 1452 1561 173 798 603 267 1228 855 253 1038
1497 1892 1175 1972 1678 1452 0 1519 1424 1918 996 1551 1586 1931 1630 1746
1536 1782 727 2003 2049 1561 1519 0 1396 1260 1067 1391 435 1214 1498 2502
140 491 689 651 666 173 1424 1396 0 666 496 144 1056 717 206 1206
730 690 819 930 1209 798 1918 1260 666 0 925 533 826 69 562 1805
614 987 361 1138 1035 603 996 1067 496 925 0 591 855 944 689 1436
203 415 716 615 728 267 1551 1391 144 533 591 0 1020 588 110 1299
1191 1385 498 1616 1722 1228 1586 435 1056 826 855 1020 0 779 1120 2230
788 759 811 999 1274 855 1931 1214 717 69 944 588 779 0 623 1869
183 306 827 505 658 253 1630 1498 206 562 689 110 1120 623 0 1246
1096 1191 1779 1023 605 1038 1746 2502 1206 1805 1436 1299 2230 1869 1246 0
