0 1546 1705 1055 1145 128 1114 1308 549 695 1561 452 1390 1478 1341 982
1546 0 210 1855 1968 1436 1129 986 1005 2233 381 1119 673 511 1459 2327
1705 210 0 1909 2177 1589 1150 969 1157 2397 556 1264 642 702 1666 2434
1055 1855 1909 0 2201 995 780 1016 1108 1383 2071 1016 1310 2067 2311 763
1145 1968 2177 2201 0 1220 2121 2243 1361 1187 1746 1362 2184 1592 722 1963
128 1436 1589 995 1220 0 992 1181 432 819 1471 328 1261 1397 1347 1018
1114 1129 1150 780 2121 992 0 250 767 1728 1410 760 531 1447 1979 1431
1308 986 969 1016 2243 1181 250 0 885 1950 1309 909 327 1372 2022 1681
549 1005 1157 1108 1361 432 767 885 0 1244 1073 119 883 1023 1247 1370
695 2233 2397 1383 1187 819 1728 1950 1244 0 2210 1147 2071 2107 1696 857
1561 381 556 2071 1746 1471 1410 1309 1073 2210 0 1193 1020 161 1154 2443
452 1119 1264 1016 1362 328 760 909 119 1147 1193 0 947 1141 1311 1250
1390 673 642 1310 2184 1261 531 327 883 2071 1020 947 0 1103 1863 1921
1478 511 702 2067 1592 1397 1447 1372 1023 2107 161 1141 1103 0 993 2390
1341 1459 1666 2311 722 1347 1979 2022 1247 1696 1154 1311 1863 993 0 2309
982 2327 2434 763 1963 1018 1431 1681 1370 857 2443 1250 1921 2390 2309 0
