0 1445 716 1240 1050 720 572 1368 1216 479 910 998 629 223 648 653
1445 0 1412 2572 2181 2156 1236 2685 1785 988 1976 1934 905 1656 2023 1585
716 1412 0 1244 1754 1233 1172 1337 1895 844 574 522 566 736 830 1355
1240 2572 1244 0 1659 887 1777 131 2223 1700 710 858 1667 1023 591 1691
1050 2181 1754 1659 0 777 945 1778 740 1273 1756 1899 1606 1034 1247 596
720 2156 1233 887 777 0 1069 1010 1357 1170 1049 1212 1341 543 512 873
572 1236 1172 1777 945 1069 0 1908 746 395 1477 1550 784 763 1191 350
1368 2685 1337 131 1778 1010 1908 0 2352 1825 784 918 1779 1152 720 1822
1216 1785 1895 2223 740 1357 746 2352 0 1138 2107 2210 1528 1332 1697 570
479 988 844 1700 1273 1170 395 1825 1138 0 1256 1292 389 702 1114 706
910 1976 574 710 1756 1049 1477 784 2107 1256 0 173 1092 776 538 1536
998 1934 522 858 1899 1212 1550 918 2210 1292 173 0 1077 893 703 1642
629 905 566 1667 1606 1341 784 1779 1528 389 1092 1077 0 804 1128 1074
223 1656 736 1023 1034 543 763 1152 1332 702 776 893 804 0 431 762
648 2023 830 591 1247 512 1191 720 1697 1114 538 703 1128 431 0 1141
653 1585 1355 1691 596 873 350 1822 570 706 1536 1642 1074 762 1141 0
