0 1098 1136 12 1028 959 139 202 1404 891 676 1537 735 844 1689 261
1098 0 1661 1105 1625 1864 958 1294 2466 1960 1773 1031 1636 590 1620 1065
1136 1661 0 1145 127 1930 1156 1080 1371 1604 1290 1264 1757 1076 884 894
12 1105 1145 0 1037 947 147 198 1401 881 668 1548 723 855 1701 272
1028 1625 127 1037 0 1805 1058 961 1271 1476 1162 1313 1634 1051 989 795
959 1864 1930 947 1805 0 1056 893 1400 486 704 2490 234 1781 2622 1200
139 958 1156 147 1058 1056 0 338 1535 1025 815 1434 826 727 1637 262
202 1294 1080 198 961 893 338 0 1203 735 487 1655 692 992 1728 327
1404 2466 1371 1401 1271 1400 1535 1203 0 914 821 2526 1399 2037 2255 1403
891 1960 1604 881 1476 486 1025 735 914 0 315 2387 509 1726 2386 1060
676 1773 1290 668 1162 704 815 487 821 315 0 2105 619 1471 2074 792
1537 1031 1264 1548 1313 2490 1434 1655 2526 2387 2105 0 2260 720 718 1328
735 1636 1757 723 1634 234 826 692 1399 509 619 2260 0 1548 2413 983
844 590 1076 855 1051 1781 727 992 2037 1726 1471 720 1548 0 1110 680
1689 1620 884 1701 989 2622 1637 1728 2255 2386 2074 718 2413 1110 0 1431
261 1065 894 272 795 1200 262 327 1403 1060 792 1328 983 680 1431 0
