0 865 1484 320 949 888 504 100 1057 282 1422 1623 101 513 276 1424
865 0 884 1087 1383 1617 1343 778 1711 1070 1324 1410 856 1306 778 2169
1484 884 0 1787 1414 1884 1819 1437 2496 1550 2192 761 1529 1722 1253 2372
320 1087 1787 0 1193 989 529 349 737 471 1298 1941 258 613 594 1468
949 1383 1414 1193 0 559 802 1013 1855 722 2351 1068 1050 665 745 965
888 1617 1884 989 559 0 464 984 1494 606 2277 1625 971 383 843 553
504 1343 1819 529 802 464 0 604 1068 281 1826 1755 563 137 592 947
100 778 1437 349 1013 984 604 0 1074 377 1344 1623 91 612 295 1522
1057 1711 2496 737 1855 1494 1068 1074 0 1158 1278 2677 986 1199 1331 1815
282 1070 1550 471 722 606 281 377 1158 0 1695 1550 372 242 311 1148
1422 1324 2192 1298 2351 2277 1826 1344 1278 1695 0 2713 1325 1894 1608 2766
1623 1410 761 1941 1068 1625 1755 1623 2677 1550 2713 0 1704 1626 1347 1992
101 856 1529 258 1050 971 563 91 986 372 1325 1704 0 591 364 1499
513 1306 1722 613 665 383 137 612 1199 242 1894 1626 591 0 533 910
276 778 1253 594 745 843 592 295 1331 311 1608 1347 364 533 0 1397
1424 2169 2372 1468 965 553 947 1522 1815 1148 2766 1992 1499 910 1397 0
