0 1679 919 1323 1124 987 1156 731 1078 715 1469 1539 27 719 841 1351 318
1679 0 919 1439 2546 2567 1506 2401 1549 1452 1098 2478 1680 1430 1275 2864 1727
919 919 0 726 1990 1680 694 1574 700 533 1351 2196 931 511 1033 1954 1102
1323 1439 726 0 2446 1674 201 1743 300 611 2076 2803 1347 604 1726 1821 1605
1124 2546 1990 2446 0 1405 2271 1013 2187 1835 1838 775 1103 1841 1303 1743 887
987 2567 1680 1674 1405 0 1474 404 1375 1199 2452 2117 1002 1220 1813 382 1176
1156 1506 694 201 2271 1474 0 1544 99 441 2036 2661 1180 439 1633 1629 1449
731 2401 1574 1743 1013 404 1544 0 1447 1179 2139 1713 737 1196 1495 774 837
1078 1549 700 300 2187 1375 99 1447 0 369 2024 2595 1103 371 1595 1535 1377
715 1452 533 611 1835 1199 441 1179 369 0 1737 2225 739 22 1255 1440 1008
1469 1098 1351 2076 1838 2452 2036 2139 2024 1737 0 1515 1452 1721 644 2820 1304
1539 2478 2196 2803 775 2117 2661 1713 2595 2225 1515 0 1512 2224 1230 2478 1224
27 1680 931 1347 1103 1002 1180 737 1103 739 1452 1512 0 743 822 1368 290
719 1430 511 604 1841 1220 439 1196 371 22 1721 2224 743 0 1244 1462 1009
841 1275 1033 1726 1303 1813 1633 1495 1595 1255 644 1230 822 1244 0 2186 660
1351 2864 1954 1821 1743 382 1629 774 1535 1440 2820 2478 1368 1462 2186 0 1555
318 1727 1102 1605 887 1176 1449 837 1377 1008 1304 1224 290 1009 660 1555 0
