0 1505 1092 195 765 1253 1596 1230 812 1263 145 295 780 1149 10 816
1505 0 2598 1341 2169 861 1516 637 1084 2753 1406 1605 1107 2629 1497 1848
1092 2598 0 1267 679 2247 2343 2277 1758 330 1197 1050 1741 286 1101 1209
195 1341 1267 0 860 1058 1605 1036 785 1412 213 455 593 1339 185 958
765 2169 679 860 0 1663 2324 1736 1574 645 910 918 1167 912 768 1335
1253 861 2247 1058 1663 0 2086 228 1360 2305 1235 1490 506 2369 1242 1927
1596 1516 2343 1605 2324 2086 0 1890 832 2634 1454 1407 1937 2204 1597 1142
1230 637 2277 1036 1736 228 1890 0 1203 2366 1186 1434 574 2372 1220 1831
812 1084 1758 785 1574 1360 832 1203 0 1999 666 712 1124 1705 810 777
1263 2753 330 1412 645 2305 2634 2366 1999 0 1388 1287 1804 599 1270 1515
145 1406 1197 213 910 1235 1454 1186 666 1388 0 255 794 1226 144 745
295 1605 1050 455 918 1490 1407 1434 712 1287 255 0 1047 1031 304 521
780 1107 1741 593 1167 506 1937 574 1124 1804 794 1047 0 1868 770 1530
1149 2629 286 1339 912 2369 2204 2372 1705 599 1226 1031 1868 0 1158 1061
10 1497 1101 185 768 1242 1597 1220 810 1270 144 304 770 1158 0 824
816 1848 1209 958 1335 1927 1142 1831 777 1515 745 521 1530 1061 824 0
