0 782 667 96 1715 1288 1040 858 656 871 1330 1584 550 1229 219 57
782 0 1442 866 2343 1623 1115 538 1344 1629 1918 2265 1331 1591 1001 792
667 1442 0 577 1440 1213 1283 1390 350 235 1183 1018 186 1143 452 650
96 866 577 0 1692 1227 1020 898 562 777 1321 1488 472 1166 143 75
1715 2343 1440 1692 0 2652 2667 2571 1790 1543 434 2118 1351 2582 1567 1749
1288 1623 1213 1227 2652 0 585 1172 867 1132 2383 1102 1330 70 1262 1230
1040 1115 1283 1020 2667 585 0 611 959 1311 2326 1572 1323 583 1117 988
858 538 1390 898 2571 1172 611 0 1170 1514 2175 2001 1345 1154 1038 832
656 1344 350 562 1790 867 959 1170 0 358 1517 934 466 797 510 613
871 1629 235 777 1543 1132 1311 1514 358 0 1339 784 420 1063 668 846
1330 1918 1183 1321 434 2383 2326 2175 1517 1339 0 2023 1054 2314 1210 1370
1584 2265 1018 1488 2118 1102 1572 2001 934 784 2023 0 1204 1058 1410 1545
550 1331 186 472 1351 1330 1323 1345 466 420 1054 1204 0 1260 331 547
1229 1591 1143 1166 2582 70 583 1154 797 1063 2314 1058 1260 0 1198 1172
219 1001 452 143 1567 1262 1117 1038 510 668 1210 1410 331 1198 0 217
57 792 650 75 1749 1230 988 832 613 846 1370 1545 547 1172 217 0
