0 975 101 1589 1034 539 1014 1346 1364 1150 260 1123 663 882 1125 1168
975 0 1004 2360 111 1346 1989 702 811 1790 805 1400 1142 1333 1821 260
101 1004 0 1648 1054 444 1002 1418 1329 1050 350 1224 763 981 1028 1212
1589 2360 1648 0 2456 1803 1102 2291 2939 2296 1607 1204 1228 1089 2207 2433
1034 111 1054 2456 0 1369 2049 785 708 1781 883 1510 1244 1438 1818 312
539 1346 444 1803 1369 0 891 1843 1438 621 794 1625 1164 1362 587 1581
1014 1989 1002 1102 2049 891 0 2258 2289 1238 1207 1547 1210 1278 1138 2168
1346 702 1418 2291 785 1843 2258 0 1479 2379 1093 1122 1119 1204 2389 486
1364 811 1329 2939 708 1438 2289 1479 0 1600 1340 2150 1807 2026 1675 993
1150 1790 1050 2296 1781 621 1238 2379 1600 0 1395 2245 1786 1981 110 2046
260 805 350 1607 883 794 1207 1093 1340 1395 0 939 505 735 1377 962
1123 1400 1224 1204 1510 1625 1547 1122 2150 2245 939 0 461 279 2202 1379
663 1142 763 1228 1244 1164 1210 1119 1807 1786 505 461 0 230 1745 1204
882 1333 981 1089 1438 1362 1278 1204 2026 1981 735 279 230 0 1934 1364
1125 1821 1028 2207 1818 587 1138 2389 1675 110 1377 2202 1745 1934 0 2074
1168 260 1212 2433 312 1581 2168 486 993 2046 962 1379 1204 1364 2074 0
