0 234 1598 1298 252 1323 1176 917 1436 1572 1487 1462 374 122 1680 502
234 0 1373 1294 442 1526 1391 1063 1355 1605 1501 1302 535 160 1889 672
1598 1373 0 2208 1812 2677 2603 2073 1962 2015 1857 1504 1741 1531 3041 1852
1298 1294 2208 0 1141 2363 2168 2158 457 2870 2780 959 1645 1214 2650 1746
252 442 1812 1141 0 1310 1138 1017 1350 1760 1689 1471 512 282 1647 604
1323 1526 2677 2363 1310 0 202 621 2646 1325 1384 2772 1001 1444 368 867
1176 1391 2603 2168 1138 202 0 613 2461 1417 1456 2608 884 1295 509 758
917 1063 2073 2158 1017 621 613 0 2347 889 889 2364 543 1034 972 419
1436 1355 1962 457 1350 2646 2461 2347 0 2959 2850 547 1808 1327 2961 1928
1572 1605 2015 2870 1760 1325 1417 889 2959 0 158 2829 1251 1658 1557 1189
1487 1501 1857 2780 1689 1384 1456 889 2850 158 0 2701 1188 1566 1643 1141
1462 1302 1504 959 1471 2772 2608 2364 547 2829 2701 0 1826 1340 3117 1960
374 535 1741 1645 512 1001 884 543 1808 1251 1188 1826 0 491 1368 137
122 160 1531 1214 282 1444 1295 1034 1327 1658 1566 1340 491 0 1801 622
1680 1889 3041 2650 1647 368 509 972 2961 1557 1643 3117 1368 1801 0 1234
502 672 1852 1746 604 867 758 419 1928 1189 1141 1960 137 622 1234 0
