0 1289 305 1296 870 536 964 674 1697 1631 1390 1191 704 400 1282 1087
1289 0 1480 2562 2121 1620 326 1675 2979 2340 1334 102 1854 1564 181 2256
305 1480 0 1235 642 232 1168 378 1511 1343 1695 1378 822 97 1440 806
1296 2562 1235 0 803 1278 2236 1375 722 2073 2133 2469 770 1205 2573 1064
870 2121 642 803 0 563 1807 613 877 1293 2147 2020 883 564 2082 331
536 1620 232 1278 563 0 1323 152 1437 1117 1926 1517 995 150 1558 636
964 326 1168 2236 1807 1323 0 1393 2658 2134 1195 235 1533 1256 372 1957
674 1675 378 1375 613 152 1393 0 1463 966 2061 1573 1143 302 1598 604
1697 2979 1511 722 877 1437 2658 1463 0 1815 2783 2878 1395 1440 2950 909
1631 2340 1343 2073 1293 1117 2134 966 1815 0 2997 2248 2070 1267 2207 1010
1390 1334 1695 2133 2147 1926 1195 2061 2783 2997 0 1321 1388 1788 1491 2429
1191 102 1378 2469 2020 1517 235 1573 2878 2248 1321 0 1768 1462 170 2153
704 1854 822 770 883 995 1533 1143 1395 2070 1388 1768 0 856 1892 1211
400 1564 97 1205 564 150 1256 302 1440 1267 1788 1462 856 0 1518 711
1282 181 1440 2573 2082 1558 372 1598 2950 2207 1491 170 1892 1518 0 2191
1087 2256 806 1064 331 636 1957 604 909 1010 2429 2153 1211 711 2191 0
