0 7 793 1493 748 955 442 1289 1339 710 1524 228 856 1682 1434 978
7 0 791 1490 741 962 442 1292 1334 717 1526 236 858 1677 1430 977
793 791 0 2184 723 1536 1225 722 664 983 2317 893 373 1134 2065 1746
1493 1490 2184 0 1646 1821 1093 2779 2486 2055 911 1577 2341 2578 259 624
748 741 723 1646 0 1704 986 1444 840 1359 2032 971 1053 1015 1473 1374
955 962 1536 1821 1704 0 922 1640 2185 628 1307 735 1357 2594 1899 1200
442 442 1225 1093 986 922 0 1720 1716 974 1100 484 1293 1994 1080 538
1289 1292 722 2779 1444 1640 1720 0 1137 1014 2725 1265 440 1640 2697 2258
1339 1334 664 2486 840 2185 1716 1137 0 1648 2810 1496 981 506 2309 2177
710 717 983 2055 1359 628 974 1014 1648 0 1784 517 743 2102 2054 1452
1524 1526 2317 911 2032 1307 1100 2725 2810 1784 0 1471 2330 3047 1137 671
228 236 893 1577 971 735 484 1265 1496 517 1471 0 858 1873 1553 1007
856 858 373 2341 1053 1357 1293 440 981 743 2330 858 0 1475 2257 1832
1682 1677 1134 2578 1015 2594 1994 1640 506 2102 3047 1873 1475 0 2366 2384
1434 1430 2065 259 1473 1899 1080 2697 2309 2054 1137 1553 2257 2366 0 712
978 977 1746 624 1374 1200 538 2258 2177 1452 671 1007 1832 2384 712 0
