0 254 912 713 1275 1530 35 325 443 1073 439 558 358 525 117 594
254 0 918 801 1530 1374 281 299 628 905 402 418 407 593 295 831
912 918 0 314 1674 941 939 625 1317 1776 1306 1333 1262 402 1030 1328
713 801 314 0 1362 1230 732 509 1067 1703 1144 1216 1072 207 826 1039
1275 1530 1674 1362 0 2579 1248 1471 1061 2169 1506 1707 1366 1375 1260 769
1530 1374 941 1230 2579 0 1565 1213 1972 1895 1749 1659 1780 1208 1629 2090
35 281 939 732 1248 1565 0 359 408 1076 430 561 340 549 93 560
325 299 625 509 1471 1213 359 0 768 1194 681 718 647 302 437 881
443 628 1317 1067 1061 1972 408 768 0 1108 452 658 316 915 344 293
1073 905 1776 1703 2169 1895 1076 1194 1108 0 682 514 819 1495 1009 1402
439 402 1306 1144 1506 1749 430 681 452 682 0 206 140 945 347 739
558 418 1333 1216 1707 1659 561 718 658 514 206 0 342 1010 497 942
358 407 1262 1072 1366 1780 340 647 316 819 140 342 0 883 248 599
525 593 402 207 1375 1208 549 302 915 1495 945 1010 883 0 641 935
117 295 1030 826 1260 1629 93 437 344 1009 347 497 248 641 0 538
594 831 1328 1039 769 2090 560 881 293 1402 739 942 599 935 538 0
