0 732 442 890 910 128 366 282 1530 679 698 764 1298 113 841 1509
732 0 1037 778 1319 701 461 790 2238 1083 592 376 1495 631 255 2235
442 1037 0 816 498 375 788 696 1224 1050 1138 903 949 541 1048 1261
890 778 816 0 763 767 950 1139 1967 1538 1267 408 751 881 584 2045
910 1319 498 763 0 808 1207 1182 1261 1548 1572 1053 492 989 1234 1382
128 701 375 767 808 0 414 406 1537 806 771 674 1177 180 773 1535
366 461 788 950 1207 414 0 331 1889 644 365 665 1524 254 658 1854
282 790 696 1139 1182 406 331 0 1635 402 525 939 1580 258 967 1574
1530 2238 1224 1967 1261 1537 1889 1635 0 1758 2161 2126 1663 1643 2271 233
679 1083 1050 1538 1548 806 644 402 1758 0 597 1305 1970 659 1300 1646
698 592 1138 1267 1572 771 365 525 2161 597 0 920 1883 596 844 2096
764 376 903 408 1053 674 665 939 2126 1305 920 0 1148 704 185 2161
1298 1495 949 751 492 1177 1524 1580 1663 1970 1883 1148 0 1351 1331 1816
113 631 541 881 989 180 254 258 1643 659 596 704 1351 0 761 1618
841 255 1048 584 1234 773 658 967 2271 1300 844 185 1331 761 0 2294
1509 2235 1261 2045 1382 1535 1854 1574 233 1646 2096 2161 1816 1618 2294 0
