0 783 1242 690 241 338 1123 961 1378 1267 459 1658 460 1099 163 324
783 0 1909 1456 559 1095 878 1702 2159 660 1240 2440 530 1433 658 493
1242 1909 0 659 1384 916 1656 397 779 2102 984 1176 1390 852 1405 1429
690 1456 659 0 897 361 1516 292 715 1830 329 1054 1009 1017 847 966
241 559 1384 897 0 536 930 1148 1601 1028 697 1894 255 1081 197 83
338 1095 916 361 536 0 1238 623 1069 1495 256 1383 665 948 500 606
1123 878 1656 1516 930 1238 0 1640 2200 537 1485 2567 675 879 1127 860
961 1702 397 292 1148 623 1640 0 569 2012 619 960 1221 988 1122 1209
1378 2159 779 715 1601 1069 2200 569 0 2543 935 402 1725 1545 1522 1674
1267 660 2102 1830 1028 1495 537 2012 2543 0 1706 2877 831 1392 1199 945
459 1240 984 329 697 256 1485 619 935 1706 0 1199 877 1180 590 777
1658 2440 1176 1054 1894 1383 2567 960 402 2877 1199 0 2048 1944 1785 1972
460 530 1390 1009 255 665 675 1221 1725 831 877 2048 0 930 452 192
1099 1433 852 1017 1081 948 879 988 1545 1392 1180 1944 930 0 1218 1074
163 658 1405 847 197 500 1127 1122 1522 1199 590 1785 452 1218 0 271
324 493 1429 966 83 606 860 1209 1674 945 777 1972 192 1074 271 0
