0 552 462 940 897 875 530 523 500 211 880 1240 462 1330 578 1352
552 0 511 1152 1328 1416 939 942 991 351 833 1792 931 1456 260 1000
462 511 0 641 1353 1094 993 514 626 453 1213 1538 551 1751 318 928
940 1152 641 0 1672 1013 1398 514 670 1038 1804 1484 623 2264 931 1151
897 1328 1353 1672 0 930 390 1157 1009 1010 952 899 1049 858 1450 2244
875 1416 1094 1013 930 0 893 607 468 1086 1579 476 544 1749 1365 1985
530 939 993 1398 390 893 0 900 783 622 709 1055 798 900 1063 1862
523 942 514 514 1157 607 900 0 165 692 1399 1077 108 1787 819 1378
500 991 626 670 1009 468 783 165 0 697 1344 925 76 1681 908 1522
211 351 453 1038 1010 1086 622 692 697 0 769 1444 650 1300 441 1243
880 833 1213 1804 952 1579 709 1399 1344 769 0 1762 1325 651 1079 1820
1240 1792 1538 1484 899 476 1055 1077 925 1444 1762 0 1002 1755 1784 2448
462 931 551 623 1049 544 798 108 76 650 1325 1002 0 1691 837 1446
1330 1456 1751 2264 858 1749 900 1787 1681 1300 651 1755 1691 0 1683 2455
578 260 318 931 1450 1365 1063 819 908 441 1079 1784 837 1683 0 803
1352 1000 928 1151 2244 1985 1862 1378 1522 1243 1820 2448 1446 2455 803 0
