0 1299 210 968 1128 119 938 1059 1478 433 1328 561 337 1339 1604 663
1299 0 1164 1527 2427 1208 1788 357 469 1131 1386 1396 1004 1771 2026 1867
210 1164 0 1115 1283 92 847 969 1297 231 1414 724 337 1180 1758 872
968 1527 1115 0 1567 1037 1902 1170 1919 1335 527 411 840 2295 643 842
1128 2427 1283 1567 0 1224 1271 2173 2576 1408 2086 1276 1440 1838 1992 728
119 1208 92 1037 1224 0 896 990 1366 322 1360 640 305 1258 1679 783
938 1788 847 1902 1271 896 0 1713 1707 715 2256 1491 1184 567 2528 1345
1059 357 969 1170 2173 990 1713 0 788 1006 1051 1062 733 1810 1676 1564
1478 469 1297 1919 2576 1366 1707 788 0 1179 1839 1719 1253 1545 2461 2113
433 1131 231 1335 1408 322 715 1006 1179 0 1600 952 517 969 1979 1081
1328 1386 1414 527 2086 1360 2256 1051 1839 1600 0 848 1084 2565 670 1358
561 1396 724 411 1276 640 1491 1062 1719 952 848 0 505 1897 1043 564
337 1004 337 840 1440 305 1184 733 1253 517 1084 505 0 1486 1480 869
1339 1771 1180 2295 1838 1258 567 1810 1545 969 2565 1897 1486 0 2937 1860
1604 2026 1758 643 1992 1679 2528 1676 2461 1979 670 1043 1480 2937 0 1329
663 1867 872 842 728 783 1345 1564 2113 1081 1358 564 869 1860 1329 0
