0 1704 31 919 80 274 873 923 1081 1094 768 1088 1355 804 283 826
1704 0 1689 2471 1771 1967 927 1027 832 1556 1352 2332 2804 1259 1938 2168
31 1689 0 913 83 297 869 924 1078 1062 737 1118 1385 774 311 857
919 2471 913 0 840 813 1760 1834 1976 1240 1180 1645 1620 1268 903 1412
80 1771 83 840 0 233 951 1002 1159 1087 780 1107 1345 825 267 844
274 1967 297 813 233 0 1104 1123 1299 1301 1010 938 1124 1057 91 677
873 927 869 1760 951 1104 0 184 218 1311 945 1417 1877 887 1057 1241
923 1027 924 1834 1002 1123 184 0 203 1480 1108 1305 1787 1056 1063 1155
1081 832 1078 1976 1159 1299 218 203 0 1493 1139 1505 1991 1074 1246 1358
1094 1556 1062 1240 1087 1301 1311 1480 1493 0 384 2179 2426 424 1353 1919
768 1352 737 1180 780 1010 945 1108 1139 384 0 1833 2122 93 1045 1578
1088 2332 1118 1645 1107 938 1417 1305 1505 2179 1833 0 520 1850 860 263
1355 2804 1385 1620 1345 1124 1877 1787 1991 2426 2122 520 0 2159 1078 636
804 1259 774 1268 825 1057 887 1056 1074 424 93 1850 2159 0 1085 1599
283 1938 311 903 267 91 1057 1063 1246 1353 1045 860 1078 1085 0 597
826 2168 857 1412 844 677 1241 1155 1358 1919 1578 263 636 1599 597 0
