0 1212 1211 1333 1072 927 1150 179 827 1375 201 1209 1624 825 572 940
1212 0 1046 2488 1406 2139 1627 1259 1704 2581 1352 495 2823 849 1783 393
1211 1046 0 2014 2044 1950 2207 1105 1083 2255 1412 1470 2670 403 1650 710
1333 2488 2014 0 2170 648 2121 1237 932 393 1290 2542 943 1805 866 2143
1072 1406 2044 2170 0 1559 232 1252 1895 2035 972 1009 1993 1650 1309 1439
927 2139 1950 648 1559 0 1488 916 1011 486 804 2084 724 1635 355 1855
1150 1627 2207 2121 232 1488 0 1328 1951 1948 1015 1241 1850 1806 1282 1634
179 1259 1105 1237 1252 916 1328 0 651 1327 342 1320 1634 742 575 944
827 1704 1083 932 1895 1011 1951 651 0 1204 936 1890 1680 918 841 1322
1375 2581 2255 393 2035 486 1948 1327 1204 0 1276 2559 551 1992 820 2270
201 1352 1412 1290 972 804 1015 342 936 1276 0 1283 1471 1026 456 1112
1209 495 1470 2542 1009 2084 1241 1320 1890 2559 1283 0 2706 1182 1739 760
1624 2823 2670 943 1993 724 1850 1634 1680 551 1471 2706 0 2359 1061 2563
825 849 403 1805 1650 1635 1806 742 918 1992 1026 1182 2359 0 1311 457
572 1783 1650 866 1309 355 1282 575 841 820 456 1739 1061 1311 0 1504
940 393 710 2143 1439 1855 1634 944 1322 2270 1112 760 2563 457 1504 0
