0 678 856 1624 404 458 1368 765 933 1398 1600 765 606 463 1298 1605
678 0 522 2017 1076 411 815 1234 973 2071 2269 1436 353 276 866 2275
856 522 0 2421 1155 398 1251 1041 538 2081 2398 1580 852 448 442 2401
1624 2017 2421 0 1582 2041 2125 2170 2551 1802 1423 1303 1681 1974 2847 1439
404 1076 1155 1582 0 783 1764 591 1046 995 1244 433 997 836 1585 1247
458 411 398 2041 783 0 1225 828 624 1751 2025 1197 604 147 840 2029
1368 815 1251 2125 1764 1225 0 2035 1765 2736 2812 2028 767 1083 1407 2821
765 1234 1041 2170 591 828 2035 0 667 1129 1575 926 1321 957 1383 1573
933 973 538 2551 1046 624 1765 667 0 1795 2211 1469 1226 763 751 2210
1398 2071 2081 1802 995 1751 2736 1129 1795 0 567 733 1972 1823 2477 557
1600 2269 2398 1423 1244 2025 2812 1575 2211 567 0 835 2086 2061 2824 15
765 1436 1580 1303 433 1197 2028 926 1469 733 835 0 1277 1227 2015 840
606 353 852 1681 997 604 767 1321 1226 1972 2086 1277 0 463 1219 2094
463 276 448 1974 836 147 1083 957 763 1823 2061 1227 463 0 876 2066
1298 866 442 2847 1585 840 1407 1383 751 2477 2824 2015 1219 876 0 2826
1605 2275 2401 1439 1247 2029 2821 1573 2210 557 15 840 2094 2066 2826 0
