0 1407 1002 969 1501 28 1103 222 1574 1351 763 735 735 1115 459 728
1407 0 2401 2376 1646 1380 563 1199 1056 2192 970 675 1498 2521 1796 795
1002 2401 0 119 1956 1028 2095 1201 2336 1612 1705 1725 1216 161 768 1720
969 2376 119 0 2017 996 2046 1178 2365 1496 1643 1701 1257 145 688 1673
1501 1646 1956 2017 0 1483 1875 1367 743 2848 1901 1363 804 2117 1906 1697
28 1380 1028 996 1483 0 1081 193 1548 1367 749 707 723 1142 486 707
1103 563 2095 2046 1875 1081 0 946 1455 1641 455 545 1469 2191 1397 375
222 1199 1201 1178 1367 193 946 0 1370 1488 680 523 665 1323 675 585
1574 1056 2336 2365 743 1548 1455 1370 0 2800 1651 1083 1131 2491 2033 1424
1351 2192 1612 1496 2848 1367 1641 1488 2800 0 1229 1736 2082 1576 1028 1437
763 970 1705 1643 1901 749 455 680 1651 1229 0 572 1319 1785 971 227
735 675 1725 1701 1363 707 545 523 1083 1736 572 0 930 1846 1148 348
735 1498 1216 1257 804 723 1469 665 1131 2082 1319 930 0 1374 1107 1169
1115 2521 161 145 2117 1142 2191 1323 2491 1576 1785 1846 1374 0 824 1818
459 1796 768 688 1906 486 1397 675 2033 1028 971 1148 1107 824 0 1035
728 795 1720 1673 1697 707 375 585 1424 1437 227 348 1169 1818 1035 0
