0 791 81 1361 805 194 261 1171 201 948 1429 619 178 1029 935 251
791 0 814 2150 1592 675 1045 1952 742 911 2181 1397 612 1525 1601 690
81 814 0 1351 802 163 277 1138 142 888 1383 628 211 949 867 203
1361 2150 1351 0 558 1510 1105 419 1462 2036 669 761 1539 1430 1032 1526
805 1592 802 558 0 964 547 499 922 1563 845 208 982 1133 778 987
194 675 163 1510 964 0 439 1281 73 761 1507 791 147 965 950 69
261 1045 277 1105 547 439 0 947 415 1144 1235 357 436 1029 836 479
1171 1952 1138 419 499 1281 947 0 1220 1694 351 687 1345 1023 627 1280
201 742 142 1462 922 73 415 1220 0 748 1439 758 211 896 877 65
948 911 888 2036 1563 761 1144 1694 748 0 1783 1446 876 850 1126 698
1429 2181 1383 669 845 1507 1235 351 1439 1783 0 1019 1594 999 657 1493
619 1397 628 761 208 791 357 687 758 1446 1019 0 793 1132 825 823
178 612 211 1539 982 147 436 1345 211 876 1594 793 0 1108 1068 213
1029 1525 949 1430 1133 965 1029 1023 896 850 999 1132 1108 0 397 910
935 1601 867 1032 778 950 836 627 877 1126 657 825 1068 397 0 917
251 690 203 1526 987 69 479 1280 65 698 1493 823 213 910 917 0
