0 924 1686 167 563 694 1120 433 898 1349 982 739 311 1078 691 1520
924 0 1121 1092 1405 1595 1999 497 33 1912 1581 730 945 1253 1552 972
1686 1121 0 1816 2249 2356 2785 1414 1150 1859 2586 1830 1485 2360 2375 1986
167 1092 1816 0 451 543 972 600 1066 1286 938 859 363 1133 562 1660
563 1405 2249 451 0 248 595 917 1374 1602 556 927 814 967 148 1733
694 1595 2356 543 248 0 429 1098 1566 1485 728 1169 877 1206 152 1978
1120 1999 2785 972 595 429 0 1508 1969 1770 793 1494 1304 1393 447 2272
433 497 1414 600 917 1098 1508 0 469 1609 1173 522 536 1017 1062 1171
898 33 1150 1066 1374 1566 1969 469 0 1906 1547 697 927 1221 1521 960
1349 1912 1859 1286 1602 1485 1770 1609 1906 0 2157 2069 1087 2417 1616 2779
982 1581 2586 938 556 728 793 1173 1547 2157 0 903 1284 625 576 1569
739 730 1830 859 927 1169 1494 522 697 2069 903 0 983 530 1068 816
311 945 1485 363 814 877 1304 536 927 1087 1284 983 0 1376 919 1706
1078 1253 2360 1133 967 1206 1393 1017 1221 2417 625 530 1376 0 1064 966
691 1552 2375 562 148 152 447 1062 1521 1616 576 1068 919 1064 0 1867
1520 972 1986 1660 1733 1978 2272 1171 960 2779 1569 816 1706 966 1867 0
