0 345 353 610 1651 708 323 330 515 792 1509 355 967 1562 174 1496
345 0 476 941 1848 683 543 548 260 525 1604 295 759 1585 176 1681
353 476 0 611 1975 1044 672 136 730 1001 1861 657 742 1914 412 1207
610 941 611 0 1665 1191 701 476 1124 1398 1732 937 1345 1888 783 1120
1651 1848 1975 1665 0 1293 1335 1886 1755 1826 572 1566 2596 903 1717 2764
708 683 1044 1191 1293 0 489 1038 497 534 945 400 1427 901 642 2198
323 543 672 701 1335 489 0 620 566 792 1190 333 1264 1265 388 1737
330 548 136 476 1886 1038 620 0 786 1064 1806 673 876 1882 442 1170
515 260 730 1124 1755 497 566 786 0 280 1442 233 939 1382 351 1937
792 525 1001 1398 1826 534 792 1064 280 0 1435 472 1077 1312 631 2207
1509 1604 1861 1732 572 945 1190 1806 1442 1435 0 1309 2362 332 1517 2850
355 295 657 937 1566 400 333 673 233 472 1309 0 1054 1299 246 1844
967 759 742 1345 2596 1427 1264 876 939 1077 2362 1054 0 2322 878 1524
1562 1585 1914 1888 903 901 1265 1882 1382 1312 332 1299 2322 0 1532 2988
174 176 412 783 1717 642 388 442 351 631 1517 246 878 1532 0 1609
1496 1681 1207 1120 2764 2198 1737 1170 1937 2207 2850 1844 1524 2988 1609 0
