0 362 816 1164 66 1302 1077 1673 670 610 1555 1103 838 1343 249 1257 408
362 0 925 1169 296 974 1331 1613 1006 902 1201 1106 582 1702 539 1047 578
816 925 0 1980 829 1337 1761 962 718 510 1952 1918 831 1377 603 935 407
1164 1169 1980 0 1152 1934 879 2778 1648 1696 1610 63 1718 2028 1396 2189 1573
66 296 829 1152 0 1242 1116 1660 731 661 1489 1091 788 1410 293 1216 425
1302 974 1337 1934 1242 0 2295 1365 1815 1640 829 1878 529 2551 1373 583 1265
1077 1331 1761 879 1116 2295 0 2703 1163 1309 2258 867 1896 1262 1185 2333 1397
1673 1613 962 2778 1660 1365 2703 0 1671 1468 2184 2714 1147 2258 1519 786 1306
670 1006 718 1648 731 1815 1163 1671 0 210 2206 1596 1290 736 471 1569 553
610 902 510 1696 661 1640 1309 1468 210 0 2086 1640 1111 924 369 1365 378
1555 1201 1952 1610 1489 829 2258 2184 2206 2086 0 1570 1148 2899 1736 1398 1725
1103 1106 1918 63 1091 1878 867 2714 1596 1640 1570 0 1656 1992 1336 2127 1512
838 582 831 1718 788 529 1896 1147 1290 1111 1148 1656 0 2026 863 471 738
1343 1702 1377 2028 1410 2551 1262 2258 736 924 2899 1992 2026 0 1191 2285 1288
249 539 603 1396 293 1373 1185 1519 471 369 1736 1336 863 1191 0 1216 212
1257 1047 935 2189 1216 583 2333 786 1569 1365 1398 2127 471 2285 1216 0 1038
408 578 407 1573 425 1265 1397 1306 553 378 1725 1512 738 1288 212 1038 0
