0 1626 818 1338 151 934 962 1662 685 96 1254 1518 442 1315 1162 1106
1626 0 2078 2234 1638 2359 1611 2879 2138 1640 1579 3008 1188 2545 2736 2615
818 2078 0 585 959 1483 628 2240 277 726 920 954 1030 513 1425 1509
1338 2234 585 0 1488 2068 625 2825 854 1241 726 1189 1415 508 1988 2088
151 1638 959 1488 0 825 1109 1533 804 247 1395 1604 487 1447 1108 1024
934 2359 1483 2068 825 0 1854 760 1222 1000 2164 1661 1299 1836 507 290
962 1611 628 625 1109 1854 0 2606 846 875 320 1560 876 973 1932 1959
1662 2879 2240 2825 1533 760 2606 0 1973 1738 2911 2284 1968 2563 979 781
685 2138 277 854 804 1222 846 1973 0 607 1157 875 1004 657 1148 1234
96 1640 726 1241 247 1000 875 1738 607 0 1173 1456 453 1227 1192 1154
1254 1579 920 726 1395 2164 320 2911 1157 1173 0 1813 1091 1176 2253 2277
1518 3008 954 1189 1604 1661 1560 2284 875 1456 1813 0 1876 682 1305 1512
442 1188 1030 1415 487 1299 876 1968 1004 453 1091 1876 0 1543 1591 1511
1315 2545 513 508 1447 1836 973 2563 657 1227 1176 682 1543 0 1647 1790
1162 2736 1425 1988 1108 507 1932 979 1148 1192 2253 1305 1591 1647 0 240
1106 2615 1509 2088 1024 290 1959 781 1234 1154 2277 1512 1511 1790 240 0
