0 902 1619 1287 1695 3 1136 22 1057 696 1628 73 1621 1198 1239 429
902 0 1101 2099 2205 900 1437 886 1558 1538 875 926 739 419 1965 482
1619 1101 0 2326 3223 1618 1211 1616 1506 1946 1716 1591 1340 717 2072 1273
1287 2099 2326 0 2318 1291 1171 1309 852 592 2904 1231 2838 2252 306 1630
1695 2205 3223 2318 0 1693 2783 1687 2613 1933 2335 1752 2617 2620 2485 1953
3 900 1618 1291 1693 0 1139 18 1060 699 1624 76 1618 1196 1242 427
1136 1437 1211 1171 2783 1139 0 1151 318 983 2311 1066 2094 1380 887 1143
22 886 1616 1309 1687 18 1151 0 1076 718 1607 93 1602 1187 1261 415
1057 1558 1506 852 2613 1060 318 1076 0 725 2430 984 2260 1579 572 1183
696 1538 1946 592 1933 699 983 718 725 0 2319 642 2276 1740 598 1059
1628 875 1716 2904 2335 1624 2311 1607 2430 2319 0 1676 423 1042 2805 1285
73 926 1591 1231 1752 76 1066 93 984 642 1676 0 1653 1201 1173 445
1621 739 1340 2838 2617 1618 2094 1602 2260 2276 423 1653 0 732 2698 1217
1198 419 717 2252 2620 1196 1380 1187 1579 1740 1042 1201 732 0 2068 774
1239 1965 2072 306 2485 1242 887 1261 572 598 2805 1173 2698 2068 0 1519
429 482 1273 1630 1953 427 1143 415 1183 1059 1285 445 1217 774 1519 0
