0 1324 961 606 629 653 1533 932 1364 109 1136 207 761 1082 273 1196
1324 0 2264 902 1806 1927 1824 1115 2573 1433 1753 1381 700 1981 1051 1514
961 2264 0 1420 543 666 1736 1531 1043 862 1261 999 1719 1391 1221 1893
606 902 1420 0 920 1256 1169 422 1970 704 931 771 692 1620 397 1508
629 1806 543 920 0 788 1257 988 1418 574 782 771 1360 1483 824 1784
653 1927 666 1256 788 0 2007 1539 717 552 1548 546 1274 738 911 1244
1533 1824 1736 1169 1257 2007 0 765 2674 1570 477 1740 1858 2606 1483 2653
932 1115 1531 422 988 1539 765 0 2254 1008 643 1127 1097 2001 792 1931
1364 2573 1043 1970 1418 717 2674 2254 0 1267 2201 1225 1884 799 1608 1522
109 1433 862 704 574 552 1570 1008 1267 0 1154 201 857 1036 383 1218
1136 1753 1261 931 782 1548 477 643 2201 1154 0 1340 1609 2181 1150 2310
207 1381 999 771 771 546 1740 1127 1225 201 1340 0 745 877 386 1017
761 700 1719 692 1360 1274 1858 1097 1884 857 1609 745 0 1284 537 912
1082 1981 1391 1620 1483 738 2606 2001 799 1036 2181 877 1284 0 1223 726
273 1051 1221 397 824 911 1483 792 1608 383 1150 386 537 1223 0 1171
1196 1514 1893 1508 1784 1244 2653 1931 1522 1218 2310 1017 912 726 1171 0
