0 341 1494 911 1500 1492 372 431 431 567 236 1329 101 1076 787 266 1095
341 0 1274 629 1201 1638 452 89 735 425 273 1652 256 1157 659 557 1394
1494 1274 0 677 497 2911 1727 1221 1617 928 1543 2765 1468 2418 1812 1760 2033
911 629 677 0 589 2249 1077 562 1166 428 903 2238 859 1747 1135 1166 1735
1500 1201 497 589 0 2765 1631 1123 1744 1000 1470 2828 1442 2248 1586 1750 2273
1492 1638 2911 2249 2765 0 1188 1691 1671 2029 1377 1185 1480 523 1206 1252 2047
372 452 1727 1077 1631 1188 0 515 751 845 189 1318 317 727 467 304 1382
431 89 1221 562 1123 1691 515 0 818 421 347 1740 346 1199 657 643 1474
431 735 1617 1166 1744 1671 751 818 0 744 662 1158 532 1352 1204 483 665
567 425 928 428 1000 2029 845 421 744 0 655 1854 553 1569 1077 834 1309
236 273 1543 903 1470 1377 189 347 662 655 0 1413 150 915 551 323 1320
1329 1652 2765 2238 2828 1185 1318 1740 1158 1854 1413 0 1397 1286 1690 1097 1125
101 256 1468 859 1442 1480 317 346 532 553 150 1397 0 1040 699 307 1196
1076 1157 2418 1747 2248 523 727 1199 1352 1569 915 1286 1040 0 683 879 1860
787 659 1812 1135 1586 1206 467 657 1204 1077 551 1690 699 683 0 771 1847
266 557 1760 1166 1750 1252 304 643 483 834 323 1097 307 879 771 0 1083
1095 1394 2033 1735 2273 2047 1382 1474 665 1309 1320 1125 1196 1860 1847 1083 0
