0 1520 1299 561 122 804 499 1280 809 205 874 815 1704 595 1285 986
1520 0 966 1117 1618 1881 1312 797 2268 1319 1966 1493 393 1478 1679 591
1299 966 0 739 1421 2001 1437 1493 2098 1122 1268 1770 798 1633 753 1025
561 1117 739 0 683 1286 769 1189 1366 385 872 1128 1212 953 900 741
122 1618 1421 683 0 713 506 1328 689 319 924 782 1816 561 1386 1069
804 1881 2001 1286 713 0 592 1286 665 910 1618 436 2182 405 2089 1292
499 1312 1437 769 506 592 0 853 994 462 1361 362 1594 197 1649 720
1280 797 1493 1189 1328 1286 853 0 1832 1138 2023 851 1186 937 2030 483
809 2268 2098 1366 689 665 994 1832 0 1007 1293 1044 2494 897 1940 1690
205 1319 1122 385 319 910 462 1138 1007 0 919 818 1499 616 1202 801
874 1966 1268 872 924 1618 1361 2023 1293 919 0 1690 1980 1470 748 1606
815 1493 1770 1128 782 436 362 851 1044 818 1690 0 1822 221 2011 919
1704 393 798 1212 1816 2182 1594 1186 2494 1499 1980 1822 0 1776 1551 903
595 1478 1633 953 561 405 197 937 897 616 1470 221 1776 0 1817 888
1285 1679 753 900 1386 2089 1649 2030 1940 1202 748 2011 1551 1817 0 1550
986 591 1025 741 1069 1292 720 483 1690 801 1606 919 903 888 1550 0
