0 1544 947 649 144 1404 867 427 1266 486 435 125 1352 777 1070 1174
1544 0 2416 2070 1471 2807 2409 1917 2523 1358 1314 1602 547 1827 2614 2474
947 2416 0 963 1076 1317 372 521 1465 1390 1109 848 2293 1422 535 438
649 2070 963 0 640 764 652 680 637 729 1082 696 1746 493 725 1361
144 1471 1076 640 0 1404 964 562 1224 341 500 269 1239 675 1152 1318
1404 2807 1317 764 1404 0 950 1310 413 1448 1829 1432 2432 1028 804 1754
867 2409 372 652 964 950 0 523 1097 1223 1164 809 2202 1139 233 810
427 1917 521 680 562 1310 523 0 1303 890 642 327 1772 1031 753 775
1266 2523 1465 637 1224 413 1097 1303 0 1178 1702 1328 2106 698 1031 1898
486 1358 1390 729 341 1448 1223 890 1178 0 755 611 1017 507 1379 1656
435 1314 1109 1082 500 1829 1164 642 1702 755 0 397 1281 1173 1391 1176
125 1602 848 696 269 1432 809 327 1328 611 397 0 1444 885 1025 1054
1352 547 2293 1746 1239 2432 2202 1772 2106 1017 1281 1444 0 1411 2381 2446
777 1827 1422 493 675 1028 1139 1031 698 507 1173 885 1411 0 1216 1785
1070 2614 535 725 1152 804 233 753 1031 1379 1391 1025 2381 1216 0 962
1174 2474 438 1361 1318 1754 810 775 1898 1656 1176 1054 2446 1785 962 0
