0 1513 1525 1047 34 840 679 932 623 119 59 908 1449 438 1226 1182
1513 0 2765 2258 1522 1045 1787 2380 919 1435 1510 1491 101 1278 2577 858
1525 2765 0 2078 1494 2361 2005 1589 2067 1516 1573 1328 2739 1517 369 2034
1047 2258 2078 0 1070 1238 472 522 1382 1165 1000 1941 2168 1483 1709 2186
34 1522 1494 1070 0 869 709 940 641 105 93 880 1461 419 1198 1172
840 1045 2361 1238 869 0 783 1462 408 846 799 1455 949 960 2066 1274
679 1787 2005 472 709 783 0 719 911 785 622 1585 1698 1088 1653 1742
932 2380 1589 522 940 1462 719 0 1460 1045 909 1708 2302 1346 1220 2111
623 919 2067 1382 641 408 911 1460 0 576 608 1055 844 585 1808 897
119 1435 1516 1165 105 846 785 1045 576 0 166 800 1377 319 1237 1067
59 1510 1573 1000 93 799 622 909 608 166 0 963 1444 483 1268 1214
908 1491 1328 1941 880 1455 1585 1708 1055 800 963 0 1485 522 1238 707
1449 101 2739 2168 1461 949 1698 2302 844 1377 1444 1485 0 1239 2540 883
438 1278 1517 1483 419 960 1088 1346 585 319 483 522 1239 0 1300 770
1226 2577 369 1709 1198 2066 1653 1220 1808 1237 1268 1238 2540 1300 0 1920
1182 858 2034 2186 1172 1274 1742 2111 897 1067 1214 707 883 770 1920 0
