0 718 186 279 315 864 91 443 524 533 611 858 94 663 772 251 854 592 94 199 708 352 320 204 128 363 567 426 315 317 842 581 688 771 766 578 374 508 193 450 638 713 863 199 126 807 521 83 212 699 582 457 374 75 325 773 354 611 200 266 216 320 45 783 292 608 833 369 67 374 662 346 800 424 89 326 396 665
718 0 853 992 434 780 789 455 1009 503 1311 1160 796 1081 1384 818 1543 134 796 831 565 496 492 621 645 540 1074 297 867 625 1092 1208 1281 1046 597 1295 1092 1014 530 1096 320 1272 828 624 591 672 705 705 635 1236 1205 1163 479 718 734 1146 1067 441 608 923 677 985 709 934 681 495 1502 977 782 754 803 605 1167 812 802 879 381 305
186 853 0 168 486 1047 205 493 640 556 566 719 95 508 801 387 811 737 95 46 894 536 503 389 314 549 396 555 439 500 717 615 502 920 770 490 296 341 328 487 710 529 817 240 289 993 472 261 396 517 619 314 429 249 493 899 304 794 253 335 206 138 163 951 258 632 812 186 172 294 593 530 649 321 176 448 569 740
279 992 168 0 592 1077 236 658 571 724 401 822 196 599 659 368 645 869 195 211 952 614 587 451 387 613 466 696 400 544 835 482 491 878 938 323 128 427 462 364 873 540 975 401 404 1038 634 322 452 544 488 180 593 307 503 830 147 871 412 266 373 147 283 938 426 801 650 251 224 454 747 578 739 470 210 404 673 902
315 434 486 592 0 647 368 380 601 488 879 1028 406 874 956 385 1109 301 406 482 451 116 85 187 215 167 814 199 437 219 987 776 976 723 706 874 676 751 181 661 478 988 877 324 196 566 594 280 201 965 774 772 335 294 320 786 645 325 308 489 383 625 323 666 432 541 1067 652 369 531 737 214 996 595 387 449 82 495
864 780 1047 1077 647 0 854 1009 656 1111 1163 1673 952 1507 1033 713 1311 705 952 1063 220 544 583 660 736 512 1427 782 701 547 1634 939 1547 444 1299 1237 1094 1365 818 902 1026 1576 1500 959 797 108 1240 785 651 1563 931 1244 976 798 574 595 1043 362 945 839 1014 1172 896 277 1073 1148 1229 1233 880 1172 1382 517 1635 1235 884 703 591 1027
91 789 205 236 368 854 0 534 449 624 528 915 116 710 681 184 768 659 115 236 718 379 353 215 155 378 602 504 241 312 906 490 693 716 857 507 307 546 276 359 727 727 949 288 202 808 604 89 216 720 491 416 465 74 289 704 278 635 291 175 299 318 130 745 374 699 744 390 36 448 742 345 850 492 30 251 445 753
443 455 493 658 380 1009 534 0 923 108 1042 719 478 626 1214 660 1288 393 479 456 797 497 463 494 458 546 625 234 724 579 660 1023 843 1095 338 982 781 567 282 893 220 826 497 259 357 917 258 485 512 787 1024 801 68 489 659 1141 776 656 251 708 287 601 409 1047 256 172 1273 563 508 308 381 584 716 361 530 737 420 250
524 1009 640 571 601 656 449 923 0 1027 516 1359 562 1146 402 273 656 877 561 678 644 514 525 434 466 468 1025 799 209 386 1354 283 1059 319 1261 613 527 976 641 268 1072 1111 1383 717 569 670 1044 453 416 1116 274 691 859 455 281 260 472 654 714 310 741 710 569 427 817 1095 578 805 486 896 1186 404 1288 942 472 198 631 1091
533 503 556 724 488 1111 624 108 1027 0 1117 656 556 594 1306 761 1363 466 557 515 896 604 571 600 561 654 619 330 825 687 589 1115 847 1203 234 1047 851 567 385 983 210 821 391 339 458 1016 207 583 618 777 1116 853 167 586 765 1248 851 754 334 800 352 648 496 1154 301 76 1354 595 596 320 301 692 667 358 617 838 524 239
611 1311 566 401 879 1163 528 1042 516 1117 0 1173 563 949 334 516 246 1179 562 611 1110 852 840 698 666 828 806 1032 492 739 1202 252 727 821 1337 148 272 786 803 261 1247 798 1374 782 730 1161 1035 607 688 824 262 360 974 595 647 711 266 1075 791 393 765 524 636 943 824 1194 253 623 544 855 1145 771 1079 868 521 485 946 1275
858 1160 719 822 1028 1673 915 719 1359 656 1173 0 799 225 1474 1099 1385 1112 800 681 1478 1129 1090 1038 967 1164 367 945 1156 1153 87 1304 516 1628 653 1041 928 395 855 1186 855 443 475 716 884 1594 460 941 1052 395 1310 814 723 933 1182 1618 965 1346 729 1054 665 675 815 1637 601 675 1423 570 878 502 361 1174 103 441 889 1165 1094 879
94 796 95 196 406 952 116 478 562 556 563 799 0 594 762 300 809 674 1 120 802 447 415 295 221 457 488 500 357 405 791 572 595 832 782 511 307 431 265 440 686 624 854 219 212 899 507 166 302 612 575 369 410 154 399 819 298 705 227 270 209 225 87 858 278 632 798 281 80 341 639 436 734 381 90 366 489 715
663 1081 508 599 874 1507 710 626 1146 594 949 225 594 0 1249 894 1164 1010 595 474 1324 965 926 855 780 995 143 828 948 971 258 1081 332 1426 672 818 703 172 694 964 805 273 561 551 709 1435 387 746 867 222 1087 590 609 737 988 1407 741 1199 566 838 493 452 622 1446 443 638 1199 348 675 346 363 995 141 282 682 956 948 834
772 1384 801 659 956 1033 681 1214 402 1306 334 1474 762 1249 0 574 312 1250 761 847 1045 890 892 771 772 849 1109 1141 518 761 1493 191 1055 618 1538 482 546 1079 942 323 1396 1124 1615 969 864 1062 1268 732 755 1147 190 676 1146 726 652 476 512 1054 972 506 971 802 811 772 1041 1381 214 907 711 1094 1394 785 1385 1122 690 506 1002 1419
251 818 387 368 385 713 184 660 273 761 516 1099 300 894 574 0 731 684 299 420 613 338 330 198 203 312 782 567 64 222 1089 391 855 532 995 547 383 728 379 278 826 896 1110 444 303 684 771 181 184 892 389 530 594 181 143 522 334 562 441 132 468 484 297 572 543 832 684 566 220 625 913 255 1034 673 211 77 440 848
854 1543 811 645 1109 1311 768 1288 656 1363 246 1385 809 1164 312 731 0 1410 808 856 1291 1070 1062 923 900 1040 1021 1270 695 949 1421 375 905 918 1582 347 516 1008 1045 455 1492 980 1614 1028 970 1326 1278 843 911 1014 383 576 1219 833 848 783 512 1275 1036 620 1011 759 881 1064 1070 1440 100 854 787 1097 1383 979 1286 1107 764 686 1171 1519
592 134 737 869 301 705 659 393 877 466 1179 1112 674 1010 1250 684 1410 0 674 719 484 363 358 487 513 409 988 189 733 492 1051 1074 1185 930 610 1166 965 926 409 961 327 1182 829 517 465 600 651 574 500 1149 1071 1043 400 587 601 1024 938 347 500 789 574 872 587 830 589 478 1368 872 654 671 767 473 1108 732 674 745 248 325
94 796 95 195 406 952 115 479 561 557 562 800 1 595 761 299 808 674 0 121 802 446 414 295 221 456 489 500 356 405 792 571 596 831 783 510 306 432 266 439 687 624 855 219 212 898 508 166 301 613 574 369 411 153 398 818 297 705 228 269 210 225 87 857 279 633 797 282 79 342 640 435 735 382 89 365 489 716
199 831 46 211 482 1063 236 456 678 515 611 681 120 474 847 420 856 719 121 0 903 541 506 402 326 558 369 534 475 516 676 661 496 952 726 532 340 312 314 532 675 516 770 210 287 1004 425 280 411 500 665 345 394 269 518 936 350 797 225 377 169 153 167 977 215 591 858 172 200 248 546 545 614 276 209 484 565 705
708 565 894 952 451 220 718 797 644 896 1110 1478 802 1324 1045 613 1291 484 802 903 0 363 400 507 580 345 1256 566 620 407 1435 916 1397 539 1080 1159 993 1193 629 850 805 1419 1283 773 622 120 1035 639 503 1400 909 1128 768 653 471 672 946 142 758 745 831 1027 735 394 883 930 1220 1075 738 982 1174 373 1447 1046 746 626 384 807
352 496 536 614 116 544 379 497 514 604 852 1129 447 965 890 338 1070 363 446 541 363 0 38 164 228 52 893 307 378 129 1092 719 1037 609 822 867 678 830 273 615 587 1057 994 415 259 471 705 292 169 1037 715 795 450 307 238 680 640 259 401 460 471 672 374 550 528 657 1019 714 391 628 849 111 1091 691 404 389 117 601
320 492 503 587 85 583 353 463 525 571 840 1090 415 926 892 330 1062 358 414 506 400 38 0 144 199 83 856 282 375 139 1053 717 1002 638 791 848 656 793 235 608 562 1021 959 376 222 509 667 265 152 1001 714 768 414 279 245 702 620 291 362 446 432 639 339 584 489 625 1014 679 363 589 812 129 1053 652 376 387 110 578
204 621 389 451 187 660 215 494 434 600 698 1038 295 855 771 198 923 487 295 402 507 164 144 0 76 163 767 371 253 116 1012 589 891 614 832 704 514 707 216 474 638 917 972 328 158 603 651 131 18 903 587 631 432 146 165 648 476 419 319 305 373 520 236 600 442 665 880 573 231 538 797 142 989 597 242 265 248 659
128 645 314 387 215 736 155 458 466 561 666 967 221 780 772 203 900 513 221 326 580 228 199 76 0 235 692 373 266 191 943 585 816 674 795 658 462 631 176 462 623 842 922 264 103 678 593 66 86 827 584 568 393 80 221 696 429 486 257 281 304 447 160 669 376 630 864 498 163 470 738 218 915 527 177 279 290 646
363 540 549 613 167 512 378 546 468 654 828 1164 457 995 849 312 1040 409 456 558 345 52 83 163 235 0 917 359 345 91 1131 683 1051 557 873 851 668 855 311 584 639 1075 1042 448 285 446 748 295 161 1058 679 793 497 309 197 628 627 259 435 439 502 682 391 501 563 708 986 731 395 662 893 64 1124 725 404 355 166 653
567 1074 396 466 814 1427 602 625 1025 619 806 367 488 143 1109 782 1021 988 489 369 1256 893 856 767 692 917 0 801 832 883 400 944 234 1314 741 675 563 63 633 830 827 202 666 492 633 1363 424 649 778 162 950 447 594 638 887 1285 603 1139 509 715 432 318 531 1346 400 675 1056 219 568 319 447 910 275 264 572 839 893 857
426 297 555 696 199 782 504 234 799 330 1032 945 500 828 1141 567 1270 189 500 534 566 307 282 371 373 359 801 0 625 418 890 957 996 916 525 1005 800 738 235 835 280 993 718 329 302 686 486 426 388 961 955 866 222 437 518 985 780 424 312 654 385 688 413 846 400 367 1237 684 492 486 616 412 933 548 513 637 205 295
315 867 439 400 437 701 241 724 209 825 492 1156 357 948 518 64 695 733 356 475 620 378 375 253 266 345 832 625 0 253 1148 341 892 483 1060 541 395 780 443 240 887 937 1175 508 367 682 835 245 237 936 338 551 658 246 154 462 343 584 506 140 531 527 360 537 607 896 641 614 278 687 977 283 1088 734 267 12 486 909
317 625 500 544 219 547 312 579 386 687 739 1153 405 971 761 222 949 492 405 516 407 129 139 116 191 91 883 418 253 0 1125 592 1001 516 914 766 589 822 316 493 697 1029 1069 440 270 495 757 239 104 1016 588 721 523 252 108 568 545 341 429 352 487 627 352 487 555 747 894 686 335 652 904 34 1105 712 341 264 245 714
842 1092 717 835 987 1634 906 660 1354 589 1202 87 791 258 1493 1089 1421 1051 792 676 1435 1092 1053 1012 943 1131 400 890 1148 1125 0 1318 576 1613 570 1074 947 416 819 1196 782 507 387 685 855 1552 404 923 1027 457 1323 845 671 917 1162 1610 981 1300 697 1053 639 690 797 1612 570 602 1453 586 869 474 289 1144 173 417 881 1157 1050 806
581 1208 615 482 776 939 490 1023 283 1115 252 1304 572 1081 191 391 375 1074 571 661 916 719 717 589 585 683 944 957 341 592 1318 0 916 571 1347 380 382 909 752 132 1207 980 1426 778 674 950 1078 542 575 997 9 531 954 536 486 458 340 906 781 315 780 629 619 702 851 1190 306 734 520 907 1207 620 1219 937 498 330 828 1231
688 1281 502 491 976 1547 693 843 1059 847 727 516 595 332 1055 855 905 1185 596 496 1397 1037 1002 891 816 1051 234 996 892 1001 576 916 0 1369 975 580 542 280 801 824 1052 76 891 671 782 1495 657 762 898 120 924 384 804 748 981 1315 593 1293 688 757 612 375 662 1427 600 906 960 323 666 535 678 1031 412 488 663 896 1058 1082
771 1046 920 878 723 444 716 1095 319 1203 821 1628 832 1426 618 532 918 930 831 952 539 609 638 614 674 557 1314 916 483 516 1613 571 1369 0 1428 929 844 1261 829 586 1195 1417 1584 939 772 505 1266 689 597 1419 562 1009 1040 696 453 152 790 617 931 612 977 1009 815 167 1051 1262 826 1097 751 1141 1412 511 1566 1195 744 476 715 1208
766 597 770 938 706 1299 857 338 1261 234 1337 653 782 672 1538 995 1582 610 783 726 1080 822 791 832 795 873 741 525 1060 914 570 1347 975 1428 0 1256 1067 702 619 1215 283 933 233 569 692 1199 328 817 850 884 1348 1050 402 820 997 1479 1072 937 566 1032 573 845 727 1369 512 166 1579 775 827 498 311 916 699 513 848 1073 729 292
578 1295 490 323 874 1237 507 982 613 1047 148 1041 511 818 482 547 347 1166 510 532 1159 867 848 704 658 851 675 1005 541 766 1074 380 580 929 1256 0 204 661 770 345 1196 652 1273 724 704 1223 942 594 698 681 389 229 916 580 688 832 229 1107 734 415 696 418 594 1037 747 1123 383 509 513 762 1041 800 943 766 493 536 948 1225
374 1092 296 128 676 1094 307 781 527 851 272 928 307 703 546 383 516 965 306 340 993 678 656 514 462 668 563 800 395 589 947 382 542 844 1067 204 0 533 566 282 993 602 1102 522 500 1067 762 396 510 616 389 164 715 382 526 777 54 927 532 255 499 258 389 926 554 927 522 362 310 582 873 623 839 596 290 395 752 1022
508 1014 341 427 751 1365 546 567 976 567 786 395 431 172 1079 728 1008 926 432 312 1193 830 793 707 631 855 63 738 780 822 416 909 280 1261 702 661 533 0 570 791 772 259 646 429 571 1300 379 591 718 222 915 431 534 580 830 1237 569 1076 445 667 368 279 470 1289 337 626 1038 175 512 260 419 849 313 209 518 788 829 803
193 530 328 462 181 818 276 282 641 385 803 855 265 694 942 379 1045 409 266 314 629 273 235 216 176 311 633 235 443 316 819 752 801 829 619 770 566 570 0 625 454 810 756 143 77 742 441 210 235 785 752 634 217 217 382 864 547 507 128 439 202 465 179 802 255 454 1019 479 260 354 587 330 819 418 282 455 259 479
450 1096 487 364 661 902 359 893 268 983 261 1186 440 964 323 278 455 961 439 532 850 615 608 474 462 584 830 835 240 493 1196 132 824 586 1215 345 282 791 625 0 1079 884 1294 646 547 899 947 415 461 896 134 443 824 407 394 500 232 823 649 185 648 512 487 692 719 1058 406 616 388 777 1077 523 1104 808 366 231 719 1104
638 320 710 873 478 1026 727 220 1072 210 1247 855 686 805 1396 826 1492 327 687 675 805 587 562 638 623 639 827 280 887 697 782 1207 1052 1195 283 1196 993 772 454 1079 0 1029 509 472 532 923 417 664 656 986 1206 1021 280 672 793 1264 984 664 461 894 506 821 611 1119 476 179 1471 782 706 518 494 692 874 563 728 900 480 30
713 1272 529 540 988 1576 727 826 1111 821 798 443 624 273 1124 896 980 1182 624 516 1419 1057 1021 917 842 1075 202 993 937 1029 507 980 76 1417 933 652 602 259 810 884 1029 0 835 675 799 1520 624 790 925 51 988 449 792 778 1017 1369 651 1310 692 805 614 412 684 1468 593 876 1033 343 698 519 630 1059 340 466 697 942 1069 1059
863 828 817 975 877 1500 949 497 1383 391 1374 475 854 561 1615 1110 1614 829 855 770 1283 994 959 972 922 1042 666 718 1175 1069 387 1426 891 1584 233 1273 1102 646 756 1294 509 835 0 666 819 1403 347 929 990 783 1429 1050 546 929 1138 1618 1119 1141 669 1121 649 855 820 1544 576 353 1625 766 914 522 232 1077 545 507 933 1187 915 522
199 624 240 401 324 959 288 259 717 339 782 716 219 551 969 444 1028 517 219 210 773 415 376 328 264 448 492 329 508 440 685 778 671 939 569 724 522 429 143 646 472 675 666 0 170 884 329 263 344 647 779 554 192 262 486 957 517 650 16 464 60 363 158 927 115 415 1016 355 258 214 474 459 676 276 279 520 401 501
126 591 289 404 196 797 202 357 569 458 730 884 212 709 864 303 970 465 212 287 622 259 222 158 103 285 633 302 367 270 855 674 782 772 692 704 500 571 77 547 532 799 819 170 0 729 493 132 175 778 674 581 290 140 320 799 478 511 160 362 218 428 127 757 285 528 942 458 190 382 639 290 839 442 211 380 279 557
807 672 993 1038 566 108 808 917 670 1016 1161 1594 899 1435 1062 684 1326 600 898 1004 120 471 509 603 678 446 1363 686 682 495 1552 950 1495 505 1199 1223 1067 1300 742 899 923 1520 1403 884 729 0 1154 733 597 1504 943 1210 887 747 541 650 1018 262 870 814 942 1122 836 344 996 1050 1248 1176 831 1096 1293 463 1561 1160 837 686 502 924
521 705 472 634 594 1240 604 258 1044 207 1035 460 507 387 1268 771 1278 651 508 425 1035 705 667 651 593 748 424 486 835 757 404 1078 657 1266 328 942 762 379 441 947 417 624 347 329 493 1154 0 591 668 578 1082 728 268 589 813 1287 775 899 335 775 304 525 476 1243 230 252 1283 449 569 180 146 771 462 185 587 847 651 446
83 705 261 322 280 785 89 485 453 583 607 941 166 746 732 181 843 574 166 280 639 292 265 131 66 295 649 426 245 239 923 542 762 689 817 594 396 591 210 415 664 790 929 263 132 733 591 0 136 778 542 503 417 14 241 696 365 550 260 230 291 389 126 699 366 655 812 447 99 453 735 269 884 505 111 257 356 689
212 635 396 452 201 651 216 512 416 618 688 1052 302 867 755 184 911 500 301 411 503 169 152 18 86 161 778 388 237 104 1027 575 898 597 850 698 510 718 235 461 656 925 990 344 175 597 668 136 0 912 572 631 451 150 147 630 471 420 335 295 388 525 247 584 458 684 867 581 235 553 815 133 1002 611 243 249 259 677
699 1236 517 544 965 1563 720 787 1116 777 824 395 612 222 1147 892 1014 1149 613 500 1400 1037 1001 903 827 1058 162 961 936 1016 457 997 120 1419 884 681 616 222 785 896 986 51 783 647 778 1504 578 778 912 0 1005 470 756 766 1009 1375 664 1288 664 808 586 409 667 1464 560 831 1064 331 689 481 579 1045 291 426 690 942 1045 1016
582 1205 619 488 774 931 491 1024 274 1116 262 1310 575 1087 190 389 383 1071 574 665 909 715 714 587 584 679 950 955 338 588 1323 9 924 562 1348 389 389 915 752 134 1206 988 1429 779 674 943 1082 542 572 1005 0 539 955 536 482 448 346 901 782 316 782 635 621 693 854 1191 312 740 521 911 1211 615 1225 941 500 326 825 1230
457 1163 314 180 772 1244 416 801 691 853 360 814 369 590 676 530 576 1043 369 345 1128 795 768 631 568 793 447 866 551 721 845 531 384 1009 1050 229 164 431 634 443 1021 449 1050 554 581 1210 728 503 631 470 539 0 740 488 671 941 219 1051 568 410 515 205 456 1086 552 928 609 284 405 551 818 755 718 547 391 552 853 1051
374 479 429 593 335 976 465 68 859 167 974 723 410 609 1146 594 1219 400 411 394 768 450 414 432 393 497 594 222 658 523 671 954 804 1040 402 916 715 534 217 824 280 792 546 192 290 887 268 417 451 756 955 740 0 421 598 1081 708 630 183 639 225 542 340 998 206 237 1204 512 439 275 405 531 711 333 461 671 385 310
75 718 249 307 294 798 74 489 455 586 595 933 154 737 726 181 833 587 153 269 653 307 279 146 80 309 638 437 246 252 917 536 748 696 820 580 382 580 217 407 672 778 929 262 140 747 589 14 150 766 536 488 421 0 250 700 351 564 260 222 287 375 119 709 363 659 803 435 85 447 732 283 875 499 97 258 370 697
325 734 493 503 320 574 289 659 281 765 647 1182 399 988 652 143 848 601 398 518 471 238 245 165 221 197 887 518 154 108 1162 486 981 453 997 688 526 830 382 394 793 1017 1138 486 320 541 813 241 147 1009 482 671 598 250 0 482 477 429 478 274 524 606 367 459 597 830 790 679 320 689 959 133 1125 744 319 163 353 812
773 1146 899 830 786 595 704 1141 260 1248 711 1618 819 1407 476 522 783 1024 818 936 672 680 702 648 696 628 1285 985 462 568 1610 458 1315 152 1479 832 777 1237 864 500 1264 1369 1618 957 799 650 1287 696 630 1375 448 941 1081 700 482 0 723 734 952 570 988 971 818 318 1063 1312 688 1066 741 1147 1431 572 1548 1196 729 452 793 1280
354 1067 304 147 645 1043 278 776 472 851 266 965 298 741 512 334 512 938 297 350 946 640 620 476 429 627 603 780 343 545 981 340 593 790 1072 229 54 569 547 232 984 651 1119 517 478 1018 775 365 471 664 346 219 708 351 477 723 0 885 525 204 499 290 374 872 560 928 508 395 287 597 892 580 878 616 266 342 719 1012
611 441 794 871 325 362 635 656 654 754 1075 1346 705 1199 1054 562 1275 347 705 797 142 259 291 419 486 259 1139 424 584 341 1300 906 1293 617 937 1107 927 1076 507 823 664 1310 1141 650 511 262 899 550 420 1288 901 1051 630 564 429 734 885 0 634 693 709 931 631 494 757 788 1212 969 649 855 1035 307 1319 919 661 592 252 666
200 608 253 412 308 945 291 251 714 334 791 729 227 566 972 441 1036 500 228 225 758 401 362 319 257 435 509 312 506 429 697 781 688 931 566 734 532 445 128 649 461 692 669 16 160 870 335 260 335 664 782 568 183 260 478 952 525 634 0 466 77 379 161 917 128 410 1023 372 261 227 480 447 690 290 283 518 385 490
266 923 335 266 489 839 175 708 310 800 393 1054 270 838 506 132 620 789 269 377 745 460 446 305 281 439 715 654 140 352 1053 315 757 612 1032 415 255 667 439 185 894 805 1121 464 362 814 775 230 295 808 316 410 639 222 274 570 204 693 466 0 472 401 305 677 545 874 583 495 207 612 910 385 980 650 187 142 553 919
216 677 206 373 383 1014 299 287 741 352 765 665 209 493 971 468 1011 574 210 169 831 471 432 373 304 502 432 385 531 487 639 780 612 977 573 696 499 368 202 648 506 614 649 60 218 942 304 291 388 586 782 515 225 287 524 988 499 709 77 472 0 317 171 973 75 428 1005 299 265 165 445 508 621 224 284 543 461 536
320 985 138 147 625 1172 318 601 710 648 524 675 225 452 802 484 759 872 225 153 1027 672 639 520 447 682 318 688 527 627 690 629 375 1009 845 418 258 279 465 512 821 412 855 363 428 1122 525 389 525 409 635 205 542 375 606 971 290 931 379 401 317 0 302 1056 348 722 776 104 292 346 623 658 591 348 288 532 708 851
45 709 163 283 323 896 130 409 569 496 636 815 87 622 811 297 881 587 87 167 735 374 339 236 160 391 531 413 360 352 797 619 662 815 727 594 389 470 179 487 611 684 820 158 127 836 476 126 247 667 621 456 340 119 367 818 374 631 161 305 171 302 0 824 247 571 863 340 99 329 617 379 759 380 121 371 406 638
783 934 951 938 666 277 745 1047 427 1154 943 1637 858 1446 772 572 1064 830 857 977 394 550 584 600 669 501 1346 846 537 487 1612 702 1427 167 1369 1037 926 1289 802 692 1119 1468 1544 927 757 344 1243 699 584 1464 693 1086 998 709 459 318 872 494 917 677 973 1056 824 0 1042 1206 976 1135 778 1138 1389 472 1583 1196 775 535 641 1128
292 681 258 426 432 1073 374 256 817 301 824 601 278 443 1041 543 1070 589 279 215 883 528 489 442 376 563 400 400 607 555 570 851 600 1051 512 747 554 337 255 719 476 593 576 115 285 996 230 366 458 560 854 552 206 363 597 1063 560 757 128 545 75 348 247 1042 0 376 1068 307 339 99 369 574 564 163 357 618 505 507
608 495 632 801 541 1148 699 172 1095 76 1194 675 632 638 1381 832 1440 478 633 591 930 657 625 665 630 708 675 367 896 747 602 1190 906 1262 166 1123 927 626 454 1058 179 876 353 415 528 1050 252 655 684 831 1191 928 237 659 830 1312 928 788 410 874 428 722 571 1206 376 0 1431 666 671 388 314 750 698 420 693 909 569 204
833 1502 812 650 1067 1229 744 1273 578 1354 253 1423 798 1199 214 684 100 1368 797 858 1220 1019 1014 880 864 986 1056 1237 641 894 1453 306 960 826 1579 383 522 1038 1019 406 1471 1033 1625 1016 942 1248 1283 812 867 1064 312 609 1204 803 790 688 508 1212 1023 583 1005 776 863 976 1068 1431 0 876 766 1104 1396 923 1327 1119 743 630 1124 1497
369 977 186 251 652 1233 390 563 805 595 623 570 281 348 907 566 854 872 282 172 1075 714 679 573 498 731 219 684 614 686 586 734 323 1097 775 509 362 175 479 616 782 343 766 355 458 1176 449 447 581 331 740 284 512 435 679 1066 395 969 372 495 299 104 340 1135 307 666 876 0 358 278 533 715 488 264 360 621 734 813
67 782 172 224 369 880 36 508 486 596 544 878 80 675 711 220 787 654 79 200 738 391 363 231 163 395 568 492 278 335 869 520 666 751 827 513 310 512 260 388 706 698 914 258 190 831 569 99 235 689 521 405 439 85 320 741 287 649 261 207 265 292 99 778 339 671 766 358 0 411 706 367 814 455 22 288 449 732
374 754 294 454 531 1172 448 308 896 320 855 502 341 346 1094 625 1097 671 342 248 982 628 589 538 470 662 319 486 687 652 474 907 535 1141 498 762 582 260 354 777 518 519 522 214 382 1096 180 453 553 481 911 551 275 447 689 1147 597 855 227 612 165 346 329 1138 99 388 1104 278 411 0 299 672 465 64 427 698 603 549
662 803 593 747 737 1382 742 381 1186 301 1145 361 639 363 1394 913 1383 767 640 546 1174 849 812 797 738 893 447 616 977 904 289 1207 678 1412 311 1041 873 419 587 1077 494 630 232 474 639 1293 146 735 815 579 1211 818 405 732 959 1431 892 1035 480 910 445 623 617 1389 369 314 1396 533 706 299 0 917 392 276 723 988 791 518
346 605 530 578 214 517 345 584 404 692 771 1174 436 995 785 255 979 473 435 545 373 111 129 142 218 64 910 412 283 34 1144 620 1031 511 916 800 623 849 330 523 692 1059 1077 459 290 463 771 269 133 1045 615 755 531 283 133 572 580 307 447 385 508 658 379 472 574 750 923 715 367 672 917 0 1128 733 373 293 228 707
800 1167 649 739 996 1635 850 716 1288 667 1079 103 734 141 1385 1034 1286 1108 735 614 1447 1091 1053 989 915 1124 275 933 1088 1105 173 1219 412 1566 699 943 839 313 819 1104 874 340 545 676 839 1561 462 884 1002 291 1225 718 711 875 1125 1548 878 1319 690 980 621 591 759 1583 564 698 1327 488 814 465 392 1128 0 401 823 1097 1067 900
424 812 321 470 595 1235 492 361 942 358 868 441 381 282 1122 673 1107 732 382 276 1046 691 652 597 527 725 264 548 734 712 417 937 488 1195 513 766 596 209 418 808 563 466 507 276 442 1160 185 505 611 426 941 547 333 499 744 1196 616 919 290 650 224 348 380 1196 163 420 1119 264 455 64 276 733 401 0 470 744 668 594
89 802 176 210 387 884 30 530 472 617 521 889 90 682 690 211 764 674 89 209 746 404 376 242 177 404 572 513 267 341 881 498 663 744 848 493 290 518 282 366 728 697 933 279 211 837 587 111 243 690 500 391 461 97 319 729 266 661 283 187 284 288 121 775 357 693 743 360 22 427 723 373 823 470 0 276 465 755
326 879 448 404 449 703 251 737 198 838 485 1165 366 956 506 77 686 745 365 484 626 389 387 265 279 355 839 637 12 264 1157 330 896 476 1073 536 395 788 455 231 900 942 1187 520 380 686 847 257 249 942 326 552 671 258 163 452 342 592 518 142 543 532 371 535 618 909 630 621 288 698 988 293 1097 744 276 0 498 922
396 381 569 673 82 591 445 420 631 524 946 1094 489 948 1002 440 1171 248 489 565 384 117 110 248 290 166 893 205 486 245 1050 828 1058 715 729 948 752 829 259 719 480 1069 915 401 279 502 651 356 259 1045 825 853 385 370 353 793 719 252 385 553 461 708 406 641 505 569 1124 734 449 603 791 228 1067 668 465 498 0 492
665 305 740 902 495 1027 753 250 1091 239 1275 879 715 834 1419 848 1519 325 716 705 807 601 578 659 646 653 857 295 909 714 806 1231 1082 1208 292 1225 1022 803 479 1104 30 1059 522 501 557 924 446 689 677 1016 1230 1051 310 697 812 1280 1012 666 490 919 536 851 638 1128 507 204 1497 813 732 549 518 707 900 594 755 922 492 0
