0 1489 782 1688 1717 212 246 537 644 1462 205 1252 931 1265 1430 253
1489 0 1245 3170 3147 1420 1368 1949 897 2794 1649 2697 2417 1758 332 1735
782 1245 0 2143 2403 918 907 926 493 2216 981 1939 1465 616 1021 985
1688 3170 2143 0 884 1806 1861 1241 2286 1235 1561 838 758 2167 3068 1457
1717 3147 2403 884 0 1733 1783 1507 2360 495 1525 467 997 2634 3137 1466
212 1420 918 1806 1733 0 54 728 659 1423 244 1278 1051 1447 1408 353
246 1368 907 1861 1783 54 0 773 623 1466 299 1329 1105 1451 1362 406
537 1949 926 1241 1507 728 773 0 1054 1410 532 1058 540 1146 1827 426
644 897 493 2286 2360 659 623 1054 0 2080 836 1895 1543 1109 790 897
1462 2794 2216 1235 495 1423 1466 1410 2080 0 1258 451 1015 2554 2826 1232
205 1649 981 1561 1525 244 299 532 836 1258 0 1062 806 1433 1613 114
1252 2697 1939 838 467 1278 1329 1058 1895 451 1062 0 590 2199 2676 999
931 2417 1465 758 997 1051 1105 540 1543 1015 806 590 0 1638 2331 700
1265 1758 616 2167 2634 1447 1451 1146 1109 2554 1433 2199 1638 0 1474 1395
1430 332 1021 3068 3137 1408 1362 1827 790 2826 1613 2676 2331 1474 0 1683
253 1735 985 1457 1466 353 406 426 897 1232 114 999 700 1395 1683 0
