0 67 1546 650 1477 1121 865 1605 502 1408 1001 1486 463 977 1580 568
67 0 1545 583 1512 1106 799 1540 460 1341 937 1545 469 915 1644 616
1546 1545 0 1691 855 2641 1544 2449 1943 2230 1522 2666 1083 1427 2545 2010
650 583 1691 0 1919 1111 315 973 467 765 463 2056 827 495 2202 1104
1477 1512 855 1919 0 2572 1910 2846 1973 2622 1955 2101 1098 1869 1888 1724
1121 1106 2641 1111 2572 0 1415 1457 709 1391 1553 1585 1576 1601 1896 946
865 799 1544 315 1910 1415 0 939 781 715 150 2328 882 186 2444 1378
1605 1540 2449 973 2846 1457 939 0 1228 223 928 2857 1783 1023 3070 1946
502 460 1943 467 1973 709 781 1228 0 1065 931 1649 907 956 1843 719
1408 1341 2230 765 2622 1391 715 223 1065 0 708 2711 1564 803 2906 1783
1001 937 1522 463 1955 1553 150 928 931 708 0 2473 971 95 2581 1525
1486 1545 2666 2056 2101 1585 2328 2857 1649 2711 2473 0 1764 2459 387 952
463 469 1083 827 1098 1576 882 1783 907 1564 971 1764 0 906 1764 957
977 915 1427 495 1869 1601 186 1023 956 803 95 2459 906 0 2553 1516
1580 1644 2545 2202 1888 1896 2444 3070 1843 2906 2581 387 1764 2553 0 1124
568 616 2010 1104 1724 946 1378 1946 719 1783 1525 952 957 1516 1124 0
