0 1220 1372 537 221 1071 120 1607 1595 1170 66 554 562 767 1306 689
1220 0 2478 1756 1036 1292 1218 420 2502 2205 1196 1629 1767 717 2508 1302
1372 2478 0 945 1593 1546 1449 2791 580 1638 1361 855 854 2139 471 1248
537 1756 945 0 742 1333 567 2137 1322 922 562 429 118 1264 782 908
221 1036 1593 742 0 1126 182 1437 1799 1242 239 765 779 546 1520 797
1071 1292 1546 1333 1126 0 1180 1444 1345 2198 1004 937 1255 1437 1795 425
120 1218 1449 567 182 1180 0 1618 1699 1094 182 655 615 700 1348 807
1607 420 2791 2137 1437 1444 1618 0 2746 2624 1575 1961 2136 1134 2865 1564
1595 2502 580 1322 1799 1345 1699 2746 0 2146 1561 1044 1208 2325 1050 1200
1170 2205 1638 922 1242 2198 1094 2624 2146 0 1232 1348 1033 1518 1239 1779
66 1196 1361 562 239 1004 182 1575 1561 1232 0 526 574 781 1318 625
554 1629 855 429 765 937 655 1961 1044 1348 526 0 328 1306 922 525
562 1767 854 118 779 1255 615 2136 1208 1033 574 328 0 1316 744 833
767 717 2139 1264 546 1437 700 1134 2325 1518 781 1306 1316 0 2046 1223
1306 2508 471 782 1520 1795 1348 2865 1050 1239 1318 922 744 2046 0 1423
689 1302 1248 908 797 425 807 1564 1200 1779 625 525 833 1223 1423 0
