0 96 380 95 296 168 384 822 768 247 42 599 469 833 628 333 445 157 465 236 30 465 105 412 562 829 164 189 646 849 244 243 853 238 283 79 320 775 79 83 320 658 662 45 252 165 852 625 701 845 57 392 561 48 11 564 424 750 367 321 12 288 137 173 153 439 266 9 406 703 474 720 31 595 289 808 717 746
96 0 475 148 217 140 327 875 761 205 138 639 523 749 533 424 350 61 456 295 67 507 97 432 570 743 240 272 665 773 326 248 903 144 248 107 253 810 156 111 225 749 732 51 235 69 940 719 657 902 75 394 496 90 107 477 333 654 463 226 94 207 76 179 61 501 220 104 459 796 511 802 72 506 385 771 654 838
380 475 0 353 669 470 727 788 967 588 338 509 510 1150 1009 211 813 537 594 290 411 558 460 590 744 1201 327 293 632 1142 188 439 672 609 542 423 631 826 358 392 691 285 563 423 488 544 490 245 899 632 426 625 908 391 369 939 803 1129 63 691 381 630 488 418 526 302 553 372 477 324 577 532 402 973 98 974 970 372
95 148 353 0 366 122 468 895 863 336 92 505 545 811 669 362 461 204 378 148 111 549 197 503 656 891 232 245 551 815 184 157 762 260 222 174 288 859 161 41 341 614 720 108 179 212 798 590 634 757 148 487 642 60 90 624 478 786 356 340 84 278 136 93 182 354 217 89 484 664 559 761 87 651 276 735 666 702
296 217 669 366 0 329 138 879 633 123 335 848 552 721 363 568 278 169 626 512 267 509 209 399 487 533 370 409 858 772 539 445 1115 186 406 246 351 773 313 329 196 951 789 261 416 162 1148 914 756 1117 243 327 283 306 307 270 146 489 645 201 299 279 261 385 204 719 367 305 494 993 505 892 284 306 572 878 708 1039
168 140 470 122 329 0 455 991 901 344 192 519 637 688 581 482 355 162 316 217 160 631 232 566 708 824 332 353 531 694 290 116 789 174 115 228 165 938 248 94 245 718 829 143 95 168 893 700 533 795 193 533 612 122 171 561 411 690 477 242 157 161 69 64 125 411 99 169 574 771 638 879 139 580 397 641 551 805
384 327 727 468 138 455 0 797 500 140 416 966 501 830 401 590 393 292 761 616 359 445 280 324 375 492 404 442 986 890 625 570 1229 324 541 315 490 673 373 436 331 1013 742 360 546 287 1216 969 893 1226 326 241 181 407 394 262 211 522 693 336 391 418 385 505 330 822 502 392 451 1049 435 862 381 309 628 1016 840 1099
822 875 788 895 879 991 797 0 527 759 805 1287 353 1595 1198 595 1155 905 1270 966 832 374 780 480 448 1210 663 651 1390 1635 882 1052 1459 993 1106 770 1129 179 742 903 1050 952 234 851 1072 907 1129 883 1524 1414 804 558 888 870 820 1048 1003 1315 725 1054 834 1078 947 988 931 1079 1087 822 417 939 375 351 851 1097 748 1630 1530 998
768 761 967 863 633 901 500 527 0 562 779 1360 483 1316 829 762 890 753 1218 994 758 419 673 381 222 749 677 696 1415 1384 955 1004 1596 810 1006 690 976 348 711 847 829 1222 632 769 996 750 1427 1160 1387 1574 719 376 482 810 773 669 696 923 909 834 780 907 835 933 791 1176 972 774 496 1235 398 787 783 714 882 1508 1340 1294
247 205 588 336 123 344 140 759 562 0 277 840 429 836 481 463 395 190 659 483 225 387 142 281 389 620 270 309 871 881 486 454 1099 255 444 175 417 662 233 308 295 874 666 229 438 187 1076 831 830 1092 190 218 321 276 256 369 265 607 556 300 255 350 275 385 228 687 409 255 370 911 384 770 248 411 490 949 800 961
42 138 338 92 335 192 416 805 779 277 0 582 454 868 670 296 486 200 470 216 72 457 135 414 569 868 142 160 638 882 209 249 830 280 304 102 351 767 70 99 362 617 637 87 266 207 812 583 720 819 92 403 595 72 31 604 465 792 325 362 46 324 172 182 194 413 291 34 392 661 467 688 69 636 246 824 743 705
599 639 509 505 848 519 966 1287 1360 840 582 0 972 956 1065 692 818 678 313 366 616 1000 703 986 1145 1330 688 678 149 904 416 404 272 686 475 678 578 1298 649 532 741 532 1068 611 443 685 594 568 569 294 654 984 1131 564 592 1073 925 1156 568 737 589 632 586 462 643 208 514 592 923 592 1015 1041 592 1087 539 588 701 585
469 523 510 545 552 637 501 353 483 429 454 972 0 1254 898 299 819 556 922 629 478 71 428 185 278 971 312 306 1061 1289 557 703 1175 645 753 416 776 326 389 550 708 744 241 497 720 558 946 680 1171 1141 451 268 636 517 467 763 689 1021 448 711 481 727 594 636 579 769 733 469 63 754 92 368 498 811 443 1277 1178 813
833 749 1150 811 721 688 830 1595 1316 836 868 956 1254 0 518 1165 443 704 649 866 810 1222 833 1118 1204 764 990 1020 851 104 962 713 1192 612 607 854 523 1494 905 779 546 1363 1478 791 662 700 1503 1360 427 1238 824 1048 846 797 840 664 622 490 1164 543 824 544 696 733 688 988 597 838 1191 1422 1220 1551 801 629 1085 501 273 1444
628 533 1009 669 363 581 401 1198 829 481 670 1065 898 518 0 929 248 472 777 797 598 845 563 726 763 286 731 770 1027 606 854 679 1337 410 591 598 487 1065 665 628 336 1282 1139 585 630 464 1468 1253 758 1357 586 643 347 621 639 160 217 126 993 338 627 436 535 646 487 991 554 637 844 1329 837 1250 606 116 917 876 644 1370
333 424 211 362 568 482 590 595 762 463 296 692 299 1165 929 0 773 481 702 385 359 348 368 393 541 1081 198 159 797 1176 291 502 878 569 584 335 645 617 271 388 649 463 384 377 537 487 670 405 987 842 355 441 765 368 325 832 713 1054 149 650 341 621 469 452 485 484 580 328 268 484 368 401 364 872 152 1079 1029 541
445 350 813 461 278 355 393 1155 890 395 486 818 819 443 248 773 0 292 529 572 416 782 413 675 762 526 582 617 779 497 642 441 1090 206 347 441 240 1051 502 421 124 1072 1050 400 389 286 1248 1050 546 1111 418 605 450 423 455 303 199 341 809 123 440 197 324 418 291 755 311 452 757 1123 779 1137 417 296 729 668 462 1159
157 61 537 204 169 162 292 905 753 190 200 678 556 704 472 481 292 0 471 347 127 533 129 447 573 686 291 325 693 733 386 278 946 92 254 151 232 829 210 164 168 811 774 113 253 7 1000 781 645 948 126 398 452 150 168 420 274 592 525 169 155 173 93 216 38 552 218 166 492 857 535 850 134 447 446 762 628 899
465 456 594 378 626 316 761 1270 1218 659 470 313 922 649 777 702 529 471 0 318 467 927 546 876 1023 1053 610 618 250 606 420 221 573 443 220 537 297 1237 539 381 476 744 1082 453 221 476 862 755 308 606 504 848 901 417 463 810 668 857 632 471 452 365 383 292 433 355 259 462 862 805 937 1099 442 815 569 380 409 817
236 295 290 148 512 217 616 966 994 483 216 366 629 866 797 385 572 347 318 0 257 647 342 622 780 1031 328 324 434 853 104 152 616 387 259 314 358 953 282 183 462 507 768 256 205 354 676 496 615 609 293 618 790 209 228 766 618 908 319 460 227 376 265 153 319 206 278 229 574 562 660 780 235 789 251 698 680 592
30 67 411 111 267 160 359 832 758 225 72 616 478 810 598 359 416 127 467 257 0 470 86 409 556 799 181 210 657 829 272 247 873 211 275 70 302 778 95 88 292 688 678 19 249 135 882 656 693 867 38 384 535 52 41 534 393 719 397 293 32 266 118 176 126 463 255 39 415 733 477 741 25 565 319 802 702 776
465 507 558 549 509 631 445 374 419 387 457 1000 71 1222 845 348 782 533 927 647 470 0 410 122 208 906 321 323 1081 1261 583 706 1213 619 746 404 760 309 388 549 676 803 301 488 718 534 1007 741 1163 1182 439 206 571 513 466 706 641 967 497 680 478 706 581 637 560 801 724 467 80 816 21 436 492 754 482 1273 1160 875
105 97 460 197 209 232 280 780 673 142 135 703 428 833 563 368 413 129 546 342 86 410 0 335 476 741 170 208 743 862 344 330 958 220 344 37 350 712 103 174 292 744 645 95 326 132 943 705 755 950 48 301 460 139 114 480 349 688 435 294 114 299 173 259 151 545 317 113 364 785 414 724 111 515 363 868 750 831
412 432 590 503 399 566 324 480 381 281 414 986 185 1118 726 393 675 447 876 622 409 122 335 0 159 786 298 315 1052 1163 576 655 1216 527 680 339 679 382 343 495 576 856 423 424 658 447 1063 798 1089 1193 373 84 451 458 415 584 524 847 535 580 424 619 509 584 479 797 652 415 153 876 111 554 433 632 502 1203 1074 934
562 570 744 656 487 708 375 448 222 389 569 1145 278 1204 763 541 762 573 1023 780 556 208 476 159 0 763 458 475 1207 1259 736 804 1376 644 819 486 805 301 499 644 680 1003 472 569 802 572 1209 943 1218 1352 519 175 440 607 566 608 586 875 687 684 575 740 646 732 609 957 788 567 279 1019 187 621 581 656 659 1336 1189 1077
829 743 1201 891 533 824 492 1210 749 620 868 1330 971 764 286 1081 526 686 1053 1031 799 906 741 786 763 0 890 929 1304 861 1070 932 1603 650 856 778 758 1051 843 851 589 1485 1207 791 888 678 1681 1447 1044 1616 777 703 335 834 840 266 413 273 1174 593 831 698 767 887 712 1234 816 838 930 1526 892 1339 814 244 1104 1160 925 1573
164 240 327 232 370 332 404 663 677 270 142 688 312 990 731 198 582 291 610 328 181 321 170 298 458 890 0 39 761 1011 278 390 919 382 445 140 483 629 86 240 459 612 498 201 409 296 817 565 863 898 166 310 584 209 160 636 515 856 288 461 175 446 299 324 302 499 430 162 252 645 332 561 195 675 230 967 881 697
189 272 293 245 409 353 442 651 696 309 160 678 306 1020 770 159 617 325 618 324 210 323 208 315 475 929 39 0 758 1038 263 401 901 415 464 176 509 629 116 259 494 577 476 229 424 331 783 528 879 877 199 336 622 231 183 675 554 895 251 495 199 476 326 339 334 483 452 185 249 609 337 531 220 715 197 981 904 661
646 665 632 551 858 531 986 1390 1415 871 638 149 1061 851 1027 797 779 693 250 434 657 1081 743 1052 1207 1304 761 758 0 789 508 417 340 681 457 725 546 1386 708 569 722 680 1180 648 441 699 741 714 443 389 696 1039 1138 604 641 1057 913 1106 687 717 634 610 601 486 656 331 498 641 1007 741 1094 1164 632 1064 646 446 586 735
849 773 1142 815 772 694 890 1635 1384 881 882 904 1289 104 606 1176 497 733 606 853 829 1261 862 1163 1259 861 1011 1038 789 0 953 702 1127 643 601 879 530 1543 925 788 586 1339 1505 810 654 730 1468 1341 351 1178 848 1097 922 809 856 744 688 588 1161 582 840 565 712 731 712 956 598 853 1225 1399 1261 1569 818 713 1084 410 203 1417
244 326 188 184 539 290 625 882 955 486 209 416 557 962 854 291 642 386 420 104 272 583 344 576 736 1070 278 263 508 953 0 251 640 444 354 310 446 883 260 225 524 430 676 278 300 394 614 410 719 621 300 585 804 236 233 804 660 970 214 523 239 452 320 233 366 220 367 235 506 481 599 680 256 833 148 801 783 518
243 248 439 157 445 116 570 1052 1004 454 249 404 703 713 679 502 441 278 221 152 247 706 330 655 804 932 390 401 417 702 251 0 674 283 107 317 212 1016 317 160 345 656 872 235 54 284 816 648 484 684 285 631 728 197 241 671 523 782 462 342 231 244 184 71 241 314 132 240 642 713 715 903 223 688 387 580 534 740
853 903 672 762 1115 789 1229 1459 1596 1099 830 272 1175 1192 1337 878 1090 946 573 616 873 1213 958 1216 1376 1603 919 901 340 1127 640 674 0 958 747 930 849 1496 893 793 1013 570 1229 870 715 953 531 628 778 76 910 1225 1398 823 845 1345 1197 1426 736 1010 844 904 854 730 912 420 786 845 1133 617 1230 1171 850 1359 732 761 925 584
238 144 609 260 186 174 324 993 810 255 280 686 645 612 410 569 206 92 443 387 211 619 220 527 644 650 382 415 681 643 444 283 958 0 224 243 166 910 299 219 82 874 865 193 244 87 1057 849 577 967 216 472 458 218 248 388 239 525 603 82 234 96 124 238 85 585 184 246 582 924 620 942 210 406 523 697 547 962
283 248 542 222 406 115 541 1106 1006 444 304 475 753 607 591 584 347 254 220 259 275 746 344 680 819 856 445 464 457 601 354 107 747 224 0 343 108 1053 363 204 267 764 940 258 54 257 922 755 418 765 308 643 683 236 286 602 456 688 560 263 271 157 172 131 215 415 40 284 690 821 753 984 255 613 483 526 444 848
79 107 423 174 246 228 315 770 690 175 102 678 416 854 598 335 441 151 537 314 70 404 37 339 486 778 140 176 725 879 310 317 930 243 343 0 360 710 67 157 319 707 626 85 319 156 906 668 758 921 34 314 495 121 86 517 385 722 399 320 90 314 177 245 166 515 319 85 352 748 410 699 94 552 326 869 761 794
320 253 631 288 351 165 490 1129 976 417 351 578 776 523 487 645 240 232 297 358 302 760 350 679 805 758 483 509 546 530 446 212 849 166 108 360 0 1060 397 257 179 865 981 283 158 232 1029 853 413 870 326 630 612 279 326 512 372 580 641 174 310 72 184 213 200 524 80 323 713 921 764 1039 289 518 562 532 401 951
775 810 826 859 773 938 673 179 348 662 767 1298 326 1494 1065 617 1051 829 1237 953 778 309 712 382 301 1051 629 629 1386 1543 883 1016 1496 910 1053 710 1060 0 698 858 958 1030 338 795 1027 829 1221 963 1468 1459 745 446 738 823 775 909 883 1176 762 962 787 1002 885 947 859 1094 1029 776 379 1028 301 485 800 958 766 1580 1456 1088
79 156 358 161 313 248 373 742 711 233 70 649 389 905 665 271 502 210 539 282 95 388 103 343 499 843 86 116 708 925 260 317 893 299 363 67 397 698 0 161 378 643 583 115 330 216 843 603 781 878 83 335 554 127 78 583 453 789 332 380 92 361 213 248 217 473 346 79 327 682 398 646 110 619 260 888 796 730
83 111 392 41 329 94 436 903 847 308 99 532 550 779 628 388 421 164 381 183 88 549 174 495 644 851 240 259 569 788 225 160 793 219 204 157 257 858 161 0 300 655 736 79 169 172 839 630 622 791 127 472 607 36 83 585 438 745 392 300 71 241 96 89 141 390 193 81 488 704 557 784 63 611 312 727 645 743
320 225 691 341 196 245 331 1050 829 295 362 741 708 546 336 649 124 168 476 462 292 676 292 576 680 589 459 494 722 586 524 345 1013 82 267 319 179 958 378 300 0 955 934 275 299 162 1135 931 563 1028 294 513 436 300 330 335 192 446 685 5 316 111 205 310 167 655 227 328 645 1005 675 1017 293 345 606 686 511 1043
658 749 285 614 951 718 1013 952 1222 874 617 532 744 1363 1282 463 1072 811 744 507 688 803 744 856 1003 1485 612 577 680 1339 430 656 570 874 764 707 865 1030 643 655 955 0 717 699 710 818 207 68 1049 506 708 900 1194 661 647 1221 1082 1400 326 954 657 880 750 657 794 388 785 649 726 61 824 627 677 1254 384 1097 1150 88
662 732 563 720 789 829 742 234 632 666 637 1068 241 1478 1139 384 1050 774 1082 768 678 301 645 423 472 1207 498 476 1180 1505 676 872 1229 865 940 626 981 338 583 736 934 717 0 698 900 777 897 649 1355 1182 657 507 873 707 658 1005 929 1263 501 937 673 940 796 814 792 860 928 660 296 706 315 154 693 1052 533 1453 1379 765
45 51 423 108 261 143 360 851 769 229 87 611 497 791 585 377 400 113 453 256 19 488 95 424 569 791 201 229 648 810 278 235 870 193 258 85 283 795 115 79 275 699 698 0 234 121 891 668 675 866 51 396 534 47 55 526 383 706 412 276 42 246 98 163 108 463 236 52 433 745 494 760 22 556 333 784 683 787
252 235 488 179 416 95 546 1072 996 438 266 443 720 662 630 537 389 253 221 205 249 718 326 658 802 888 409 424 441 654 300 54 715 244 54 319 158 1027 330 169 299 710 900 234 0 258 870 701 455 728 285 628 697 204 252 630 482 731 507 295 239 194 163 85 215 367 79 251 657 767 726 938 226 644 431 558 492 794
165 69 544 212 162 168 287 907 750 187 207 685 558 700 464 487 286 7 476 354 135 534 132 447 572 678 296 331 699 730 394 284 953 87 257 156 232 829 216 172 162 818 777 121 258 0 1008 788 646 955 132 397 445 158 175 412 266 585 532 164 163 172 99 222 43 560 222 173 494 865 536 855 142 439 454 763 627 907
852 940 490 798 1148 893 1216 1129 1427 1076 812 594 946 1503 1468 670 1248 1000 862 676 882 1007 943 1063 1209 1681 817 783 741 1468 614 816 531 1057 922 906 1029 1221 843 839 1135 207 897 891 870 1008 0 266 1154 455 904 1108 1397 850 841 1416 1274 1582 533 1134 850 1052 932 829 981 515 948 843 931 194 1028 788 868 1447 588 1182 1271 134
625 719 245 590 914 700 969 883 1160 831 583 568 680 1360 1253 405 1050 781 755 496 656 741 705 798 943 1447 565 528 714 1341 410 648 628 849 755 668 853 963 603 630 931 68 649 668 701 788 266 0 1063 567 672 846 1149 633 614 1185 1049 1373 276 930 625 862 726 642 767 405 773 616 664 80 762 559 646 1219 342 1118 1157 135
701 657 899 634 756 533 893 1524 1387 830 720 569 1171 427 758 987 546 645 308 615 693 1163 755 1089 1218 1044 863 879 443 351 719 484 778 577 418 758 413 1468 781 622 563 1049 1355 675 455 646 1154 1063 0 831 723 1043 990 654 704 848 736 796 933 558 689 481 582 540 611 660 438 702 1108 1111 1168 1388 673 835 865 123 154 1120
845 902 632 757 1117 795 1226 1414 1574 1092 819 294 1141 1238 1357 842 1111 948 606 609 867 1182 950 1193 1352 1616 898 877 389 1178 621 684 76 967 765 921 870 1459 878 791 1028 506 1182 866 728 955 455 567 831 0 902 1207 1398 818 836 1356 1207 1450 696 1024 837 921 858 734 916 406 803 837 1102 550 1200 1116 845 1372 699 822 974 514
57 75 426 148 243 193 326 804 719 190 92 654 451 824 586 355 418 126 504 293 38 439 48 373 519 777 166 199 696 848 300 285 910 216 308 34 326 745 83 127 294 708 657 51 285 132 904 672 723 902 0 345 504 91 67 513 377 709 407 296 65 282 143 213 136 497 284 66 387 751 445 727 63 546 332 834 727 796
392 394 625 487 327 533 241 558 376 218 403 984 268 1048 643 441 605 398 848 618 384 206 301 84 175 703 310 336 1039 1097 585 631 1225 472 643 314 630 446 335 472 513 900 507 396 628 397 1108 846 1043 1207 345 0 368 436 397 500 445 764 575 517 404 566 470 559 433 805 612 398 229 925 194 636 409 548 532 1160 1018 981
561 496 908 642 283 612 181 888 482 321 595 1131 636 846 347 765 450 452 901 790 535 571 460 451 440 335 584 622 1138 922 804 728 1398 458 683 495 612 738 554 607 436 1194 873 534 697 445 1397 1149 990 1398 504 368 0 581 572 187 253 444 873 441 568 541 545 668 487 997 642 570 596 1230 557 1005 556 231 810 1113 912 1280
48 90 391 60 306 122 407 870 810 276 72 564 517 797 621 368 423 150 417 209 52 513 139 458 607 834 209 231 604 809 236 197 823 218 236 121 279 823 127 36 300 661 707 47 204 158 850 633 654 818 91 436 581 0 49 568 424 739 385 300 35 254 102 125 134 415 221 47 454 709 522 760 27 596 305 760 672 749
11 107 369 90 307 171 394 820 773 256 31 592 467 840 639 325 455 168 463 228 41 466 114 415 566 840 160 183 641 856 233 241 845 248 286 86 326 775 78 83 330 647 658 55 252 175 841 614 704 836 67 397 572 49 0 575 435 760 356 331 16 296 144 171 163 430 270 2 405 692 474 713 39 606 278 810 721 735
564 477 939 624 270 561 262 1048 669 369 604 1073 763 664 160 832 303 420 810 766 534 706 480 584 608 266 636 675 1057 744 804 671 1345 388 602 517 512 909 583 585 335 1221 1005 526 630 412 1416 1185 848 1356 513 500 187 568 575 0 149 267 915 339 566 446 502 624 446 969 562 573 714 1264 695 1124 548 48 843 970 754 1309
424 333 803 478 146 411 211 1003 696 265 465 925 689 622 217 713 199 274 668 618 393 641 349 524 586 413 515 554 913 688 660 523 1197 239 456 385 372 883 453 438 192 1082 929 383 482 266 1274 1049 736 1207 377 445 253 424 435 149 0 343 784 197 425 303 353 474 298 820 415 433 633 1127 634 1035 406 172 709 859 660 1170
750 654 1129 786 489 690 522 1315 923 607 792 1156 1021 490 126 1054 341 592 857 908 719 967 688 847 875 273 856 895 1106 588 970 782 1426 525 688 722 580 1176 789 745 446 1400 1263 706 731 585 1582 1373 796 1450 709 764 444 739 760 267 343 0 1116 448 748 538 650 755 605 1096 653 758 968 1448 958 1375 726 218 1039 907 666 1488
367 463 63 356 645 477 693 725 909 556 325 568 448 1164 993 149 809 525 632 319 397 497 435 535 687 1174 288 251 687 1161 214 462 736 603 560 399 641 762 332 392 685 326 501 412 507 532 533 276 933 696 407 575 873 385 356 915 784 1116 0 685 370 633 486 431 518 360 566 359 417 357 517 478 392 951 80 1013 996 409
321 226 691 340 201 242 336 1054 834 300 362 737 711 543 338 650 123 169 471 460 293 680 294 580 684 593 461 495 717 582 523 342 1010 82 263 320 174 962 380 300 5 954 937 276 295 164 1134 930 558 1024 296 517 441 300 331 339 197 448 685 0 316 107 204 307 167 652 223 328 648 1004 679 1019 293 349 606 681 507 1042
12 94 381 84 299 157 391 834 780 255 46 589 481 824 627 341 440 155 452 227 32 478 114 424 575 831 175 199 634 840 239 231 844 234 271 90 310 787 92 71 316 657 673 42 239 163 850 625 689 837 65 404 568 35 16 566 425 748 370 316 0 280 128 160 148 431 255 13 419 703 486 729 23 597 291 796 706 745
288 207 630 278 279 161 418 1078 907 350 324 632 727 544 436 621 197 173 365 376 266 706 299 619 740 698 446 476 610 565 452 244 904 96 157 314 72 1002 361 241 111 880 940 246 194 172 1052 862 481 921 282 566 541 254 296 446 303 538 633 107 280 0 151 222 148 558 118 293 663 933 708 1007 257 456 553 601 454 966
137 76 488 136 261 69 385 947 835 275 172 586 594 696 535 469 324 93 383 265 118 581 173 509 646 767 299 326 601 712 320 184 854 124 172 177 184 885 213 96 205 750 796 98 163 99 932 726 582 858 143 470 545 102 144 502 353 650 486 204 128 151 0 124 57 467 143 142 530 800 586 857 106 524 406 695 584 838
173 179 418 93 385 64 505 988 933 385 182 462 636 733 646 452 418 216 292 153 176 637 259 584 732 887 324 339 486 731 233 71 730 238 131 245 213 947 248 89 310 657 814 163 85 222 829 642 540 734 213 559 668 125 171 624 474 755 431 307 160 222 124 0 181 347 135 170 575 711 646 853 151 644 353 642 576 744
153 61 526 182 204 125 330 931 791 228 194 643 579 688 487 485 291 38 433 319 126 560 151 479 609 712 302 334 656 712 366 241 912 85 215 166 200 859 217 141 167 794 792 108 215 43 981 767 611 916 136 433 487 134 163 446 298 605 518 167 148 148 57 181 0 523 181 160 515 843 563 863 125 470 439 727 599 883
439 501 302 354 719 411 822 1079 1176 687 413 208 769 988 991 484 755 552 355 206 463 801 545 797 957 1234 499 483 331 956 220 314 420 585 415 515 524 1094 473 390 655 388 860 463 367 560 515 405 660 406 497 805 997 415 430 969 820 1096 360 652 431 558 467 347 523 0 446 431 722 450 817 835 441 991 331 713 764 462
266 220 553 217 367 99 502 1087 972 409 291 514 733 597 554 580 311 218 259 278 255 724 317 652 788 816 430 452 498 598 367 132 786 184 40 319 80 1029 346 193 227 785 928 236 79 222 948 773 438 803 284 612 642 221 270 562 415 653 566 223 255 118 143 135 181 446 0 268 670 840 729 977 236 573 487 551 452 870
9 104 372 89 305 169 392 822 774 255 34 592 469 838 637 328 452 166 462 229 39 467 113 415 567 838 162 185 641 853 235 240 845 246 284 85 323 776 79 81 328 649 660 52 251 173 843 616 702 837 66 398 570 47 2 573 433 758 359 328 13 293 142 170 160 431 268 0 407 694 476 716 36 604 280 808 719 737
406 459 477 484 494 574 451 417 496 370 392 923 63 1191 844 268 757 492 862 574 415 80 364 153 279 930 252 249 1007 1225 506 642 1133 582 690 352 713 379 327 488 645 726 296 433 657 494 931 664 1108 1102 387 229 596 454 405 714 633 968 417 648 419 663 530 575 515 722 670 407 0 740 99 411 434 760 402 1215 1114 799
703 796 324 664 993 771 1049 939 1235 911 661 592 754 1422 1329 484 1123 857 805 562 733 816 785 876 1019 1526 645 609 741 1399 481 713 617 924 821 748 921 1028 682 704 1005 61 706 745 767 865 194 80 1111 550 751 925 1230 709 692 1264 1127 1448 357 1004 703 933 800 711 843 450 840 694 740 0 836 605 723 1298 422 1159 1211 60
474 511 577 559 505 638 435 375 398 384 467 1015 92 1220 837 368 779 535 937 660 477 21 414 111 187 892 332 337 1094 1261 599 715 1230 620 753 410 764 301 398 557 675 824 315 494 726 536 1028 762 1168 1200 445 194 557 522 474 695 634 958 517 679 486 708 586 646 563 817 729 476 99 836 0 453 499 743 500 1279 1163 895
720 802 532 761 892 879 862 351 787 770 688 1041 368 1551 1250 401 1137 850 1099 780 741 436 724 554 621 1339 561 531 1164 1569 680 903 1171 942 984 699 1039 485 646 784 1017 627 154 760 938 855 788 559 1388 1116 727 636 1005 760 713 1124 1035 1375 478 1019 729 1007 857 853 863 835 977 716 411 605 453 0 751 1170 531 1478 1428 661
31 72 402 87 284 139 381 851 783 248 69 592 498 801 606 364 417 134 442 235 25 492 111 433 581 814 195 220 632 818 256 223 850 210 255 94 289 800 110 63 293 677 693 22 226 142 868 646 673 845 63 409 556 27 39 548 406 726 392 293 23 257 106 151 125 441 236 36 434 723 499 751 0 578 313 781 686 765
595 506 973 651 306 580 309 1097 714 411 636 1087 811 629 116 872 296 447 815 789 565 754 515 632 656 244 675 715 1064 713 833 688 1359 406 613 552 518 958 619 611 345 1254 1052 556 644 439 1447 1219 835 1372 546 548 231 596 606 48 172 218 951 349 597 456 524 644 470 991 573 604 760 1298 743 1170 578 0 878 956 734 1342
289 385 98 276 572 397 628 748 882 490 246 539 443 1085 917 152 729 446 569 251 319 482 363 502 659 1104 230 197 646 1084 148 387 732 523 483 326 562 766 260 312 606 384 533 333 431 454 588 342 865 699 332 532 810 305 278 843 709 1039 80 606 291 553 406 353 439 331 487 280 402 422 500 531 313 878 0 949 922 471
808 771 974 735 878 641 1016 1630 1508 949 824 588 1277 501 876 1079 668 762 380 698 802 1273 868 1203 1336 1160 967 981 446 410 801 580 761 697 526 869 532 1580 888 727 686 1097 1453 784 558 763 1182 1118 123 822 834 1160 1113 760 810 970 859 907 1013 681 796 601 695 642 727 713 551 808 1215 1159 1279 1478 781 956 949 0 244 1162
717 654 970 666 708 551 840 1530 1340 800 743 701 1178 273 644 1029 462 628 409 680 702 1160 750 1074 1189 925 881 904 586 203 783 534 925 547 444 761 401 1456 796 645 511 1150 1379 683 492 627 1271 1157 154 974 727 1018 912 672 721 754 660 666 996 507 706 454 584 576 599 764 452 719 1114 1211 1163 1428 686 734 922 244 0 1226
746 838 372 702 1039 805 1099 998 1294 961 705 585 813 1444 1370 541 1159 899 817 592 776 875 831 934 1077 1573 697 661 735 1417 518 740 584 962 848 794 951 1088 730 743 1043 88 765 787 794 907 134 135 1120 514 796 981 1280 749 735 1309 1170 1488 409 1042 745 966 838 744 883 462 870 737 799 60 895 661 765 1342 471 1162 1226 0
