0 810 473 107 495 8 368 203 675 467 434 151 768 35 153 564 678 79 753 144 797 794 612 62 73 843 792 29 387 121 158 732 173 634 644 729 695 319 501 299 601 465 252 28 233 218 617 532 457 312 41 712 794 6 859 626 64 577 789 807 434 865 518 601 177 282 167 522 604 176 673 597 700 59 346 446 698 791
810 0 1283 917 320 809 565 1011 721 1147 377 747 956 775 957 1176 455 832 1232 854 1034 1164 259 759 882 1618 280 831 467 915 965 633 917 1355 1434 1537 1355 594 934 513 324 1268 1008 785 684 814 333 1143 1177 502 836 1395 781 816 962 1408 871 529 117 1265 1114 496 451 1359 898 983 941 922 430 950 282 572 1505 858 608 649 123 598
473 1283 0 369 969 474 807 281 1031 399 908 571 978 509 337 519 1090 455 754 473 1022 872 1073 524 400 429 1254 452 841 371 326 1088 416 380 282 280 582 759 729 773 1064 74 356 500 657 557 1077 510 328 785 452 488 1139 467 1136 235 412 972 1262 871 396 1297 965 284 445 432 357 760 1027 349 1137 975 264 425 751 837 1169 1195
107 917 369 0 600 110 450 96 726 429 540 215 818 142 51 540 776 127 750 145 807 811 719 166 47 755 888 93 493 81 52 817 128 570 539 621 621 401 502 404 698 367 175 132 303 240 712 511 403 416 83 657 843 102 886 537 59 670 893 774 399 947 605 523 150 231 129 527 704 134 770 686 592 79 439 506 805 862
495 320 969 600 0 495 269 693 536 876 62 427 839 460 638 928 433 526 1029 534 819 996 217 449 568 1323 336 518 224 606 647 592 597 1077 1114 1218 1049 286 653 196 177 959 687 468 368 497 201 892 895 183 518 1131 633 501 788 1109 557 426 295 1000 842 493 223 1068 577 664 637 649 361 647 226 474 1186 546 375 383 224 507
8 809 474 110 495 0 373 206 681 461 434 158 760 35 157 557 672 71 745 153 805 786 609 57 73 841 794 25 384 118 162 725 180 629 648 731 702 324 509 299 603 464 259 33 239 226 619 524 452 312 49 706 801 9 867 624 62 570 789 815 428 869 522 598 186 290 162 530 598 172 675 590 702 55 340 452 696 797
368 565 807 450 269 373 0 527 349 828 244 236 970 341 470 911 663 433 1067 335 580 1072 478 354 436 1205 454 398 368 490 483 795 396 1003 900 1025 789 49 385 195 272 815 477 340 149 266 279 876 824 185 370 1078 467 375 583 988 430 619 501 733 793 497 158 969 370 433 536 381 584 545 344 660 988 428 466 133 488 426
203 1011 281 96 693 206 527 0 776 423 634 291 876 238 56 544 868 214 767 197 821 845 815 262 139 685 973 189 589 141 46 901 149 531 444 526 559 479 515 498 784 290 138 227 378 289 796 518 381 510 175 627 889 198 914 470 152 759 984 750 398 1020 685 470 179 215 167 543 797 166 857 773 496 170 529 567 901 926
675 721 1031 726 536 681 349 776 0 1142 545 523 1318 656 726 1238 968 750 1409 583 314 1420 748 679 729 1456 480 704 703 787 741 1119 626 1296 1036 1190 795 386 349 541 409 1060 675 650 444 488 393 1204 1126 529 661 1382 120 680 252 1244 727 946 615 588 1109 359 312 1245 597 601 838 320 894 846 438 990 1149 731 815 232 699 207
467 1147 399 429 876 461 828 423 1142 0 815 618 597 489 449 126 833 395 362 574 1235 472 898 473 415 500 1207 438 680 357 434 778 553 210 682 651 940 780 929 702 1023 328 561 493 700 667 1043 111 73 718 482 254 1261 462 1315 333 416 709 1163 1170 34 1314 965 248 578 638 305 955 791 298 1090 696 647 410 541 913 1024 1254
434 377 908 540 62 434 244 634 545 815 0 374 800 399 579 868 427 464 976 480 814 948 235 386 507 1260 395 456 177 544 588 574 542 1014 1058 1159 1008 251 627 135 224 897 633 408 322 450 248 833 833 125 458 1069 649 440 795 1046 496 402 357 977 780 539 239 1006 524 615 574 625 350 584 281 448 1128 485 322 369 273 539
151 747 571 215 427 158 236 291 523 618 374 0 882 137 234 716 707 229 900 107 656 933 589 169 208 969 683 180 394 265 247 794 170 779 687 799 652 188 372 245 495 579 260 128 88 97 507 683 605 252 139 860 643 156 710 752 204 624 706 702 586 732 394 738 150 243 315 388 627 323 568 654 765 208 411 296 647 648
768 956 978 818 839 760 970 876 1318 597 800 882 0 760 865 514 506 700 386 913 1527 252 712 721 775 1054 1147 753 625 741 857 344 934 758 1253 1245 1435 940 1255 776 1016 914 993 775 921 974 1040 502 669 788 807 721 1432 768 1552 925 766 432 1030 1575 589 1330 1034 833 944 1044 708 1270 528 710 1055 386 1238 747 503 1099 849 1340
35 775 509 142 460 35 341 238 656 489 399 137 760 0 187 582 649 94 763 156 791 797 577 39 108 876 758 60 355 153 193 709 194 662 678 764 717 292 500 264 568 500 278 16 211 216 584 548 483 276 68 737 776 41 847 659 98 551 753 815 456 836 487 632 194 301 195 519 574 205 640 573 735 90 322 425 662 766
153 957 337 51 638 157 470 56 726 449 579 234 865 187 0 565 827 179 782 144 787 850 765 214 99 739 916 144 541 123 15 869 105 573 490 580 572 422 480 443 727 345 129 174 321 238 739 538 415 454 121 665 841 148 874 523 111 722 928 737 421 965 628 518 133 193 164 507 755 167 800 738 549 131 490 514 847 872
564 1176 519 540 928 557 911 544 1238 126 868 716 514 582 565 0 823 487 236 682 1348 357 920 559 521 543 1263 536 718 464 551 742 667 244 801 758 1066 865 1042 768 1085 446 682 588 793 773 1106 35 191 783 584 231 1358 560 1421 415 519 702 1204 1293 145 1386 1039 320 691 757 412 1068 792 406 1148 680 758 511 569 1006 1053 1337
678 455 1090 776 433 672 663 868 968 833 427 707 506 649 827 823 0 654 820 790 1240 730 238 615 730 1332 678 683 314 734 828 179 841 1041 1311 1368 1357 657 1033 488 591 1050 928 665 694 802 614 793 883 491 717 1054 1066 682 1220 1145 717 123 541 1383 806 882 656 1074 835 940 735 1036 80 742 608 143 1346 698 340 794 359 929
79 832 455 127 526 71 433 214 750 395 464 229 700 94 179 487 654 0 673 218 876 716 617 82 80 797 838 55 386 84 177 690 234 571 657 724 746 385 579 334 649 435 299 100 306 297 666 454 391 348 110 644 870 75 938 582 68 545 822 878 361 926 576 548 245 343 110 600 585 120 720 560 698 49 314 520 716 859
753 1232 754 750 1029 745 1067 767 1409 362 976 900 386 763 782 236 820 673 0 884 1549 152 972 733 722 706 1364 727 806 670 769 694 879 434 1036 983 1301 1025 1248 899 1200 681 904 772 968 970 1223 253 428 914 780 366 1529 749 1610 626 719 713 1280 1517 377 1512 1177 530 899 975 620 1271 812 616 1255 679 986 707 654 1177 1112 1484
144 854 473 145 534 153 335 197 583 574 480 107 913 156 144 682 790 218 884 0 666 934 689 195 162 883 787 163 483 218 159 861 63 714 580 693 567 288 363 348 600 488 153 140 186 95 611 652 548 356 107 803 699 145 741 667 165 699 813 662 543 824 493 662 45 150 269 387 712 276 673 723 658 178 474 369 753 728
797 1034 1022 807 819 805 580 821 314 1235 814 656 1527 791 787 1348 1240 876 1549 666 0 1589 1036 825 828 1448 794 822 948 884 802 1376 682 1350 940 1108 616 597 306 771 715 1069 690 779 606 579 702 1318 1202 764 769 1448 300 800 153 1254 831 1199 929 318 1206 649 603 1278 657 609 935 280 1162 941 751 1240 1066 842 1030 447 1003 494
794 1164 872 811 996 786 1072 845 1420 472 948 933 252 797 850 357 730 716 152 934 1589 0 908 764 777 857 1324 772 772 730 839 585 939 578 1155 1115 1395 1034 1296 891 1172 800 977 809 991 1012 1195 362 544 905 827 517 1539 792 1636 765 771 635 1224 1586 479 1488 1165 669 956 1042 685 1316 736 683 1221 595 1115 756 626 1191 1049 1475
612 259 1073 719 217 609 478 815 748 898 235 589 712 577 765 920 238 617 972 689 1036 908 0 553 679 1380 442 627 231 701 771 414 748 1108 1255 1339 1236 486 863 344 356 1048 840 590 550 674 378 887 933 340 644 1142 839 617 1001 1176 666 279 318 1212 866 643 436 1120 735 832 719 860 186 728 369 325 1311 650 356 599 140 693
62 759 524 166 449 57 354 262 679 473 386 169 721 39 214 559 615 82 733 195 825 764 553 0 125 878 757 73 327 157 218 671 232 653 705 785 755 307 536 254 567 510 314 55 235 253 584 525 472 268 103 724 799 66 877 662 112 514 744 854 439 844 495 630 233 339 191 555 541 201 638 535 757 98 285 447 644 781
73 882 400 47 568 73 436 139 729 415 507 208 775 108 99 521 730 80 722 162 828 777 679 125 0 771 865 51 451 57 98 770 162 570 583 660 667 387 525 372 675 392 220 101 295 252 690 490 397 385 68 652 848 67 901 554 13 623 862 810 384 934 589 532 178 269 109 549 659 117 747 639 632 32 392 504 769 856
843 1618 429 755 1323 841 1205 685 1456 500 1260 969 1054 876 739 543 1332 797 706 883 1448 857 1380 878 771 0 1635 816 1153 723 725 1275 832 300 579 434 952 1156 1158 1132 1445 395 782 872 1058 973 1461 562 450 1146 835 339 1565 837 1565 217 779 1209 1617 1274 526 1702 1360 260 861 860 687 1189 1287 677 1516 1196 463 786 1027 1252 1497 1611
792 280 1254 888 336 794 454 973 480 1207 395 683 1147 758 916 1263 678 838 1364 787 794 1324 442 757 865 1635 0 818 558 911 928 856 849 1403 1353 1479 1205 498 756 507 190 1255 931 763 601 720 176 1228 1221 492 804 1462 518 798 702 1418 856 716 162 1057 1173 217 298 1386 824 885 949 738 628 959 118 764 1443 849 710 483 323 325
29 831 452 93 518 25 398 189 704 438 456 180 753 60 144 536 683 55 727 163 822 772 627 73 51 816 818 0 400 92 146 730 182 604 633 712 700 349 524 322 628 441 254 58 263 242 644 503 427 335 55 682 824 24 886 599 39 579 812 824 405 894 547 573 191 292 137 546 610 147 700 597 683 30 347 475 717 821
387 467 841 493 224 384 368 589 703 680 177 394 625 355 541 718 314 386 806 483 948 772 231 327 451 1153 558 400 0 471 546 428 538 888 1032 1110 1046 353 722 178 400 817 627 369 380 488 423 683 710 184 423 931 813 393 947 946 438 251 486 1071 647 716 409 893 528 632 487 727 234 496 450 291 1083 422 152 502 344 715
121 915 371 81 606 118 490 141 787 357 544 265 741 153 123 464 734 84 670 218 884 730 701 157 57 723 911 92 471 0 115 761 209 514 577 640 694 441 580 411 721 353 252 150 351 310 737 434 339 425 126 595 905 115 958 507 60 623 901 855 326 987 640 480 229 312 51 604 666 59 792 634 615 62 393 561 799 911
158 965 326 52 647 162 483 46 741 434 588 247 857 193 15 551 828 177 769 159 802 839 771 218 98 725 928 146 546 115 0 867 120 558 486 572 578 435 495 452 738 332 138 181 335 253 751 524 400 463 129 650 856 153 889 508 111 722 938 749 407 978 641 503 148 206 153 522 757 155 811 737 542 130 490 528 855 887
732 633 1088 817 592 725 795 901 1119 778 574 794 344 709 869 742 179 690 694 861 1376 585 414 671 770 1275 856 730 428 761 867 0 903 976 1333 1368 1426 781 1145 606 759 1039 983 725 799 891 782 717 838 612 773 971 1223 734 1368 1106 758 176 721 1490 756 1057 812 1026 903 1010 749 1152 233 755 781 140 1350 738 387 929 539 1096
173 917 416 128 597 180 396 149 626 553 542 170 934 194 105 667 841 234 879 63 682 939 748 232 162 832 849 182 538 209 120 903 0 678 517 630 523 350 375 410 663 436 91 178 248 141 673 639 520 418 131 771 739 171 768 618 169 745 877 648 524 881 554 620 29 110 258 402 764 262 736 767 595 187 517 421 815 780
634 1355 380 570 1077 629 1003 531 1296 210 1014 779 758 662 573 244 1041 571 434 714 1350 578 1108 653 570 300 1403 604 888 514 558 976 678 0 641 560 963 954 1044 896 1216 310 659 662 865 809 1235 262 182 911 639 108 1413 628 1446 195 575 918 1367 1238 241 1497 1148 104 706 741 467 1074 1001 457 1285 902 569 575 751 1074 1232 1426
644 1434 282 539 1114 648 900 444 1036 682 1058 687 1253 678 490 801 1311 657 1036 580 940 1155 1255 705 583 579 1353 633 1032 577 486 1333 517 641 0 169 377 859 693 924 1172 355 427 664 758 634 1180 793 610 933 610 747 1125 639 1077 459 596 1200 1392 715 678 1351 1054 538 537 467 584 724 1241 578 1244 1211 129 614 971 887 1330 1226
729 1537 280 621 1218 731 1025 526 1190 651 1159 799 1245 764 580 758 1368 724 983 693 1108 1115 1339 785 660 434 1479 712 1110 640 572 1368 630 560 169 0 543 980 852 1023 1293 333 547 753 878 760 1303 757 578 1034 701 658 1284 723 1243 365 673 1251 1505 884 656 1493 1182 457 655 602 633 884 1304 625 1366 1255 41 688 1028 1027 1427 1374
695 1355 582 621 1049 702 789 559 795 940 1008 652 1435 717 572 1066 1357 746 1301 567 616 1395 1236 755 667 952 1205 700 1046 694 578 1426 523 963 377 543 0 764 454 892 1049 653 447 701 686 562 1049 1048 879 895 653 1071 857 693 766 805 678 1266 1286 346 924 1146 919 866 524 417 727 479 1278 726 1114 1290 505 697 1039 722 1274 1001
319 594 759 401 286 324 49 479 386 780 251 188 940 292 422 865 657 385 1025 288 597 1034 486 307 387 1156 498 349 353 441 435 781 350 954 859 980 764 0 378 174 313 767 434 291 102 225 322 830 775 168 321 1029 505 326 611 939 381 604 537 729 746 547 205 920 325 394 487 379 577 496 386 643 945 379 437 159 509 474
501 934 729 502 653 509 385 515 349 929 627 372 1255 500 480 1042 1033 579 1248 363 306 1296 863 536 525 1158 756 524 722 580 495 1145 375 1044 693 852 454 378 0 545 614 771 386 487 346 284 611 1013 895 542 469 1142 432 503 408 956 529 970 851 350 900 693 484 976 351 304 630 32 952 636 674 1005 811 542 774 284 869 551
299 513 773 404 196 299 195 498 541 702 135 245 776 264 443 768 488 334 899 348 771 891 344 254 372 1132 507 322 178 411 452 606 410 896 924 1023 892 174 545 0 321 763 501 272 209 329 340 732 714 15 322 957 656 305 778 917 362 429 490 895 668 618 277 881 393 488 445 549 407 455 388 468 992 351 273 328 406 585
601 324 1064 698 177 603 272 784 409 1023 224 495 1016 568 727 1085 591 649 1200 600 715 1172 356 567 675 1445 190 628 400 721 738 759 663 1216 1172 1293 1049 313 614 321 0 1065 747 573 415 538 24 1050 1034 305 614 1278 488 608 658 1228 666 599 237 941 989 315 131 1197 638 706 759 601 525 769 73 647 1258 659 547 330 290 338
465 1268 74 367 959 464 815 290 1060 328 897 579 914 500 345 446 1050 435 681 488 1069 800 1048 510 392 395 1255 441 817 353 332 1039 436 310 355 333 653 767 771 763 1065 0 389 493 667 577 1079 438 256 777 450 418 1171 459 1179 185 402 931 1253 934 327 1311 972 217 465 469 329 802 991 320 1138 931 323 412 716 857 1151 1216
252 1008 356 175 687 259 477 138 675 561 633 260 993 278 129 682 928 299 904 153 690 977 840 314 220 782 931 254 627 252 138 983 91 659 427 547 447 434 386 501 747 389 0 262 332 212 756 657 518 509 211 759 783 249 791 575 231 829 965 613 536 951 634 590 110 81 292 416 852 294 820 849 511 250 598 486 907 842
28 785 500 132 468 33 340 227 650 493 408 128 775 16 174 588 665 100 772 140 779 809 590 55 101 872 763 58 369 150 181 725 178 662 664 753 701 291 487 272 573 493 262 0 206 203 588 555 485 285 54 739 769 35 838 655 92 567 762 800 460 836 489 630 178 284 195 506 589 205 645 589 723 88 338 420 673 764
233 684 657 303 368 239 149 378 444 700 322 88 921 211 321 793 694 306 968 186 606 991 550 235 295 1058 601 263 380 351 335 799 248 865 758 878 686 102 346 209 415 667 332 206 0 129 425 760 690 211 227 945 564 239 645 841 290 625 634 691 667 644 307 826 223 298 400 355 614 408 488 659 843 292 430 213 592 560
218 814 557 240 497 226 266 289 488 667 450 97 974 216 238 773 802 297 970 95 579 1012 674 253 252 973 720 242 488 310 253 891 141 809 634 760 562 225 284 329 538 577 212 203 129 0 546 742 643 333 189 898 603 221 648 759 253 721 762 606 636 740 422 757 112 169 361 304 722 368 610 751 723 263 508 279 721 638
617 333 1077 712 201 619 279 796 393 1043 248 507 1040 584 739 1106 614 666 1223 611 702 1195 378 584 690 1461 176 644 423 737 751 782 673 1235 1180 1303 1049 322 611 340 24 1079 756 588 425 546 0 1071 1053 325 628 1298 468 623 641 1244 681 623 240 933 1008 292 130 1214 648 713 776 596 549 786 65 671 1268 674 570 328 307 315
532 1143 510 511 892 524 876 518 1204 111 833 683 502 548 538 35 793 454 253 652 1318 362 887 525 490 562 1228 503 683 434 524 717 639 262 793 757 1048 830 1013 732 1050 438 657 555 760 742 1071 0 182 748 553 260 1324 527 1390 423 488 672 1169 1269 123 1351 1004 330 661 730 382 1038 761 377 1113 651 755 479 535 973 1019 1302
457 1177 328 403 895 452 824 381 1126 73 833 605 669 483 415 191 883 391 428 548 1202 544 933 472 397 450 1221 427 710 339 400 838 520 182 610 578 879 775 895 714 1034 256 518 485 690 643 1053 182 0 729 465 255 1244 451 1288 268 400 760 1186 1121 83 1317 967 191 547 597 290 922 837 281 1103 750 574 398 578 901 1054 1249
312 502 785 416 183 312 185 510 529 718 125 252 788 276 454 783 491 348 914 356 764 905 340 268 385 1146 492 335 184 425 463 612 418 911 933 1034 895 168 542 15 305 777 509 285 211 333 325 748 729 0 334 973 644 318 768 931 375 436 477 892 683 603 262 895 401 494 459 545 410 469 373 476 1003 364 286 319 397 570
41 836 452 83 518 49 370 175 661 482 458 139 807 68 121 584 717 110 780 107 769 827 644 103 68 835 804 55 423 126 129 773 131 639 610 701 653 321 469 322 614 450 211 54 227 189 628 553 465 334 0 721 780 40 836 618 66 618 809 768 450 868 524 599 137 240 176 491 643 184 687 638 670 73 388 436 726 787
712 1395 488 657 1131 706 1078 627 1382 254 1069 860 721 737 665 231 1054 644 366 803 1448 517 1142 724 652 339 1462 682 931 595 650 971 771 108 747 658 1071 1029 1142 957 1278 418 759 739 945 898 1298 260 255 973 721 0 1500 706 1540 293 655 932 1415 1344 289 1568 1218 209 799 840 545 1171 1021 537 1345 911 670 653 787 1157 1272 1503
794 781 1139 843 633 801 467 889 120 1261 649 643 1432 776 841 1358 1066 870 1529 699 300 1539 839 799 848 1565 518 824 813 905 856 1223 739 1413 1125 1284 857 505 432 656 488 1171 783 769 564 603 468 1324 1244 644 780 1500 0 799 184 1355 846 1052 669 608 1229 351 411 1359 710 706 956 401 994 965 503 1097 1243 850 930 352 775 199
6 816 467 102 501 9 375 198 680 462 440 156 768 41 148 560 682 75 749 145 800 792 617 66 67 837 798 24 393 115 153 734 171 628 639 723 693 326 503 305 608 459 249 35 239 221 623 527 451 318 40 706 799 0 863 620 57 580 795 807 429 871 524 595 177 281 161 524 608 170 680 600 694 53 349 451 704 797
859 962 1136 886 788 867 583 914 252 1315 795 710 1552 847 874 1421 1220 938 1610 741 153 1636 1001 877 901 1565 702 886 947 958 889 1368 768 1446 1077 1243 766 611 408 778 658 1179 791 838 645 648 641 1390 1288 768 836 1540 184 863 0 1364 901 1194 851 470 1284 533 565 1381 741 710 1010 376 1145 1017 681 1237 1202 910 1048 452 948 383
626 1408 235 537 1109 624 988 470 1244 333 1046 752 925 659 523 415 1145 582 626 667 1254 765 1176 662 554 217 1418 599 946 507 508 1106 618 195 459 365 805 939 956 917 1228 185 575 655 841 759 1244 423 268 931 618 293 1355 620 1364 0 562 1022 1404 1105 351 1485 1142 96 647 655 472 988 1095 462 1300 1015 376 569 827 1037 1288 1395
64 871 412 59 557 62 430 152 727 416 496 204 766 98 111 519 717 68 719 165 831 771 666 112 13 779 856 39 438 60 111 758 169 575 596 673 678 381 529 362 666 402 231 92 290 253 681 488 400 375 66 655 846 57 901 562 0 610 852 817 384 927 581 539 184 278 110 552 645 119 738 626 645 19 379 501 757 851
577 529 972 670 426 570 619 759 946 709 402 624 432 551 722 702 123 545 713 699 1199 635 279 514 623 1209 716 579 251 623 722 176 745 918 1200 1251 1266 604 970 429 599 931 829 567 625 721 623 672 760 436 618 932 1052 580 1194 1022 610 0 598 1316 682 907 641 951 742 848 620 976 100 627 630 47 1230 591 231 752 417 933
789 117 1262 893 295 789 501 984 615 1163 357 706 1030 753 928 1204 541 822 1280 813 929 1224 318 744 862 1617 162 812 486 901 938 721 877 1367 1392 1505 1286 537 851 490 237 1253 965 762 634 762 240 1169 1186 477 809 1415 669 795 851 1404 852 598 0 1173 1129 379 368 1362 855 931 932 837 502 942 181 643 1471 841 636 568 182 482
807 1265 871 774 1000 815 733 750 588 1170 977 702 1575 815 737 1293 1383 878 1517 662 318 1586 1212 854 810 1274 1057 824 1071 855 749 1490 648 1238 715 884 346 729 350 895 941 934 613 800 691 606 933 1269 1121 892 768 1344 608 807 470 1105 817 1316 1173 0 1147 944 814 1151 633 544 901 351 1302 904 992 1350 844 834 1113 620 1210 788
434 1114 396 399 842 428 793 398 1109 34 780 586 589 456 421 145 806 361 377 543 1206 479 866 439 384 526 1173 405 647 326 407 756 524 241 678 656 924 746 900 668 989 327 536 460 667 636 1008 123 83 683 450 289 1229 429 1284 351 384 682 1129 1147 0 1280 930 270 549 612 274 926 762 267 1055 670 650 378 510 880 991 1220
865 496 1297 947 493 869 497 1020 359 1314 539 732 1330 836 965 1386 882 926 1512 824 649 1488 643 844 934 1702 217 894 716 987 978 1057 881 1497 1351 1493 1146 547 693 618 315 1311 951 836 644 740 292 1351 1317 603 868 1568 351 871 533 1485 927 907 379 944 1280 0 349 1467 852 890 1031 667 825 1041 276 954 1454 925 862 466 535 155
518 451 965 605 223 522 158 685 312 965 239 394 1034 487 628 1039 656 576 1177 493 603 1165 436 495 589 1360 298 547 409 640 641 812 554 1148 1054 1182 919 205 484 277 131 972 634 489 307 422 130 1004 967 262 524 1218 411 524 565 1142 581 641 368 814 930 349 0 1120 528 587 683 471 583 693 195 687 1146 577 540 199 401 309
601 1359 284 523 1068 598 969 470 1245 248 1006 738 833 632 518 320 1074 548 530 662 1278 669 1120 630 532 260 1386 573 893 480 503 1026 620 104 538 457 866 920 976 881 1197 217 590 630 826 757 1214 330 191 895 599 209 1359 595 1381 96 539 951 1362 1151 270 1467 1120 0 649 671 438 1006 1028 428 1268 940 465 542 766 1030 1238 1386
177 898 445 150 577 186 370 179 597 578 524 150 944 194 133 691 835 245 899 45 657 956 735 233 178 861 824 191 528 229 148 903 29 706 537 655 524 325 351 393 638 465 110 178 223 112 648 661 547 401 137 799 710 177 741 647 184 742 855 633 549 852 528 649 0 106 279 377 757 284 711 766 619 200 515 392 798 751
282 983 432 231 664 290 433 215 601 638 615 243 1044 301 193 757 940 343 975 150 609 1042 832 339 269 860 885 292 632 312 206 1010 110 741 467 602 417 394 304 488 706 469 81 284 298 169 713 730 597 494 240 840 706 281 710 655 278 848 931 544 612 890 587 671 106 0 357 334 862 360 778 872 564 296 622 424 887 775
167 941 357 129 637 162 536 167 838 305 574 315 708 195 164 412 735 110 620 269 935 685 719 191 109 687 949 137 487 51 153 749 258 467 584 633 727 487 630 445 759 329 292 195 400 361 776 382 290 459 176 545 956 161 1010 472 110 620 932 901 274 1031 683 438 279 357 0 655 670 10 830 627 610 108 395 611 822 959
522 922 760 527 649 530 381 543 320 955 625 388 1270 519 507 1068 1036 600 1271 387 280 1316 860 555 549 1189 738 546 727 604 522 1152 402 1074 724 884 479 379 32 549 601 802 416 506 355 304 596 1038 922 545 491 1171 401 524 376 988 552 976 837 351 926 667 471 1006 377 334 655 0 955 661 658 1013 843 564 785 272 861 523
604 430 1027 704 361 598 584 797 894 791 350 627 528 574 755 792 80 585 812 712 1162 736 186 541 659 1287 628 610 234 666 757 233 764 1001 1241 1304 1278 577 952 407 525 991 852 589 614 722 549 761 837 410 643 1021 994 608 1145 1095 645 100 502 1302 762 825 583 1028 757 862 670 955 0 678 549 142 1280 627 275 715 321 863
176 950 349 134 647 172 545 166 846 298 584 323 710 205 167 406 742 120 616 276 941 683 728 201 117 677 959 147 496 59 155 755 262 457 578 625 726 496 636 455 769 320 294 205 408 368 786 377 281 469 184 537 965 170 1017 462 119 627 942 904 267 1041 693 428 284 360 10 661 678 0 840 634 603 117 403 620 832 968
673 282 1137 770 226 675 344 857 438 1090 281 568 1055 640 800 1148 608 720 1255 673 751 1221 369 638 747 1516 118 700 450 792 811 781 736 1285 1244 1366 1114 386 674 388 73 1138 820 645 488 610 65 1113 1103 373 687 1345 503 680 681 1300 738 630 181 992 1055 276 195 1268 711 778 830 658 549 840 0 678 1331 730 601 392 277 332
597 572 975 686 474 590 660 773 990 696 448 654 386 573 738 680 143 560 679 723 1240 595 325 535 639 1196 764 597 291 634 737 140 767 902 1211 1255 1290 643 1005 468 647 931 849 589 659 751 671 651 750 476 638 911 1097 600 1237 1015 626 47 643 1350 670 954 687 940 766 872 627 1013 142 634 678 0 1235 607 250 794 463 981
700 1505 264 592 1186 702 988 496 1149 647 1128 765 1238 735 549 758 1346 698 986 658 1066 1115 1311 757 632 463 1443 683 1083 615 542 1350 595 569 129 41 505 945 811 992 1258 323 511 723 843 723 1268 755 574 1003 670 670 1243 694 1202 376 645 1230 1471 844 650 1454 1146 465 619 564 610 843 1280 603 1331 1235 0 661 1005 988 1396 1335
59 858 425 79 546 55 428 170 731 410 485 208 747 90 131 511 698 49 707 178 842 756 650 98 32 786 849 30 422 62 130 738 187 575 614 688 697 379 542 351 659 412 250 88 292 263 674 479 398 364 73 653 850 53 910 569 19 591 841 834 378 925 577 542 200 296 108 564 627 117 730 607 661 0 360 504 743 851
346 608 751 439 375 340 466 529 815 541 322 411 503 322 490 569 340 314 654 474 1030 626 356 285 392 1027 710 347 152 393 490 387 517 751 971 1028 1039 437 774 273 547 716 598 338 430 508 570 535 578 286 388 787 930 349 1048 827 379 231 636 1113 510 862 540 766 515 622 395 785 275 403 601 250 1005 360 0 596 484 850
446 649 837 506 383 452 133 567 232 913 369 296 1099 425 514 1006 794 520 1177 369 447 1191 599 447 504 1252 483 475 502 561 528 929 421 1074 887 1027 722 159 284 328 330 857 486 420 213 279 328 973 901 319 436 1157 352 451 452 1037 501 752 568 620 880 466 199 1030 392 424 611 272 715 620 392 794 988 504 596 0 590 359
698 123 1169 805 224 696 488 901 699 1024 273 647 849 662 847 1053 359 716 1112 753 1003 1049 140 644 769 1497 323 717 344 799 855 539 815 1232 1330 1427 1274 509 869 406 290 1151 907 673 592 721 307 1019 1054 397 726 1272 775 704 948 1288 757 417 182 1210 991 535 401 1238 798 887 822 861 321 832 277 463 1396 743 484 590 0 609
791 598 1195 862 507 797 426 926 207 1254 539 648 1340 766 872 1337 929 859 1484 728 494 1475 693 781 856 1611 325 821 715 911 887 1096 780 1426 1226 1374 1001 474 551 585 338 1216 842 764 560 638 315 1302 1249 570 787 1503 199 797 383 1395 851 933 482 788 1220 155 309 1386 751 775 959 523 863 968 332 981 1335 851 850 359 609 0
