0 1233 913 179 959 777 562 1524 1392 902 698 1357 585 1299 1151 482
1233 0 421 1371 1591 1768 1792 721 281 335 1287 2484 677 1551 2128 1706
913 421 0 1075 1505 1358 1446 1054 488 273 1178 2082 328 1166 1711 1395
179 1371 1075 0 843 831 471 1594 1547 1036 626 1323 747 1453 1183 336
959 1591 1505 843 0 1664 1166 1406 1852 1312 328 2024 1250 2246 1993 951
777 1768 1358 831 1664 0 598 2229 1824 1484 1455 735 1110 943 381 777
562 1792 1446 471 1166 598 0 2064 1933 1462 1039 875 1127 1468 851 214
1524 721 1054 1594 1406 2229 2064 0 958 807 1205 2879 1149 2219 2609 1914
1392 281 488 1547 1852 1824 1933 958 0 549 1540 2556 808 1454 2162 1874
902 335 273 1036 1312 1484 1462 807 549 0 995 2182 374 1419 1854 1372
698 1287 1178 626 328 1455 1039 1205 1540 995 0 1915 922 1951 1810 838
1357 2484 2082 1323 2024 735 875 2879 2556 2182 1915 0 1811 1553 492 1082
585 677 328 747 1250 1110 1127 1149 808 374 922 1811 0 1150 1481 1067
1299 1551 1166 1453 2246 943 1468 2219 1454 1419 1951 1553 1150 0 1060 1583
1151 2128 1711 1183 1993 381 851 2609 2162 1854 1810 492 1481 1060 0 1060
482 1706 1395 336 951 777 214 1914 1874 1372 838 1082 1067 1583 1060 0
