0 1450 1097 466 996 566 209 1018 1100 935 389 1013 1038 1260 1274 1366
1450 0 543 1734 843 908 1272 2457 1469 548 1839 1277 428 2050 2643 2809
1097 543 0 1275 300 685 892 2041 1521 518 1462 1332 454 2010 2363 2394
466 1734 1275 0 1071 951 514 786 1563 1284 398 1479 1366 1650 1340 1132
996 843 300 1071 0 742 788 1855 1644 720 1321 1466 695 2067 2267 2203
566 908 685 951 742 0 436 1585 909 371 954 743 482 1334 1740 1932
209 1272 892 514 788 436 0 1184 1149 783 574 1030 875 1397 1483 1537
1018 2457 2041 786 1855 1585 1184 0 1861 1953 632 1857 2054 1668 817 353
1100 1469 1521 1563 1644 909 1149 1861 0 1020 1320 194 1122 617 1579 2138
935 548 518 1284 720 371 783 1953 1020 0 1324 827 122 1553 2094 2301
389 1839 1462 398 1321 954 574 632 1320 1324 0 1280 1428 1298 972 977
1013 1277 1332 1479 1466 743 1030 1857 194 827 1280 0 928 788 1660 2154
1038 428 454 1366 695 482 875 2054 1122 122 1428 928 0 1668 2214 2404
1260 2050 2010 1650 2067 1334 1397 1668 617 1553 1298 788 1668 0 1144 1865
1274 2643 2363 1340 2267 1740 1483 817 1579 2094 972 1660 2214 1144 0 837
1366 2809 2394 1132 2203 1932 1537 353 2138 2301 977 2154 2404 1865 837 0
