0 838 1288 403 961 1343 1500 1094 95 266 926 501 1485 75 1069 896 1693
838 0 2109 908 1063 504 1160 1174 823 883 1674 995 1322 913 250 1663 1856
1288 2109 0 1467 1645 2612 2659 1712 1334 1242 552 1234 2543 1220 2350 516 2417
403 908 1467 0 1345 1370 1199 1480 310 669 1228 905 1130 401 1080 1182 1289
961 1063 1645 1345 0 1409 2173 135 1044 714 1094 521 2264 999 1280 1130 2616
1343 504 2612 1370 1409 0 1189 1492 1324 1378 2163 1463 1440 1417 290 2157 2091
1500 1160 2659 1199 2173 1189 0 2297 1417 1716 2412 1924 309 1539 1050 2371 1035
1094 1174 1712 1480 135 1492 2297 0 1179 844 1160 641 2394 1131 1381 1202 2751
95 823 1334 310 1044 1324 1417 1179 0 360 1001 595 1394 123 1043 966 1599
266 883 1242 669 714 1378 1716 844 360 0 791 235 1727 288 1132 780 1959
926 1674 552 1228 1094 2163 2412 1160 1001 791 0 720 2357 877 1923 71 2393
501 995 1234 905 521 1463 1924 641 595 235 720 0 1950 517 1245 730 2195
1485 1322 2543 1130 2264 1440 309 2394 1394 1727 2357 1950 0 1510 1260 2310 725
75 913 1220 401 999 1417 1539 1131 123 288 877 517 1510 0 1142 842 1685
1069 250 2350 1080 1280 290 1050 1381 1043 1132 1923 1245 1260 1142 0 1911 1866
896 1663 516 1182 1130 2157 2371 1202 966 780 71 730 2310 842 1911 0 2331
1693 1856 2417 1289 2616 2091 1035 2751 1599 1959 2393 2195 725 1685 1866 2331 0
