0 670 101 754 1512 983 1122 411 978 151 1547 569 500 1054 351 16
670 0 735 847 2174 1430 1383 322 1158 544 1341 204 1062 1040 382 661
101 735 0 851 1439 1031 1034 449 901 247 1509 653 399 1152 443 96
754 847 851 0 1978 708 1871 883 1707 652 2131 644 1233 301 578 766
1512 2174 1439 1978 0 1524 1577 1875 1689 1655 2504 2078 1174 2235 1854 1518
983 1430 1031 708 1524 0 2001 1324 1912 991 2530 1234 1259 836 1063 1000
1122 1383 1034 1871 1577 2001 0 1103 241 1221 958 1453 745 2164 1347 1109
411 322 449 883 1875 1324 1103 0 894 337 1252 349 742 1140 305 398
978 1158 901 1707 1689 1912 241 894 0 1055 815 1243 695 1992 1159 963
151 544 247 652 1655 991 1221 337 1055 0 1553 423 644 943 201 152
1547 1341 1509 2131 2504 2530 958 1252 815 1553 0 1516 1452 2366 1556 1530
569 204 653 644 2078 1234 1453 349 1243 423 1516 0 1023 850 227 565
500 1062 399 1233 1174 1259 745 742 695 644 1452 1023 0 1534 832 495
1054 1040 1152 301 2235 836 2164 1140 1992 943 2366 850 1534 0 842 1064
351 382 443 578 1854 1063 1347 305 1159 201 1556 227 832 842 0 350
16 661 96 766 1518 1000 1109 398 963 152 1530 565 495 1064 350 0
