0 880 1034 761 453 1667 1347 1017 700 658 218 610 1494 614 653 749
880 0 632 669 1215 2327 2158 1850 1450 610 663 943 2374 439 609 960
1034 632 0 1229 1134 2684 2376 1746 1728 386 892 1396 2401 442 1136 1462
761 669 1229 0 1214 1733 1692 1747 992 1018 610 369 2083 845 117 317
453 1215 1134 1214 0 1819 1354 640 891 762 629 1041 1267 829 1105 1186
1667 2327 2684 1733 1819 0 637 1736 969 2322 1793 1391 1350 2245 1743 1416
1347 2158 2376 1692 1354 637 0 1133 714 1992 1529 1323 725 1962 1659 1411
1017 1850 1746 1747 640 1736 1133 0 1052 1391 1226 1483 734 1469 1651 1630
700 1450 1728 992 891 969 714 1052 0 1358 846 627 1135 1295 949 738
658 610 386 1018 762 2322 1992 1391 1358 0 548 1099 2023 186 908 1191
218 663 892 610 629 1793 1529 1226 846 548 0 569 1711 452 495 684
610 943 1396 369 1041 1391 1323 1483 627 1099 569 0 1741 963 354 148
1494 2374 2401 2083 1267 1350 725 734 1135 2023 1711 1741 0 2060 2015 1866
614 439 442 845 829 2245 1962 1469 1295 186 452 963 2060 0 739 1042
653 609 1136 117 1105 1743 1659 1651 949 908 495 354 2015 739 0 350
749 960 1462 317 1186 1416 1411 1630 738 1191 684 148 1866 1042 350 0
