0 1395 1650 1119 1294 401 787 890 988 106 546 941 808 750 1414 971
1395 0 1707 1555 1687 996 2145 1466 2375 1293 1017 729 1111 2079 2090 2306
1650 1707 0 2633 439 1509 2276 2427 2331 1584 1868 1989 2174 2292 3034 1859
1119 1555 2633 0 2348 1125 1277 229 1554 1130 767 832 487 1168 538 1901
1294 1687 439 2348 0 1235 1859 2130 1900 1243 1604 1803 1919 1884 2704 1419
401 996 1509 1125 1235 0 1177 919 1389 298 368 647 684 1127 1542 1330
787 2145 2276 1277 1859 1177 0 1096 280 894 1162 1560 1265 109 1247 743
890 1466 2427 229 2130 919 1096 0 1376 904 577 738 355 989 651 1687
988 2375 2331 1554 1900 1389 280 1376 0 1094 1417 1822 1539 387 1488 603
106 1293 1584 1130 1243 298 894 904 1094 0 493 871 779 855 1461 1050
546 1017 1868 767 1604 368 1162 577 1417 493 0 409 316 1083 1222 1510
941 729 1989 832 1803 647 1560 738 1822 871 409 0 385 1476 1363 1912
808 1111 2174 487 1919 684 1265 355 1539 779 316 385 0 1169 996 1732
750 2079 2292 1168 1884 1127 109 989 387 855 1083 1476 1169 0 1143 835
1414 2090 3034 538 2704 1542 1247 651 1488 1461 1222 1363 996 1143 0 1971
971 2306 1859 1901 1419 1330 743 1687 603 1050 1510 1912 1732 835 1971 0
