0 1377 615 1192 1371 907 894 533 312 1627 1457 358 780 978 27 1639
1377 0 1757 2504 2304 857 1291 858 1332 2182 406 1534 2111 1509 1403 2772
615 1757 0 776 1813 1491 1508 1039 444 2176 1700 267 960 1578 597 1920
1192 2504 776 0 1851 2090 1968 1713 1172 2367 2473 969 925 1957 1166 1716
1371 2304 1813 1851 0 1457 1029 1581 1681 604 2564 1651 940 820 1367 574
907 857 1491 2090 1457 0 434 492 1067 1339 1173 1223 1447 652 932 1955
894 1291 1508 1968 1029 434 0 728 1152 931 1592 1251 1186 218 911 1547
533 858 1039 1713 1581 492 728 0 599 1641 1010 778 1253 912 561 1979
312 1332 444 1172 1681 1067 1152 599 0 1934 1323 202 1008 1265 314 1919
1627 2182 2176 2367 604 1339 931 1641 1934 0 2512 1964 1443 729 1633 1133
1457 406 1700 2473 2564 1173 1592 1010 1323 2512 0 1520 2231 1808 1480 2988
358 1534 267 969 1651 1223 1251 778 202 1964 1520 0 888 1335 344 1831
780 2111 960 925 940 1447 1186 1253 1008 1443 2231 888 0 1112 759 960
978 1509 1578 1957 820 652 218 912 1265 729 1808 1335 1112 0 990 1356
27 1403 597 1166 1367 932 911 561 314 1633 1480 344 759 990 0 1626
1639 2772 1920 1716 574 1955 1547 1979 1919 1133 2988 1831 960 1356 1626 0
