0 874 1357 1661 764 751 465 1666 60 1731 1017 308 1661 637 978 1050
874 0 2159 1197 1425 1204 1146 1080 875 2594 144 1068 2529 1313 1637 1594
1357 2159 0 2996 1550 1806 1480 3020 1329 612 2302 1096 633 867 1617 1835
1661 1197 2996 0 1661 1327 1565 246 1703 3260 1144 1961 3166 2280 1776 1590
764 1425 1550 1661 0 333 306 1774 817 1651 1543 948 1546 1212 220 319
751 1204 1806 1327 333 0 344 1442 811 1964 1306 1015 1863 1324 482 390
465 1146 1480 1565 306 344 0 1639 522 1695 1272 689 1601 986 526 585
1666 1080 3020 246 1774 1442 1639 0 1701 3325 1003 1953 3237 2260 1911 1742
60 875 1329 1703 817 811 522 1701 0 1721 1019 259 1654 585 1030 1107
1731 2594 612 3260 1651 1964 1695 3325 1721 0 2738 1537 116 1392 1635 1867
1017 144 2302 1144 1543 1306 1272 1003 1019 2738 0 1212 2673 1452 1752 1696
308 1068 1096 1961 948 1015 689 1953 259 1537 1212 0 1481 329 1142 1260
1661 2529 633 3166 1546 1863 1601 3237 1654 116 2673 1481 0 1359 1525 1757
637 1313 867 2280 1212 1324 986 2260 585 1392 1452 329 1359 0 1383 1531
978 1637 1617 1776 220 482 526 1911 1030 1635 1752 1142 1525 1383 0 232
1050 1594 1835 1590 319 390 585 1742 1107 1867 1696 1260 1757 1531 232 0
