0 1489 1460 974 1426 5 1308 577 164 366 1045 202 1609 1607 733 606
1489 0 1251 2384 1474 1493 2795 1534 1430 1584 1690 1441 2029 3066 1484 1349
1460 1251 0 2397 2378 1461 2549 1028 1303 1246 2294 1276 2804 2934 1979 1804
974 2384 2397 0 1721 971 599 1395 1110 1158 1140 1130 1547 699 1056 1105
1426 1474 2378 1721 0 1431 2307 1924 1530 1773 584 1571 581 2379 739 822
5 1493 1461 971 1431 0 1303 574 163 362 1049 200 1613 1604 738 611
1308 2795 2549 599 2307 1303 0 1525 1393 1332 1732 1395 2144 424 1611 1625
577 1534 1028 1395 1924 574 1525 0 423 242 1610 380 2173 1906 1289 1139
164 1430 1303 1110 1530 163 1393 423 0 243 1188 42 1751 1718 868 725
366 1584 1246 1158 1773 362 1332 242 243 0 1412 204 1975 1696 1098 963
1045 1690 2294 1140 584 1049 1732 1610 1188 1412 0 1231 563 1794 326 496
202 1441 1276 1130 1571 200 1395 380 42 204 1231 0 1793 1728 911 768
1609 2029 2804 1547 581 1613 2144 2173 1751 1975 563 1793 0 2113 883 1043
1607 3066 2934 699 2379 1604 424 1906 1718 1696 1794 1728 2113 0 1749 1804
733 1484 1979 1056 739 738 1611 1289 868 1098 326 911 883 1749 0 175
606 1349 1804 1105 822 611 1625 1139 725 963 496 768 1043 1804 175 0
