0 377 564 459 774 840 720 651 658 461 30 1 703 703 165 521 164 355 303 519 416 395 371 803 418 670 522 314 635 828 731 813 396 311 629 498 352 231 697 688 191 442 528 648 712 134 250 540 300 164 290 12 46 417 534 65 406 302 773 622 828 172 441 390 20 579 230 65 218 564 354 58 565 404 405 109 597 714
377 0 189 503 651 1124 437 1018 377 552 406 378 440 806 398 830 309 480 293 854 793 769 120 487 91 841 381 472 545 1144 667 1143 745 562 1006 769 263 476 781 692 536 183 515 957 345 293 166 856 469 324 650 387 402 791 194 313 447 660 1139 512 751 450 193 396 389 924 232 377 550 236 373 435 929 691 79 443 458 479
564 189 0 647 709 1259 322 1207 277 705 593 564 343 946 560 983 472 647 457 1043 979 957 266 336 201 999 472 601 549 1292 669 1331 935 708 1193 950 412 630 845 727 710 276 566 1142 158 482 352 1043 645 511 840 574 590 971 101 501 537 850 1313 510 736 638 221 544 573 1113 414 567 719 133 472 621 1103 876 167 633 534 397
459 503 647 0 356 1274 939 793 880 68 456 459 943 303 616 952 572 120 218 571 703 634 389 979 449 357 232 760 1002 1238 1116 799 526 770 861 400 239 689 1141 1104 630 373 929 599 797 350 368 533 181 303 499 454 428 752 691 431 820 498 1101 977 1210 321 685 107 479 646 311 395 662 735 751 468 917 375 580 393 250 980
774 651 709 356 0 1611 1032 1138 984 403 779 775 1051 440 910 1289 846 476 475 911 1060 990 536 1034 564 575 276 1042 1196 1585 1318 1102 880 1079 1215 725 443 992 1404 1336 960 468 1156 909 817 645 594 864 534 610 856 773 753 1107 791 729 1067 855 1458 1164 1402 667 843 387 795 984 567 717 990 834 992 798 1272 721 727 732 195 1101
840 1124 1259 1274 1611 0 1204 832 1167 1254 832 839 1163 1441 735 322 820 1155 1144 947 649 732 1175 1312 1200 1347 1363 658 884 135 856 1109 867 563 677 1094 1191 652 576 731 651 1256 770 1090 1355 974 1066 1015 1094 1003 819 840 858 571 1177 893 738 827 441 912 907 952 1045 1224 820 934 1065 894 622 1178 790 813 443 1022 1100 881 1438 1127
720 437 322 939 1032 1204 0 1363 63 990 751 721 44 1243 639 988 573 915 730 1238 1100 1102 551 108 496 1277 789 601 344 1269 437 1533 1116 727 1313 1185 699 677 686 535 801 586 434 1359 257 692 592 1253 898 735 1010 732 760 1069 249 673 480 1023 1365 307 474 849 282 832 721 1300 659 750 797 205 454 775 1167 1099 363 818 855 101
651 1018 1207 793 1138 832 1363 0 1302 737 620 650 1340 791 730 620 789 690 819 228 282 260 976 1451 1036 655 997 820 1203 724 1263 278 283 713 156 421 883 717 1099 1174 576 1025 1071 301 1360 727 863 285 647 709 367 639 618 348 1185 709 955 358 444 1204 1354 582 1089 818 645 162 811 640 590 1215 939 593 396 418 1054 574 1039 1342
658 377 277 880 984 1167 63 1302 0 929 688 658 67 1183 581 940 513 853 669 1175 1041 1041 493 155 439 1216 735 550 329 1227 434 1470 1054 676 1254 1122 640 622 666 521 743 531 402 1296 241 629 530 1190 835 672 948 670 698 1011 194 610 435 961 1314 290 483 785 219 773 659 1237 597 687 740 150 403 713 1113 1036 301 755 803 121
461 552 705 68 403 1254 990 737 929 0 454 462 992 260 624 934 589 106 261 511 664 591 443 1034 505 294 301 771 1034 1212 1146 732 476 770 811 335 293 693 1154 1127 620 435 953 532 857 367 407 470 164 317 461 455 425 719 744 443 841 458 1061 1011 1240 307 729 161 480 586 345 396 653 788 774 462 883 318 628 382 316 1026
30 406 593 456 779 832 751 620 688 454 0 30 733 691 182 511 191 348 313 489 388 365 394 834 443 651 533 329 661 815 754 783 365 315 600 472 365 240 711 708 180 463 551 620 742 149 273 511 291 170 259 19 28 392 564 92 428 272 751 649 851 155 472 393 34 549 247 62 210 594 379 29 543 378 435 86 606 744
1 378 564 459 775 839 721 650 658 462 30 0 703 704 165 520 164 355 304 518 415 394 372 803 419 670 523 313 636 827 731 813 395 311 628 497 353 231 697 688 190 443 528 648 713 135 251 539 301 165 289 11 46 416 535 66 406 302 772 623 828 172 442 390 19 578 231 66 217 564 354 57 564 404 406 109 598 715
703 440 343 943 1051 1163 44 1340 67 992 733 703 0 1247 613 951 552 913 731 1222 1075 1080 557 150 505 1277 802 567 299 1230 393 1517 1099 694 1286 1175 704 647 642 490 774 598 392 1346 294 683 589 1239 893 728 992 715 744 1041 261 658 443 1005 1332 262 432 837 272 836 703 1282 656 736 769 217 422 757 1135 1088 363 803 870 60
703 806 946 303 440 1441 1243 791 1183 260 691 704 1247 0 869 1130 843 358 518 569 809 727 691 1280 750 146 494 1017 1294 1381 1404 691 593 1001 904 377 543 931 1401 1382 840 670 1210 515 1091 623 667 506 404 572 622 695 662 878 994 695 1095 614 1183 1271 1499 536 987 410 721 629 605 638 873 1038 1031 693 1033 424 883 610 468 1283
165 398 560 616 910 735 639 730 581 624 182 165 613 869 0 432 89 518 436 639 461 470 440 734 467 834 645 148 492 746 577 929 512 173 673 650 471 83 531 525 162 521 374 781 689 269 333 672 465 313 403 174 209 431 502 185 250 417 755 485 674 337 383 536 150 690 344 230 163 521 213 190 547 555 393 268 724 612
521 830 983 952 1289 322 988 620 940 934 511 520 951 1130 432 0 521 834 824 677 375 450 868 1094 899 1045 1044 393 716 313 732 891 578 274 485 798 873 354 506 619 330 947 583 829 1098 655 754 740 773 682 513 520 536 292 912 577 508 523 395 733 809 630 783 902 501 682 748 573 302 922 539 491 244 719 818 559 1117 928
164 309 472 572 846 820 573 789 513 589 191 164 552 843 89 521 0 485 376 677 530 528 356 663 379 823 575 195 472 835 571 970 551 257 744 661 402 168 570 538 240 438 371 811 605 222 257 702 439 272 443 175 210 508 419 148 252 456 841 459 668 329 305 484 157 733 279 217 247 440 193 210 632 568 305 273 655 557
355 480 647 120 476 1155 915 690 853 106 348 355 913 358 518 834 485 0 190 474 584 516 381 967 447 363 309 665 938 1118 1047 725 415 664 747 324 240 586 1049 1024 516 392 852 525 804 265 324 446 61 214 380 349 319 632 675 338 738 380 982 916 1142 204 645 132 374 550 258 289 549 717 673 357 796 278 552 278 349 944
303 293 457 218 475 1144 730 819 669 261 313 304 731 518 436 824 376 190 0 622 655 604 191 778 257 548 220 571 785 1129 901 895 536 604 847 501 64 516 943 895 493 212 717 699 614 171 150 608 193 143 467 304 290 682 486 254 613 472 1044 759 993 245 468 114 324 697 98 252 522 529 542 336 843 437 367 287 293 765
519 854 1043 571 911 947 1238 228 1175 511 489 518 1222 569 639 677 677 474 622 0 303 227 795 1316 858 439 783 760 1131 861 1209 294 127 677 337 194 685 653 1094 1139 512 834 1008 154 1200 562 691 70 438 532 236 506 477 385 1035 565 886 222 624 1125 1306 404 956 605 520 76 632 489 537 1070 853 466 507 196 903 420 819 1233
416 793 979 703 1060 649 1100 282 1041 664 388 415 1075 809 461 375 530 584 655 303 0 83 777 1193 829 703 862 539 923 574 980 530 219 431 215 446 717 438 823 892 301 839 790 454 1125 523 656 368 527 521 203 406 395 82 942 480 675 205 398 925 1072 412 835 691 405 308 618 427 311 968 664 359 224 384 817 372 921 1072
395 769 957 634 990 732 1102 260 1041 591 365 394 1080 727 470 450 528 516 604 227 83 0 740 1191 797 620 805 567 949 657 1015 479 136 469 243 363 667 462 877 934 319 798 819 381 1108 486 623 290 461 477 138 384 367 161 929 456 701 136 469 948 1109 359 830 630 388 245 578 393 337 957 680 337 306 302 800 332 859 1082
371 120 266 389 536 1175 551 976 493 443 394 372 557 691 440 868 356 381 191 795 777 740 0 591 65 735 263 541 661 1182 783 1076 696 613 983 688 149 523 878 800 552 82 621 883 422 254 121 788 381 267 611 378 382 787 302 306 540 619 1145 630 868 395 314 282 387 868 165 350 572 346 465 422 936 618 200 408 342 598
803 487 336 979 1034 1312 108 1451 155 1034 834 803 150 1280 734 1094 663 967 778 1316 1193 1191 591 0 530 1326 808 705 448 1377 533 1610 1197 831 1407 1251 740 777 791 637 896 613 542 1432 222 761 650 1327 956 801 1093 815 841 1165 292 751 587 1105 1469 412 560 920 362 874 806 1381 717 827 895 251 558 859 1268 1169 421 895 868 197
418 91 201 449 564 1200 496 1036 439 505 443 419 505 750 467 899 379 447 257 858 829 797 65 530 0 799 300 554 633 1213 756 1141 757 636 1038 754 211 548 872 783 591 96 606 948 356 310 174 853 447 328 670 426 433 835 246 352 536 679 1190 599 838 456 278 344 432 931 226 403 609 290 462 472 981 683 162 465 374 549
670 841 999 357 575 1347 1277 655 1216 294 651 670 1277 146 834 1045 823 363 548 439 703 620 735 1326 799 0 579 981 1289 1277 1394 544 483 948 776 257 587 887 1360 1358 779 729 1194 371 1152 615 687 372 391 565 532 660 625 777 1035 675 1074 522 1062 1270 1490 497 1008 456 684 493 621 608 812 1078 1016 648 925 325 914 566 571 1307
522 381 472 232 276 1363 789 997 735 301 533 523 802 494 645 1044 575 309 220 783 862 805 263 808 300 579 0 770 924 1349 1046 1027 718 817 1044 626 174 727 1128 1060 713 204 880 827 606 389 319 753 350 363 666 523 510 896 540 470 791 669 1256 893 1131 451 575 178 543 859 300 472 741 584 716 556 1058 587 459 503 81 848
314 472 601 760 1042 658 601 820 550 771 329 313 567 1017 148 393 195 665 571 760 539 567 541 705 554 981 770 0 383 694 450 1041 632 126 739 789 598 106 383 384 249 624 252 907 706 410 451 799 613 457 526 322 356 490 523 328 136 540 764 386 546 485 392 676 297 802 475 378 230 530 147 334 568 694 442 415 851 552
635 545 549 1002 1196 884 344 1203 329 1034 661 636 299 1294 492 716 472 938 785 1131 923 949 661 448 633 1289 924 383 0 965 122 1419 1004 498 1120 1133 783 487 342 192 630 728 136 1274 565 674 636 1165 900 726 895 647 682 871 448 616 248 909 1110 39 208 802 356 900 627 1179 691 689 613 420 281 676 930 1040 471 745 1003 251
828 1144 1292 1238 1585 135 1269 724 1227 1212 815 827 1230 1381 746 313 835 1118 1129 861 574 657 1182 1377 1213 1277 1349 694 965 0 950 999 794 584 568 1021 1180 667 679 827 637 1260 843 997 1401 962 1067 931 1057 985 761 826 838 502 1218 887 792 767 312 990 1009 918 1086 1199 808 840 1058 876 612 1224 836 793 354 957 1128 852 1420 1199
731 667 669 1116 1318 856 437 1263 434 1146 754 731 393 1404 577 732 571 1047 901 1209 980 1015 783 533 756 1394 1046 450 122 950 0 1491 1082 549 1167 1226 901 557 284 125 699 851 203 1356 675 782 752 1247 1006 833 975 742 777 921 568 718 326 989 1127 159 97 901 479 1015 720 1252 805 788 678 538 377 766 961 1132 593 840 1125 337
813 1143 1331 799 1102 1109 1533 278 1470 732 783 813 1517 691 929 891 970 725 895 294 530 479 1076 1610 1141 544 1027 1041 1419 999 1491 0 419 948 432 402 955 935 1353 1413 792 1107 1293 200 1489 852 979 288 703 820 528 801 772 607 1328 860 1172 514 707 1414 1586 694 1251 857 815 239 916 783 813 1363 1143 761 674 458 1195 715 1049 1527
396 745 935 526 880 867 1116 283 1054 476 365 395 1099 593 512 578 551 415 536 127 219 136 696 1197 757 483 718 632 1004 794 1082 419 0 553 335 226 600 525 972 1013 386 742 881 276 1090 452 586 172 367 429 109 383 356 296 921 446 758 95 594 997 1178 300 836 539 396 183 531 372 412 954 725 342 442 170 788 303 764 1108
311 562 708 770 1079 563 727 713 676 770 315 311 694 1001 173 274 257 664 604 677 431 469 613 831 636 948 817 126 498 584 549 948 553 0 622 734 643 90 421 464 172 694 362 830 823 434 507 725 606 473 453 316 344 373 638 349 258 467 638 505 641 466 508 699 291 712 516 375 142 648 272 308 442 641 544 391 895 678
629 1006 1193 861 1215 677 1313 156 1254 811 600 628 1286 904 673 485 744 747 847 337 215 243 983 1407 1038 776 1044 739 1120 568 1167 432 335 622 0 527 911 644 981 1070 512 1042 985 445 1340 729 864 404 696 721 380 619 605 249 1157 693 876 375 293 1125 1255 602 1050 867 619 291 821 634 518 1183 871 571 248 499 1032 574 1095 1281
498 769 950 400 725 1094 1185 421 1122 335 472 497 1175 377 650 798 661 324 501 194 446 363 688 1251 754 257 626 789 1133 1021 1226 402 226 734 527 0 558 686 1154 1173 561 711 1023 201 1109 492 603 139 307 450 290 486 451 523 961 525 899 278 807 1120 1324 339 903 455 507 261 537 447 592 1000 852 460 668 94 830 388 650 1196
352 263 412 239 443 1191 699 883 640 293 365 353 704 543 471 873 402 240 64 685 717 667 149 740 211 587 174 598 783 1180 901 955 600 643 911 558 0 553 963 904 543 152 725 758 566 218 153 669 252 200 531 354 344 742 451 297 628 536 1104 754 991 308 450 133 372 760 126 307 570 495 554 390 901 498 342 347 253 742
231 476 630 689 992 652 677 717 622 693 240 231 647 931 83 354 168 586 516 653 438 462 523 777 548 887 727 106 487 667 557 935 525 90 644 686 553 0 473 489 143 604 358 801 752 347 417 693 531 389 419 237 269 395 565 263 238 433 696 487 653 395 439 614 212 695 427 296 127 579 227 239 491 592 463 322 806 638
697 781 845 1141 1404 576 686 1099 666 1154 711 697 642 1401 531 506 570 1049 943 1094 823 877 878 791 872 1360 1128 383 342 679 284 1353 972 421 981 1154 963 473 0 160 593 957 278 1248 892 791 810 1144 997 839 874 705 739 751 746 711 338 888 889 379 330 867 627 1053 680 1122 846 762 563 730 413 712 750 1061 723 795 1210 594
688 692 727 1104 1336 731 535 1174 521 1127 708 688 490 1382 525 619 538 1024 895 1139 892 934 800 637 783 1358 1060 384 192 827 125 1413 1013 464 1070 1173 904 489 160 0 627 874 179 1289 756 759 751 1182 978 810 908 698 733 828 625 687 286 922 1012 231 190 861 518 1008 674 1176 797 750 602 603 353 715 854 1079 625 794 1141 439
191 536 710 630 960 651 801 576 743 620 180 190 774 840 162 330 240 516 493 512 301 319 552 896 591 779 713 249 630 637 699 792 386 172 512 561 543 143 593 627 0 628 501 662 846 325 433 555 456 351 282 189 206 269 659 250 381 296 603 629 795 312 544 573 171 552 420 243 33 680 363 162 394 469 543 237 787 771
442 183 276 373 468 1256 586 1025 531 435 463 443 598 670 521 947 438 392 212 834 839 798 82 613 96 729 204 624 728 1260 851 1107 742 694 1042 711 152 604 957 874 628 0 696 910 423 318 194 820 404 320 665 448 448 854 337 378 620 672 1214 695 934 444 374 274 460 908 221 414 649 381 544 491 1007 649 259 468 277 643
528 515 566 929 1156 770 434 1071 402 953 551 528 392 1210 374 583 371 852 717 1008 790 819 621 542 606 1194 880 252 136 843 203 1293 881 362 985 1023 725 358 278 179 501 696 0 1154 618 587 572 1045 809 638 773 539 574 736 468 519 123 787 976 150 300 699 350 831 517 1053 620 587 482 452 179 563 794 928 451 637 961 357
648 957 1142 599 909 1090 1359 301 1296 532 620 648 1346 515 781 829 811 525 699 154 454 381 883 1432 948 371 827 907 1274 997 1356 200 276 830 445 201 758 801 1248 1289 662 910 1154 0 1300 670 791 109 505 633 381 636 604 537 1145 688 1030 367 738 1265 1453 511 1077 657 653 157 727 609 689 1182 993 601 647 265 1012 543 849 1361
712 345 158 797 817 1355 257 1360 241 857 742 713 294 1091 689 1098 605 804 614 1200 1125 1108 422 222 356 1152 606 706 565 1401 675 1489 1090 823 1340 1109 566 752 892 756 846 423 618 1300 0 638 509 1201 803 669 994 723 742 1112 187 651 618 1004 1444 526 724 796 315 695 721 1270 573 720 852 177 565 770 1236 1034 307 788 659 354
134 293 482 350 645 974 692 727 629 367 149 135 683 623 269 655 222 265 171 562 523 486 254 761 310 615 389 410 674 962 782 852 452 434 729 492 218 347 791 759 325 318 587 670 638 0 136 567 225 51 360 136 131 536 475 84 473 369 897 654 878 159 411 267 154 631 98 96 352 511 407 175 691 407 342 154 464 705
250 166 352 368 594 1066 592 863 530 407 273 251 589 667 333 754 257 324 150 691 656 623 121 650 174 687 319 451 636 1067 752 979 586 507 864 603 153 417 810 751 433 194 572 791 509 136 0 691 306 159 496 256 261 665 358 185 475 505 1024 609 844 287 322 264 266 762 67 230 455 398 401 301 815 525 230 291 401 620
540 856 1043 533 864 1015 1253 285 1190 470 511 539 1239 506 672 740 702 446 608 70 368 290 788 1327 853 372 753 799 1165 931 1247 288 172 725 404 139 669 693 1144 1182 555 820 1045 109 1201 567 691 0 417 532 273 528 496 450 1042 581 922 259 693 1156 1344 407 971 578 544 123 628 502 583 1078 884 491 577 171 909 436 783 1253
300 469 645 181 534 1094 898 647 835 164 291 301 893 404 465 773 439 61 193 438 527 461 381 956 447 391 350 613 900 1057 1006 703 367 606 696 307 252 531 997 978 456 404 809 505 803 225 306 417 0 174 324 293 262 572 663 291 692 325 925 880 1102 144 622 171 319 514 239 235 489 704 630 298 737 246 536 218 398 921
164 324 511 303 610 1003 735 709 672 317 170 165 728 572 313 682 272 214 143 532 521 477 267 801 328 565 363 457 726 985 833 820 429 473 721 450 200 389 839 810 351 320 638 633 669 51 159 532 174 0 345 163 146 542 511 128 523 352 904 705 929 128 455 226 184 603 102 109 380 550 458 192 701 368 380 148 435 752
290 650 840 499 856 819 1010 367 948 461 259 289 992 622 403 513 443 380 467 236 203 138 611 1093 670 532 666 526 895 761 975 528 109 453 380 290 531 419 874 908 282 665 773 381 994 360 496 273 324 345 0 278 253 260 820 344 650 14 601 888 1071 222 731 491 289 290 447 273 311 852 616 235 422 206 689 206 721 1000
12 387 574 454 773 840 732 639 670 455 19 11 715 695 174 520 175 349 304 506 406 384 378 815 426 660 523 322 647 826 742 801 383 316 619 486 354 237 705 698 189 448 539 636 723 136 256 528 293 163 278 0 35 409 545 74 417 290 767 634 839 163 453 388 25 567 233 59 218 575 366 47 559 392 416 98 597 726
46 402 590 428 753 858 760 618 698 425 28 46 744 662 209 536 210 319 290 477 395 367 382 841 433 625 510 356 682 838 777 772 356 344 605 451 344 269 739 733 206 448 574 604 742 131 261 496 262 146 253 35 0 405 567 91 452 265 766 669 874 128 480 366 59 539 229 37 237 598 401 45 560 358 436 63 582 757
417 791 971 752 1107 571 1069 348 1011 719 392 416 1041 878 431 292 508 632 682 385 82 161 787 1165 835 777 896 490 871 502 921 607 296 373 249 523 742 395 751 828 269 854 736 537 1112 536 665 450 572 542 260 409 405 0 927 483 626 265 362 876 1011 446 813 729 403 390 634 440 271 949 623 364 164 455 806 394 959 1034
534 194 101 691 791 1177 249 1185 194 744 564 535 261 994 502 912 419 675 486 1035 942 929 302 292 246 1035 540 523 448 1218 568 1328 921 638 1157 961 451 565 746 625 659 337 468 1145 187 475 358 1042 663 511 820 545 567 927 0 476 446 831 1257 409 636 634 132 585 540 1102 425 549 665 44 387 592 1049 880 132 617 609 309
65 313 501 431 729 893 673 709 610 443 92 66 658 695 185 577 148 338 254 565 480 456 306 751 352 675 470 328 616 887 718 860 446 349 693 525 297 263 711 687 250 378 519 688 651 84 185 581 291 128 344 74 91 483 476 0 401 356 839 600 815 186 391 351 81 629 171 78 274 507 341 121 630 434 345 145 547 673
406 447 537 820 1067 738 480 955 435 841 428 406 443 1095 250 508 252 738 613 886 675 701 540 587 536 1074 791 136 248 792 326 1172 758 258 876 899 628 238 338 286 381 620 123 1030 618 473 475 922 692 523 650 417 452 626 446 401 0 664 891 249 424 578 316 726 394 932 515 466 365 443 75 439 700 805 396 514 872 422
302 660 850 498 855 827 1023 358 961 458 272 302 1005 614 417 523 456 380 472 222 205 136 619 1105 679 522 669 540 909 767 989 514 95 467 375 278 536 433 888 922 296 672 787 367 1004 369 505 259 325 352 14 290 265 265 831 356 664 0 602 902 1085 228 744 493 301 277 455 283 324 863 630 247 426 196 700 216 723 1013
773 1139 1313 1101 1458 441 1365 444 1314 1061 751 772 1332 1183 755 395 841 982 1044 624 398 469 1145 1469 1190 1062 1256 764 1110 312 1127 707 594 638 293 807 1104 696 889 1012 603 1214 976 738 1444 897 1024 693 925 904 601 767 766 362 1257 839 891 602 0 1126 1202 805 1134 1087 758 584 995 801 593 1274 911 723 209 765 1145 756 1317 1314
622 512 510 977 1164 912 307 1204 290 1011 649 623 262 1271 485 733 459 916 759 1125 925 948 630 412 599 1270 893 386 39 990 159 1414 997 505 1125 1120 754 487 379 231 629 695 150 1265 526 654 609 1156 880 705 888 634 669 876 409 600 249 902 1126 0 238 786 322 873 615 1175 666 674 613 381 272 665 942 1027 437 732 971 217
828 751 736 1210 1402 907 474 1354 483 1240 851 828 432 1499 674 809 668 1142 993 1306 1072 1109 868 560 838 1490 1131 546 208 1009 97 1586 1178 641 1255 1324 991 653 330 190 795 934 300 1453 724 878 844 1344 1102 929 1071 839 874 1011 636 815 424 1085 1202 238 0 998 559 1108 817 1347 898 885 772 603 475 863 1043 1229 675 937 1209 373
172 450 638 321 667 952 849 582 785 307 155 172 837 536 337 630 329 204 245 404 412 359 395 920 456 497 451 485 802 918 901 694 300 466 602 339 308 395 867 861 312 444 699 511 796 159 287 407 144 128 222 163 128 446 634 186 578 228 805 786 998 0 566 284 187 475 230 112 345 670 523 158 609 250 501 75 513 856
441 193 221 685 843 1045 282 1089 219 729 472 442 272 987 383 783 305 645 468 956 835 830 314 362 278 1008 575 392 356 1086 479 1251 836 508 1050 903 450 439 627 518 544 374 350 1077 315 411 322 971 622 455 731 453 480 813 132 391 316 744 1134 322 559 566 0 578 444 1019 387 468 546 139 254 497 928 817 115 536 651 298
390 396 544 107 387 1224 832 818 773 161 393 390 836 410 536 902 484 132 114 605 691 630 282 874 344 456 178 676 900 1199 1015 857 539 699 867 455 133 614 1053 1008 573 274 831 657 695 267 264 578 171 226 491 388 366 729 585 351 726 493 1087 873 1108 284 578 0 410 681 211 330 603 629 655 411 894 410 473 346 230 873
20 389 573 479 795 820 721 645 659 480 34 19 703 721 150 501 157 374 324 520 405 388 387 806 432 684 543 297 627 808 720 815 396 291 619 507 372 212 680 674 171 460 517 653 721 154 266 544 319 184 289 25 59 403 540 81 394 301 758 615 817 187 444 410 0 579 249 84 198 569 345 54 549 413 413 120 618 712
579 924 1113 646 984 934 1300 162 1237 586 549 578 1282 629 690 682 733 550 697 76 308 245 868 1381 931 493 859 802 1179 840 1252 239 183 712 291 261 760 695 1122 1176 552 908 1053 157 1270 631 762 123 514 603 290 567 539 390 1102 629 932 277 584 1175 1347 475 1019 681 579 0 704 554 575 1136 903 525 491 272 970 485 895 1291
230 232 414 311 567 1065 659 811 597 345 247 231 656 605 344 748 279 258 98 632 618 578 165 717 226 621 300 475 691 1058 805 916 531 516 821 537 126 427 846 797 420 221 620 727 573 98 67 628 239 102 447 233 229 634 425 171 515 455 995 666 898 230 387 211 249 704 0 193 446 465 444 273 789 461 297 246 379 686
65 377 567 395 717 894 750 640 687 396 62 66 736 638 230 573 217 289 252 489 427 393 350 827 403 608 472 378 689 876 788 783 372 375 634 447 307 296 762 750 243 414 587 609 720 96 230 502 235 109 273 59 37 440 549 78 466 283 801 674 885 112 468 330 84 554 193 0 273 582 410 83 596 356 417 68 544 752
218 550 719 662 990 622 797 590 740 653 210 217 769 873 163 302 247 549 522 537 311 337 572 895 609 812 741 230 613 612 678 813 412 142 518 592 570 127 563 602 33 649 482 689 852 352 455 583 489 380 311 218 237 271 665 274 365 324 593 613 772 345 546 603 198 575 446 273 0 684 353 194 384 501 552 270 815 763
564 236 133 735 834 1178 205 1215 150 788 594 564 217 1038 521 922 440 717 529 1070 968 957 346 251 290 1078 584 530 420 1224 538 1363 954 648 1183 1000 495 579 730 603 680 381 452 1182 177 511 398 1078 704 550 852 575 598 949 44 507 443 863 1274 381 603 670 139 629 569 1136 465 582 684 0 388 621 1067 918 169 650 652 267
354 373 472 751 992 790 454 939 403 774 379 354 422 1031 213 539 193 673 542 853 664 680 465 558 462 1016 716 147 281 836 377 1143 725 272 871 852 554 227 413 353 363 544 179 993 565 407 401 884 630 458 616 366 401 623 387 341 75 630 911 272 475 523 254 655 345 903 444 410 353 388 0 394 712 758 325 464 798 411
58 435 621 468 798 813 775 593 713 462 29 57 757 693 190 491 210 357 336 466 359 337 422 859 472 648 556 334 676 793 766 761 342 308 571 460 390 239 712 715 162 491 563 601 770 175 301 491 298 192 235 47 45 364 592 121 439 247 723 665 863 158 497 411 54 525 273 83 194 621 394 0 516 365 463 83 627 766
565 929 1103 917 1272 443 1167 396 1113 883 543 564 1135 1033 547 244 632 796 843 507 224 306 936 1268 981 925 1058 568 930 354 961 674 442 442 248 668 901 491 750 854 394 1007 794 647 1236 691 815 577 737 701 422 559 560 164 1049 630 700 426 209 942 1043 609 928 894 549 491 789 596 384 1067 712 516 0 608 936 555 1122 1120
404 691 876 375 721 1022 1099 418 1036 318 378 404 1088 424 555 719 568 278 437 196 384 302 618 1169 683 325 587 694 1040 957 1132 458 170 641 499 94 498 592 1061 1079 469 649 928 265 1034 407 525 171 246 368 206 392 358 455 880 434 805 196 765 1027 1229 250 817 410 413 272 461 356 501 918 758 365 608 0 748 295 623 1107
405 79 167 580 727 1100 363 1054 301 628 435 406 363 883 393 818 305 552 367 903 817 800 200 421 162 914 459 442 471 1128 593 1195 788 544 1032 830 342 463 723 625 543 259 451 1012 307 342 230 909 536 380 689 416 436 806 132 345 396 700 1145 437 675 501 115 473 413 970 297 417 552 169 325 463 936 748 0 485 536 400
109 443 633 393 732 881 818 574 755 382 86 109 803 610 268 559 273 278 287 420 372 332 408 895 465 566 503 415 745 852 840 715 303 391 574 388 347 322 795 794 237 468 637 543 788 154 291 436 218 148 206 98 63 394 617 145 514 216 756 732 937 75 536 346 120 485 246 68 270 650 464 83 555 295 485 0 570 817
597 458 534 250 195 1438 855 1039 803 316 606 598 870 468 724 1117 655 349 293 819 921 859 342 868 374 571 81 851 1003 1420 1125 1049 764 895 1095 650 253 806 1210 1141 787 277 961 849 659 464 401 783 398 435 721 597 582 959 609 547 872 723 1317 971 1209 513 651 230 618 895 379 544 815 652 798 627 1122 623 536 570 0 918
714 479 397 980 1101 1127 101 1342 121 1026 744 715 60 1283 612 928 557 944 765 1233 1072 1082 598 197 549 1307 848 552 251 1199 337 1527 1108 678 1281 1196 742 638 594 439 771 643 357 1361 354 705 620 1253 921 752 1000 726 757 1034 309 673 422 1013 1314 217 373 856 298 873 712 1291 686 752 763 267 411 766 1120 1107 400 817 918 0
