0 663 652 863 55 162 656 752 400 699 200 128 756 104 272 557 461 549 141 145 615 807 6 761 548 802 110 71 637 66 764 760 612 684 333 472 358 707 589 29 7 317 325 126 335 701 449 549 849 803 141 590 404 458 788 611 85 436 782 190 49 584 185 593 407 270 653 531 567 97 486 813 52 677 420 91 523 69
663 0 585 892 650 501 94 350 313 319 771 777 609 588 538 1220 415 1188 799 682 486 1353 669 1360 1172 1339 773 673 816 708 508 1364 357 166 962 801 443 1258 1155 635 670 449 893 547 976 1354 772 295 1091 686 726 1179 535 359 247 1258 628 331 1441 536 704 888 840 1080 1038 408 106 211 860 568 180 1441 657 786 537 582 938 644
652 585 0 1336 601 567 496 912 649 867 588 772 108 550 380 1062 806 1163 711 546 99 1457 653 1022 907 932 716 714 1171 719 184 1393 855 737 757 380 317 1358 1240 632 657 360 978 628 791 1130 1033 296 1431 152 789 860 860 284 832 1025 568 329 1228 693 655 1174 816 1243 1039 603 484 675 1151 584 554 1141 607 220 872 640 1152 587
863 892 1336 0 908 824 973 593 688 595 1062 850 1407 906 1032 1205 531 993 956 1001 1252 879 868 1549 1327 1634 915 798 245 832 1343 1006 535 744 1144 1313 1035 831 805 857 865 1000 729 787 1126 1382 446 1072 316 1478 761 1404 488 1052 741 1333 923 1007 1422 701 904 376 879 642 891 743 982 701 369 852 808 1551 909 1457 474 800 516 918
55 650 601 908 0 156 635 765 406 711 162 172 706 65 222 571 485 586 149 93 568 856 54 745 538 774 132 126 686 118 718 803 630 685 322 419 315 757 638 51 58 275 378 142 330 705 502 513 903 751 196 570 440 419 791 611 33 401 790 220 60 637 223 648 448 274 632 533 620 88 476 806 7 622 456 114 578 14
162 501 567 824 156 0 495 614 252 560 306 282 663 106 211 720 349 702 299 219 510 928 168 898 693 917 272 183 625 212 649 901 484 529 478 492 251 828 714 133 169 207 442 64 486 859 468 408 870 720 252 721 337 328 634 766 143 297 943 129 204 609 343 687 555 121 493 377 587 68 324 962 162 643 352 89 585 153
656 94 496 973 635 495 0 444 350 411 741 777 516 570 494 1206 475 1195 785 654 397 1383 661 1319 1140 1287 763 675 881 707 413 1382 440 260 935 737 391 1287 1180 627 663 405 912 548 953 1331 820 214 1157 592 735 1139 587 293 340 1232 610 274 1421 552 692 943 838 1116 1046 420 12 276 915 558 203 1407 642 702 591 582 980 627
752 350 912 593 765 614 444 0 362 54 921 828 950 721 751 1284 310 1177 892 832 814 1245 759 1511 1300 1530 855 727 595 769 855 1301 149 184 1085 1048 691 1162 1080 729 758 676 860 627 1087 1443 639 616 849 1026 749 1335 427 647 148 1360 758 605 1516 569 801 711 886 963 1032 493 456 257 685 678 370 1566 771 1092 418 661 806 766
400 313 649 688 406 252 350 362 0 308 558 494 719 359 401 950 156 887 541 470 564 1040 406 1151 944 1167 508 388 549 428 660 1053 241 287 728 702 366 945 843 374 406 340 584 273 734 1100 469 387 823 790 429 974 241 365 388 1011 396 320 1179 235 447 595 556 768 737 131 355 132 568 318 148 1212 412 790 248 309 630 405
699 319 867 595 711 560 411 54 308 0 866 777 910 666 698 1233 262 1131 839 778 770 1210 706 1457 1247 1476 802 675 575 717 819 1261 105 155 1031 995 640 1125 1040 675 705 624 815 573 1034 1391 603 573 836 986 699 1281 384 599 156 1307 703 557 1465 517 747 684 835 927 985 438 422 205 656 624 321 1513 717 1044 376 607 772 712
200 771 588 1062 162 306 741 921 558 866 0 245 697 199 258 488 647 577 144 90 582 897 194 595 400 612 171 264 833 235 737 812 789 827 195 309 369 801 684 211 197 342 457 304 218 593 640 583 1031 727 314 416 602 482 935 492 163 479 686 383 158 768 261 729 465 428 735 680 754 244 608 669 159 551 618 277 689 158
128 777 772 850 172 282 777 828 494 777 245 0 878 232 394 457 523 422 110 235 740 685 125 716 494 785 74 105 611 69 891 632 682 782 295 551 486 585 467 155 122 444 215 230 282 615 411 677 790 921 91 558 438 586 881 535 205 564 688 261 117 530 62 489 278 373 775 627 519 222 598 748 166 777 453 195 444 186
756 609 108 1407 706 663 516 950 719 910 697 878 0 653 484 1170 876 1271 819 654 157 1563 757 1117 1010 1018 823 816 1253 823 124 1501 909 770 865 479 412 1463 1345 735 761 455 1082 725 898 1234 1124 341 1517 76 892 959 940 357 856 1129 673 402 1332 786 761 1264 923 1344 1146 687 503 728 1240 684 609 1239 712 278 952 739 1248 692
104 588 550 906 65 106 570 721 359 666 199 232 653 0 170 635 453 650 214 112 511 911 107 793 591 810 197 163 693 170 660 864 590 630 377 408 254 811 694 82 110 212 428 119 388 766 518 448 923 702 239 616 426 355 737 670 40 336 852 204 125 658 286 692 510 228 567 481 638 53 417 861 73 590 442 108 611 56
272 538 380 1032 222 211 494 751 401 698 258 394 484 170 0 744 534 800 347 185 347 1078 273 824 649 802 344 334 836 338 499 1023 643 623 452 300 111 979 861 252 277 89 598 262 476 850 675 325 1079 531 409 644 544 224 733 748 188 224 944 340 279 816 442 863 667 296 487 495 795 209 397 914 228 432 559 267 779 208
557 1220 1062 1205 571 720 1206 1284 950 1233 488 457 1170 635 744 0 975 267 421 562 1067 628 551 397 238 553 447 562 961 521 1222 471 1136 1238 305 714 855 564 487 586 550 824 479 680 273 177 769 1067 1041 1189 535 347 877 967 1338 154 596 960 232 719 516 834 397 630 316 825 1202 1083 837 652 1043 354 564 974 891 644 700 579
461 415 806 531 485 349 475 310 156 262 647 523 876 453 534 975 0 869 595 564 721 966 468 1222 1006 1259 557 425 406 468 815 1005 161 324 793 832 515 877 786 441 466 485 552 342 791 1138 366 542 682 947 440 1051 129 522 394 1057 484 476 1208 271 510 474 579 686 722 238 482 203 446 403 286 1268 489 941 127 372 535 488
549 1188 1163 993 586 702 1195 1177 887 1131 577 422 1271 650 800 267 869 0 453 619 1145 369 545 665 488 816 456 519 757 490 1299 240 1028 1169 454 865 900 298 223 577 542 861 317 646 415 427 585 1098 794 1304 461 597 751 1005 1257 422 618 985 441 653 526 617 363 377 150 780 1194 1017 626 644 1008 614 579 1120 761 613 477 598
141 799 711 956 149 299 785 892 541 839 144 110 819 214 347 421 595 453 0 165 692 757 134 627 410 683 41 172 719 131 845 682 750 825 199 454 451 660 542 167 134 415 313 267 196 560 520 657 900 856 194 461 525 560 929 470 176 546 643 325 95 640 117 585 328 411 781 672 629 231 623 674 142 692 541 232 552 158
145 682 546 1001 93 219 654 832 470 778 90 235 654 112 185 562 564 619 165 0 527 915 141 686 490 698 171 216 780 199 681 847 703 736 280 327 294 817 698 144 145 262 450 225 299 677 594 505 994 692 281 507 529 406 844 577 80 398 768 308 121 729 271 723 492 340 649 590 712 161 517 759 93 543 546 203 664 83
615 486 99 1252 568 510 397 814 564 770 582 740 157 511 347 1067 721 1145 692 527 0 1422 617 1063 931 988 691 671 1096 681 154 1370 762 638 764 424 261 1322 1205 593 621 305 938 574 794 1149 968 197 1361 226 746 895 783 201 732 1044 534 245 1247 631 625 1109 789 1196 1014 531 385 581 1084 537 460 1176 574 310 795 590 1096 554
807 1353 1457 879 856 928 1383 1245 1040 1210 897 685 1563 911 1078 628 966 369 757 915 1422 0 805 1023 857 1182 744 752 694 741 1570 181 1106 1290 810 1202 1163 100 217 829 802 1120 486 864 772 765 606 1336 597 1606 678 966 836 1254 1357 782 890 1225 748 836 802 550 644 282 434 967 1385 1154 573 887 1182 952 850 1448 840 840 438 870
6 669 653 868 54 168 661 759 406 706 194 125 757 107 273 551 468 545 134 141 617 805 0 754 541 795 103 75 642 65 766 757 619 691 326 469 361 705 588 34 4 319 325 133 328 694 453 553 852 804 142 583 410 461 794 604 85 440 776 197 42 587 181 594 403 276 658 537 570 102 492 807 50 676 427 98 525 68
761 1360 1022 1549 745 898 1319 1511 1151 1457 595 716 1117 793 824 397 1222 665 627 686 1063 1023 754 0 222 184 667 800 1303 758 1203 856 1374 1422 429 641 929 962 883 783 756 914 824 884 434 271 1103 1134 1419 1110 807 180 1152 1036 1530 243 755 1046 337 951 712 1192 674 1018 690 1019 1311 1275 1190 833 1202 139 740 861 1167 852 1068 745
548 1172 907 1327 538 693 1140 1300 944 1247 400 494 1010 591 649 238 1006 488 410 490 931 857 541 222 0 333 449 582 1082 539 1080 707 1160 1222 216 534 759 785 693 571 542 737 606 673 214 225 881 971 1207 1018 585 110 931 870 1328 123 551 874 324 735 499 974 452 816 484 812 1134 1071 971 626 1007 269 532 784 947 639 853 540
802 1339 932 1634 774 917 1287 1530 1167 1476 612 785 1018 810 802 553 1259 816 683 698 988 1182 795 184 333 0 725 853 1392 813 1117 1022 1401 1422 490 565 897 1114 1026 819 797 890 928 916 509 450 1191 1088 1535 1000 875 235 1205 995 1531 402 775 1013 521 991 754 1294 755 1148 817 1038 1278 1282 1288 857 1196 316 770 748 1221 887 1179 770
110 773 716 915 132 272 763 855 508 802 171 74 823 197 344 447 557 456 41 171 691 744 103 667 449 725 0 132 679 90 844 678 712 793 240 478 444 645 527 138 103 405 286 234 234 592 481 645 864 863 154 502 484 550 896 504 162 533 672 287 72 603 100 560 323 379 760 639 591 205 596 711 124 710 500 198 518 143
71 673 714 798 126 183 675 727 388 675 264 105 816 163 334 562 425 519 172 216 671 752 75 800 582 853 132 0 569 42 817 718 583 676 372 544 411 652 536 82 71 368 266 127 367 716 379 589 777 866 75 634 353 503 775 632 154 477 792 158 105 512 167 528 371 267 674 521 496 135 493 842 124 747 369 94 452 140
637 816 1171 245 686 625 881 595 549 575 833 611 1253 693 836 961 406 757 719 780 1096 694 642 1303 1082 1392 679 569 0 599 1207 796 483 697 903 1101 858 629 584 635 638 819 484 578 884 1138 201 934 276 1320 525 1160 313 896 731 1088 705 852 1180 496 674 147 636 429 648 567 888 606 132 641 690 1306 686 1268 303 585 285 697
66 708 719 832 118 212 707 769 428 717 235 69 823 170 338 521 468 490 131 199 681 741 65 758 539 813 90 42 599 0 830 697 625 716 330 526 424 641 523 89 61 381 259 161 324 674 405 610 799 869 81 593 394 521 816 590 151 497 751 200 79 534 131 529 345 304 705 561 519 154 528 799 114 739 410 126 464 133
764 508 184 1343 718 649 413 855 660 819 737 891 124 660 499 1222 815 1299 845 681 154 1570 766 1203 1080 1117 844 817 1207 830 0 1522 829 672 918 561 406 1470 1353 740 770 449 1084 713 949 1300 1093 273 1477 192 892 1039 893 323 752 1195 685 361 1398 763 777 1232 941 1336 1166 651 401 649 1206 682 535 1320 725 392 903 732 1229 705
760 1364 1393 1006 803 901 1382 1301 1053 1261 812 632 1501 864 1023 471 1005 240 682 847 1370 181 757 856 707 1022 678 718 796 697 1522 0 1156 1322 694 1104 1118 177 221 786 754 1077 470 841 655 592 668 1307 747 1537 650 817 878 1218 1400 620 836 1194 569 830 744 648 580 367 355 961 1382 1177 666 851 1186 778 796 1359 885 811 516 816
612 357 855 535 630 484 440 149 241 105 789 682 909 590 643 1136 161 1028 750 703 762 1106 619 1374 1160 1401 712 583 483 625 829 1156 0 216 946 943 599 1020 935 590 618 577 711 489 946 1297 499 568 751 984 601 1200 279 576 253 1215 625 531 1369 425 661 584 739 823 882 364 449 181 557 545 301 1424 635 1017 271 521 668 632
684 166 737 744 685 529 260 184 287 155 827 782 770 630 623 1238 324 1169 825 736 638 1290 691 1422 1222 1422 793 676 697 716 672 1322 216 0 1006 909 547 1200 1106 657 691 540 859 559 1015 1386 690 441 967 846 715 1243 454 485 109 1295 670 448 1466 522 730 790 844 1010 1019 414 272 155 762 597 226 1491 691 927 451 595 860 682
333 962 757 1144 322 478 935 1085 728 1031 195 295 865 377 452 305 793 454 199 280 764 810 326 429 216 490 240 372 903 330 918 694 946 1006 0 419 564 722 613 356 327 537 452 457 38 398 701 777 1059 886 386 263 725 676 1113 297 336 674 491 522 284 810 266 700 384 596 929 855 802 410 794 484 315 678 740 424 703 324
472 801 380 1313 419 492 737 1048 702 995 309 551 479 408 300 714 832 865 454 327 424 1202 469 641 534 565 478 544 1101 526 561 1104 943 909 419 0 362 1107 991 468 473 371 765 526 456 759 920 529 1322 483 608 480 829 444 1018 655 396 470 858 611 447 1056 571 1038 767 593 727 791 1039 461 684 760 420 259 844 516 990 406
358 443 317 1035 315 251 391 691 366 640 369 486 412 254 111 855 515 900 451 294 261 1163 361 929 759 897 444 411 858 424 406 1118 599 547 564 362 0 1063 946 334 364 43 678 313 588 962 715 213 1114 469 486 750 551 112 655 859 282 117 1055 376 375 857 538 934 763 293 383 435 833 276 323 1022 322 425 564 329 836 302
707 1258 1358 831 757 828 1287 1162 945 1125 801 585 1463 811 979 564 877 298 660 817 1322 100 705 962 785 1114 645 652 629 641 1470 177 1020 1200 722 1107 1063 0 118 729 702 1020 386 765 685 713 522 1236 570 1507 578 893 747 1154 1270 719 790 1125 709 738 702 482 546 203 341 869 1288 1061 502 787 1086 902 751 1352 752 740 359 771
589 1155 1240 805 638 714 1180 1080 843 1040 684 467 1345 694 861 487 786 223 542 698 1205 217 588 883 693 1026 527 536 584 523 1353 221 935 1106 613 991 946 118 0 612 584 903 272 651 577 650 447 1122 579 1389 463 799 658 1039 1181 641 672 1011 660 628 584 437 428 165 229 760 1181 963 452 671 980 837 632 1234 664 625 299 653
29 635 632 857 51 133 627 729 374 675 211 155 735 82 252 586 441 577 167 144 593 829 34 783 571 819 138 82 635 89 740 786 590 657 356 468 334 729 612 0 36 291 346 101 359 728 452 521 854 784 157 610 391 431 761 637 73 409 810 172 73 588 214 611 434 243 624 504 570 68 457 838 52 665 407 69 534 62
7 670 657 865 58 169 663 758 406 705 197 122 761 110 277 550 466 542 134 145 621 802 4 756 542 797 103 71 638 61 770 754 618 691 327 473 364 702 584 36 0 323 321 132 329 694 449 555 848 808 138 585 408 464 794 604 89 443 775 195 43 583 179 590 400 277 660 537 567 104 493 807 54 680 424 98 520 72
317 449 360 1000 275 207 405 676 340 624 342 444 455 212 89 824 485 861 415 262 305 1120 319 914 737 890 405 368 819 381 449 1077 577 540 537 371 43 1020 903 291 323 0 634 269 559 935 673 244 1073 513 442 734 514 145 650 834 243 137 1028 333 335 814 498 890 722 256 398 419 791 233 314 1003 282 458 527 285 792 262
325 893 978 729 378 442 912 860 584 815 457 215 1082 428 598 479 552 317 313 450 938 486 325 824 606 928 286 266 484 259 1084 470 711 859 452 765 678 386 272 346 321 634 0 379 424 655 289 850 608 1129 192 693 433 768 944 604 411 739 704 360 329 368 199 273 177 492 913 710 365 401 716 822 373 993 444 353 251 392
126 547 628 787 142 64 548 627 273 573 304 230 725 119 262 680 342 646 267 225 574 864 133 884 673 916 234 127 578 161 713 841 489 559 457 526 313 765 651 101 132 269 379 0 461 827 412 471 816 781 190 710 306 392 661 737 144 361 907 85 174 553 292 623 498 145 547 405 532 66 367 940 146 694 322 35 523 145
335 976 791 1126 330 486 953 1087 734 1034 218 282 898 388 476 273 791 415 196 299 794 772 328 434 214 509 234 367 884 324 949 655 946 1015 38 456 588 685 577 359 329 559 424 461 0 378 682 801 1033 921 374 277 717 700 1120 281 348 696 469 521 286 786 247 668 348 602 948 863 780 417 806 478 323 716 733 426 676 334
701 1354 1130 1382 705 859 1331 1443 1100 1391 593 615 1234 766 850 177 1138 427 560 677 1149 765 694 271 225 450 592 716 1138 674 1300 592 1297 1386 398 759 962 713 650 728 694 935 655 827 378 0 945 1175 1214 1243 698 305 1045 1074 1488 105 725 1073 98 875 655 1011 559 800 492 971 1326 1232 1014 790 1182 188 698 1009 1059 791 876 710
449 772 1033 446 502 468 820 639 469 603 640 411 1124 518 675 769 366 585 520 594 968 606 453 1103 881 1191 481 379 201 405 1093 668 499 690 701 920 715 522 447 452 449 673 289 412 682 945 0 828 404 1185 327 959 238 772 751 890 524 732 993 340 483 141 435 324 462 442 824 564 120 470 617 1109 500 1106 239 411 170 514
549 295 296 1072 513 408 214 616 387 573 583 677 341 448 325 1067 542 1098 657 505 197 1336 553 1134 971 1088 645 589 934 610 273 1307 568 441 777 529 213 1236 1122 521 555 244 850 471 801 1175 828 0 1205 416 660 957 621 101 538 1073 483 112 1269 507 574 964 734 1088 956 387 203 387 938 456 268 1232 521 491 631 497 971 502
849 1091 1431 316 903 870 1157 849 823 836 1031 790 1517 923 1079 1041 682 794 900 994 1361 597 852 1419 1207 1535 864 777 276 799 1477 747 751 967 1059 1322 1114 570 579 854 848 1073 608 816 1033 1214 404 1205 0 1581 717 1300 584 1161 991 1185 927 1119 1235 741 878 265 797 416 730 830 1164 882 284 874 966 1396 901 1511 575 816 356 915
803 686 152 1478 751 720 592 1026 790 986 727 921 76 702 531 1189 947 1304 856 692 226 1606 804 1110 1018 1000 863 866 1320 869 192 1537 984 846 886 483 469 1507 1389 784 808 513 1129 781 921 1243 1185 416 1581 0 941 959 1008 426 932 1139 718 471 1341 846 804 1326 963 1395 1184 752 580 803 1302 737 683 1236 757 252 1019 793 1304 737
141 726 789 761 196 252 735 749 429 699 314 91 892 239 409 535 440 461 194 281 746 678 142 807 585 875 154 75 525 81 892 650 601 715 386 608 486 578 463 157 138 442 192 190 374 698 327 660 717 941 0 649 349 576 810 622 227 548 767 193 161 454 139 453 311 318 735 561 440 209 546 837 192 819 363 162 383 210
590 1179 860 1404 570 721 1139 1335 974 1281 416 558 959 616 644 347 1051 597 461 507 895 966 583 180 110 235 502 634 1160 593 1039 817 1200 1243 263 480 750 893 799 610 585 734 693 710 277 305 959 957 1300 959 649 0 987 858 1351 218 577 867 400 780 541 1060 524 916 584 843 1132 1097 1054 656 1022 281 565 717 1003 679 943 569
404 535 860 488 440 337 587 427 241 384 602 438 940 426 544 877 129 751 525 529 783 836 410 1152 931 1205 484 353 313 394 893 878 279 454 725 829 551 747 658 391 408 514 433 306 717 1045 238 621 584 1008 349 987 0 582 523 971 449 539 1109 221 451 356 488 556 607 258 592 326 328 372 387 1186 443 970 16 326 407 447
458 359 284 1052 419 328 293 647 365 599 482 586 357 355 224 967 522 1005 560 406 201 1254 461 1036 870 995 550 503 896 521 323 1218 576 485 676 444 112 1154 1039 431 464 145 768 392 700 1074 772 101 1161 426 576 858 582 0 589 971 387 45 1168 440 479 911 641 1015 865 331 284 399 887 368 278 1132 426 445 594 414 906 407
788 247 832 741 791 634 340 148 388 156 935 881 856 737 733 1338 394 1257 929 844 732 1357 794 1530 1328 1531 896 775 731 816 752 1400 253 109 1113 1018 655 1270 1181 761 794 650 944 661 1120 1488 751 538 991 932 810 1351 523 589 0 1399 777 554 1567 619 834 838 941 1075 1109 517 352 257 810 703 336 1597 797 1028 517 697 921 788
611 1258 1025 1333 611 766 1232 1360 1011 1307 492 535 1129 670 748 154 1057 422 470 577 1044 782 604 243 123 402 504 632 1088 590 1195 620 1215 1295 297 655 859 719 641 637 604 834 604 737 281 105 890 1073 1185 1139 622 218 971 971 1399 0 629 971 203 790 564 968 483 779 455 881 1227 1142 968 697 1087 218 604 907 985 702 838 615
85 628 568 923 33 143 610 758 396 703 163 205 673 40 188 596 484 618 176 80 534 890 85 755 551 775 162 154 705 151 685 836 625 670 336 396 282 790 672 73 89 243 411 144 348 725 524 483 927 718 227 577 449 387 777 629 0 371 812 227 92 661 256 679 481 265 606 520 643 81 457 821 39 593 465 123 606 19
436 331 329 1007 401 297 274 605 320 557 479 564 402 336 224 960 476 985 546 398 245 1225 440 1046 874 1013 533 477 852 497 361 1194 531 448 674 470 117 1125 1011 409 443 137 739 361 696 1073 732 112 1119 471 548 867 539 45 554 971 371 0 1165 403 461 871 621 981 843 290 266 355 846 343 236 1138 409 488 550 385 869 390
782 1441 1228 1422 790 943 1421 1516 1179 1465 686 688 1332 852 944 232 1208 441 643 768 1247 748 776 337 324 521 672 792 1180 751 1398 569 1369 1466 491 858 1055 709 660 810 775 1028 704 907 469 98 993 1269 1235 1341 767 400 1109 1168 1567 203 812 1165 0 950 738 1048 629 818 532 1052 1416 1311 1053 874 1266 221 783 1108 1123 871 909 796
190 536 693 701 220 129 552 569 235 517 383 261 786 204 340 719 271 653 325 308 631 836 197 951 735 991 287 158 496 200 763 830 425 522 522 611 376 738 628 172 195 333 360 85 521 875 340 507 741 846 193 780 221 440 619 790 227 403 950 0 239 481 322 580 503 131 553 368 458 151 356 998 223 773 238 105 466 226
49 704 655 904 60 204 692 801 447 747 158 117 761 125 279 516 510 526 95 121 625 802 42 712 499 754 72 105 674 79 777 744 661 730 284 447 375 702 584 73 43 335 329 174 286 655 483 574 878 804 161 541 451 479 834 564 92 461 738 239 0 613 164 602 389 316 689 577 598 136 528 765 53 664 467 140 543 72
584 888 1174 376 637 609 943 711 595 684 768 530 1264 658 816 834 474 617 640 729 1109 550 587 1192 974 1294 603 512 147 534 1232 648 584 790 810 1056 857 482 437 588 583 814 368 553 786 1011 141 964 265 1326 454 1060 356 911 838 968 661 871 1048 481 613 0 544 281 519 580 948 677 28 610 743 1185 635 1246 352 551 141 650
185 840 816 879 223 343 838 886 556 835 261 62 923 286 442 397 579 363 117 271 789 644 181 674 452 755 100 167 636 131 941 580 739 844 266 571 538 546 428 214 179 498 199 292 247 559 435 734 797 963 139 524 488 641 941 483 256 621 629 322 164 544 0 469 224 435 836 689 535 282 660 698 216 807 502 258 444 236
593 1080 1243 642 648 687 1116 963 768 927 729 489 1344 692 863 630 686 377 585 723 1196 282 594 1018 816 1148 560 528 429 529 1336 367 823 1010 700 1038 934 203 165 611 590 890 273 623 668 800 324 1088 416 1395 453 916 556 1015 1075 779 679 981 818 580 602 281 469 0 331 707 1119 877 300 659 913 984 643 1266 559 605 156 662
407 1038 1039 891 448 555 1046 1032 737 985 465 278 1146 510 667 316 722 150 328 492 1014 434 403 690 484 817 323 371 648 345 1166 355 882 1019 384 767 763 341 229 434 400 722 177 498 348 492 462 956 730 1184 311 584 607 865 1109 455 481 843 532 503 389 519 224 331 0 630 1045 867 522 500 858 668 441 1016 618 466 384 461
270 408 603 743 274 121 420 493 131 438 428 373 687 228 296 825 238 780 411 340 531 967 276 1019 812 1038 379 267 567 304 651 961 364 414 596 593 293 869 760 243 277 256 492 145 602 971 442 387 830 752 318 843 258 331 517 881 265 290 1052 131 316 580 435 707 630 0 421 260 555 186 227 1080 280 714 271 181 585 274
653 106 484 982 632 493 12 456 355 422 735 775 503 567 487 1202 482 1194 781 649 385 1385 658 1311 1134 1278 760 674 888 705 401 1382 449 272 929 727 383 1288 1181 624 660 398 913 547 948 1326 824 203 1164 580 735 1132 592 284 352 1227 606 266 1416 553 689 948 836 1119 1045 421 0 284 920 556 207 1401 639 690 597 580 984 623
531 211 675 701 533 377 276 257 132 205 680 627 728 481 495 1083 203 1017 672 590 581 1154 537 1275 1071 1282 639 521 606 561 649 1177 181 155 855 791 435 1061 963 504 537 419 710 405 863 1232 564 387 882 803 561 1097 326 399 257 1142 520 355 1311 368 577 677 689 877 867 260 284 0 649 445 121 1340 540 843 327 440 731 531
567 860 1151 369 620 587 915 685 568 656 754 519 1240 638 795 837 446 626 629 712 1084 573 570 1190 971 1288 591 496 132 519 1206 666 557 762 802 1039 833 502 452 570 567 791 365 532 780 1014 120 938 284 1302 440 1054 328 887 810 968 643 846 1053 458 598 28 535 300 522 555 920 649 0 590 715 1185 618 1226 324 531 153 632
97 568 584 852 88 68 558 678 318 624 244 222 684 53 209 652 403 644 231 161 537 887 102 833 626 857 205 135 641 154 682 851 545 597 410 461 276 787 671 68 104 233 401 66 417 790 470 456 874 737 209 656 372 368 703 697 81 343 874 151 136 610 282 659 500 186 556 445 590 0 392 894 94 636 388 58 570 87
486 180 554 808 476 324 203 370 148 321 608 598 609 417 397 1043 286 1008 623 517 460 1182 492 1202 1007 1196 596 493 690 528 535 1186 301 226 794 684 323 1086 980 457 493 314 716 367 806 1182 617 268 966 683 546 1022 387 278 336 1087 457 236 1266 356 528 743 660 913 858 227 207 121 715 392 0 1276 483 724 393 402 777 471
813 1441 1141 1551 806 962 1407 1566 1212 1513 669 748 1239 861 914 354 1268 614 674 759 1176 952 807 139 269 316 711 842 1306 799 1320 778 1424 1491 484 760 1022 902 837 838 807 1003 822 940 478 188 1109 1232 1396 1236 837 281 1186 1132 1597 218 821 1138 221 998 765 1185 698 984 668 1080 1401 1340 1185 894 1276 0 800 990 1200 905 1053 809
52 657 607 909 7 162 642 771 412 717 159 166 712 73 228 564 489 579 142 93 574 850 50 740 532 770 124 124 686 114 725 796 635 691 315 420 322 751 632 52 54 282 373 146 323 698 500 521 901 757 192 565 443 426 797 604 39 409 783 223 53 635 216 643 441 280 639 540 618 94 483 800 0 626 459 118 575 20
677 786 220 1457 622 643 702 1092 790 1044 551 777 278 590 432 974 941 1120 692 543 310 1448 676 861 784 748 710 747 1268 739 392 1359 1017 927 678 259 425 1352 1234 665 680 458 993 694 716 1009 1106 491 1511 252 819 717 970 445 1028 907 593 488 1108 773 664 1246 807 1266 1016 714 690 843 1226 636 724 990 626 0 984 695 1199 608
420 537 872 474 456 352 591 418 248 376 618 453 952 442 559 891 127 761 541 546 795 840 427 1167 947 1221 500 369 303 410 903 885 271 451 740 844 564 752 664 407 424 527 444 322 733 1059 239 631 575 1019 363 1003 16 594 517 985 465 550 1123 238 467 352 502 559 618 271 597 327 324 388 393 1200 459 984 0 342 408 463
91 582 640 800 114 89 582 661 309 607 277 195 739 108 267 644 372 613 232 203 590 840 98 852 639 887 198 94 585 126 732 811 521 595 424 516 329 740 625 69 98 285 353 35 426 791 411 497 816 793 162 679 326 414 697 702 123 385 871 105 140 551 258 605 466 181 580 440 531 58 402 905 118 695 342 0 512 121
523 938 1152 516 578 585 980 806 630 772 689 444 1248 611 779 700 535 477 552 664 1096 438 525 1068 853 1179 518 452 285 464 1229 516 668 860 703 990 836 359 299 534 520 792 251 523 676 876 170 971 356 1304 383 943 407 906 921 838 606 869 909 466 543 141 444 156 384 585 984 731 153 570 777 1053 575 1199 408 512 0 592
69 644 587 918 14 153 627 766 405 712 158 186 692 56 208 579 488 598 158 83 554 870 68 745 540 770 143 140 697 133 705 816 632 682 324 406 302 771 653 62 72 262 392 145 334 710 514 502 915 737 210 569 447 407 788 615 19 390 796 226 72 650 236 662 461 274 623 531 632 87 471 809 20 608 463 121 592 0
