0 1627 1317 1119 1122 1545 855 426 1023 1528 1246 635 1485 157 166 1218
1627 0 2581 590 2730 2859 1932 1959 2368 2417 1580 1060 415 1592 1679 2688
1317 2581 0 1991 1434 2337 2051 1460 1956 585 2559 1866 2265 1216 1434 1893
1119 590 1991 0 2242 2520 1627 1503 2000 1848 1492 691 367 1054 1207 2279
1122 2730 1434 2242 0 949 1140 780 761 1954 1832 1683 2607 1206 1051 514
1545 2859 2337 2520 949 0 927 1124 528 2801 1491 1838 2875 1691 1394 445
855 1932 2051 1627 1140 927 0 591 478 2358 694 935 1970 1011 691 846
426 1959 1460 1503 780 1124 591 0 611 1798 1183 905 1870 566 297 794
1023 2368 1956 2000 761 528 478 611 0 2365 1150 1327 2359 1172 868 371
1528 2417 585 1848 1954 2801 2358 1798 2365 0 2752 1934 2046 1387 1679 2368
1246 1580 2559 1492 1832 1491 694 1183 1150 2752 0 904 1757 1370 1125 1521
635 1060 1866 691 1683 1838 935 905 1327 1934 904 0 1037 669 640 1632
1485 415 2265 367 2607 2875 1970 1870 2359 2046 1757 1037 0 1413 1574 2644
157 1592 1216 1054 1206 1691 1011 566 1172 1387 1370 669 1413 0 323 1349
166 1679 1434 1207 1051 1394 691 297 868 1679 1125 640 1574 323 0 1088
1218 2688 1893 2279 514 445 846 794 371 2368 1521 1632 2644 1349 1088 0
