0 667 173 915 1092 790 1635 1662 1104 701 473 446 1343 1638 97 533
667 0 602 857 526 150 1380 1608 569 1344 1122 667 1866 2134 651 1115
173 602 0 742 965 702 1721 1788 1104 843 617 575 1302 1587 253 701
915 857 742 0 742 815 2234 2415 1409 1515 1306 1266 1344 1539 992 1430
1092 526 965 742 0 379 1754 2063 852 1793 1566 1191 2029 2254 1108 1597
790 150 702 815 379 0 1458 1719 595 1479 1255 818 1923 2180 785 1258
1635 1380 1721 2234 1754 1458 0 501 904 1907 1800 1208 2968 3267 1544 1629
1662 1608 1788 2415 2063 1719 501 0 1256 1740 1690 1217 2922 3226 1565 1492
1104 569 1104 1409 852 595 904 1256 0 1666 1474 856 2403 2682 1046 1391
701 1344 843 1515 1793 1479 1907 1740 1666 0 228 815 1266 1560 694 287
473 1122 617 1306 1566 1255 1800 1690 1474 228 0 641 1242 1544 471 207
446 667 575 1266 1191 818 1208 1217 856 815 641 0 1760 2060 349 535
1343 1866 1302 1344 2029 1923 2968 2922 2403 1266 1242 1760 0 303 1428 1448
1638 2134 1587 1539 2254 2180 3267 3226 2682 1560 1544 2060 303 0 1725 1750
97 651 253 992 1108 785 1544 1565 1046 694 471 349 1428 1725 0 491
533 1115 701 1430 1597 1258 1629 1492 1391 287 207 535 1448 1750 491 0
