0 1624 1342 1517 770 784 892 287 301 1660 1512 197 426 926 165 510
1624 0 2798 3065 2030 983 1594 1370 1329 3279 2713 1781 2049 2395 1458 2108
1342 2798 0 1529 779 2114 2146 1489 1615 899 554 1144 1082 419 1476 1175
1517 3065 1529 0 1755 2097 1658 1804 1769 875 2060 1443 1124 1439 1666 1009
770 2030 779 1755 0 1447 1663 801 964 1478 760 608 778 428 847 927
784 983 2114 2097 1447 0 660 646 499 2412 2206 978 1168 1695 638 1190
892 1594 2146 1658 1663 660 0 972 791 2183 2393 1063 1066 1756 852 1002
287 1370 1489 1804 801 646 972 0 184 1911 1560 412 704 1071 158 797
301 1329 1615 1769 964 499 791 184 0 1961 1724 484 720 1195 141 782
1660 3279 899 875 1478 2412 2183 1911 1961 0 1448 1498 1246 1055 1825 1230
1512 2713 554 2060 760 2206 2393 1560 1724 1448 0 1330 1396 698 1604 1523
197 1781 1144 1443 608 978 1063 412 484 1498 1330 0 319 729 343 447
426 2049 1082 1124 778 1168 1066 704 720 1246 1396 319 0 713 591 150
926 2395 419 1439 428 1695 1756 1071 1195 1055 698 729 713 0 1057 831
165 1458 1476 1666 847 638 852 158 141 1825 1604 343 591 1057 0 666
510 2108 1175 1009 927 1190 1002 797 782 1230 1523 447 150 831 666 0
