0 1250 25 1287 1389 236 13 1287 1471 649 1492 183 1030 804 1338 1005
1250 0 1234 2217 2638 1177 1239 1023 2061 1073 241 1170 315 571 151 575
25 1234 0 1312 1406 249 27 1261 1453 658 1476 194 1018 782 1324 1000
1287 2217 1312 0 1235 1167 1287 2563 2593 1144 2425 1209 1908 1985 2230 1700
1389 2638 1406 1235 0 1486 1400 2480 1937 1783 2879 1479 2399 2170 2719 2313
236 1177 249 1167 1486 0 225 1401 1700 415 1413 57 916 827 1242 838
13 1239 27 1287 1400 225 0 1285 1480 636 1480 171 1017 796 1326 992
1287 1023 1261 2563 2480 1401 1285 0 1190 1599 1144 1355 1162 678 1173 1404
1471 2061 1453 2593 1937 1700 1480 1190 0 2085 2245 1643 2059 1518 2210 2207
649 1073 658 1144 1783 415 636 1599 2085 0 1282 465 763 938 1088 574
1492 241 1476 2425 2879 1413 1480 1144 2245 1282 0 1409 520 793 198 742
183 1170 194 1209 1479 57 171 1355 1643 465 1409 0 920 796 1242 858
1030 315 1018 1908 2399 916 1017 1162 2059 763 520 920 0 549 331 274
804 571 782 1985 2170 827 796 678 1518 938 793 796 549 0 709 749
1338 151 1324 2230 2719 1242 1326 1173 2210 1088 198 1242 331 709 0 544
1005 575 1000 1700 2313 838 992 1404 2207 574 742 858 274 749 544 0
