0 452 165 533 1236 737 525 677 37 305 1061 585 434 296 1135 1185 232
452 0 350 580 1644 1190 848 928 481 677 805 1004 858 341 1481 1274 456
165 350 0 621 1398 865 514 627 173 328 1068 747 596 344 1147 1305 344
533 580 621 0 1245 1040 1053 1211 566 830 632 712 622 283 1635 703 302
1236 1644 1398 1245 0 704 1341 1520 1224 1244 1830 651 802 1325 1475 1199 1193
737 1190 865 1040 704 0 653 822 709 611 1670 369 417 959 826 1390 825
525 848 514 1053 1341 653 0 192 489 222 1574 781 675 818 634 1657 751
677 928 627 1211 1520 822 192 0 645 394 1695 974 867 958 587 1837 909
37 481 173 566 1224 709 489 645 0 269 1099 574 422 333 1097 1210 264
305 677 328 830 1244 611 222 394 269 0 1364 631 502 601 832 1443 528
1061 805 1068 632 1830 1670 1574 1695 1099 1364 0 1344 1254 766 2196 885 871
585 1004 747 712 651 369 781 974 574 631 1344 0 151 706 1148 1024 568
434 858 596 622 802 417 675 867 422 502 1254 151 0 573 1113 1039 435
296 341 344 283 1325 959 818 958 333 601 766 706 573 0 1431 984 138
1135 1481 1147 1635 1475 826 634 587 1097 832 2196 1148 1113 1431 0 2152 1342
1185 1274 1305 703 1199 1390 1657 1837 1210 1443 885 1024 1039 984 2152 0 962
232 456 344 302 1193 825 751 909 264 528 871 568 435 138 1342 962 0
