0 1213 1491 231 1279 713 423 1274 1106 969 915 1136 1253 1478 392 733
1213 0 2636 1432 1618 1148 1470 644 1451 383 1719 1007 55 1484 1606 1944
1491 2636 0 1344 1656 2082 1165 2764 1637 2451 1093 2569 2664 2792 1147 954
231 1432 1344 0 1410 756 450 1432 1249 1163 959 1229 1474 1508 198 513
1279 1618 1656 1410 0 1924 986 2102 189 1692 609 2204 1613 2645 1389 1633
713 1148 2082 756 1924 0 1135 831 1738 769 1626 497 1202 765 943 1159
423 1470 1165 450 986 1135 0 1653 843 1305 510 1555 1499 1900 403 684
1274 644 2764 1432 2102 831 1653 0 1919 410 2040 454 690 876 1629 1917
1106 1451 1637 1249 189 1738 843 1919 0 1508 549 2015 1449 2456 1245 1511
969 383 2451 1163 1692 769 1305 410 1508 0 1653 652 439 1139 1353 1673
915 1719 1093 959 609 1626 510 2040 549 1653 0 2012 1734 2389 876 1059
1136 1007 2569 1229 2204 497 1555 454 2015 652 2012 0 1061 488 1423 1657
1253 55 2664 1474 1613 1202 1499 690 1449 439 1734 1061 0 1536 1645 1986
1478 1484 2792 1508 2645 765 1900 876 2456 1139 2389 488 1536 0 1683 1841
392 1606 1147 198 1389 943 403 1629 1245 1353 876 1423 1645 1683 0 347
733 1944 954 513 1633 1159 684 1917 1511 1673 1059 1657 1986 1841 347 0
