0 81 1167 47 1316 817 553 361 1321 846 1287 1721 1512 1056 236 377 1270
81 0 1092 53 1235 842 502 303 1351 812 1210 1655 1578 1041 164 358 1343
1167 1092 0 1145 316 1783 1108 832 1732 1386 130 1468 2335 1036 1014 963 2434
47 53 1145 0 1284 799 506 355 1362 803 1263 1673 1559 1078 191 395 1289
1316 1235 316 1284 0 1810 1117 1024 2034 1334 240 1207 2601 1347 1123 1186 2549
817 842 1783 799 1810 0 693 1133 2045 590 1876 1629 1972 1873 818 1193 919
553 502 1108 506 1117 693 0 652 1846 345 1192 1187 2058 1449 353 807 1497
361 303 832 355 1024 1133 652 0 1243 996 958 1669 1628 798 331 195 1626
1321 1351 1732 1362 2034 2045 1846 1243 0 2164 1852 2907 819 716 1493 1055 1968
846 812 1386 803 1334 590 345 996 2164 0 1452 1053 2302 1793 683 1142 1498
1287 1210 130 1263 240 1876 1192 958 1852 1452 0 1439 2464 1149 1125 1092 2550
1721 1655 1468 1673 1207 1629 1187 1669 2907 1053 1439 0 3233 2340 1490 1862 2547
1512 1578 2335 1559 2601 1972 2058 1628 819 2302 2464 3233 0 1441 1742 1439 1530
1056 1041 1036 1078 1347 1873 1449 798 716 1793 1149 2340 1441 0 1123 683 2124
236 164 1014 191 1123 818 353 331 1493 683 1125 1490 1742 1123 0 459 1429
377 358 963 395 1186 1193 807 195 1055 1142 1092 1862 1439 683 459 0 1570
1270 1343 2434 1289 2549 919 1497 1626 1968 1498 2550 2547 1530 2124 1429 1570 0
