0 1497 1560 1067 93 442 366 1151 954 1615 131 616 284 517 1193 694
1497 0 2864 1288 1406 1714 1166 1198 976 3016 1476 1705 1658 1201 1822 1514
1560 2864 0 2601 1615 1182 1910 2699 2514 344 1666 1159 1294 1665 2560 2155
1067 1288 2601 0 1041 1504 795 137 331 2601 945 1650 1351 1293 542 483
93 1406 1615 1041 0 464 296 1117 902 1684 164 615 322 441 1211 705
442 1714 1182 1504 464 0 746 1581 1360 1301 571 213 164 525 1621 1132
366 1166 1910 795 296 746 0 852 614 1979 312 865 616 515 1072 574
1151 1198 2699 137 1117 1581 852 0 297 2712 1036 1716 1433 1329 659 610
954 976 2514 331 902 1360 614 297 0 2558 855 1474 1225 1055 847 594
1615 3016 344 2601 1684 1301 1979 2712 2558 0 1703 1332 1380 1818 2489 2133
131 1476 1666 945 164 571 312 1036 855 1703 0 747 410 601 1063 563
616 1705 1159 1650 615 213 865 1716 1474 1332 747 0 366 508 1809 1311
284 1658 1294 1351 322 164 616 1433 1225 1380 410 366 0 515 1456 969
517 1201 1665 1293 441 525 515 1329 1055 1818 601 508 515 0 1581 1076
1193 1822 2560 542 1211 1621 1072 659 847 2489 1063 1809 1456 1581 0 508
694 1514 2155 483 705 1132 574 610 594 2133 563 1311 969 1076 508 0
