0 874 1374 1597 1172 1440 837 19 886 260 276 339 545 1480 1425 34
874 0 2108 2391 299 921 993 873 1743 621 605 997 1411 1196 1471 908
1374 2108 0 1768 2363 2163 2144 1362 684 1545 1616 1122 1152 2838 2680 1353
1597 2391 1768 0 2684 3032 1645 1609 1193 1845 1814 1742 1089 2274 1820 1565
1172 299 2363 2684 0 841 1224 1169 2032 915 904 1269 1710 1274 1635 1205
1440 921 2163 3032 841 0 1884 1427 2085 1213 1272 1322 1950 2096 2391 1471
837 993 2144 1645 1224 1884 0 855 1534 842 742 1175 1044 721 593 842
19 873 1362 1609 1169 1427 855 0 883 255 278 321 552 1494 1443 43
886 1743 684 1193 2032 2085 1534 883 0 1123 1161 789 496 2250 2032 857
260 621 1545 1845 915 1213 842 255 1123 0 101 427 806 1390 1433 294
276 605 1616 1814 904 1272 742 278 1161 101 0 509 806 1294 1332 308
339 997 1122 1742 1269 1322 1175 321 789 427 509 0 654 1793 1764 341
545 1411 1152 1089 1710 1950 1044 552 496 806 806 654 0 1764 1537 511
1480 1196 2838 2274 1274 2096 721 1494 2250 1390 1294 1793 1764 0 542 1494
1425 1471 2680 1820 1635 2391 593 1443 2032 1433 1332 1764 1537 542 0 1427
34 908 1353 1565 1205 1471 842 43 857 294 308 341 511 1494 1427 0
