0 1177 307 979 1104 1282 953 981 1040 250 317 41 724 1255 827 142
1177 0 1214 2146 463 1710 1854 321 1628 1196 992 1175 955 1844 1935 1236
307 1214 0 1087 1020 974 707 954 733 57 222 349 505 952 723 183
979 2146 1087 0 2073 1789 1123 1961 1518 1066 1250 975 1591 1634 668 966
1104 463 1020 2073 0 1288 1550 211 1248 1023 826 1118 611 1447 1727 1108
1282 1710 974 1789 1288 0 703 1389 273 1032 1060 1323 791 234 1145 1153
953 1854 707 1123 1550 703 0 1555 462 754 911 990 939 516 458 813
981 321 954 1961 211 1389 1555 0 1308 946 741 989 638 1523 1676 1010
1040 1628 733 1518 1248 273 462 1308 0 791 852 1081 673 231 883 904
250 1196 57 1066 1023 1032 754 946 791 0 205 291 535 1009 739 131
317 992 222 1250 826 1060 911 741 852 205 0 347 410 1082 943 283
41 1175 349 975 1118 1323 990 989 1081 291 347 0 756 1296 851 182
724 955 505 1591 611 791 939 638 673 535 410 756 0 894 1147 657
1255 1844 952 1634 1447 234 516 1523 231 1009 1082 1296 894 0 973 1116
827 1935 723 668 1727 1145 458 1676 883 739 943 851 1147 973 0 720
142 1236 183 966 1108 1153 813 1010 904 131 283 182 657 1116 720 0
