0 948 375 266 1455 495 839 112 1596 415 1156 926 190 1244 238 492
948 0 973 691 667 1417 1019 837 2515 760 1902 1255 1121 1942 1177 1191
375 973 0 375 1588 536 481 362 1789 216 938 550 362 995 408 865
266 691 375 0 1245 727 724 155 1861 262 1294 874 430 1361 486 669
1455 667 1588 1245 0 1950 1686 1359 2875 1389 2526 1921 1645 2579 1693 1503
495 1417 536 727 1950 0 959 593 1262 728 756 914 305 873 258 731
839 1019 481 724 1686 959 0 791 2219 462 1034 244 843 1025 885 1332
112 837 362 155 1359 593 791 0 1706 342 1218 905 289 1297 342 550
1596 2515 1789 1861 2875 1262 2219 1706 0 1956 1594 2143 1465 1727 1408 1373
415 760 216 262 1389 728 462 342 1956 0 1143 619 492 1190 548 892
1156 1902 938 1294 2526 756 1034 1218 1594 1143 0 825 986 137 966 1487
926 1255 550 874 1921 914 244 905 2143 619 825 0 878 800 908 1412
190 1121 362 430 1645 305 843 289 1465 492 986 878 0 1083 57 555
1244 1942 995 1361 2579 873 1025 1297 1727 1190 137 800 1083 0 1068 1599
238 1177 408 486 1693 258 885 342 1408 548 966 908 57 1068 0 548
492 1191 865 669 1503 731 1332 550 1373 892 1487 1412 555 1599 548 0
