0 125 581 55 54 120 67 252 562 1231 185 1535 615 184 12 1714
125 0 601 76 116 151 149 331 583 1203 277 1620 741 279 133 1609
581 601 0 604 633 699 514 370 19 1802 735 1135 812 441 570 1516
55 76 604 0 44 100 104 295 586 1200 206 1583 667 232 65 1681
54 116 633 44 0 66 121 306 614 1176 162 1587 639 238 67 1724
120 151 699 100 66 0 187 369 681 1111 140 1643 658 299 132 1755
67 149 514 104 121 187 0 191 495 1297 239 1480 609 131 56 1686
252 331 370 295 306 369 191 0 351 1478 373 1290 535 75 239 1716
562 583 19 586 614 681 495 351 0 1784 716 1142 796 422 551 1524
1231 1203 1802 1200 1176 1111 1297 1478 1784 0 1124 2700 1533 1404 1243 2376
185 277 735 206 162 140 239 373 716 1124 0 1589 535 298 189 1886
1535 1620 1135 1583 1587 1643 1480 1290 1142 2700 1589 0 1206 1350 1522 2469
615 741 812 667 639 658 609 535 796 1533 535 1206 0 519 607 2251
184 279 441 232 238 299 131 75 422 1404 298 1350 519 0 171 1740
12 133 570 65 67 132 56 239 551 1243 189 1522 607 171 0 1715
1714 1609 1516 1681 1724 1755 1686 1716 1524 2376 1886 2469 2251 1740 1715 0
