0 633 302 424 599 664 336 107 806 387 294 187 160 393 602 333 481 831 865 696 627 100 469 854 550 488 134 37 456 631 527 131 115 482 504 311 817 825 656 715 735 816 86 847 863 561 134 485 547 139 43 43 839 458 268 816 508 754 495 176 410 74 773 367 812 22 509 524 336 346 734 636 441 701 512 320 690 219
633 0 882 1046 501 1291 713 625 1319 636 380 733 775 786 681 303 935 1178 1479 267 189 537 928 1487 817 341 715 669 879 650 677 632 691 174 1122 762 749 1066 1142 1139 1364 200 654 1333 1135 327 578 413 376 496 592 601 1408 1081 751 466 787 134 1101 457 1030 632 1072 306 228 645 1137 1103 547 362 1349 1185 1033 1333 626 314 454 477
302 882 0 377 672 432 265 260 506 379 503 399 298 618 886 582 242 1000 764 870 823 365 632 647 793 640 349 286 254 921 496 249 352 753 445 531 807 1043 756 451 595 1041 356 551 1065 711 304 787 849 426 327 311 824 398 162 1116 398 986 221 448 176 359 971 580 1022 307 412 226 631 643 471 333 464 488 512 572 792 406
424 1046 377 0 990 358 620 482 739 721 718 326 271 440 768 753 610 689 440 1120 1052 525 367 482 603 905 331 386 631 821 854 493 354 882 79 381 1165 783 410 783 321 1235 391 807 783 980 531 794 867 552 467 465 450 34 511 1125 771 1172 348 595 265 413 694 792 1235 408 96 433 596 712 467 560 113 358 859 740 1095 636
599 501 672 990 0 1099 412 513 957 296 355 780 754 949 1012 420 592 1396 1419 299 324 515 1055 1317 1062 184 732 633 531 1007 233 498 711 524 1069 883 267 1344 1253 735 1261 539 675 949 1399 173 469 761 769 536 563 556 1430 1021 509 948 376 515 879 498 848 653 1316 334 486 621 1056 842 770 610 1117 875 1032 1159 188 427 127 385
664 1291 432 358 1099 0 687 668 478 803 922 645 556 796 1121 988 556 1017 442 1301 1251 754 725 219 961 1072 627 631 605 1171 903 665 644 1145 343 730 1202 1132 725 622 260 1462 671 554 1125 1143 718 1112 1183 803 702 691 609 338 593 1449 779 1404 221 837 263 687 1040 1000 1448 657 282 281 922 1001 113 345 462 70 928 976 1221 826
336 713 265 620 412 687 0 231 605 115 347 513 442 728 920 448 221 1159 1027 642 613 320 789 905 886 415 456 351 167 940 234 205 443 626 694 645 546 1162 954 438 860 843 422 620 1199 479 229 747 791 382 327 309 1070 646 109 1042 172 795 466 376 440 410 1107 410 812 355 670 433 648 580 707 485 686 747 247 443 536 266
107 625 260 482 513 668 231 0 744 281 254 291 243 500 695 324 394 938 920 647 587 110 573 872 655 425 236 129 362 719 422 25 220 493 562 418 718 932 754 629 776 794 194 777 971 499 51 549 604 175 97 79 917 515 176 867 401 736 476 190 405 180 880 332 782 128 557 486 424 393 724 584 518 714 410 313 613 160
806 1319 506 739 957 478 605 744 0 696 946 895 791 1103 1389 1042 384 1428 917 1231 1213 854 1084 632 1281 1013 850 792 443 1427 724 726 856 1220 764 1020 951 1506 1148 243 739 1445 862 75 1516 1069 776 1289 1347 919 827 809 1084 737 580 1612 581 1399 392 933 487 866 1424 1014 1409 813 704 315 1137 1137 392 184 852 541 769 1034 1084 854
387 636 379 721 296 803 115 281 696 0 299 573 518 777 931 402 314 1219 1137 537 517 341 855 1021 923 317 518 411 253 944 141 259 501 572 797 698 446 1204 1032 503 973 749 474 701 1247 374 258 731 766 392 365 351 1169 749 217 1002 160 705 582 373 555 457 1157 346 713 409 777 547 662 562 821 590 779 863 138 400 421 244
294 380 503 718 355 922 347 254 946 299 0 451 453 597 669 103 565 1042 1158 402 335 194 712 1126 706 203 412 332 514 672 395 257 388 279 797 537 612 989 918 784 1024 540 349 965 1043 273 203 441 470 190 251 253 1129 752 371 703 460 483 724 147 659 325 961 78 527 312 800 723 416 275 974 806 732 968 355 101 418 97
187 733 399 326 780 645 513 291 895 573 451 0 103 222 497 457 621 647 747 845 766 265 281 802 395 654 57 163 609 540 714 315 72 563 396 135 1004 656 472 847 648 928 105 946 688 725 321 471 543 262 218 227 684 361 427 806 685 864 531 307 433 128 595 514 936 165 423 586 277 387 736 713 299 664 700 444 864 395
160 775 298 271 754 556 442 243 791 518 453 103 0 319 601 482 527 721 709 855 783 259 350 727 495 648 70 123 521 642 659 262 89 613 348 233 960 747 514 749 589 964 121 843 774 722 285 556 626 281 202 203 680 306 347 893 613 901 430 324 332 142 680 525 965 141 361 482 370 451 642 610 281 582 652 469 849 379
393 786 618 440 949 796 728 500 1103 777 597 222 319 0 329 567 844 447 778 954 867 444 146 914 177 797 278 377 832 384 915 524 286 612 482 86 1190 434 357 1068 729 986 306 1158 470 862 519 423 495 412 411 426 647 466 648 723 900 921 724 451 624 320 380 642 1008 373 531 789 240 425 899 919 356 799 895 555 1014 568
602 681 886 768 1012 1121 920 695 1389 931 669 497 601 329 0 591 1083 530 1091 916 823 599 444 1244 208 833 539 606 1057 60 1053 720 533 535 812 391 1276 388 610 1317 1056 864 531 1437 461 878 690 271 308 541 598 616 931 795 868 442 1080 805 1029 558 929 532 413 677 907 589 860 1084 272 401 1221 1210 685 1127 1019 585 1038 689
333 303 582 753 420 988 448 324 1042 402 103 457 482 567 591 0 665 1003 1191 391 309 235 695 1185 654 243 429 370 615 588 493 332 405 178 831 519 685 933 906 886 1068 483 366 1064 991 299 278 348 370 201 290 298 1142 788 463 600 563 421 800 158 727 342 913 85 482 346 841 807 359 190 1047 896 752 1030 450 13 457 187
481 935 242 610 592 556 221 394 384 314 565 621 527 844 1083 665 0 1240 956 851 829 502 871 772 1015 630 567 480 61 1111 369 372 563 843 671 757 650 1275 998 234 775 1060 555 399 1301 688 415 941 992 568 488 470 1047 627 218 1250 231 1014 341 573 364 551 1207 631 1027 494 629 275 815 780 545 282 703 624 406 658 720 478
831 1178 1000 689 1396 1017 1159 938 1428 1219 1042 647 721 447 530 1003 1240 0 782 1380 1289 891 371 1046 361 1240 703 810 1240 583 1358 961 718 1013 677 521 1638 193 293 1446 838 1373 745 1494 136 1302 962 770 825 860 855 868 558 695 1068 964 1331 1310 1035 898 945 762 119 1083 1407 810 740 1117 648 837 1131 1247 576 990 1341 992 1457 1016
865 1479 764 440 1419 442 1027 920 917 1137 1158 747 709 778 1091 1191 956 782 0 1561 1492 966 647 325 890 1345 764 827 994 1150 1261 928 788 1311 361 754 1572 949 516 1059 184 1672 826 993 914 1419 970 1187 1261 990 908 905 236 406 920 1501 1157 1608 619 1033 597 849 851 1232 1674 848 363 700 989 1133 528 785 449 376 1274 1178 1529 1076
696 267 870 1120 299 1301 642 647 1231 537 402 845 855 954 916 391 851 1380 1561 0 92 596 1086 1513 1022 230 811 734 790 894 522 643 786 381 1200 910 506 1289 1298 1021 1422 242 747 1230 1353 163 595 645 624 582 653 655 1528 1154 715 732 657 229 1090 537 1039 723 1282 331 187 714 1201 1071 731 542 1339 1127 1133 1353 471 404 208 487
627 189 823 1052 324 1251 613 587 1213 517 335 766 783 867 823 309 829 1289 1492 92 0 526 1000 1459 930 199 735 665 770 802 526 587 711 288 1131 825 562 1196 1213 1014 1359 232 672 1218 1261 156 536 553 533 506 584 587 1450 1086 674 655 652 195 1045 461 987 648 1191 259 199 643 1135 1033 641 451 1295 1098 1059 1300 474 322 265 427
100 537 365 525 515 754 320 110 854 341 194 265 259 444 599 235 502 891 966 596 526 0 540 950 583 391 221 138 466 619 474 130 198 393 604 371 747 865 738 736 835 717 160 888 910 464 91 439 493 65 57 63 936 559 284 757 482 656 574 84 495 137 822 266 712 118 610 591 327 282 818 693 539 795 451 223 598 129
469 928 632 367 1055 725 789 573 1084 855 712 281 350 146 444 695 871 371 647 1086 1000 540 0 815 249 915 337 444 869 503 996 596 353 754 389 176 1285 422 214 1082 618 1128 385 1146 435 983 602 568 640 522 497 508 503 386 697 861 961 1063 693 564 597 405 342 765 1149 447 446 769 385 566 834 901 263 716 982 682 1130 670
854 1487 647 482 1317 219 905 872 632 1021 1126 802 727 914 1244 1185 772 1046 325 1513 1459 950 815 0 1064 1284 796 819 823 1298 1123 872 816 1334 432 862 1420 1189 756 814 208 1665 847 706 1168 1356 923 1273 1346 993 895 886 547 451 809 1607 997 1605 441 1030 474 867 1092 1204 1654 844 386 497 1076 1178 246 538 559 159 1148 1173 1439 1032
550 817 793 603 1062 961 886 655 1281 923 706 395 495 177 208 654 1015 361 890 1022 930 583 249 1064 0 896 448 540 1000 268 1057 680 452 652 634 262 1315 283 402 1242 868 1012 466 1336 337 953 666 411 470 538 561 577 723 626 814 647 1056 948 900 570 801 476 260 737 1045 532 688 966 295 480 1068 1097 507 959 1032 644 1111 697
488 341 640 905 184 1072 415 425 1013 317 203 654 648 797 833 243 630 1240 1345 230 199 391 915 1284 896 0 612 525 570 825 336 419 589 341 985 740 452 1176 1121 815 1200 432 550 1018 1233 74 374 578 584 394 447 445 1328 938 485 769 454 390 860 351 810 527 1154 159 396 508 982 842 601 432 1109 901 929 1125 285 252 216 270
134 715 349 331 732 627 456 236 850 518 412 57 70 278 539 429 567 703 764 811 735 221 337 796 448 612 0 106 553 578 659 259 24 550 406 192 951 712 521 794 652 907 63 900 745 685 268 485 556 229 169 176 717 366 371 822 628 843 497 274 400 87 652 479 911 112 425 546 300 383 713 671 323 652 646 416 819 349
37 669 286 386 633 631 351 129 792 411 332 163 123 377 606 370 480 810 827 734 665 138 444 819 540 525 106 0 460 638 552 152 92 515 466 293 846 812 626 712 698 853 75 835 847 599 164 505 569 173 81 80 803 421 273 838 524 791 469 212 381 73 755 405 850 25 472 502 345 373 704 619 404 667 540 357 726 256
456 879 254 631 531 605 167 362 443 253 514 609 521 832 1057 615 61 1240 994 790 770 466 869 823 1000 570 553 460 0 1082 309 338 547 793 695 745 597 1265 1007 273 816 1001 535 453 1295 628 377 903 951 531 459 440 1074 650 188 1206 174 956 387 532 398 529 1201 577 967 471 658 328 787 739 601 343 718 672 345 609 659 430
631 650 921 821 1007 1171 940 719 1427 944 672 540 642 384 60 588 1111 583 1150 894 802 619 503 1298 268 825 578 638 1082 0 1062 743 571 514 867 441 1273 431 670 1346 1112 828 565 1473 505 866 711 250 274 558 623 642 991 849 895 384 1097 770 1072 571 973 564 464 673 873 620 914 1124 295 398 1270 1249 740 1179 1026 583 1026 700
527 677 496 854 233 903 234 422 724 141 395 714 659 915 1053 493 369 1358 1261 522 526 474 996 1123 1057 336 659 552 309 1062 0 400 642 647 929 837 312 1340 1173 501 1091 754 613 715 1384 370 396 837 863 521 504 490 1304 880 343 1083 143 721 682 496 669 596 1295 421 708 549 904 633 788 669 908 650 916 967 51 494 359 365
131 632 249 493 498 665 205 25 726 259 257 315 262 524 720 332 372 961 928 643 587 130 596 872 680 419 259 152 338 743 400 0 243 505 573 442 698 957 774 606 781 797 218 758 995 493 54 570 623 196 122 104 931 525 153 886 376 740 468 207 402 205 904 335 783 152 565 474 448 412 717 569 534 713 390 323 602 160
115 691 352 354 711 644 443 220 856 501 388 72 89 286 533 405 563 718 788 786 711 198 353 816 452 589 24 92 547 571 642 243 0 527 430 201 932 720 542 792 675 883 39 904 755 661 249 469 538 204 147 156 741 389 362 806 616 819 508 249 413 63 663 455 887 93 447 554 288 362 728 677 348 671 628 392 797 326
482 174 753 882 524 1145 626 493 1220 572 279 563 613 612 535 178 843 1013 1311 381 288 393 754 1334 652 341 550 515 793 514 647 505 527 0 956 587 790 911 968 1063 1202 374 491 1243 977 364 451 264 251 342 443 454 1234 917 641 435 732 309 967 309 888 470 910 228 397 490 975 979 374 188 1212 1073 863 1183 600 185 520 365
504 1122 445 79 1069 343 694 562 764 797 797 396 348 482 812 831 671 677 361 1200 1131 604 389 432 634 985 406 466 695 867 929 573 430 956 0 434 1241 789 388 830 253 1312 467 835 782 1060 611 857 931 630 547 544 379 48 585 1185 842 1249 382 673 312 490 696 871 1314 487 62 470 658 783 456 591 127 328 935 818 1175 716
311 762 531 381 883 730 645 418 1020 698 537 135 233 86 391 519 757 521 754 910 825 371 176 862 262 740 192 293 745 441 837 442 201 587 434 0 1118 520 387 981 686 961 224 1074 554 807 440 432 506 347 333 347 649 411 563 752 817 896 645 389 545 241 462 589 978 290 476 707 235 400 830 837 313 738 819 506 955 498
817 749 807 1165 267 1202 546 718 951 446 612 1004 960 1190 1276 685 650 1638 1572 506 562 747 1285 1420 1315 452 951 846 597 1273 312 698 932 790 1241 1118 0 1599 1472 708 1400 743 900 922 1650 430 683 1029 1036 780 787 776 1615 1192 655 1207 423 736 982 746 977 880 1565 600 680 839 1216 924 1028 876 1196 919 1225 1268 309 691 298 622
825 1066 1043 783 1344 1132 1162 932 1506 1204 989 656 747 434 388 933 1275 193 949 1289 1196 865 422 1189 283 1176 712 812 1265 431 1340 957 720 911 789 520 1599 0 436 1495 982 1252 739 1568 75 1231 946 652 696 822 840 856 735 796 1083 798 1333 1192 1116 853 1019 752 98 1017 1293 806 850 1191 574 752 1245 1323 672 1114 1315 923 1390 981
656 1142 756 410 1253 725 954 754 1148 1032 918 472 514 357 610 906 998 293 516 1298 1213 738 214 756 402 1121 521 626 1007 670 1173 774 542 968 388 387 1472 436 0 1188 548 1342 578 1217 411 1191 789 774 843 727 690 698 323 411 853 1046 1122 1277 759 770 674 600 338 974 1363 634 450 844 597 780 839 971 301 696 1164 894 1334 867
715 1139 451 783 735 622 438 629 243 503 784 847 749 1068 1317 886 234 1446 1059 1021 1014 736 1082 814 1242 815 794 712 273 1346 501 606 792 1063 830 981 708 1495 1188 0 874 1246 787 216 1516 863 648 1175 1224 802 723 705 1189 792 453 1479 363 1206 454 805 518 784 1423 843 1204 727 778 366 1050 1012 567 277 888 691 550 881 859 703
735 1364 595 321 1261 260 860 776 739 973 1024 648 589 729 1056 1068 775 838 184 1422 1359 835 618 208 868 1200 652 698 816 1112 1091 781 675 1202 253 686 1400 982 548 874 0 1551 711 814 960 1274 827 1111 1185 868 778 773 359 287 755 1438 982 1489 436 910 423 732 884 1100 1548 721 227 516 911 1034 356 601 373 199 1108 1055 1376 935
816 200 1041 1235 539 1462 843 794 1445 749 540 928 964 986 864 483 1060 1373 1672 242 232 717 1128 1665 1012 432 907 853 1001 828 754 797 883 374 1312 961 743 1252 1342 1246 1551 0 845 1450 1323 384 744 603 556 683 773 780 1606 1270 898 574 883 65 1263 641 1199 822 1264 462 68 830 1324 1256 746 562 1513 1326 1228 1508 703 495 449 637
86 654 356 391 675 671 422 194 862 474 349 105 121 306 531 366 555 745 826 747 672 160 385 847 466 550 63 75 535 565 613 218 39 491 467 224 900 739 578 787 711 845 0 907 777 622 217 447 515 165 112 123 780 426 348 784 594 782 525 210 432 24 686 416 848 66 483 566 275 331 751 686 387 700 597 353 759 289
847 1333 551 807 949 554 620 777 75 701 965 946 843 1158 1437 1064 399 1494 993 1230 1218 888 1146 706 1336 1018 900 835 453 1473 715 758 904 1243 835 1074 922 1568 1217 216 814 1450 907 0 1579 1070 806 1326 1381 953 864 846 1159 806 607 1643 574 1407 459 964 550 909 1487 1030 1411 855 775 377 1181 1170 467 246 919 617 762 1057 1073 877
863 1135 1065 783 1399 1125 1199 971 1516 1247 1043 688 774 470 461 991 1301 136 914 1353 1261 910 435 1168 337 1233 745 847 1295 505 1384 995 755 977 782 554 1650 75 411 1516 960 1323 777 1579 0 1290 988 721 767 871 881 896 693 794 1115 874 1371 1262 1124 904 1029 791 93 1074 1362 843 844 1202 632 813 1239 1333 671 1103 1362 981 1448 1030
561 327 711 980 173 1143 479 499 1069 374 273 725 722 862 878 299 688 1302 1419 163 156 464 983 1356 953 74 685 599 628 866 370 493 661 364 1060 807 430 1231 1191 863 1274 384 622 1070 1290 0 449 616 614 464 520 518 1401 1013 554 778 499 351 930 420 882 599 1212 219 341 581 1056 909 658 480 1178 963 1003 1197 319 309 160 344
134 578 304 531 469 718 229 51 776 258 203 321 285 519 690 278 415 962 970 595 536 91 602 923 666 374 268 164 377 711 396 54 249 451 611 440 683 946 789 648 827 744 217 806 988 449 0 526 577 154 107 94 962 564 199 837 392 686 523 158 455 199 899 281 731 156 607 529 418 364 772 622 563 765 379 268 566 109
485 413 787 794 761 1112 747 549 1289 731 441 471 556 423 271 348 941 770 1187 645 553 439 568 1273 411 578 485 505 903 250 837 570 469 264 857 432 1029 652 774 1175 1111 603 447 1326 721 616 526 0 74 373 462 480 1070 827 723 337 889 541 972 370 880 436 661 431 641 481 891 1008 199 168 1198 1121 743 1135 796 345 776 488
547 376 849 867 769 1183 791 604 1347 766 470 543 626 495 308 370 992 825 1261 624 533 493 640 1346 470 584 556 569 951 274 863 623 538 251 931 506 1036 696 843 1224 1185 556 515 1381 767 614 577 74 0 428 521 539 1143 900 776 269 926 497 1038 419 947 502 713 447 599 545 964 1071 273 212 1267 1182 817 1207 821 369 771 528
139 496 426 552 536 803 382 175 919 392 190 262 281 412 541 201 568 860 990 582 506 65 522 993 538 394 229 173 531 558 521 196 204 342 630 347 780 822 727 802 868 683 165 953 871 464 154 373 428 0 101 115 945 587 349 693 539 620 630 44 548 141 785 251 684 148 641 651 270 218 871 757 552 840 493 188 608 159
43 592 327 467 563 702 327 97 827 365 251 218 202 411 598 290 488 855 908 653 584 57 497 895 561 447 169 81 459 623 504 122 147 443 547 333 787 840 690 723 778 773 112 864 881 520 107 462 521 101 0 18 880 502 271 789 495 712 528 134 446 92 791 324 769 61 552 552 327 315 770 660 482 741 486 278 651 180
43 601 311 465 556 691 309 79 809 351 253 227 203 426 616 298 470 868 905 655 587 63 508 886 577 445 176 80 440 642 490 104 156 454 544 347 776 856 698 705 773 780 123 846 896 518 94 480 539 115 18 0 883 499 252 805 478 719 514 145 434 105 806 327 775 64 548 536 346 332 757 643 484 731 473 286 647 176
839 1408 824 450 1430 609 1070 917 1084 1169 1129 684 680 647 931 1142 1047 558 236 1528 1450 936 503 547 723 1328 717 803 1074 991 1304 931 741 1234 379 649 1615 735 323 1189 359 1606 780 1159 693 1401 962 1070 1143 945 880 883 0 426 961 1361 1221 1541 735 990 683 804 639 1197 1618 819 417 823 881 1048 713 930 399 555 1307 1129 1529 1059
458 1081 398 34 1021 338 646 515 737 749 752 361 306 466 795 788 627 695 406 1154 1086 559 386 451 626 938 366 421 650 849 880 525 389 917 48 411 1192 796 411 792 287 1270 426 806 794 1013 564 827 900 587 502 499 426 0 537 1158 794 1207 349 629 273 448 706 826 1270 442 65 436 628 747 449 561 124 333 887 775 1127 669
268 751 162 511 509 593 109 176 580 217 371 427 347 648 868 463 218 1068 920 715 674 284 697 809 814 485 371 273 188 895 343 153 362 641 585 563 655 1083 853 453 755 898 348 607 1115 554 199 723 776 349 271 252 961 537 0 1036 269 845 376 357 339 341 1023 444 874 283 561 358 599 563 624 434 579 650 354 455 629 277
816 466 1116 1125 948 1449 1042 867 1612 1002 703 806 893 723 442 600 1250 964 1501 732 655 757 861 1607 647 769 822 838 1206 384 1083 886 806 435 1185 752 1207 798 1046 1479 1438 574 784 1643 874 778 837 337 269 693 789 805 1361 1158 1036 0 1163 536 1308 679 1216 771 844 662 637 814 1222 1340 530 474 1535 1449 1066 1471 1035 602 918 776
508 787 398 771 376 779 172 401 581 160 460 685 613 900 1080 563 231 1331 1157 657 652 482 961 997 1056 454 628 524 174 1097 143 376 616 732 842 817 423 1333 1122 363 982 883 594 574 1371 499 392 889 926 539 495 478 1221 794 269 1163 0 845 559 526 560 581 1279 505 841 527 810 502 809 720 775 510 847 845 188 561 502 401
754 134 986 1172 515 1404 795 736 1399 705 483 864 901 921 805 421 1014 1310 1608 229 195 656 1063 1605 948 390 843 791 956 770 721 740 819 309 1249 896 736 1192 1277 1206 1489 65 782 1407 1262 351 686 541 497 620 712 719 1541 1207 845 536 845 0 1207 579 1141 759 1202 405 104 767 1261 1203 681 497 1457 1276 1163 1448 669 433 437 580
495 1101 221 348 879 221 466 476 392 582 724 531 430 724 1029 800 341 1035 619 1090 1045 574 693 441 900 860 497 469 387 1072 682 468 508 967 382 645 982 1116 759 454 436 1263 525 459 1124 930 523 972 1038 630 528 514 735 349 376 1308 559 1207 0 658 99 536 1032 802 1244 494 326 88 797 841 249 212 460 286 707 789 1002 627
176 457 448 595 498 837 376 190 933 373 147 307 324 451 558 158 573 898 1033 537 461 84 564 1030 570 351 274 212 532 571 496 207 249 309 673 389 746 853 770 805 910 641 210 964 904 420 158 370 419 44 134 145 990 629 357 679 526 579 658 0 579 186 819 207 640 188 682 674 291 206 902 775 597 876 466 145 565 131
410 1030 176 265 848 263 440 405 487 555 659 433 332 624 929 727 364 945 597 1039 987 495 597 474 801 810 400 381 398 973 669 402 413 888 312 545 977 1019 674 518 423 1199 432 550 1029 882 455 880 947 548 446 434 683 273 339 1216 560 1141 99 579 0 445 937 737 1184 406 265 172 700 754 323 303 373 314 687 715 967 562
74 632 359 413 653 687 410 180 866 457 325 128 142 320 532 342 551 762 849 723 648 137 405 867 476 527 87 73 529 564 596 205 63 470 490 241 880 752 600 784 732 822 24 909 791 599 199 436 502 141 92 105 804 448 341 771 581 759 536 186 445 0 701 392 825 57 504 573 271 313 766 692 411 718 578 329 736 267
773 1072 971 694 1316 1040 1107 880 1424 1157 961 595 680 380 413 913 1207 119 851 1282 1191 822 342 1092 260 1154 652 755 1201 464 1295 904 663 910 696 462 1565 98 338 1423 884 1264 686 1487 93 1212 899 661 713 785 791 806 639 706 1023 844 1279 1202 1032 819 937 701 0 995 1300 752 758 1110 555 740 1153 1241 582 1020 1274 903 1370 943
367 306 580 792 334 1000 410 332 1014 346 78 514 525 642 677 85 631 1083 1232 331 259 266 765 1204 737 159 479 405 577 673 421 335 455 228 871 589 600 1017 974 843 1100 462 416 1030 1074 219 281 431 447 251 324 327 1197 826 444 662 505 405 802 207 737 392 995 0 450 384 876 799 442 276 1051 878 802 1047 375 93 374 175
812 228 1022 1235 486 1448 812 782 1409 713 527 936 965 1008 907 482 1027 1407 1674 187 199 712 1149 1654 1045 396 911 850 967 873 708 783 887 397 1314 978 680 1293 1363 1204 1548 68 848 1411 1362 341 731 641 599 684 769 775 1618 1270 874 637 841 104 1244 640 1184 825 1300 450 0 827 1322 1233 771 583 1494 1297 1234 1496 657 495 389 622
22 645 307 408 621 657 355 128 813 409 312 165 141 373 589 346 494 810 848 714 643 118 447 844 532 508 112 25 471 620 549 152 93 490 487 290 839 806 634 727 721 830 66 855 843 581 156 481 545 148 61 64 819 442 283 814 527 767 494 188 406 57 752 384 827 0 494 526 326 348 729 641 421 692 534 334 711 240
509 1137 412 96 1056 282 670 557 704 777 800 423 361 531 860 841 629 740 363 1201 1135 610 446 386 688 982 425 472 658 914 904 565 447 975 62 476 1216 850 450 778 227 1324 483 775 844 1056 607 891 964 641 552 548 417 65 561 1222 810 1261 326 682 265 504 758 876 1322 494 0 415 692 807 394 533 182 271 914 828 1165 714
524 1103 226 433 842 281 433 486 315 547 723 586 482 789 1084 807 275 1117 700 1071 1033 591 769 497 966 842 546 502 328 1124 633 474 554 979 470 707 924 1191 844 366 516 1256 566 377 1202 909 529 1008 1071 651 552 536 823 436 358 1340 502 1203 88 674 172 573 1110 799 1233 526 415 0 841 868 275 131 543 350 663 797 968 626
336 547 631 596 770 922 648 424 1137 662 416 277 370 240 272 359 815 648 989 731 641 327 385 1076 295 601 300 345 787 295 788 448 288 374 658 235 1028 574 597 1050 911 746 275 1181 632 658 418 199 273 270 327 346 881 628 599 530 809 681 797 291 700 271 555 442 771 326 692 841 0 190 1012 962 543 941 757 349 816 422
346 362 643 712 610 1001 580 393 1137 562 275 387 451 425 401 190 780 837 1133 542 451 282 566 1178 480 432 383 373 739 398 669 412 362 188 783 400 876 752 780 1012 1034 562 331 1170 813 480 364 168 212 218 315 332 1048 747 563 474 720 497 841 206 754 313 740 276 583 348 807 868 190 0 1077 975 683 1032 631 184 641 320
734 1349 471 467 1117 113 707 724 392 821 974 736 642 899 1221 1047 545 1131 528 1339 1295 818 834 246 1068 1109 713 704 601 1270 908 717 728 1212 456 830 1196 1245 839 567 356 1513 751 467 1239 1178 772 1198 1267 871 770 757 713 449 624 1535 775 1457 249 902 323 766 1153 1051 1494 729 394 275 1012 1077 0 293 573 158 939 1036 1242 876
636 1185 333 560 875 345 485 584 184 590 806 713 610 919 1210 896 282 1247 785 1127 1098 693 901 538 1097 901 671 619 343 1249 650 569 677 1073 591 837 919 1323 971 277 601 1326 686 246 1333 963 622 1121 1182 757 660 643 930 561 434 1449 510 1276 212 775 303 692 1241 878 1297 641 533 131 962 975 293 0 672 415 688 888 1002 711
441 1033 464 113 1032 462 686 518 852 779 732 299 281 356 685 752 703 576 449 1133 1059 539 263 559 507 929 323 404 718 740 916 534 348 863 127 313 1225 672 301 888 373 1228 387 919 671 1003 563 743 817 552 482 484 399 124 579 1066 847 1163 460 597 373 411 582 802 1234 421 182 543 543 683 573 672 0 453 916 739 1129 660
701 1333 488 358 1159 70 747 714 541 863 968 664 582 799 1127 1030 624 990 376 1353 1300 795 716 159 959 1125 652 667 672 1179 967 713 671 1183 328 738 1268 1114 696 691 199 1508 700 617 1103 1197 765 1135 1207 840 741 731 555 333 650 1471 845 1448 286 876 314 718 1020 1047 1496 692 271 350 941 1032 158 415 453 0 991 1018 1280 874
512 626 512 859 188 928 247 410 769 138 355 700 652 895 1019 450 406 1341 1274 471 474 451 982 1148 1032 285 646 540 345 1026 51 390 628 600 935 819 309 1315 1164 550 1108 703 597 762 1362 319 379 796 821 493 486 473 1307 887 354 1035 188 669 707 466 687 578 1274 375 657 534 914 663 757 631 939 688 916 991 0 452 315 335
320 314 572 740 427 976 443 313 1034 400 101 444 469 555 585 13 658 992 1178 404 322 223 682 1173 644 252 416 357 609 583 494 323 392 185 818 506 691 923 894 881 1055 495 353 1057 981 309 268 345 369 188 278 286 1129 775 455 602 561 433 789 145 715 329 903 93 495 334 828 797 349 184 1036 888 739 1018 452 0 467 180
690 454 792 1095 127 1221 536 613 1084 421 418 864 849 1014 1038 457 720 1457 1529 208 265 598 1130 1439 1111 216 819 726 659 1026 359 602 797 520 1175 955 298 1390 1334 859 1376 449 759 1073 1448 160 566 776 771 608 651 647 1529 1127 629 918 502 437 1002 565 967 736 1370 374 389 711 1165 968 816 641 1242 1002 1129 1280 315 467 0 471
219 477 406 636 385 826 266 160 854 244 97 395 379 568 689 187 478 1016 1076 487 427 129 670 1032 697 270 349 256 430 700 365 160 326 365 716 498 622 981 867 703 935 637 289 877 1030 344 109 488 528 159 180 176 1059 669 277 776 401 580 627 131 562 267 943 175 622 240 714 626 422 320 876 711 660 874 335 180 471 0
