0 1376 630 385 1193 368 1671 1369 1219 998 301 1649 1530 1274 1516 190
1376 0 1849 1255 524 1019 833 2664 306 1642 1092 2455 1866 138 247 1193
630 1849 0 594 1777 950 1894 815 1761 706 899 2048 2098 1725 1929 795
385 1255 594 0 1229 465 1370 1410 1184 657 450 2031 1854 1131 1338 396
1193 524 1777 1229 0 833 1324 2560 220 1777 894 1968 1345 564 771 1004
368 1019 950 465 833 0 1419 1727 851 1112 73 1726 1429 926 1177 178
1671 833 1894 1370 1324 1419 0 2667 1107 1391 1482 3099 2615 761 618 1542
1369 2664 815 1410 2560 1727 2667 0 2563 1327 1666 2316 2610 2541 2744 1556
1219 306 1761 1184 220 851 1107 2563 0 1676 920 2159 1559 345 553 1029
998 1642 706 657 1777 1112 1391 1327 1676 0 1106 2628 2509 1504 1630 1052
301 1092 899 450 894 73 1482 1666 920 1106 0 1681 1416 999 1250 110
1649 2455 2048 2031 1968 1726 3099 2316 2159 2628 1681 0 789 2435 2689 1670
1530 1866 2098 1854 1345 1429 2615 2610 1559 2509 1416 789 0 1882 2112 1458
1274 138 1725 1131 564 926 761 2541 345 1504 999 2435 1882 0 260 1096
1516 247 1929 1338 771 1177 618 2744 553 1630 1250 2689 2112 260 0 1343
190 1193 795 396 1004 178 1542 1556 1029 1052 110 1670 1458 1096 1343 0
