0 178 829 1445 406 614 43 164 1679 1043 559 86 953 145 1168 551 869
178 0 702 1577 442 554 134 60 1719 912 650 140 860 135 1267 608 812
829 702 0 1729 1133 350 798 760 2376 1205 857 744 1304 686 1969 731 1353
1445 1577 1729 0 1756 1393 1478 1595 2769 2486 949 1439 2392 1445 2075 1043 2280
406 442 1133 1756 0 991 406 382 1281 846 946 476 669 523 844 953 526
614 554 350 1393 991 0 596 613 2272 1312 507 529 1342 474 1782 381 1337
43 134 798 1478 406 596 0 123 1685 1008 579 70 927 122 1189 562 850
164 60 760 1595 382 613 123 0 1660 890 682 158 822 173 1209 648 764
1679 1719 2376 2769 1281 2272 1685 1660 0 1486 2167 1756 1234 1804 706 2204 1083
1043 912 1205 2486 846 1312 1008 890 1486 0 1561 1047 268 1047 1441 1505 468
559 650 857 949 946 507 579 682 2167 1561 0 524 1504 515 1566 128 1429
86 140 744 1439 476 529 70 158 1756 1047 524 0 979 58 1254 498 912
953 860 1304 2392 669 1342 927 822 1234 268 1504 979 0 994 1178 1468 205
145 135 686 1445 523 474 122 173 1804 1047 515 58 994 0 1311 475 937
1168 1267 1969 2075 844 1782 1189 1209 706 1441 1566 1254 1178 1311 0 1628 973
551 608 731 1043 953 381 562 648 2204 1505 128 498 1468 475 1628 0 1410
869 812 1353 2280 526 1337 850 764 1083 468 1429 912 205 937 973 1410 0
