0 176 468 334 27 89 652 481 812 584 751 800 294 294 504 575 702 92 397 343 187 796 215 448 828 181 96 257 411 59 699 538 408 524 301 862 158 703 733 174 681 330 810 819 757 499 294 854 715 534 633 450 223 318 703 187 306 767 845 583 401 61 192 43 326 644 719 440 709 355 843 683 235 608 568 770 405 352
176 0 641 414 202 210 497 375 855 537 585 879 345 434 413 401 592 260 318 495 338 792 181 472 903 281 188 143 516 202 746 669 435 359 303 789 260 593 822 227 789 501 749 903 747 376 162 973 600 510 758 453 53 432 580 52 438 728 704 694 410 138 254 156 418 712 879 266 680 442 667 800 240 439 742 742 267 176
468 641 0 434 440 441 1115 834 970 816 1179 662 603 276 830 1042 1027 380 733 360 395 888 586 732 700 497 470 716 372 440 870 511 566 959 570 1097 496 1029 786 557 686 244 1164 866 1033 875 716 571 1049 869 386 635 690 347 1051 638 436 1090 1294 413 724 504 551 500 405 590 292 906 875 562 1303 450 549 1076 105 920 813 813
334 414 434 0 320 246 900 426 1129 381 804 469 624 164 410 759 600 278 329 565 456 501 256 779 496 501 248 550 115 275 1016 775 132 608 169 665 482 601 1017 509 944 481 1140 1104 1091 477 388 565 623 869 361 201 464 87 629 378 576 1101 1115 285 736 309 524 376 29 310 555 642 454 664 979 393 192 820 533 507 450 534
27 202 440 320 0 79 680 494 818 587 774 782 304 270 515 603 714 65 407 328 176 791 225 459 811 185 95 284 391 48 705 527 401 547 300 868 164 715 731 189 675 307 830 817 771 515 313 830 728 551 609 446 251 297 717 211 298 785 872 562 415 78 204 67 309 629 691 467 708 357 869 660 237 635 540 768 424 378
89 210 441 246 79 0 706 437 898 512 744 713 382 225 451 606 654 76 344 392 248 712 165 537 741 265 29 324 327 31 784 597 321 520 224 796 243 655 809 263 750 352 896 895 846 464 279 776 669 623 557 367 263 235 661 198 372 855 908 502 490 74 280 130 238 556 668 473 630 436 862 604 163 648 545 690 383 374
652 497 1115 900 680 706 0 654 887 879 510 1347 598 932 709 209 778 744 676 870 744 1165 645 595 1365 645 685 399 1009 694 815 964 887 432 757 1028 637 778 982 574 1005 926 512 1037 663 608 528 1464 767 497 1253 878 444 928 729 524 784 568 223 1185 541 632 590 616 908 1175 1371 267 1027 706 371 1292 710 125 1210 1083 530 372
481 375 834 426 494 437 654 0 1229 225 387 756 720 561 54 457 221 513 100 823 668 511 271 845 765 642 409 489 536 457 1121 1018 331 240 265 420 619 222 1195 598 1155 789 1061 1277 1102 58 214 935 234 866 765 284 382 504 224 327 786 1064 876 676 782 419 625 491 452 591 982 399 372 812 598 779 288 539 938 428 133 322
812 855 970 1129 818 898 887 1229 0 1383 1324 1560 521 1022 1269 1012 1439 851 1172 618 676 1609 1008 383 1594 632 909 745 1171 866 113 474 1219 1138 1111 1644 654 1440 234 647 337 736 481 216 252 1221 1015 1532 1444 401 1323 1262 847 1082 1418 905 568 376 890 1311 447 861 625 779 1113 1427 1251 931 1517 465 1254 1385 1043 965 1000 1579 1109 941
584 537 816 381 587 512 879 225 1383 0 569 569 862 544 171 682 256 581 223 900 760 286 375 1003 570 763 492 671 460 541 1272 1108 249 463 288 288 740 257 1318 736 1262 838 1265 1403 1284 277 395 778 283 1047 644 180 560 469 306 485 884 1258 1101 552 945 527 760 609 411 419 897 620 149 938 804 641 350 764 913 210 350 532
751 585 1179 804 774 744 510 387 1324 569 0 1133 888 919 423 321 355 816 476 1081 924 828 592 965 1138 860 714 617 917 754 1231 1246 718 226 636 592 840 355 1357 795 1345 1081 1016 1428 1134 330 465 1322 333 924 1152 671 555 873 294 563 1019 1057 688 1063 898 696 821 741 827 973 1358 395 685 1000 254 1166 636 391 1284 724 366 422
800 879 662 469 782 713 1347 756 1560 569 1133 0 1079 539 712 1181 819 730 692 952 887 401 706 1234 38 953 718 1019 394 740 1449 1146 460 989 590 723 937 820 1413 971 1324 841 1609 1498 1550 815 818 248 846 1334 283 479 927 487 873 838 992 1567 1567 254 1196 778 984 843 474 171 538 1080 497 1099 1354 225 642 1252 708 497 841 974
294 345 603 624 304 382 598 720 521 862 888 1079 0 546 755 621 937 349 655 284 212 1089 487 155 1110 125 390 271 685 351 409 372 702 675 590 1128 142 938 479 126 457 370 564 559 470 720 507 1099 945 270 878 742 350 592 924 392 193 500 730 845 123 340 103 259 611 931 892 502 995 114 898 935 522 612 677 1057 610 470
294 434 276 164 270 225 932 561 1022 544 919 539 546 0 554 822 751 207 460 426 348 654 330 699 572 420 246 547 151 242 910 632 296 706 295 829 406 752 887 449 806 329 1095 973 1016 605 467 561 773 809 339 364 488 78 775 415 455 1043 1134 299 667 300 457 337 134 408 450 693 617 560 1066 392 282 870 379 668 553 589
504 413 830 410 515 451 709 54 1269 171 423 712 755 554 0 511 203 528 107 842 691 457 290 885 719 672 425 534 515 475 1160 1042 303 292 259 376 648 204 1227 632 1183 801 1113 1310 1148 107 255 899 221 912 736 249 425 492 221 364 811 1113 931 646 823 443 658 519 437 549 963 453 317 844 643 746 294 593 933 374 186 373
575 401 1042 759 603 606 209 457 1012 682 321 1181 621 822 511 0 568 661 493 858 712 968 505 669 1196 627 580 362 873 602 924 993 723 225 601 819 612 568 1066 556 1068 889 698 1132 814 407 371 1322 557 610 1121 704 352 803 520 408 783 736 423 1044 605 538 578 549 773 1010 1272 135 828 735 278 1152 567 85 1143 882 343 232
702 592 1027 600 714 654 778 221 1439 256 355 819 937 751 203 568 0 730 309 1043 889 479 490 1057 817 863 627 695 695 676 1333 1240 478 348 459 251 840 1 1414 818 1376 1004 1234 1496 1298 218 430 1034 27 1065 897 414 592 685 60 546 1007 1249 988 805 992 640 844 713 628 675 1141 557 339 1032 608 896 497 653 1130 372 330 507
92 260 380 278 65 76 744 513 851 581 816 730 349 207 528 661 730 0 420 319 184 766 242 505 760 224 105 349 336 62 738 526 375 591 292 867 207 731 748 243 684 275 889 835 820 541 351 769 746 606 547 427 310 243 738 260 308 839 937 503 466 124 254 132 263 582 626 526 693 386 924 599 236 697 483 752 458 432
397 318 733 329 407 344 676 100 1172 223 476 692 655 460 107 493 309 420 0 735 583 498 182 790 704 567 318 449 441 367 1062 935 245 298 165 473 543 310 1123 530 1077 695 1043 1207 1063 147 171 855 326 826 676 212 338 404 321 267 704 1035 899 589 729 336 556 413 354 522 885 410 371 741 669 694 190 570 838 432 150 315
343 495 360 565 328 392 870 823 618 900 1081 952 284 426 842 858 1043 319 735 0 158 1067 552 383 988 231 417 496 577 367 513 210 682 855 611 1186 246 1044 461 303 380 118 819 547 674 843 635 914 1057 528 706 740 527 498 1046 522 90 738 1014 700 390 404 283 342 542 834 651 727 1006 210 1137 769 555 866 413 1063 747 663
187 338 395 456 176 248 744 668 676 760 924 887 212 348 691 712 889 184 583 158 0 949 401 357 920 103 269 354 496 220 564 351 559 697 472 1044 107 890 564 170 502 182 777 651 672 686 477 890 903 483 671 611 373 406 890 364 124 712 908 645 336 249 158 184 438 750 681 578 876 211 989 730 411 727 477 935 589 508
796 792 888 501 791 712 1165 511 1609 286 828 401 1089 654 457 968 479 766 498 1067 949 0 614 1239 385 976 700 933 519 743 1496 1277 391 748 500 327 955 479 1514 965 1445 981 1536 1601 1535 562 667 647 504 1300 596 347 823 575 539 740 1072 1520 1388 515 1185 749 985 830 526 327 874 904 144 1148 1074 564 568 1051 967 109 635 813
215 181 586 256 225 165 645 271 1008 375 592 706 487 330 290 505 490 242 182 552 401 614 0 630 728 389 137 325 368 186 896 752 255 376 122 648 366 491 946 360 896 518 930 1030 920 299 138 821 505 686 616 271 223 299 496 134 522 908 863 542 573 155 384 235 268 537 779 385 510 564 737 649 64 564 692 572 227 277
448 472 732 779 459 537 595 845 383 1003 965 1234 155 699 885 669 1057 505 790 383 357 1239 630 0 1265 280 543 364 840 506 276 390 855 766 739 1261 297 1058 396 275 410 490 435 464 316 838 631 1248 1062 147 1028 892 464 747 1038 522 297 358 682 999 66 490 256 410 767 1087 1024 569 1140 173 934 1086 670 641 796 1203 726 564
828 903 700 496 811 741 1365 765 1594 570 1138 38 1110 572 719 1196 817 760 704 988 920 385 728 1265 0 984 744 1043 425 769 1483 1183 478 1000 609 710 967 818 1449 1001 1360 878 1636 1534 1580 823 836 274 845 1363 321 492 949 518 872 860 1026 1596 1586 291 1226 805 1014 871 502 190 575 1098 489 1132 1362 263 664 1268 746 485 854 992
181 281 497 501 185 265 645 642 632 763 860 953 125 420 672 627 863 224 567 231 103 976 389 280 984 0 277 264 559 233 519 387 587 637 482 1038 23 864 556 72 512 283 683 641 596 651 437 975 874 391 754 631 305 466 857 319 159 624 804 720 247 235 55 154 488 807 781 496 890 175 906 810 415 635 581 951 546 439
96 188 470 248 95 29 685 409 909 492 714 718 390 246 425 580 627 105 318 417 269 700 137 543 744 277 0 309 337 50 795 620 312 491 206 774 254 628 826 268 770 381 891 912 849 435 249 790 642 623 573 354 241 248 633 172 393 854 890 514 494 60 287 132 244 558 693 448 614 451 834 618 142 624 574 674 353 347
257 143 716 550 284 324 399 489 745 671 617 1019 271 547 534 362 695 349 449 496 354 933 325 364 1043 264 309 0 646 305 641 635 579 406 447 909 250 695 744 193 728 535 605 820 614 477 279 1100 698 377 882 596 110 558 673 192 420 588 588 823 298 249 215 218 551 853 976 234 817 383 641 927 383 372 811 879 364 201
411 516 372 115 391 327 1009 536 1171 460 917 394 685 151 515 873 695 336 441 577 496 519 368 840 425 559 337 646 0 352 1059 782 216 723 284 731 543 696 1038 579 956 477 1221 1124 1156 588 502 456 720 942 247 282 568 93 730 485 605 1175 1221 177 803 398 590 454 100 257 448 753 503 707 1094 283 306 932 460 548 565 646
59 202 440 275 48 31 694 457 866 541 754 740 351 242 475 602 676 62 367 367 220 743 186 506 769 233 50 305 352 0 753 570 353 528 253 824 212 677 779 233 721 334 869 865 816 482 289 798 691 594 578 398 254 259 682 198 343 827 892 526 460 64 250 102 266 585 677 468 660 405 863 626 191 641 543 721 396 372
699 746 870 1016 705 784 815 1121 113 1272 1231 1449 409 910 1160 924 1333 738 1062 513 564 1496 896 276 1483 519 795 641 1059 753 0 390 1106 1039 998 1535 541 1334 202 535 284 632 465 229 241 1115 906 1427 1338 319 1216 1149 740 970 1314 796 458 358 843 1202 342 749 512 667 1000 1315 1155 836 1405 353 1176 1278 931 884 906 1466 1003 839
538 669 511 775 527 597 964 1018 474 1108 1246 1146 372 632 1042 993 1240 526 935 210 351 1277 752 390 1183 387 620 635 782 570 390 0 892 1024 819 1393 409 1241 274 450 177 306 792 355 602 1033 821 1082 1253 532 886 950 692 706 1238 704 233 695 1071 892 429 599 424 528 751 1037 782 869 1216 259 1270 950 761 985 528 1274 932 823
408 435 566 132 401 321 887 331 1219 249 718 460 702 296 303 723 478 375 245 682 559 391 255 855 478 587 312 579 216 353 1106 892 0 543 133 532 565 480 1123 580 1057 606 1183 1210 1158 387 358 610 503 928 434 68 478 220 514 389 682 1155 1108 345 805 365 599 444 162 289 663 620 326 757 914 449 195 792 663 381 388 514
524 359 959 608 547 520 432 240 1138 463 226 989 675 706 292 225 348 591 298 855 697 748 376 766 1000 637 491 406 723 528 1039 1024 543 0 439 597 616 349 1150 574 1132 854 890 1225 972 185 242 1153 341 746 966 510 332 669 306 336 795 912 649 883 699 470 601 514 627 821 1153 216 605 784 372 989 426 310 1064 658 158 204
301 303 570 169 300 224 757 265 1111 288 636 590 590 295 259 601 459 292 165 611 472 500 122 739 609 482 206 447 284 253 998 819 133 439 0 575 459 461 1032 465 974 554 1052 1118 1036 312 231 721 480 803 527 153 345 239 480 256 596 1028 977 445 685 249 486 331 190 419 722 492 408 656 811 553 68 667 674 469 281 385
862 789 1097 665 868 796 1028 420 1644 288 592 723 1128 829 376 819 251 867 473 1186 1044 327 648 1261 710 1038 774 909 731 824 1535 1393 532 597 575 0 1014 251 1594 1004 1544 1127 1474 1679 1522 442 631 964 266 1286 878 464 801 752 305 738 1167 1481 1239 788 1199 803 1029 883 694 618 1147 799 240 1212 847 859 632 904 1190 226 550 737
158 260 496 482 164 243 637 619 654 740 840 937 142 406 648 612 840 207 543 246 107 955 366 297 967 23 254 250 543 212 541 409 565 616 459 1014 0 841 580 62 535 289 692 664 612 628 414 963 851 403 742 609 285 449 834 297 179 636 801 705 260 212 55 131 469 789 777 480 867 198 890 797 392 623 582 928 524 419
703 593 1029 601 715 655 778 222 1440 257 355 820 938 752 204 568 1 731 310 1044 890 479 491 1058 818 864 628 695 696 677 1334 1241 480 349 461 251 841 0 1415 819 1377 1005 1235 1497 1299 219 431 1035 26 1066 898 415 593 686 60 547 1008 1249 988 806 993 641 845 714 629 676 1142 558 340 1033 608 897 499 654 1131 372 331 508
733 822 786 1017 731 809 982 1195 234 1318 1357 1413 479 887 1227 1066 1414 748 1123 461 564 1514 946 396 1449 556 826 744 1038 779 202 274 1123 1150 1032 1594 580 1415 0 596 108 571 667 86 442 1198 984 1357 1423 489 1158 1175 829 956 1403 867 441 560 1032 1160 460 791 569 711 996 1295 1054 962 1439 382 1330 1222 968 1036 800 1499 1089 945
174 227 557 509 189 263 574 598 647 736 795 971 126 449 632 556 818 243 530 303 170 965 360 275 1001 72 268 193 579 233 535 450 580 574 465 1004 62 819 596 0 562 352 645 678 582 603 388 1010 827 362 788 617 242 485 808 271 227 596 739 747 227 215 26 135 499 818 835 426 869 215 834 842 397 563 644 931 494 373
681 789 686 944 675 750 1005 1155 337 1262 1345 1324 457 806 1183 1068 1376 684 1077 380 502 1445 896 410 1360 512 770 728 956 721 284 177 1057 1132 974 1544 535 1377 108 562 0 483 739 179 523 1163 948 1258 1386 526 1063 1112 803 878 1369 831 377 634 1077 1069 467 741 535 664 921 1213 949 956 1377 348 1340 1128 912 1047 695 1436 1057 927
330 501 244 481 307 352 926 789 736 838 1081 841 370 329 801 889 1004 275 695 118 182 981 518 490 878 283 381 535 477 334 632 306 606 854 554 1127 289 1005 571 352 483 0 924 656 789 816 621 795 1021 630 589 669 542 406 1014 517 192 847 1087 588 487 385 338 344 455 731 536 754 932 318 1163 652 507 907 308 987 730 676
810 749 1164 1140 830 896 512 1061 481 1265 1016 1609 564 1095 1113 698 1234 889 1043 819 777 1536 930 435 1636 683 891 605 1221 869 465 792 1183 890 1052 1474 692 1235 667 645 739 924 0 685 229 1032 871 1656 1230 294 1434 1202 712 1128 1196 798 733 107 436 1392 441 831 639 767 1135 1449 1455 677 1414 608 876 1488 987 625 1231 1475 928 739
819 903 866 1104 817 895 1037 1277 216 1403 1428 1498 559 973 1310 1132 1496 835 1207 547 651 1601 1030 464 1534 641 912 820 1124 865 229 355 1210 1225 1118 1679 664 1497 86 678 179 656 685 0 456 1279 1065 1437 1504 540 1241 1262 908 1043 1483 949 528 578 1072 1244 530 876 652 795 1082 1382 1129 1033 1525 466 1392 1305 1054 1098 875 1585 1169 1021
757 747 1033 1091 771 846 663 1102 252 1284 1134 1550 470 1016 1148 814 1298 820 1063 674 672 1535 920 316 1580 596 849 614 1156 816 241 602 1158 972 1036 1522 612 1299 442 582 523 789 229 456 0 1084 894 1563 1298 236 1344 1189 724 1062 1268 799 597 123 642 1315 355 793 567 717 1080 1400 1324 756 1427 472 1034 1402 968 756 1085 1489 973 790
499 376 875 477 515 464 608 58 1221 277 330 815 720 605 107 407 218 541 147 843 686 562 299 838 823 651 435 477 588 482 1115 1033 387 185 312 442 628 219 1198 603 1163 816 1032 1279 1084 0 215 993 224 849 821 343 374 552 205 332 800 1039 829 733 774 438 629 505 502 650 1033 361 421 818 539 836 326 490 980 475 112 295
294 162 716 388 313 279 528 214 1015 395 465 818 507 467 255 371 430 351 171 635 477 667 138 631 836 437 249 279 502 289 906 821 358 242 231 631 414 431 984 388 948 621 871 1065 894 215 0 950 439 657 750 352 169 437 420 117 588 863 750 672 568 235 414 294 403 647 917 262 543 603 599 780 196 436 821 604 111 156
854 973 571 565 830 776 1464 935 1532 778 1322 248 1099 561 899 1322 1034 769 855 914 890 647 821 1248 274 975 790 1100 456 798 1427 1082 610 1153 721 964 963 1035 1357 1010 1258 795 1656 1437 1563 993 950 0 1061 1367 221 650 1024 542 1083 941 973 1599 1677 279 1222 850 1016 897 556 359 355 1206 731 1093 1525 173 757 1384 581 738 996 1099
715 600 1049 623 728 669 767 234 1444 283 333 846 945 773 221 557 27 746 326 1057 903 504 505 1062 845 874 642 698 720 691 1338 1253 503 341 480 266 851 26 1423 827 1386 1021 1230 1504 1298 224 439 1061 0 1066 923 439 598 707 39 556 1020 1247 975 831 997 654 853 725 651 702 1166 553 365 1042 587 923 515 642 1151 397 336 508
534 510 869 869 551 623 497 866 401 1047 924 1334 270 809 912 610 1065 606 826 528 483 1300 686 147 1363 391 623 377 942 594 319 532 928 746 803 1286 403 1066 489 362 526 630 294 540 236 849 657 1367 1066 0 1145 956 488 848 1038 562 440 233 550 1108 146 564 352 492 861 1179 1160 535 1191 318 857 1201 735 565 938 1253 738 558
633 758 386 361 609 557 1253 765 1323 644 1152 283 878 339 736 1121 897 547 676 706 671 596 616 1028 321 754 573 882 247 578 1216 886 434 966 527 878 742 898 1158 788 1063 589 1434 1241 1344 821 750 221 923 1145 0 488 810 325 940 729 759 1378 1463 92 1001 632 795 676 348 269 277 1000 638 876 1338 64 553 1179 425 663 808 893
450 453 635 201 446 367 878 284 1262 180 671 479 742 364 249 704 414 427 212 740 611 347 271 892 492 631 354 596 282 398 1149 950 68 510 153 464 609 415 1175 617 1112 669 1202 1262 1189 343 352 650 439 956 488 0 490 289 453 403 735 1180 1101 397 839 402 638 483 230 310 726 610 266 804 879 496 221 777 732 324 361 507
223 53 690 464 251 263 444 382 847 560 555 927 350 488 425 352 592 310 338 527 373 823 223 464 949 305 241 110 568 254 740 692 478 332 345 801 285 593 829 242 803 542 712 908 724 374 169 1024 598 488 810 490 0 485 575 88 464 698 652 745 400 190 269 198 469 759 931 216 706 455 622 851 285 386 791 768 262 135
318 432 347 87 297 235 928 504 1082 469 873 487 592 78 492 803 685 243 404 498 406 575 299 747 518 466 248 558 93 259 970 706 220 669 239 752 449 686 956 485 878 406 1128 1043 1062 552 437 542 707 848 325 289 485 0 712 404 519 1082 1137 266 709 308 497 361 58 344 484 678 538 617 1035 369 242 857 446 589 512 572
703 580 1051 629 717 661 729 224 1418 306 294 873 924 775 221 520 60 738 321 1046 890 539 496 1038 872 857 633 673 730 682 1314 1238 514 306 480 305 834 60 1403 808 1369 1014 1196 1483 1268 205 420 1083 39 1038 940 453 575 712 0 538 1005 1215 936 848 972 641 834 710 657 725 1177 520 398 1023 548 942 511 604 1154 433 314 480
187 52 638 378 211 198 524 327 905 485 563 838 392 415 364 408 546 260 267 522 364 740 134 522 860 319 172 192 485 198 796 704 389 336 256 738 297 547 867 271 831 517 798 949 799 332 117 941 556 562 729 403 88 404 538 0 472 779 736 661 461 136 297 180 385 670 864 277 628 486 664 768 196 454 742 690 227 175
306 438 436 576 298 372 784 786 568 884 1019 992 193 455 811 783 1007 308 704 90 124 1072 522 297 1026 159 393 420 605 343 458 233 682 795 596 1167 179 1008 441 227 377 192 733 528 597 800 588 973 1020 440 759 735 464 519 1005 472 0 655 924 743 300 367 204 295 556 862 728 654 1000 126 1061 820 535 786 498 1060 699 598
767 728 1090 1101 785 855 568 1064 376 1258 1057 1567 500 1043 1113 736 1249 839 1035 738 712 1520 908 358 1596 624 854 588 1175 827 358 695 1155 912 1028 1481 636 1249 560 596 634 847 107 578 123 1039 863 1599 1247 233 1378 1180 698 1082 1215 779 655 0 524 1342 377 795 586 725 1093 1411 1382 696 1405 529 938 1434 961 671 1152 1467 931 744
845 704 1294 1115 872 908 223 876 890 1101 688 1567 730 1134 931 423 988 937 899 1014 908 1388 863 682 1586 804 890 588 1221 892 843 1071 1108 649 977 1239 801 988 1032 739 1077 1087 436 1072 642 829 750 1677 975 550 1463 1101 652 1137 936 736 924 524 0 1398 643 833 749 805 1121 1396 1562 490 1249 826 487 1504 928 338 1384 1304 754 594
583 694 413 285 562 502 1185 676 1311 552 1063 254 845 299 646 1044 805 503 589 700 645 515 542 999 291 720 514 823 177 526 1202 892 345 883 445 788 705 806 1160 747 1069 588 1392 1244 1315 733 672 279 831 1108 92 397 745 266 848 661 743 1342 1398 0 966 574 756 627 276 191 360 927 549 855 1255 107 478 1106 471 577 725 819
401 410 724 736 415 490 541 782 447 945 898 1196 123 667 823 605 992 466 729 390 336 1185 573 66 1226 247 494 298 803 460 342 429 805 699 685 1199 260 993 460 227 467 487 441 530 355 774 568 1222 997 146 1001 839 400 709 972 461 300 377 643 966 0 439 212 361 725 1045 1014 503 1084 185 873 1057 617 580 795 1146 661 498
61 138 504 309 78 74 632 419 861 527 696 778 340 300 443 538 640 124 336 404 249 749 155 490 805 235 60 249 398 64 749 599 365 470 249 803 212 641 791 215 741 385 831 876 793 438 235 850 654 564 632 402 190 308 641 136 367 795 833 574 439 0 237 82 305 618 741 404 656 411 800 677 182 577 607 717 345 308
192 254 551 524 204 280 590 625 625 760 821 984 103 457 658 578 844 254 556 283 158 985 384 256 1014 55 287 215 590 250 512 424 599 601 486 1029 55 845 569 26 535 338 639 652 567 629 414 1016 853 352 795 638 269 497 834 297 204 586 749 756 212 237 0 155 513 833 832 449 892 188 857 849 418 583 636 954 521 399
43 156 500 376 67 130 616 491 779 609 741 843 259 337 519 549 713 132 413 342 184 830 235 410 871 154 132 218 454 102 667 528 444 514 331 883 131 714 711 135 664 344 767 795 717 505 294 897 725 492 676 483 198 361 710 180 295 725 805 627 361 82 155 0 369 687 757 413 738 329 820 726 264 577 598 799 405 332
326 418 405 29 309 238 908 452 1113 411 827 474 611 134 437 773 628 263 354 542 438 526 268 767 502 488 244 551 100 266 1000 751 162 627 190 694 469 629 996 499 921 455 1135 1082 1080 502 403 556 651 861 348 230 469 58 657 385 556 1093 1121 276 725 305 513 369 0 319 531 652 483 647 997 383 206 831 504 534 469 545
644 712 590 310 629 556 1175 591 1427 419 973 171 931 408 549 1010 675 582 522 834 750 327 537 1087 190 807 558 853 257 585 1315 1037 289 821 419 618 789 676 1295 818 1213 731 1449 1382 1400 650 647 359 702 1179 269 310 759 344 725 670 862 1411 1396 191 1045 618 833 687 319 0 546 909 379 962 1188 241 473 1081 657 398 671 803
719 879 292 555 691 668 1371 982 1251 897 1358 538 892 450 963 1272 1141 626 885 651 681 874 779 1024 575 781 693 976 448 677 1155 782 663 1153 722 1147 777 1142 1054 835 949 536 1455 1129 1324 1033 917 355 1166 1160 277 726 931 484 1177 864 728 1382 1562 360 1014 741 832 757 531 546 0 1141 908 854 1516 319 726 1317 254 938 997 1039
440 266 906 642 467 473 267 399 931 620 395 1080 502 693 453 135 557 526 410 727 578 904 385 569 1098 496 448 234 753 468 836 869 620 216 492 799 480 558 962 426 956 754 677 1033 756 361 262 1206 553 535 1000 610 216 678 520 277 654 696 490 927 503 404 449 413 652 909 1141 0 769 616 410 1035 449 178 1008 827 269 108
709 680 875 454 708 630 1027 372 1517 149 685 497 995 617 317 828 339 693 371 1006 876 144 510 1140 489 890 614 817 503 660 1405 1216 326 605 408 240 867 340 1439 869 1377 932 1414 1525 1427 421 543 731 365 1191 638 266 706 538 398 628 1000 1405 1249 549 1084 656 892 738 483 379 908 769 0 1064 930 619 474 911 964 62 500 682
355 442 562 664 357 436 706 812 465 938 1000 1099 114 560 844 735 1032 386 741 210 211 1148 564 173 1132 175 451 383 707 405 353 259 757 784 656 1212 198 1033 382 215 348 318 608 466 472 818 603 1093 1042 318 876 804 455 617 1023 486 126 529 826 855 185 411 188 329 647 962 854 616 1064 0 1012 937 590 726 623 1125 710 580
843 667 1303 979 869 862 371 598 1254 804 254 1354 898 1066 643 278 608 924 669 1137 989 1074 737 934 1362 906 834 641 1094 863 1176 1270 914 372 811 847 890 608 1330 834 1340 1163 876 1392 1034 539 599 1525 587 857 1338 879 622 1035 548 664 1061 938 487 1255 873 800 857 820 997 1188 1516 410 930 1012 0 1361 793 293 1407 973 530 491
683 800 450 393 660 604 1292 779 1385 641 1166 225 935 392 746 1152 896 599 694 769 730 564 649 1086 263 810 618 927 283 626 1278 950 449 989 553 859 797 897 1222 842 1128 652 1488 1305 1402 836 780 173 923 1201 64 496 851 369 942 768 820 1434 1504 107 1057 677 849 726 383 241 319 1035 619 937 1361 0 585 1213 486 640 831 927
235 240 549 192 237 163 710 288 1043 350 636 642 522 282 294 567 497 236 190 555 411 568 64 670 664 415 142 383 306 191 931 761 195 426 68 632 392 499 968 397 912 507 987 1054 968 326 196 757 515 735 553 221 285 242 511 196 535 961 928 478 617 182 418 264 206 473 726 449 474 590 793 585 0 627 654 535 271 341
608 439 1076 820 635 648 125 539 965 764 391 1252 612 870 593 85 653 697 570 866 727 1051 564 641 1268 635 624 372 932 641 884 985 792 310 667 904 623 654 1036 563 1047 907 625 1098 756 490 436 1384 642 565 1179 777 386 857 604 454 786 671 338 1106 580 577 583 577 831 1081 1317 178 911 726 293 1213 627 0 1175 965 421 286
568 742 105 533 540 545 1210 938 1000 913 1284 708 677 379 933 1143 1130 483 838 413 477 967 692 796 746 581 574 811 460 543 906 528 663 1064 674 1190 582 1131 800 644 695 308 1231 875 1085 980 821 581 1151 938 425 732 791 446 1154 742 498 1152 1384 471 795 607 636 598 504 657 254 1008 964 623 1407 486 654 1175 0 1007 919 916
770 742 920 507 768 690 1083 428 1579 210 724 497 1057 668 374 882 372 752 432 1063 935 109 572 1203 485 951 674 879 548 721 1466 1274 381 658 469 226 928 372 1499 931 1436 987 1475 1585 1489 475 604 738 397 1253 663 324 768 589 433 690 1060 1467 1304 577 1146 717 954 799 534 398 938 827 62 1125 973 640 535 965 1007 0 558 742
405 267 813 450 424 383 530 133 1109 350 366 841 610 553 186 343 330 458 150 747 589 635 227 726 854 546 353 364 565 396 1003 932 388 158 281 550 524 331 1089 494 1057 730 928 1169 973 112 111 996 336 738 808 361 262 512 314 227 699 931 754 725 661 345 521 405 469 671 997 269 500 710 530 831 271 421 919 558 0 188
352 176 813 534 378 374 372 322 941 532 422 974 470 589 373 232 507 432 315 663 508 813 277 564 992 439 347 201 646 372 839 823 514 204 385 737 419 508 945 373 927 676 739 1021 790 295 156 1099 508 558 893 507 135 572 480 175 598 744 594 819 498 308 399 332 545 803 1039 108 682 580 491 927 341 286 916 742 188 0
