0 1342 154 447 123 1347 1522 787 709 1701 791 945 960 1338 1401 323
1342 0 1436 1736 1292 1595 2291 2125 633 2325 2073 2098 933 2387 2743 1645
154 1436 0 310 277 1258 1624 693 805 1816 657 991 947 1397 1325 328
447 1736 310 0 556 1303 1703 427 1109 1924 347 974 1150 1386 1065 373
123 1292 277 556 0 1439 1433 861 666 1602 895 907 1005 1286 1456 353
1347 1595 1258 1303 1439 0 2869 1674 1309 3041 1426 2240 683 2651 2245 1574
1522 2291 1624 1703 1433 2869 0 1603 1860 268 1858 793 2403 524 1716 1343
787 2125 693 427 861 1674 1603 0 1492 1853 287 811 1577 1184 638 532
709 633 805 1109 666 1309 1860 1492 0 1955 1452 1523 653 1855 2111 1017
1701 2325 1816 1924 1602 3041 268 1853 1955 0 2101 1049 2535 791 1984 1556
791 2073 657 347 895 1426 1858 287 1452 2101 0 1075 1418 1462 823 639
945 2098 991 974 907 2240 793 811 1523 1049 1075 0 1905 413 1000 666
960 933 947 1150 1005 683 2403 1577 653 2535 1418 1905 0 2290 2212 1267
1338 2387 1397 1386 1286 2651 524 1184 1855 791 1462 413 2290 0 1201 1076
1401 2743 1325 1065 1456 2245 1716 638 2111 1984 823 1000 2212 1201 0 1105
323 1645 328 373 353 1574 1343 532 1017 1556 639 666 1267 1076 1105 0
