0 11 187 327 1650 1022 1323 759 1616 256 433 1568 1069 1617 1309 440
11 0 197 337 1661 1033 1316 771 1610 258 433 1578 1063 1605 1316 440
187 197 0 140 1534 917 1360 607 1781 204 548 1380 1240 1770 1134 554
327 337 140 0 1473 874 1385 524 1915 249 667 1240 1377 1878 999 672
1650 1661 1534 1473 0 629 2847 954 2521 1718 1552 1359 2184 3251 1698 1550
1022 1033 917 874 629 0 2259 401 2041 1110 944 1238 1633 2622 1376 943
1323 1316 1360 1385 2847 2259 0 1893 2452 1156 1694 2161 1952 1165 1645 1700
759 771 607 524 954 401 1893 0 2088 773 854 1011 1609 2373 1024 856
1616 1610 1781 1915 2521 2041 2452 2088 0 1857 1267 3082 553 1792 2914 1263
256 258 204 249 1718 1110 1156 773 1857 0 688 1421 1305 1640 1100 695
433 433 548 667 1552 944 1694 854 1267 688 0 1820 758 1737 1658 7
1568 1578 1380 1240 1359 1238 2161 1011 3082 1421 1820 0 2576 3009 540 1824
1069 1063 1240 1377 2184 1633 1952 1609 553 1305 758 2576 0 1489 2375 755
1617 1605 1770 1878 3251 2622 1165 2373 1792 1640 1737 3009 1489 0 2572 1741
1309 1316 1134 999 1698 1376 1645 1024 2914 1100 1658 540 2375 2572 0 1664
440 440 554 672 1550 943 1700 856 1263 695 7 1824 755 1741 1664 0
