0 1144 1278 317 1531 448 1506 586 1725 548 1367 1633 1643 521 1234 714
1144 0 1950 1330 2643 702 2648 622 2751 1582 2376 1444 2310 1195 2287 1836
1278 1950 0 1514 1314 1517 1769 1694 1091 838 2180 1216 2767 1794 1991 1479
317 1330 1514 0 1500 641 1349 714 1776 700 1080 1951 1330 328 967 523
1531 2643 1314 1500 0 1973 619 2118 483 1069 1369 2466 2194 1817 1198 1046
448 702 1517 641 1973 0 1946 177 2134 943 1713 1512 1802 597 1608 1135
1506 2648 1769 1349 619 1946 0 2054 1102 1227 816 2796 1670 1610 680 826
586 622 1694 714 2118 177 2054 0 2297 1107 1754 1627 1757 583 1665 1231
1725 2751 1091 1776 483 2134 1102 2297 0 1191 1834 2305 2637 2104 1655 1404
548 1582 838 700 1069 943 1227 1107 1191 0 1404 1591 1930 1010 1226 673
1367 2376 2180 1080 1369 1713 816 1754 1834 1404 0 2948 855 1188 192 734
1633 1444 1216 1951 2466 1512 2796 1627 2305 1591 2948 0 3265 2070 2786 2221
1643 2310 2767 1330 2194 1802 1670 1757 2637 1930 855 3265 0 1208 1001 1316
521 1195 1794 328 1817 597 1610 583 2104 1010 1188 2070 1208 0 1122 799
1234 2287 1991 967 1198 1608 680 1665 1655 1226 192 2786 1001 1122 0 564
714 1836 1479 523 1046 1135 826 1231 1404 673 734 2221 1316 799 564 0
