0 1618 299 753 208 344 1060 1259 434 1406 1069 1412 1203 1434 1173 714
1618 0 1586 2020 1649 1935 2329 2636 1328 1319 2129 1297 2253 2888 2756 1703
299 1586 0 528 506 575 856 1109 640 1148 806 1157 1502 1328 1174 1004
753 2020 528 0 944 848 330 615 1158 1224 344 1242 1863 874 897 1453
208 1649 506 944 0 299 1238 1408 350 1583 1269 1587 999 1557 1239 511
344 1935 575 848 299 0 1091 1203 649 1722 1191 1730 1015 1314 955 681
1060 2329 856 330 1238 1091 0 328 1478 1412 304 1433 2097 614 808 1738
1259 2636 1109 615 1408 1203 328 0 1691 1737 619 1759 2160 289 616 1881
434 1328 640 1158 350 649 1478 1691 0 1495 1446 1493 1077 1867 1580 488
1406 1319 1148 1224 1583 1722 1412 1737 1495 0 1121 26 2554 2025 2120 1979
1069 2129 806 344 1269 1191 304 619 1446 1121 0 1144 2206 908 1100 1780
1412 1297 1157 1242 1587 1730 1433 1759 1493 26 1144 0 2555 2047 2138 1979
1203 2253 1502 1863 999 1015 2097 2160 1077 2554 2206 2555 0 2201 1732 592
1434 2888 1328 874 1557 1314 614 289 1867 2025 908 2047 2201 0 506 1994
1173 2756 1174 897 1239 955 808 616 1580 2120 1100 2138 1732 506 0 1605
714 1703 1004 1453 511 681 1738 1881 488 1979 1780 1979 592 1994 1605 0
