0 582 1452 430 1238 1015 761 891 1703 1501 1659 549 1267 634 906 1184
582 0 1957 1012 1507 1543 1277 323 2285 1992 2189 456 1312 1176 1429 1626
1452 1957 0 1155 917 443 1409 2280 1064 1762 1646 1992 2502 822 546 1778
430 1012 1155 0 1229 714 454 1315 1272 1166 1276 881 1366 370 626 926
1238 1507 917 1229 0 845 1664 1794 1872 2278 2273 1747 2501 901 808 2129
1015 1543 443 714 845 0 1011 1867 1041 1488 1444 1550 2072 381 114 1425
761 1277 1409 454 1664 1011 0 1532 1143 741 911 985 1135 768 959 472
891 323 2280 1315 1794 1867 1532 0 2583 2216 2436 585 1327 1498 1753 1831
1703 2285 1064 1272 1872 1041 1143 2583 0 978 732 2094 2216 1220 1114 1220
1501 1992 1762 1166 2278 1488 741 2216 978 0 310 1638 1410 1392 1486 406
1659 2189 1646 1276 2273 1444 911 2436 732 310 0 1870 1714 1429 1465 691
549 456 1992 881 1747 1550 985 585 2094 1638 1870 0 867 1169 1445 1247
1267 1312 2502 1366 2501 2072 1135 1327 2216 1410 1714 867 0 1734 1991 1031
634 1176 822 370 901 381 768 1498 1220 1392 1429 1169 1734 0 276 1229
906 1429 546 626 808 114 959 1753 1114 1486 1465 1445 1991 276 0 1392
1184 1626 1778 926 2129 1425 472 1831 1220 406 691 1247 1031 1229 1392 0
