0 274 1027 1160 1633 1316 1571 1212 258 493 1575 1414 947 704 1126 742
274 0 1179 1156 1867 1587 1769 1203 426 736 1815 1201 809 686 940 1006
1027 1179 0 2155 2028 1077 2147 711 775 1192 872 2375 1064 1721 2119 1180
1160 1156 2155 0 1524 1995 1222 2350 1417 1036 2479 1050 1947 470 788 1244
1633 1867 2028 1524 0 1135 368 2610 1730 1140 1742 2506 2550 1550 2194 934
1316 1587 1077 1995 1135 0 1388 1771 1225 1020 609 2660 1950 1730 2345 756
1571 1769 2147 1222 368 1388 0 2660 1717 1095 1996 2245 2515 1335 1946 977
1212 1203 711 2350 2610 1771 2660 0 983 1589 1564 2242 602 1880 2062 1691
258 426 775 1417 1730 1225 1717 983 0 624 1394 1625 822 962 1353 799
493 736 1192 1036 1140 1020 1095 1589 624 0 1447 1650 1424 712 1331 295
1575 1815 872 2479 1742 609 1996 1564 1394 1447 0 2988 1922 2142 2691 1249
1414 1201 2375 1050 2506 2660 2245 2242 1625 1650 2988 0 1671 981 322 1939
947 809 1064 1947 2550 1950 2515 602 822 1424 1922 1671 0 1484 1526 1621
704 686 1721 470 1550 1730 1335 1880 962 712 2142 981 1484 0 660 983
1126 940 2119 788 2194 2345 1946 2062 1353 1331 2691 322 1526 660 0 1619
742 1006 1180 1244 934 756 977 1691 799 295 1249 1939 1621 983 1619 0
