0 672 1585 544 1070 878 629 627 1583 535 1646 649 1244 151 145 529
672 0 1585 127 466 206 823 1130 2224 228 1202 1133 983 819 582 1111
1585 1585 0 1562 1423 1650 955 1205 2780 1719 1071 1168 2565 1661 1671 1372
544 127 1562 0 569 333 744 1020 2102 165 1270 1025 1005 692 457 992
1070 466 1423 569 0 347 952 1368 2651 694 776 1358 1309 1222 1013 1402
878 206 1650 333 347 0 978 1319 2422 397 1122 1319 975 1024 784 1310
629 823 955 744 952 978 0 455 1990 867 1226 434 1720 711 722 556
627 1130 1205 1020 1368 1319 455 0 1594 1088 1676 37 1869 605 770 172
1583 2224 2780 2102 2651 2422 1990 1594 0 2031 3187 1629 2290 1431 1644 1446
535 228 1719 165 694 397 867 1088 2031 0 1424 1098 857 668 414 1034
1646 1202 1071 1270 776 1122 1226 1676 3187 1424 0 1650 2081 1787 1642 1780
649 1133 1168 1025 1358 1319 434 37 1629 1098 1650 0 1887 634 790 209
1244 983 2565 1005 1309 975 1720 1869 2290 857 2081 1887 0 1310 1100 1771
151 819 1661 692 1222 1024 711 605 1431 668 1787 634 1310 0 254 474
145 582 1671 457 1013 784 722 770 1644 414 1642 790 1100 254 0 674
529 1111 1372 992 1402 1310 556 172 1446 1034 1780 209 1771 474 674 0
