0 1074 1206 37 191 877 1395 431 1174 845 976 1613 294 549 401 651
1074 0 651 1049 1218 1677 1826 1432 1463 378 790 1591 1366 531 1180 1548
1206 651 0 1170 1263 2018 2330 1399 977 440 329 969 1438 755 1082 1827
37 1049 1170 0 193 914 1425 434 1143 812 938 1578 317 521 377 689
191 1218 1263 193 0 949 1525 240 1075 948 997 1546 175 687 284 706
877 1677 2018 914 949 0 688 1053 2024 1599 1834 2486 833 1270 1233 247
1395 1826 2330 1425 1525 688 0 1682 2568 1890 2230 2979 1452 1591 1793 904
431 1432 1399 434 240 1053 1682 0 1023 1134 1102 1528 229 904 320 806
1174 1463 977 1143 1075 2024 2568 1023 0 1089 690 520 1207 1159 791 1781
845 378 440 812 948 1599 1890 1134 1089 0 441 1267 1114 328 850 1424
976 790 329 938 997 1834 2230 1102 690 441 0 827 1171 648 782 1623
1613 1591 969 1578 1546 2486 2979 1528 520 1267 827 0 1694 1451 1264 2249
294 1366 1438 317 175 833 1452 229 1207 1114 1171 1694 0 837 433 585
549 531 755 521 687 1270 1591 904 1159 328 648 1451 837 0 675 1097
401 1180 1082 377 284 1233 1793 320 791 850 782 1264 433 675 0 991
651 1548 1827 689 706 247 904 806 1781 1424 1623 2249 585 1097 991 0
