0 664 1306 1717 1314 372 1468 1115 455 1575 1015 678 145 1099 1114 905
664 0 1969 2085 1978 350 977 1393 350 2233 710 1075 751 1334 1778 1333
1306 1969 0 1557 191 1666 2627 1643 1700 289 2190 1349 1247 1552 236 1304
1717 2085 1557 0 1739 2007 2102 2709 1738 1546 2689 2273 1801 775 1636 2399
1314 1978 191 1739 0 1658 2693 1516 1734 411 2136 1261 1236 1686 203 1184
372 350 1666 2007 1658 0 1292 1095 372 1939 682 737 421 1315 1463 996
1468 977 2627 2102 2693 1292 0 2370 1014 2841 1582 2030 1601 1369 2490 2287
1115 1393 1643 2709 1516 1095 2370 0 1449 1920 1001 446 981 2195 1411 342
455 350 1700 1738 1734 372 1014 1449 0 1949 990 1055 587 1000 1531 1305
1575 2233 289 1546 411 1939 2841 1920 1949 0 2477 1638 1525 1679 524 1584
1015 710 2190 2689 2136 682 1582 1001 990 2477 0 920 994 1983 1963 1123
678 1075 1349 2273 1261 737 2030 446 1055 1638 920 0 540 1749 1114 258
145 751 1247 1801 1236 421 1601 981 587 1525 994 540 0 1219 1041 761
1099 1334 1552 775 1686 1315 1369 2195 1000 1679 1983 1749 1219 0 1515 1934
1114 1778 236 1636 203 1463 2490 1411 1531 524 1963 1114 1041 1515 0 1071
905 1333 1304 2399 1184 996 2287 342 1305 1584 1123 258 761 1934 1071 0
