0 846 1576 1612 208 999 330 1689 1088 715 1276 1361 279 327 44 857
846 0 852 2035 1020 152 1066 2409 756 1478 1394 1896 1000 736 883 1696
1576 852 0 2168 1693 748 1675 3231 1504 2032 1393 2747 1619 1332 1601 2345
1612 2035 2168 0 1447 2137 1297 2722 2620 1100 778 2758 1336 1415 1577 1425
208 1020 1693 1447 0 1172 151 1650 1295 507 1199 1414 134 367 163 677
999 152 748 2137 1172 0 1213 2548 785 1624 1465 2017 1148 879 1036 1848
330 1066 1675 1297 151 1213 0 1750 1413 415 1065 1553 65 349 289 670
1689 2409 3231 2722 1650 2548 1750 0 2125 1674 2785 730 1773 1998 1677 1302
1088 756 1504 2620 1295 785 1413 2125 0 1801 2081 1467 1354 1206 1132 1865
715 1478 2032 1100 507 1624 415 1674 1801 0 1144 1658 481 747 671 396
1276 1394 1393 778 1199 1465 1065 2785 2081 1144 0 2613 1064 974 1258 1540
1361 1896 2747 2758 1414 2017 1553 730 1467 1658 2613 0 1548 1688 1369 1395
279 1000 1619 1336 134 1148 65 1773 1354 481 1064 1548 0 289 241 727
327 736 1332 1415 367 879 349 1998 1206 747 974 1688 289 0 326 1016
44 883 1601 1577 163 1036 289 1677 1132 671 1258 1369 241 326 0 816
857 1696 2345 1425 677 1848 670 1302 1865 396 1540 1395 727 1016 816 0
