0 1501 1322 648 301 703 1499 540 264 256 1496 187 59 40 1142 980
1501 0 2804 2149 1620 1588 844 1880 1749 1696 1180 1355 1557 1466 367 1696
1322 2804 0 713 1192 1418 2597 1206 1061 1108 2703 1450 1273 1352 2438 1550
648 2149 713 0 628 1014 2078 525 417 498 1993 808 592 683 1790 1244
301 1620 1192 628 0 447 1453 751 240 143 1773 300 309 295 1253 718
703 1588 1418 1014 447 0 1191 1198 681 585 2023 592 732 680 1236 276
1499 844 2597 2078 1453 1191 0 2015 1666 1580 1907 1311 1557 1458 749 1160
540 1880 1206 525 751 1198 2015 0 533 620 1511 722 490 577 1551 1470
264 1749 1061 417 240 681 1666 533 0 97 1740 396 224 290 1385 945
256 1696 1108 498 143 585 1580 620 97 0 1752 342 235 270 1330 852
1496 1180 2703 1993 1773 2023 1907 1511 1740 1752 0 1485 1520 1487 1158 2253
187 1355 1450 808 300 592 1311 722 396 342 1485 0 245 147 990 862
59 1557 1273 592 309 732 1557 490 224 235 1520 245 0 99 1199 1008
40 1466 1352 683 295 680 1458 577 290 270 1487 147 99 0 1106 956
1142 367 2438 1790 1253 1236 749 1551 1385 1330 1158 990 1199 1106 0 1368
980 1696 1550 1244 718 276 1160 1470 945 852 2253 862 1008 956 1368 0
