0 656 581 14 515 632 12 394 341 788 260 676 237 803 634 424 708 694 58 445 699 119 753 727 576 398 430 88 45 519 25 319 38 80 825 624 407 262 639 613 529 113 213 198 360 393 847 452 480 224 43 163 607 293 100 293 382 822 570 444 9 215 4 486 434 485 712 357 559 306 185 43 125 257 569 59 1 503
656 0 889 669 1141 60 668 508 755 1339 869 1329 636 1000 1208 678 682 1106 619 409 866 692 574 514 878 490 839 575 638 1067 636 947 694 678 1241 1214 811 462 1158 578 213 770 471 464 999 538 1360 691 887 846 680 629 1262 839 751 929 1007 1384 775 1088 648 557 652 171 531 888 57 310 407 630 495 700 531 609 1221 597 655 841
581 889 0 587 927 906 585 925 240 548 775 946 361 1384 489 998 374 1254 628 480 179 698 1252 1210 11 923 1008 556 542 1029 598 496 588 660 1375 521 179 764 1154 1142 676 591 704 581 545 935 1343 1026 1055 474 544 741 782 847 552 517 832 1276 137 821 586 769 581 787 970 131 939 638 1033 312 685 578 609 360 732 580 581 1085
14 669 587 0 501 644 2 398 346 783 247 662 246 799 627 422 720 684 64 459 707 111 758 733 582 404 423 103 56 506 35 310 24 73 815 617 411 270 627 617 543 100 223 212 350 396 835 450 472 217 43 163 594 282 90 284 368 808 578 429 21 219 18 499 437 488 726 371 566 315 195 31 138 267 557 73 15 498
515 1141 927 501 0 1104 503 714 724 790 271 243 698 769 649 601 1175 476 533 956 1092 449 1022 1025 927 730 438 604 552 208 527 432 479 469 543 611 760 683 291 862 1041 416 669 708 390 691 432 615 435 463 513 513 329 318 453 409 134 349 979 106 521 590 519 969 727 797 1194 864 907 763 647 479 626 728 340 572 517 519
632 60 906 644 1104 0 643 455 757 1338 833 1299 633 941 1203 624 720 1052 591 429 894 659 515 455 895 436 789 554 617 1023 610 931 669 647 1187 1207 817 422 1110 518 240 745 437 445 981 485 1311 636 836 830 659 591 1239 798 729 912 972 1338 797 1056 623 516 627 146 475 897 93 300 347 634 462 675 506 609 1200 573 630 788
12 668 585 2 503 643 0 399 344 782 249 664 244 800 627 424 717 687 65 457 705 113 759 734 580 404 425 101 54 509 35 310 25 75 817 617 409 270 629 618 541 101 223 210 350 397 837 452 475 217 41 164 595 284 90 284 370 811 576 431 20 220 16 498 438 486 724 370 566 313 195 32 137 265 557 72 13 500
394 508 925 398 714 455 399 0 699 1181 465 939 565 532 1025 170 923 598 335 587 999 334 360 340 918 18 339 377 415 591 369 702 414 350 732 1012 769 162 665 221 524 473 221 349 732 30 860 184 383 615 437 251 930 396 483 671 594 898 873 696 385 179 391 367 45 853 548 380 193 614 240 426 319 565 903 365 393 333
341 755 240 346 724 757 344 699 0 586 543 789 137 1144 466 760 461 1017 389 374 375 457 1039 1001 235 698 768 323 302 803 358 317 347 419 1141 481 70 540 928 918 556 356 480 367 376 706 1125 788 815 261 304 502 649 610 315 326 616 1069 256 623 346 534 341 621 743 155 809 463 824 124 458 338 379 151 598 343 341 844
788 1339 548 783 790 1338 782 1181 586 0 812 665 705 1488 159 1175 922 1248 847 957 706 857 1541 1516 558 1187 1096 828 775 976 814 486 766 833 1331 185 537 1047 1080 1397 1142 713 993 914 474 1177 1210 1201 1124 566 746 935 489 910 698 519 775 1098 682 697 797 1002 791 1197 1219 475 1394 1039 1346 710 965 755 889 729 459 828 789 1188
260 869 775 247 271 833 249 465 543 812 0 477 477 677 653 390 959 482 266 706 919 178 802 795 772 478 284 345 303 264 267 341 229 201 600 627 596 414 388 643 774 189 398 443 339 446 592 411 314 308 271 243 471 98 231 307 138 561 795 231 264 323 264 698 486 656 922 595 658 547 375 232 359 504 451 311 261 376
676 1329 946 662 243 1299 664 939 789 665 477 0 804 1005 556 839 1251 697 709 1088 1124 642 1260 1261 950 954 681 763 703 443 694 472 638 651 737 513 804 886 498 1100 1202 564 862 874 413 919 568 854 679 545 660 717 181 546 591 466 345 442 1029 245 683 798 680 1157 957 817 1384 1034 1133 861 836 634 799 837 224 736 677 762
237 636 361 246 698 633 244 565 137 705 477 804 0 1030 572 639 482 931 275 291 462 357 902 864 354 564 667 196 193 742 248 347 256 317 1061 579 207 405 865 784 450 291 345 229 407 574 1069 667 718 259 210 386 687 527 249 342 575 1029 333 606 240 408 236 493 610 292 692 334 686 69 325 249 247 33 639 222 237 737
803 1000 1384 799 769 941 800 532 1144 1488 677 1005 1030 0 1330 397 1445 329 756 1114 1490 689 514 561 1379 546 395 835 842 562 786 1016 800 726 385 1303 1210 674 525 429 1054 817 723 852 1016 507 609 370 364 966 842 644 1089 581 849 982 726 720 1360 824 798 631 803 888 493 1286 1027 911 595 1092 731 811 793 1041 1087 807 803 306
634 1208 489 627 649 1203 627 1025 466 159 653 556 572 1330 0 1016 856 1097 692 841 663 698 1385 1361 497 1031 937 678 623 827 659 326 610 676 1185 43 431 894 935 1239 1018 554 841 769 314 1020 1076 1041 966 410 592 777 375 751 541 359 622 972 612 551 643 845 637 1059 1062 387 1264 903 1192 587 813 599 739 599 335 675 634 1029
424 678 998 422 601 624 424 170 760 1175 390 839 639 397 1016 0 1048 427 371 721 1095 324 420 424 992 188 182 443 459 449 403 689 430 355 562 996 829 281 507 260 684 466 327 455 706 139 695 28 219 618 466 260 860 299 490 656 498 743 966 605 417 234 423 534 153 908 718 525 331 699 333 441 397 647 841 418 423 163
708 682 374 720 1175 720 717 923 461 922 959 1251 482 1445 856 1048 0 1397 730 339 239 823 1177 1124 364 913 1121 640 663 1223 712 778 733 785 1531 884 452 771 1346 1109 483 773 721 595 837 944 1551 1074 1174 716 689 829 1105 1001 732 787 1056 1511 243 1078 708 819 706 649 967 470 717 551 961 413 716 728 664 455 1054 674 707 1177
694 1106 1254 684 476 1052 687 598 1017 1248 482 697 931 329 1097 427 1397 0 667 1097 1389 576 751 781 1250 616 283 756 739 273 687 813 676 614 138 1063 1074 680 201 616 1095 662 707 815 796 567 298 417 229 791 721 571 805 407 702 780 474 394 1262 553 693 601 696 958 578 1137 1146 925 742 1000 702 684 737 951 813 722 694 264
58 619 628 64 533 591 65 335 389 847 266 709 275 756 692 371 730 667 0 446 737 96 694 669 623 340 395 89 87 513 34 375 85 65 801 682 457 205 629 555 508 158 162 177 413 334 839 399 447 282 102 112 651 278 154 348 398 823 608 470 50 156 56 448 375 537 675 331 501 340 133 95 93 289 615 55 58 462
445 409 480 459 956 429 457 587 374 957 706 1088 291 1114 841 721 339 1097 446 0 470 543 843 792 469 576 814 360 405 959 439 639 479 510 1234 855 419 440 1075 770 196 541 396 281 698 609 1285 746 868 548 443 527 978 724 505 633 826 1267 367 875 441 500 442 326 630 489 459 212 624 255 397 478 363 258 931 395 444 860
699 866 179 707 1092 894 705 999 375 706 919 1124 462 1490 663 1095 239 1389 737 470 0 818 1299 1251 174 993 1130 655 655 1179 711 666 713 779 1515 698 332 838 1304 1206 654 730 780 650 718 1014 1500 1123 1180 631 668 848 962 981 689 684 990 1440 129 988 702 861 698 796 1045 307 909 665 1078 398 767 705 698 449 911 684 699 1200
119 692 698 111 449 659 113 334 457 857 178 642 357 689 698 324 823 576 96 543 818 0 692 674 693 344 311 185 163 417 111 372 110 39 708 683 521 245 532 542 597 144 221 270 398 324 742 351 361 294 153 83 605 181 165 340 315 728 690 398 117 164 120 521 367 596 746 418 519 425 197 121 185 375 574 149 119 387
753 574 1252 758 1022 515 759 360 1039 1541 802 1260 902 514 1385 420 1177 751 694 843 1299 692 0 60 1243 354 590 727 771 858 727 1062 775 710 859 1372 1109 502 892 160 708 833 561 673 1090 367 1048 407 610 975 796 610 1273 717 844 1031 918 1125 1180 1024 744 539 750 531 325 1194 581 635 221 941 586 786 666 895 1251 719 752 529
727 514 1210 733 1025 455 734 340 1001 1516 795 1261 864 561 1361 424 1124 781 669 792 1251 674 60 0 1201 331 601 695 742 870 701 1040 751 690 894 1350 1071 470 912 169 651 813 528 634 1072 352 1076 414 626 951 769 591 1265 715 821 1011 917 1146 1133 1022 718 517 724 476 310 1157 521 586 177 900 554 762 633 856 1241 690 726 547
576 878 11 582 927 895 580 918 235 558 772 950 354 1379 497 992 364 1250 623 469 174 693 1243 1201 0 915 1004 550 536 1028 592 497 583 655 1372 529 176 756 1152 1134 665 588 696 572 547 928 1342 1020 1051 473 540 735 787 843 548 518 832 1276 126 822 581 762 576 776 963 133 928 628 1024 304 678 574 601 352 736 574 576 1080
398 490 923 404 730 436 404 18 698 1187 478 954 564 546 1031 188 913 616 340 576 993 344 354 331 915 0 357 378 418 609 373 709 420 358 750 1019 768 158 683 220 509 481 218 344 740 48 878 202 402 621 441 260 942 411 490 679 609 916 867 710 390 185 396 350 53 852 530 368 179 611 239 431 319 562 915 367 398 351
430 839 1008 423 438 789 425 339 768 1096 284 681 667 395 937 182 1121 283 395 814 1130 311 590 601 1004 357 0 482 474 269 419 621 420 350 421 912 830 398 327 432 814 426 424 533 622 309 522 186 53 572 464 291 727 186 461 587 356 561 1001 462 427 317 431 683 332 902 883 642 513 734 418 429 457 684 716 450 431 92
88 575 556 103 604 554 101 377 323 828 345 763 196 835 678 443 640 756 89 360 655 185 727 695 550 378 482 0 62 599 78 380 126 149 890 674 393 225 717 598 440 199 167 112 428 383 926 471 535 280 105 193 686 366 176 358 470 906 525 532 83 212 84 408 421 476 632 271 520 257 141 129 61 206 646 35 87 546
45 638 542 56 552 617 54 415 302 775 303 703 193 842 623 459 663 739 87 405 655 163 771 742 536 418 474 62 0 563 56 319 74 124 870 617 370 272 684 636 499 140 218 174 366 417 892 487 524 220 43 199 624 338 114 296 420 864 526 476 46 240 43 471 457 449 694 333 570 261 190 73 117 212 583 52 44 545
519 1067 1029 506 208 1023 509 591 803 976 264 443 742 562 827 449 1223 273 513 959 1179 417 858 870 1028 609 269 599 563 0 521 559 491 449 360 792 852 606 124 701 1005 452 611 686 534 564 328 456 249 555 534 451 534 238 494 529 209 317 1057 280 521 513 522 901 593 906 1116 825 776 811 595 495 601 768 540 564 520 334
25 636 598 35 527 610 35 369 358 814 267 694 248 786 659 403 712 687 34 439 711 111 727 701 592 373 419 78 56 521 0 345 59 73 819 650 425 236 640 589 514 135 188 181 385 368 849 431 470 250 68 143 629 290 125 318 393 828 582 459 16 191 22 465 409 504 692 340 533 315 160 67 104 265 592 44 24 489
319 947 496 310 432 931 310 702 317 486 341 472 347 1016 326 689 778 813 375 639 666 372 1062 1040 497 709 621 380 319 559 345 0 290 351 918 310 337 581 680 914 783 229 532 485 60 695 856 715 655 100 281 452 340 436 220 34 352 781 561 326 328 523 322 784 737 365 1004 637 876 395 504 280 436 380 292 369 320 711
38 694 588 24 479 669 25 414 347 766 229 638 256 800 610 430 733 676 85 479 713 110 775 751 583 420 420 126 74 491 59 290 0 74 805 599 411 291 612 631 567 76 246 236 328 411 819 457 468 200 45 173 570 270 69 263 347 790 585 406 45 235 42 524 452 485 750 396 585 325 218 11 163 279 533 98 39 497
80 678 660 73 469 647 75 350 419 833 201 651 317 726 676 355 785 614 65 510 779 39 710 690 655 358 350 149 124 449 73 351 74 0 746 662 484 244 567 563 572 122 211 242 382 344 776 383 400 268 115 101 603 217 136 321 334 758 650 410 78 173 81 506 386 559 733 395 529 386 185 86 158 336 570 114 80 425
825 1241 1375 815 543 1187 817 732 1141 1331 600 737 1061 385 1185 562 1531 138 801 1234 1515 708 859 894 1372 750 421 890 870 360 819 918 805 746 0 1149 1196 818 251 734 1234 785 846 952 895 702 231 550 367 906 850 707 868 534 826 887 569 359 1389 634 824 739 827 1095 711 1255 1279 1063 870 1130 840 812 873 1082 883 856 825 399
624 1214 521 617 611 1207 617 1012 481 185 627 513 579 1303 43 996 884 1063 682 855 698 683 1372 1350 529 1019 912 674 617 792 650 310 599 662 1149 0 451 886 899 1225 1028 540 835 769 291 1006 1037 1021 939 400 584 763 331 726 529 342 590 931 641 515 634 833 628 1062 1048 414 1270 907 1183 600 807 588 734 608 293 669 625 1004
407 811 179 411 760 817 409 769 70 537 596 804 207 1210 431 829 452 1074 457 419 332 521 1109 1071 176 768 830 393 370 852 425 337 411 484 1196 451 0 611 977 989 607 412 550 437 392 776 1169 857 877 299 368 569 653 668 373 352 659 1107 225 656 413 604 407 683 813 85 865 526 893 183 529 401 449 218 602 412 407 909
262 462 764 270 683 422 270 162 540 1047 414 886 405 674 894 281 771 680 205 440 838 245 502 470 756 158 398 225 272 606 236 581 291 244 818 886 611 0 702 378 415 361 60 187 619 176 909 305 451 486 302 170 848 376 360 554 552 924 711 641 252 94 258 295 207 695 513 247 298 453 83 301 163 404 815 219 261 427
639 1158 1154 627 291 1110 629 665 928 1080 388 498 865 525 935 507 1346 201 629 1075 1304 532 892 912 1152 683 327 717 684 124 640 680 612 567 251 899 977 702 0 742 1110 577 714 798 652 636 210 507 289 680 656 557 618 351 619 651 328 236 1182 383 640 611 642 996 659 1030 1204 932 838 935 700 617 714 890 631 681 640 364
613 578 1142 617 862 518 618 221 918 1397 643 1100 784 429 1239 260 1109 616 555 770 1206 542 160 169 1134 220 432 598 636 701 589 914 631 563 734 1225 989 378 742 0 665 685 439 562 939 220 909 247 456 831 657 462 1115 557 699 883 758 977 1082 865 605 398 611 489 179 1073 600 557 171 830 460 643 540 782 1094 586 613 377
529 213 676 543 1041 240 541 524 556 1142 774 1202 450 1054 1018 684 483 1095 508 196 654 597 708 651 665 509 814 440 499 1005 514 783 567 572 1234 1028 607 415 1110 665 0 639 396 332 840 552 1319 704 867 685 542 554 1114 767 612 771 906 1321 561 973 522 500 525 177 561 682 262 179 502 432 410 570 414 420 1070 470 527 840
113 770 591 100 416 745 101 473 356 713 189 564 291 817 554 466 773 662 158 541 730 144 833 813 588 481 426 199 140 452 135 229 76 122 785 540 412 361 577 685 639 0 320 310 260 466 779 492 469 152 98 223 494 255 41 198 287 739 606 336 121 296 118 600 508 478 826 470 651 360 292 70 239 319 457 173 115 510
213 471 704 223 669 437 223 221 480 993 398 862 345 723 841 327 721 707 162 396 780 221 561 528 696 218 424 167 218 611 188 532 246 211 846 835 550 60 714 439 396 320 0 130 574 233 923 353 478 436 251 160 812 375 314 507 535 928 653 619 204 106 210 300 266 635 525 219 353 393 28 255 105 344 777 165 212 464
198 464 581 212 708 445 210 349 367 914 443 874 229 852 769 455 595 815 177 281 650 270 673 634 572 344 533 112 174 686 181 485 236 242 952 769 437 187 798 562 332 310 130 0 536 363 1008 481 587 384 217 245 798 448 287 466 574 999 523 641 191 224 193 299 395 522 521 160 456 268 121 240 85 222 757 138 196 583
360 999 545 350 390 981 350 732 376 474 339 413 407 1016 314 706 837 796 413 698 718 398 1090 1072 547 740 622 428 366 534 385 60 328 382 895 291 392 619 652 939 840 260 574 536 0 723 820 730 653 154 326 481 280 437 260 69 325 738 617 284 369 556 364 835 765 414 1056 690 911 456 545 319 482 440 232 414 361 714
393 538 935 396 691 485 397 30 706 1177 446 919 574 507 1020 139 944 567 334 609 1014 324 367 352 928 48 309 383 417 564 368 695 411 344 702 1006 776 176 636 220 552 466 233 363 723 0 830 154 353 610 436 242 914 373 479 664 573 869 886 676 384 177 390 396 42 859 579 403 216 626 250 422 327 576 889 368 392 302
847 1360 1343 835 432 1311 837 860 1125 1210 592 568 1069 609 1076 695 1551 298 839 1285 1500 742 1048 1076 1342 878 522 926 892 328 849 856 819 776 231 1037 1169 909 210 909 1319 779 923 1008 820 830 0 691 476 870 862 767 725 561 821 830 510 139 1380 537 849 819 850 1201 849 1216 1405 1141 1023 1139 910 823 924 1096 751 891 848 539
452 691 1026 450 615 636 452 184 788 1201 411 854 667 370 1041 28 1074 417 399 746 1123 351 407 414 1020 202 186 471 487 456 431 715 457 383 550 1021 857 305 507 247 704 492 353 481 730 154 691 0 218 645 494 288 879 318 517 681 516 743 994 623 445 262 451 551 161 936 729 548 332 726 360 469 425 675 862 446 451 153
480 887 1055 472 435 836 475 383 815 1124 314 679 718 364 966 219 1174 229 447 868 1180 361 610 626 1051 402 53 535 524 249 470 655 468 400 367 939 877 451 289 456 867 469 478 587 653 353 476 218 0 612 513 345 737 220 506 621 368 525 1051 471 478 371 481 734 373 947 930 695 550 785 472 477 510 735 731 502 481 84
224 846 474 217 463 830 217 615 261 566 308 545 259 966 410 618 716 791 282 548 631 294 975 951 473 621 572 280 220 555 250 100 200 268 906 400 299 486 680 831 685 152 436 384 154 610 870 645 612 0 184 370 431 393 131 85 359 809 516 363 233 435 227 684 652 350 903 536 783 315 407 189 337 293 385 271 225 659
43 680 544 43 513 659 41 437 304 746 271 660 210 842 592 466 689 721 102 443 668 153 796 769 540 441 464 105 43 534 68 281 45 115 850 584 368 302 656 657 542 98 251 217 326 436 862 494 513 184 0 206 581 316 70 257 383 830 540 434 51 259 45 513 477 444 737 376 600 280 223 38 156 234 541 88 44 540
163 629 741 163 513 591 164 251 502 935 243 717 386 644 777 260 829 571 112 527 848 83 610 591 735 260 291 193 199 451 143 452 173 101 707 763 569 170 557 462 554 223 160 245 481 242 767 288 345 370 206 0 687 214 238 421 381 768 718 471 157 81 162 458 285 648 681 375 435 450 143 184 165 398 658 163 163 352
607 1262 782 594 329 1239 595 930 649 489 471 181 687 1089 375 860 1105 805 651 978 962 605 1273 1265 787 942 727 686 624 534 629 340 570 603 868 331 653 848 618 1115 1114 494 812 798 280 914 725 879 737 431 581 687 0 561 510 345 370 609 875 266 615 769 611 1093 955 655 1318 956 1121 736 785 563 733 721 50 666 608 816
293 839 847 282 318 798 284 396 610 910 98 546 527 581 751 299 1001 407 278 724 981 181 717 715 843 411 186 366 338 238 290 436 270 217 534 726 668 376 351 557 767 255 375 448 437 373 561 318 220 393 316 214 561 0 295 402 201 554 855 307 293 282 295 670 410 733 890 588 589 596 357 277 363 549 544 331 293 277
100 751 552 90 453 729 90 483 315 698 231 591 249 849 541 490 732 702 154 505 689 165 844 821 548 490 461 176 114 494 125 220 69 136 826 529 373 360 619 699 612 41 314 287 260 479 821 517 506 131 70 238 510 295 0 193 327 780 564 369 109 304 104 583 521 440 808 447 655 318 285 59 224 278 471 156 101 544
293 929 517 284 409 912 284 671 326 519 307 466 342 982 359 656 787 780 348 633 684 340 1031 1011 518 679 587 358 296 529 318 34 263 321 887 342 352 554 651 883 771 198 507 466 69 664 830 681 621 85 257 421 345 402 193 0 323 758 576 304 302 494 297 765 706 387 986 620 847 395 478 252 413 376 299 345 294 677
382 1007 832 368 134 972 370 594 616 775 138 345 575 726 622 498 1056 474 398 826 990 315 918 917 832 609 356 470 420 209 393 352 347 334 569 590 659 552 328 758 906 287 535 574 325 573 510 516 368 359 383 381 370 201 327 323 0 455 872 107 387 460 386 835 611 706 1060 729 788 643 512 347 491 605 362 438 383 445
822 1384 1276 808 349 1338 811 898 1069 1098 561 442 1029 720 972 743 1511 394 823 1267 1440 728 1125 1146 1276 916 561 906 864 317 828 781 790 758 359 931 1107 924 236 977 1321 739 928 999 738 869 139 743 525 809 830 768 609 554 780 758 455 0 1325 455 825 830 825 1219 894 1146 1432 1142 1074 1098 912 792 913 1058 640 872 823 599
570 775 137 578 979 797 576 873 256 682 795 1029 333 1360 612 966 243 1262 608 367 129 690 1180 1133 126 867 1001 525 526 1057 582 561 585 650 1389 641 225 711 1182 1082 561 606 653 523 617 886 1380 994 1051 516 540 718 875 855 564 576 872 1325 0 877 573 732 569 688 918 228 822 549 958 268 638 577 568 319 824 554 570 1070
444 1088 821 429 106 1056 431 696 623 697 231 245 606 824 551 605 1078 553 470 875 988 398 1024 1022 822 710 462 532 476 280 459 326 406 410 634 515 656 641 383 865 973 336 619 641 284 676 537 623 471 363 434 471 266 307 369 304 107 455 877 0 450 552 448 916 715 691 1143 800 889 670 594 403 562 638 263 503 445 550
9 648 586 21 521 623 20 385 346 797 264 683 240 798 643 417 708 693 50 441 702 117 744 718 581 390 427 83 46 521 16 328 45 78 824 634 413 252 640 605 522 121 204 191 369 384 849 445 478 233 51 157 615 293 109 302 387 825 573 450 0 207 6 478 425 491 704 350 549 307 176 52 117 258 578 52 8 499
215 557 769 219 590 516 220 179 534 1002 323 798 408 631 845 234 819 601 156 500 861 164 539 517 762 185 317 212 240 513 191 523 235 173 739 833 604 94 611 398 500 296 106 224 556 177 819 262 371 435 259 81 769 282 304 494 460 830 732 552 207 0 213 389 218 686 607 325 356 465 103 246 163 414 738 192 214 360
4 652 581 18 519 627 16 391 341 791 264 680 236 803 637 423 706 696 56 442 698 120 750 724 576 396 431 84 43 522 22 322 42 81 827 628 407 258 642 611 525 118 210 193 364 390 850 451 481 227 45 162 611 295 104 297 386 825 569 448 6 213 0 482 431 485 708 353 555 304 181 47 121 255 573 55 2 504
486 171 787 499 969 146 498 367 621 1197 698 1157 493 888 1059 534 649 958 448 326 796 521 531 476 776 350 683 408 471 901 465 784 524 506 1095 1062 683 295 996 489 177 600 300 299 835 396 1201 551 734 684 513 458 1093 670 583 765 835 1219 688 916 478 389 482 0 398 766 226 158 324 500 323 530 361 471 1054 427 485 695
434 531 970 437 727 475 438 45 743 1219 486 957 610 493 1062 153 967 578 375 630 1045 367 325 310 963 53 332 421 457 593 409 737 452 386 711 1048 813 207 659 179 561 508 266 395 765 42 849 161 373 652 477 285 955 410 521 706 611 894 918 715 425 218 431 398 0 897 568 421 182 660 285 464 363 610 930 407 433 314
485 888 131 488 797 897 486 853 155 475 656 817 292 1286 387 908 470 1137 537 489 307 596 1194 1157 133 852 902 476 449 906 504 365 485 559 1255 414 85 695 1030 1073 682 478 635 522 414 859 1216 936 947 350 444 648 655 733 440 387 706 1146 228 691 491 686 485 766 897 0 942 609 979 266 613 475 533 303 604 494 485 982
712 57 939 726 1194 93 724 548 809 1394 922 1384 692 1027 1264 718 717 1146 675 459 909 746 581 521 928 530 883 632 694 1116 692 1004 750 733 1279 1270 865 513 1204 600 262 826 525 521 1056 579 1405 729 930 903 737 681 1318 890 808 986 1060 1432 822 1143 704 607 708 226 568 942 0 367 431 685 549 756 587 665 1278 653 711 881
357 310 638 371 864 300 370 380 463 1039 595 1034 334 911 903 525 551 925 331 212 665 418 635 586 628 368 642 271 333 825 340 637 396 395 1063 907 526 247 932 557 179 470 219 160 690 403 1141 548 695 536 376 375 956 588 447 620 729 1142 549 800 350 325 353 158 421 609 367 0 415 343 231 400 238 312 914 298 356 675
559 407 1033 566 907 347 566 193 824 1346 658 1133 686 595 1192 331 961 742 501 624 1078 519 221 177 1024 179 513 520 570 776 533 876 585 529 870 1183 893 298 838 171 502 651 353 456 911 216 1023 332 550 783 600 435 1121 589 655 847 788 1074 958 889 549 356 555 324 182 979 431 415 0 722 380 596 459 678 1093 517 558 484
306 630 312 315 763 634 313 614 124 710 547 861 69 1092 587 699 413 1000 340 255 398 425 941 900 304 611 734 257 261 811 315 395 325 386 1130 600 183 453 935 830 432 360 393 268 456 626 1139 726 785 315 280 450 736 596 318 395 643 1098 268 670 307 465 304 500 660 266 685 343 722 0 376 319 302 51 687 286 305 802
185 495 685 195 647 462 195 240 458 965 375 836 325 731 813 333 716 702 133 397 767 197 586 554 678 239 418 141 190 595 160 504 218 185 840 807 529 83 700 460 410 292 28 121 545 250 910 360 472 407 223 143 785 357 285 478 512 912 638 594 176 103 181 323 285 613 549 231 380 376 0 227 80 325 749 137 184 463
43 700 578 31 479 675 32 426 338 755 232 634 249 811 599 441 728 684 95 478 705 121 786 762 574 431 429 129 73 495 67 280 11 86 812 588 401 301 617 643 570 70 255 240 319 422 823 469 477 189 38 184 563 277 59 252 347 792 577 403 52 246 47 530 464 475 756 400 596 319 227 0 169 273 525 103 45 507
125 531 609 138 626 506 137 319 379 889 359 799 247 793 739 397 664 737 93 363 698 185 666 633 601 319 457 61 117 601 104 436 163 158 873 734 449 163 714 540 414 239 105 85 482 327 924 425 510 337 156 165 733 363 224 413 491 913 568 562 117 163 121 361 363 533 587 238 459 302 80 169 0 251 694 68 124 513
257 609 360 267 728 609 265 565 151 729 504 837 33 1041 599 647 455 951 289 258 449 375 895 856 352 562 684 206 212 768 265 380 279 336 1082 608 218 404 890 782 420 319 344 222 440 576 1096 675 735 293 234 398 721 549 278 376 605 1058 319 638 258 414 255 471 610 303 665 312 678 51 325 273 251 0 673 235 256 751
569 1221 732 557 340 1200 557 903 598 459 451 224 639 1087 335 841 1054 813 615 931 911 574 1251 1241 736 915 716 646 583 540 592 292 533 570 883 293 602 815 631 1094 1070 457 777 757 232 889 751 862 731 385 541 658 50 544 471 299 362 640 824 263 578 738 573 1054 930 604 1278 914 1093 687 749 525 694 673 0 627 570 807
59 597 580 73 572 573 72 365 343 828 311 736 222 807 675 418 674 722 55 395 684 149 719 690 574 367 450 35 52 564 44 369 98 114 856 669 412 219 681 586 470 173 165 138 414 368 891 446 502 271 88 163 666 331 156 345 438 872 554 503 52 192 55 427 407 494 653 298 517 286 137 103 68 235 627 0 58 515
1 655 581 15 517 630 13 393 341 789 261 677 237 803 634 423 707 694 58 444 699 119 752 726 576 398 431 87 44 520 24 320 39 80 825 625 407 261 640 613 527 115 212 196 361 392 848 451 481 225 44 163 608 293 101 294 383 823 570 445 8 214 2 485 433 485 711 356 558 305 184 45 124 256 570 58 0 504
503 841 1085 498 519 788 500 333 844 1188 376 762 737 306 1029 163 1177 264 462 860 1200 387 529 547 1080 351 92 546 545 334 489 711 497 425 399 1004 909 427 364 377 840 510 464 583 714 302 539 153 84 659 540 352 816 277 544 677 445 599 1070 550 499 360 504 695 314 982 881 675 484 802 463 507 513 751 807 515 504 0
