0 1458 1220 1324 637 1015 1162 331 1272 1223 1705 1608 1635 1567 301 1162
1458 0 463 1205 935 683 2604 1390 673 2504 854 1725 2499 804 1480 2371
1220 463 0 1430 602 251 2381 1063 948 2386 583 1269 2049 473 1333 1977
1324 1205 1430 0 1345 1457 2110 1529 532 1754 1991 2535 2909 1898 1100 2487
637 935 602 1345 0 379 1787 464 1040 1846 1069 1205 1656 931 813 1440
1015 683 251 1457 379 0 2167 826 1033 2213 700 1119 1816 566 1167 1725
1162 2604 2381 2110 1787 2167 0 1364 2285 600 2837 2463 1928 2698 1142 1226
331 1390 1063 1529 464 826 1364 0 1365 1519 1474 1278 1381 1335 623 1024
1272 673 948 532 1040 1033 2285 1365 0 2051 1483 2149 2692 1402 1156 2385
1223 2504 2386 1754 1846 2213 600 1519 2051 0 2913 2759 2412 2776 1053 1726
1705 854 583 1991 1069 700 2837 1474 1483 2913 0 1089 2094 139 1868 2213
1608 1725 1269 2535 1205 1119 2463 1278 2149 2759 1089 0 1093 1027 1889 1458
1635 2499 2049 2909 1656 1816 1928 1381 2692 2412 2094 1093 0 1996 1927 701
1567 804 473 1898 931 566 2698 1335 1402 2776 139 1027 1996 0 1733 2088
301 1480 1333 1100 813 1167 1142 623 1156 1053 1868 1889 1927 1733 0 1413
1162 2371 1977 2487 1440 1725 1226 1024 2385 1726 2213 1458 701 2088 1413 0
