0 496 1035 698 1078 651 1527 888 371 972 1465 1087 467 101 1557 620
496 0 1479 1017 735 709 1058 1380 398 536 1629 1242 641 420 1981 513
1035 1479 0 579 2112 1049 2538 407 1133 1800 1084 928 1376 1136 1509 1249
698 1017 579 0 1724 471 2057 752 627 1247 813 489 1150 791 1814 686
1078 735 2112 1724 0 1444 635 1914 1129 972 2363 1978 837 976 2156 1235
651 709 1049 471 1444 0 1668 1153 340 796 919 534 1099 697 2102 241
1527 1058 2538 2057 635 1668 0 2412 1431 939 2538 2180 1419 1433 2780 1428
888 1380 407 752 1914 1153 2412 0 1114 1798 1437 1208 1110 979 1120 1297
371 398 1133 627 1129 340 1431 1114 0 685 1247 859 777 385 1916 249
972 536 1800 1247 972 796 939 1798 685 0 1608 1266 1176 922 2509 562
1465 1629 1084 813 2363 919 2538 1437 1247 1608 0 388 1932 1542 2556 1136
1087 1242 928 489 1978 534 2180 1208 859 1266 388 0 1555 1160 2298 760
467 641 1376 1150 837 1099 1419 1110 777 1176 1932 1555 0 402 1390 1013
101 420 1136 791 976 697 1433 979 385 922 1542 1160 402 0 1589 630
1557 1981 1509 1814 2156 2102 2780 1120 1916 2509 2556 2298 1390 1589 0 2157
620 513 1249 686 1235 241 1428 1297 249 562 1136 760 1013 630 2157 0
