0 554 1524 1012 863 1117 1186 1576 1035 1040 1348 373 1472 855 338 76
554 0 994 572 1400 1238 978 1422 1455 515 1226 906 1124 1324 336 487
1524 994 0 996 2386 1641 1000 1945 2188 756 1836 1828 1407 2133 1214 1449
1012 572 996 0 1736 1801 1438 987 2005 244 848 1386 568 1853 899 968
863 1400 2386 1736 0 1622 1948 1900 1073 1835 1680 646 2042 851 1191 939
1117 1238 1641 1801 1622 0 678 2621 759 1675 2404 1022 2361 865 960 1084
1186 978 1000 1438 1948 678 0 2384 1360 1246 2198 1302 1999 1387 876 1119
1576 1422 1945 987 1900 2621 2384 0 2594 1225 231 1883 582 2389 1660 1579
1035 1455 2188 2005 1073 759 1360 2594 0 1968 2363 713 2502 230 1119 1055
1040 515 756 244 1835 1675 1246 1225 1968 0 1092 1407 760 1839 849 982
1348 1226 1836 848 1680 2404 2198 231 2363 1092 0 1652 580 2157 1446 1353
373 906 1828 1386 646 1022 1302 1883 713 1407 1652 0 1833 506 616 424
1472 1124 1407 568 2042 2361 1999 582 2502 760 580 1833 0 2327 1433 1446
855 1324 2133 1853 851 865 1387 2389 230 1839 2157 506 2327 0 993 887
338 336 1214 899 1191 960 876 1660 1119 849 1446 616 1433 993 0 262
76 487 1449 968 939 1084 1119 1579 1055 982 1353 424 1446 887 262 0
