0 1462 1343 857 1717 240 1050 823 589 1123 344 707 48 1380 715 329
1462 0 541 2319 3053 1697 2458 654 1233 1943 1473 810 1507 2790 749 1258
1343 541 0 2163 2729 1547 2207 743 1347 2121 1480 903 1380 2528 763 1259
857 2319 2163 0 1096 625 440 1676 1284 1333 951 1548 811 666 1572 1110
1717 3053 2729 1096 0 1493 695 2487 2271 2429 1946 2405 1671 441 2370 2039
240 1697 1547 625 1493 0 816 1062 783 1175 476 947 192 1143 953 546
1050 2458 2207 440 695 816 0 1854 1582 1754 1254 1754 1002 332 1739 1361
823 654 743 1676 2487 1062 1854 0 617 1382 821 167 870 2186 118 603
589 1233 1347 1284 2271 783 1582 617 0 777 333 450 628 1897 585 269
1123 1943 2121 1333 2429 1175 1754 1382 777 0 789 1218 1133 1996 1361 946
344 1473 1480 951 1946 476 1254 821 333 789 0 663 365 1566 745 222
707 810 903 1548 2405 947 1754 167 450 1218 663 0 755 2085 159 452
48 1507 1380 811 1671 192 1002 870 628 1133 365 755 0 1332 762 372
1380 2790 2528 666 441 1143 332 2186 1897 1996 1566 2085 1332 0 2072 1685
715 749 763 1572 2370 953 1739 118 585 1361 745 159 762 2072 0 523
329 1258 1259 1110 2039 546 1361 603 269 946 222 452 372 1685 523 0
