0 575 683 1251 274 904 1260 1696 705 1244 811 234 361 753 760 39
575 0 541 1475 848 539 689 1130 680 669 1386 360 915 1315 1200 613
683 541 0 1879 864 307 914 1459 161 973 1344 498 1021 1375 1443 701
1251 1475 1879 0 1261 2001 2010 2157 1941 1914 1379 1383 1079 1123 661 1254
274 848 864 1261 0 1125 1530 1971 839 1517 538 497 193 512 665 235
904 539 307 2001 1125 0 648 1202 443 731 1630 682 1262 1637 1645 931
1260 689 914 2010 1530 648 0 554 1071 136 2068 1033 1605 2005 1861 1298
1696 1130 1459 2157 1971 1202 554 0 1618 488 2504 1490 2008 2401 2170 1735
705 680 161 1941 839 443 1071 1618 0 1133 1279 563 1014 1339 1460 715
1244 669 973 1914 1517 731 136 488 1133 0 2056 1025 1576 1975 1802 1282
811 1386 1344 1379 538 1630 2068 2504 1279 2056 0 1035 516 256 722 773
234 360 498 1383 497 682 1033 1490 563 1025 1035 0 595 988 964 269
361 915 1021 1079 193 1262 1605 2008 1014 1576 516 595 0 399 471 331
753 1315 1375 1123 512 1637 2005 2401 1339 1975 256 988 399 0 470 719
760 1200 1443 661 665 1645 1861 2170 1460 1802 722 964 471 470 0 746
39 613 701 1254 235 931 1298 1735 715 1282 773 269 331 719 746 0
