0 1215 798 309 395 279 626 1348 474 1250 424 1190 1603 44 581 1105 519
1215 0 1852 1446 821 1042 603 2159 813 2302 810 2386 2813 1171 691 1700 1485
798 1852 0 873 1119 1077 1347 640 1042 461 1067 677 1306 832 1338 694 367
309 1446 873 0 639 406 842 1491 772 1279 707 1072 1378 338 764 1333 707
395 821 1119 639 0 267 235 1576 234 1581 134 1580 1993 350 224 1224 775
279 1042 1077 406 267 0 439 1615 470 1529 378 1434 1784 246 357 1332 785
626 603 1347 842 235 439 0 1773 357 1808 290 1814 2213 582 115 1387 995
1348 2159 640 1491 1576 1615 1773 0 1422 535 1483 1103 1752 1372 1799 499 830
474 813 1042 772 234 470 357 1422 0 1497 100 1583 2058 437 412 1030 677
1250 2302 461 1279 1581 1529 1808 535 1497 0 1527 586 1223 1287 1800 892 820
424 810 1067 707 134 378 290 1483 100 1527 0 1576 2025 383 326 1110 709
1190 2386 677 1072 1580 1434 1814 1103 1583 586 1576 0 654 1234 1769 1345 982
1603 2813 1306 1378 1993 1784 2213 1752 2058 1223 2025 654 0 1646 2141 1992 1556
44 1171 832 338 350 246 582 1372 437 1287 383 1234 1646 0 537 1114 541
581 691 1338 764 224 357 115 1799 412 1800 326 1769 2141 537 0 1436 999
1105 1700 694 1333 1224 1332 1387 499 1030 892 1110 1345 1992 1114 1436 0 629
519 1485 367 707 775 785 995 830 677 820 709 982 1556 541 999 629 0
