0 966 1011 778 512 216 232 714 1467 1206 407 971 792 1483 1162 1000
966 0 1929 1440 1055 1170 1027 1628 2407 292 710 1868 1450 518 1151 95
1011 1929 0 701 958 878 901 301 997 2120 1232 934 703 2443 2047 1940
778 1440 701 0 386 812 553 515 1618 1565 744 1346 14 1921 1939 1423
512 1055 958 386 0 639 290 686 1726 1194 360 1335 397 1543 1626 1042
216 1170 878 812 639 0 352 602 1251 1418 616 757 826 1683 1194 1209
232 1027 901 553 290 352 0 600 1520 1228 345 1080 567 1542 1387 1040
714 1628 301 515 686 602 600 0 1103 1823 935 870 522 2143 1791 1640
1467 2407 997 1618 1726 1251 1520 1103 0 2667 1848 570 1625 2909 1994 2455
1206 292 2120 1565 1194 1418 1228 1823 2667 0 887 2138 1574 371 1419 217
407 710 1232 744 360 616 345 935 1848 887 0 1374 756 1215 1331 710
971 1868 934 1346 1335 757 1080 870 570 2138 1374 0 1357 2359 1440 1922
792 1450 703 14 397 826 567 522 1625 1574 756 1357 0 1931 1953 1432
1483 518 2443 1921 1543 1683 1542 2143 2909 371 1215 2359 1931 0 1408 505
1162 1151 2047 1939 1626 1194 1387 1791 1994 1419 1331 1440 1953 1408 0 1247
1000 95 1940 1423 1042 1209 1040 1640 2455 217 710 1922 1432 505 1247 0
