0 972 473 708 824 643 1504 694 1679 398 610 257 838 533 1474 325
972 0 1439 1564 1655 1613 1999 1122 792 769 1119 755 300 1000 2027 650
473 1439 0 395 509 177 1544 958 2151 755 862 723 1274 847 1289 797
708 1564 395 0 121 435 1938 1321 2331 800 1226 958 1337 1189 896 985
824 1655 509 121 0 527 2048 1442 2429 886 1347 1071 1417 1310 792 1093
643 1613 177 435 527 0 1536 1050 2315 931 956 887 1451 960 1319 968
1504 1999 1544 1938 2048 1536 0 904 2245 1871 946 1471 2081 1065 2833 1592
694 1122 958 1321 1442 1050 904 0 1543 1003 95 586 1177 171 2156 697
1679 792 2151 2331 2429 2315 2245 1543 0 1551 1586 1428 1080 1496 2815 1360
398 769 755 800 886 931 1871 1003 1551 0 937 420 540 831 1331 337
610 1119 862 1226 1347 956 946 95 1586 937 0 526 1150 123 2066 645
257 755 723 958 1071 887 1471 586 1428 420 526 0 681 414 1674 129
838 300 1274 1337 1417 1451 2081 1177 1080 540 1150 681 0 1027 1735 553
533 1000 847 1189 1310 960 1065 171 1496 831 123 414 1027 0 2004 528
1474 2027 1289 896 792 1319 2833 2156 2815 1331 2066 1674 1735 2004 0 1642
325 650 797 985 1093 968 1592 697 1360 337 645 129 553 528 1642 0
