0 1621 964 631 1073 1532 457 318 743 638 206 1025 16 1576 223 1010
1621 0 2584 1253 573 913 1554 1319 901 1446 1800 1890 1629 2708 1522 879
964 2584 0 1499 2036 2416 1201 1268 1705 1402 787 1472 955 1388 1081 1927
631 1253 1499 0 687 920 319 556 414 200 833 714 647 2182 722 439
1073 573 2036 687 0 739 982 793 333 884 1264 1361 1083 2342 1009 389
1532 913 2416 920 739 0 1217 1352 893 1024 1738 1258 1546 2997 1562 532
457 1554 1201 319 982 1217 0 560 671 207 625 594 473 2029 633 758
318 1319 1268 556 793 1352 560 0 485 661 481 1151 322 1655 218 819
743 901 1705 414 333 893 671 485 0 613 939 1127 754 2106 703 377
638 1446 1402 200 884 1024 207 661 613 0 821 525 654 2215 783 601
206 1800 787 833 1264 1738 625 481 939 821 0 1150 192 1408 300 1216
1025 1890 1472 714 1361 1258 594 1151 1127 525 1150 0 1039 2548 1221 1011
16 1629 955 647 1083 1546 473 322 754 654 192 1039 0 1560 215 1023
1576 2708 1388 2182 2342 2997 2029 1655 2106 2215 1408 2548 1560 0 1461 2468
223 1522 1081 722 1009 1562 633 218 703 783 300 1221 215 1461 0 1030
1010 879 1927 439 389 532 758 819 377 601 1216 1011 1023 2468 1030 0
