0 330 1528 1454 817 1546 1235 1224 819 96 1325 1363 316 1283 1657 913
330 0 1677 1432 1009 1625 1442 1363 1116 374 1213 1045 642 1192 1960 867
1528 1677 0 819 717 2976 404 314 1013 1431 1172 2169 1364 2811 1168 2441
1454 1432 819 0 938 3000 1015 695 1397 1371 410 1522 1463 2621 1891 2297
817 1009 717 938 0 2269 433 431 460 721 1057 1731 652 2100 1127 1727
1546 1625 2976 3000 2269 0 2609 2701 2013 1633 2834 2417 1617 799 2593 832
1235 1442 404 1015 433 2609 0 320 616 1141 1273 2113 1022 2509 876 2132
1224 1363 314 695 431 2701 320 0 810 1127 971 1891 1084 2505 1196 2137
819 1116 1013 1397 460 2013 616 810 0 747 1504 2026 521 2005 844 1625
96 374 1431 1371 721 1633 1141 1127 747 0 1259 1375 274 1380 1590 1010
1325 1213 1172 410 1057 2834 1273 971 1504 1259 0 1119 1422 2366 2134 2074
1363 1045 2169 1522 1731 2417 2113 1891 2026 1375 1119 0 1647 1721 2839 1585
316 642 1364 1463 652 1617 1022 1084 521 274 1422 1647 0 1500 1347 1120
1283 1192 2811 2621 2100 799 2509 2505 2005 1380 2366 1721 1500 0 2758 380
1657 1960 1168 1891 1127 2593 876 1196 844 1590 2134 2839 1347 2758 0 2386
913 867 2441 2297 1727 832 2132 2137 1625 1010 2074 1585 1120 380 2386 0
