0 543 861 447 34 38 6 543 90 542 483 360 130 407 296 634 443 663 343 500 759 214 13 751 798 457 125 75 130 592 516 80 553 652 492 264 808 434 577 32 622 184 706 816 256 491 689 862 428 242 236 596 240 162 401 542 7 209 306 386 215 251 429 826 181 135 301 691 228 502 400 119 466 100 107 853 128 219
543 0 351 118 576 552 549 1059 483 467 215 289 567 772 566 265 902 530 527 78 807 740 556 811 1314 91 645 614 673 592 693 608 333 1181 1034 765 1044 933 1091 527 157 719 1122 1251 350 970 1019 736 756 494 778 283 768 638 668 1060 550 533 241 651 458 692 313 468 647 626 408 1234 353 476 168 559 497 442 643 1255 414 756
861 351 0 417 892 862 868 1396 816 786 398 527 853 1123 791 276 1148 818 877 365 841 1035 875 852 1580 415 945 936 986 912 834 914 413 1464 1340 1103 1149 1200 1429 840 405 1045 1325 1457 624 1315 1369 668 1107 741 1088 565 1097 921 1018 1335 868 881 557 1001 807 1037 654 294 926 917 759 1546 698 590 461 847 834 764 951 1606 737 1081
447 118 417 0 478 451 453 978 398 495 128 171 457 724 447 241 786 579 497 54 711 633 460 713 1202 35 540 521 574 614 579 505 257 1073 933 686 932 820 1012 427 264 628 1003 1132 234 900 987 668 715 376 678 355 680 527 635 949 454 474 140 617 402 624 323 457 535 518 374 1136 288 373 51 449 501 348 541 1210 321 665
34 576 892 478 0 37 28 518 121 571 509 385 123 407 295 660 414 692 364 532 760 180 22 750 764 489 94 52 96 616 512 50 575 618 459 247 794 402 553 52 657 157 678 787 280 473 687 872 433 250 202 629 215 140 413 508 26 228 338 398 243 248 461 849 159 112 331 659 262 514 431 114 492 134 73 841 162 192
38 552 862 451 37 0 39 553 123 577 477 351 93 440 261 626 410 697 380 505 726 192 39 717 776 464 98 89 123 629 480 56 539 634 482 284 770 407 588 26 640 192 671 783 246 510 721 835 464 213 227 621 250 126 439 520 35 247 312 424 251 282 458 814 144 100 335 685 253 477 402 82 502 115 90 878 142 226
6 549 868 453 28 39 0 536 93 545 489 367 132 403 299 640 440 666 343 507 762 209 6 754 793 463 121 69 124 593 518 76 559 646 486 258 809 430 571 37 628 177 703 813 262 485 685 867 426 246 230 601 233 161 400 537 3 209 312 385 218 247 433 832 179 134 304 685 233 506 406 121 468 106 102 848 134 213
543 1059 1396 978 518 553 536 0 580 853 1026 903 603 396 758 1177 593 951 620 1030 1188 447 530 1174 601 982 501 467 438 815 933 512 1092 448 276 294 1092 498 36 570 1100 360 796 834 798 146 475 1352 445 745 363 1016 303 557 527 459 537 541 839 531 613 379 841 1367 565 543 692 296 707 1012 936 601 752 634 479 451 660 327
90 483 816 398 121 123 93 580 0 453 456 347 207 375 354 607 533 574 263 450 807 301 98 800 883 402 215 139 209 507 574 170 545 733 565 287 883 523 613 103 547 238 795 906 250 506 658 886 387 286 311 510 285 250 342 627 96 140 259 325 128 239 340 810 268 224 211 757 145 523 357 195 379 70 194 845 87 274
542 467 786 495 571 577 545 853 453 0 621 599 654 468 767 724 985 120 240 508 1162 744 550 1160 1304 465 666 571 643 126 970 621 750 1144 953 600 1308 967 875 555 382 629 1248 1358 569 721 630 1159 427 686 729 229 646 703 333 1056 548 363 459 325 328 493 174 934 721 678 242 1110 349 829 501 642 100 483 640 890 468 657
483 215 398 128 509 477 489 1026 456 621 0 129 457 811 398 151 753 707 602 139 592 640 495 595 1183 162 552 558 599 738 488 525 129 1065 946 740 835 802 1060 457 373 667 947 1078 231 963 1084 540 808 343 698 481 723 524 735 936 489 557 208 717 491 694 448 357 528 522 480 1153 377 261 125 452 621 394 562 1294 370 702
360 289 527 171 385 351 367 903 347 599 129 0 327 715 280 276 630 700 532 215 566 510 373 565 1056 204 423 435 472 705 410 398 198 936 816 623 763 675 938 333 434 543 836 966 104 848 994 572 719 217 569 506 600 394 654 808 366 463 142 636 405 586 426 466 398 392 417 1023 298 229 127 322 579 279 434 1192 259 577
130 567 853 457 123 93 132 603 207 654 457 327 0 530 174 601 349 774 469 510 638 183 131 628 747 476 102 168 166 714 389 96 498 616 489 357 678 366 638 105 674 252 601 719 228 578 809 761 555 142 248 675 310 70 532 492 129 339 327 517 335 370 522 773 80 65 412 697 315 410 405 12 585 172 125 955 192 279
407 772 1123 724 407 440 403 396 375 468 811 715 530 0 702 957 736 558 258 767 1166 490 401 1157 930 715 467 365 403 419 920 441 913 766 564 231 1185 675 413 439 770 330 995 1075 624 256 283 1261 51 649 426 658 303 531 135 715 406 254 602 143 322 162 496 1169 549 504 365 677 437 898 695 521 369 446 431 485 459 333
296 566 791 447 295 261 299 758 354 767 398 280 174 702 0 519 357 883 614 495 464 313 300 455 790 476 262 342 333 845 220 269 394 686 601 529 540 417 794 265 700 421 556 685 225 747 982 594 725 82 395 740 477 201 694 553 296 494 355 678 474 543 613 658 192 219 535 808 418 263 397 181 713 296 293 1128 303 445
634 265 276 241 660 626 640 1177 607 724 151 276 601 957 519 0 877 795 738 216 600 784 646 608 1310 262 699 709 748 847 560 674 138 1200 1090 892 886 934 1211 607 409 817 1049 1180 380 1114 1225 483 951 477 845 549 874 666 874 1069 640 703 355 856 635 844 558 216 668 666 615 1298 520 316 261 597 740 545 710 1441 521 852
443 902 1148 786 414 410 440 593 533 985 753 630 349 736 357 877 0 1106 773 837 643 253 435 626 435 811 319 421 354 1026 414 364 748 350 344 506 498 100 625 434 1020 408 266 373 552 652 972 856 777 412 309 1025 434 287 791 219 437 635 669 781 657 584 867 1002 271 310 744 521 660 597 735 360 905 517 348 1034 540 402
663 530 818 579 692 697 666 951 574 120 707 700 774 558 883 795 1106 0 352 583 1266 864 670 1265 1420 546 786 691 762 147 1082 742 836 1260 1066 711 1423 1087 970 675 415 746 1369 1479 679 814 678 1247 512 801 847 255 760 824 424 1174 669 481 562 419 449 602 276 997 842 798 362 1217 466 930 593 762 209 603 760 942 587 773
343 527 877 497 364 380 343 620 263 240 602 532 469 258 614 738 773 352 0 533 1055 523 346 1049 1067 482 456 352 420 253 832 414 719 907 714 360 1146 743 645 364 512 395 1039 1142 463 497 493 1103 232 541 497 402 407 504 141 824 347 137 398 124 141 253 237 954 523 477 123 870 233 745 479 457 142 317 425 731 315 420
500 78 365 54 532 505 507 1030 450 508 139 215 510 767 495 216 837 583 533 0 731 687 514 735 1255 52 594 574 628 631 616 559 262 1127 987 737 966 873 1063 481 234 682 1051 1180 286 950 1026 670 756 426 732 347 733 581 673 1002 507 519 194 655 446 672 342 429 589 572 411 1190 334 398 104 503 525 401 595 1253 374 718
759 807 841 711 760 726 762 1188 807 1162 592 566 638 1166 464 600 643 1266 1055 731 0 745 764 18 1023 747 719 806 789 1260 256 732 480 983 977 988 339 741 1223 728 965 877 654 769 598 1199 1447 254 1188 521 831 1065 931 653 1150 859 760 948 704 1133 914 1008 991 574 639 676 956 1164 833 338 682 646 1130 742 752 1585 740 897
214 740 1035 633 180 192 209 447 301 744 640 510 183 490 313 784 253 864 523 687 745 0 203 732 584 650 94 173 102 776 489 136 678 442 305 268 701 223 483 218 832 160 519 618 410 456 744 905 529 315 86 810 199 119 538 328 207 386 498 527 416 334 642 952 122 117 508 513 442 574 583 188 659 308 107 845 335 164
13 556 875 460 22 39 6 530 98 550 495 373 131 401 300 646 435 670 346 514 764 203 0 756 787 470 116 62 117 596 519 71 565 640 479 253 808 424 565 41 635 171 699 808 268 480 683 871 424 249 223 607 227 158 400 530 6 211 319 385 222 244 439 838 176 130 309 678 239 511 413 121 472 113 96 844 141 206
751 811 852 713 750 717 754 1174 800 1160 595 565 628 1157 455 608 626 1265 1049 735 18 732 756 0 1005 749 708 796 778 1257 243 722 486 966 962 977 323 724 1209 719 969 866 636 751 595 1187 1438 272 1179 514 818 1067 920 642 1143 842 751 941 702 1126 909 999 989 587 628 665 952 1148 829 340 683 636 1127 735 741 1573 734 885
798 1314 1580 1202 764 776 793 601 883 1304 1183 1056 747 930 790 1310 435 1420 1067 1255 1023 584 787 1005 0 1223 678 746 674 1311 829 721 1183 164 365 719 770 382 613 803 1416 674 389 332 969 731 1075 1260 981 839 577 1393 661 677 1033 256 791 940 1074 1028 987 825 1222 1436 667 690 1080 334 1026 1031 1151 755 1210 892 691 1026 919 647
457 91 415 35 489 464 463 982 402 465 162 204 476 715 476 262 811 546 482 52 747 650 470 749 1223 0 556 529 586 586 614 519 291 1091 947 689 967 842 1015 439 229 636 1032 1160 258 899 974 701 704 403 691 320 687 546 621 969 464 468 152 603 395 622 296 478 555 536 359 1148 283 409 79 468 477 357 555 1201 329 673
125 645 945 540 94 98 121 501 215 666 552 423 102 467 262 699 319 786 456 594 719 94 116 708 678 556 0 108 70 708 464 45 599 537 394 269 720 309 537 124 738 159 584 692 321 484 737 856 499 244 147 720 215 66 492 421 118 318 404 479 337 305 554 875 82 43 426 601 351 511 490 102 586 214 36 867 241 182
75 614 936 521 52 89 69 467 139 571 558 435 168 365 342 709 421 691 352 574 806 173 62 796 746 529 108 0 72 605 556 76 626 594 425 194 826 396 502 103 686 108 687 790 331 420 641 923 393 301 171 648 164 169 383 492 69 214 380 370 244 203 475 900 187 141 336 620 285 566 475 161 486 172 74 790 200 144
130 673 986 574 96 123 124 438 209 643 599 472 166 403 333 748 354 762 420 628 789 102 117 778 674 586 70 72 0 674 535 75 655 524 362 199 782 324 474 146 752 88 621 721 368 414 669 925 438 308 105 719 145 136 439 419 123 283 434 427 317 242 547 931 151 113 409 562 354 576 526 163 557 230 41 796 259 113
592 592 912 614 616 629 593 815 507 126 738 705 714 419 845 847 1026 147 253 631 1260 776 596 1257 1311 586 708 605 674 0 1055 665 866 1148 950 593 1384 996 833 610 508 644 1293 1395 662 675 532 1272 371 766 748 351 649 754 289 1072 596 390 563 288 378 485 290 1058 773 727 310 1089 430 933 615 702 131 550 678 796 541 666
516 693 834 579 512 480 518 933 574 970 488 410 389 920 220 560 414 1082 832 616 256 489 519 243 829 614 464 556 535 1055 0 480 422 764 733 734 352 505 969 485 844 623 505 635 403 943 1198 442 944 291 575 913 676 398 914 633 515 714 528 898 691 759 807 628 384 422 746 928 625 244 538 398 924 514 498 1329 517 641
80 608 914 505 50 56 76 512 170 621 525 398 96 441 269 674 364 742 414 559 732 136 71 722 721 519 45 76 75 665 480 0 580 578 428 260 751 354 548 82 696 156 628 737 294 482 717 857 470 236 173 675 215 93 457 464 73 277 367 443 293 280 509 856 112 65 381 631 307 504 456 91 542 171 36 859 198 186
553 333 413 257 575 539 559 1092 545 750 129 198 498 913 394 138 748 836 719 262 480 678 565 486 1183 291 599 626 655 866 422 580 0 1080 982 817 752 811 1127 523 490 732 912 1044 297 1043 1190 411 914 364 746 608 790 559 846 948 558 659 320 828 598 784 577 275 558 563 599 1190 488 178 250 496 747 476 615 1390 457 765
652 1181 1464 1073 618 634 646 448 733 1144 1065 936 616 766 686 1200 350 1260 907 1127 983 442 640 966 164 1091 537 594 524 1148 764 578 1080 0 201 555 777 269 464 660 1274 516 412 408 843 572 918 1205 816 723 423 1243 499 546 869 133 644 782 940 865 832 662 1069 1343 539 555 924 221 878 940 1022 623 1050 749 545 887 777 487
492 1034 1340 933 459 482 486 276 565 953 946 816 489 564 601 1090 344 1066 714 987 977 305 479 962 365 947 394 425 362 950 733 428 982 201 0 357 836 243 300 507 1112 333 521 559 715 381 727 1171 615 617 256 1066 306 423 668 183 485 594 795 665 650 465 890 1254 423 423 742 208 710 865 884 493 856 593 392 727 621 300
264 765 1103 686 247 284 258 294 287 600 740 623 357 231 529 892 506 711 360 737 988 268 253 977 719 689 269 194 199 593 734 260 817 555 357 0 970 443 326 295 809 112 764 844 520 226 475 1117 276 494 197 736 72 335 314 490 260 256 547 309 324 108 559 1089 350 312 408 512 413 761 645 351 502 346 236 599 370 104
808 1044 1149 932 794 770 809 1092 883 1308 835 763 678 1185 540 886 498 1423 1146 966 339 701 808 323 770 967 720 826 782 1384 352 751 752 777 836 970 0 596 1123 783 1196 860 381 469 750 1143 1445 591 1219 622 780 1264 901 657 1207 676 806 1017 877 1193 1008 1024 1151 902 639 686 1075 987 959 578 891 690 1253 833 756 1530 843 866
434 933 1200 820 402 407 430 498 523 967 802 675 366 675 417 934 100 1087 743 873 741 223 424 724 382 842 309 396 324 996 505 354 811 269 243 443 596 0 528 433 1039 358 321 403 587 566 896 947 720 459 253 1029 372 297 744 136 427 607 694 735 640 533 863 1073 286 313 731 424 661 671 769 376 881 521 329 943 547 344
577 1091 1429 1012 553 588 571 36 613 875 1060 938 638 413 794 1211 625 970 645 1063 1223 483 565 1209 613 1015 537 502 474 833 969 548 1127 464 300 326 1123 528 0 605 1129 395 822 856 833 157 470 1388 461 781 399 1042 338 593 546 484 571 570 872 551 643 407 868 1402 601 579 720 298 739 1048 969 637 774 668 515 427 693 362
32 527 840 427 52 26 37 570 103 555 457 333 105 439 265 607 434 675 364 481 728 218 41 719 803 439 124 103 146 610 485 82 523 660 507 295 783 433 605 0 614 210 694 807 228 522 721 830 460 210 251 596 267 148 429 546 35 234 287 414 231 284 433 797 166 124 313 709 228 469 379 93 482 89 115 885 116 244
622 157 405 264 657 640 628 1100 547 382 373 434 674 770 700 409 1020 415 512 234 965 832 635 969 1416 229 738 686 752 508 844 696 490 1274 1112 809 1196 1039 1129 614 0 784 1252 1378 476 994 989 889 744 623 857 160 825 742 649 1159 630 558 351 635 486 721 275 594 754 726 411 1303 403 633 307 664 441 524 729 1239 497 819
184 719 1045 628 157 192 177 360 238 629 667 543 252 330 421 817 408 746 395 682 877 160 171 866 674 636 159 108 88 644 623 156 732 516 333 112 860 358 395 210 784 0 671 761 438 326 586 1013 370 393 105 733 58 224 386 429 177 266 487 377 317 176 557 1006 238 202 409 519 380 661 583 248 536 280 128 708 307 36
706 1122 1325 1003 678 671 703 796 795 1248 947 836 601 995 556 1049 266 1369 1039 1051 654 519 699 636 389 1032 584 687 621 1293 505 628 912 412 521 764 381 321 822 694 1252 671 0 131 776 882 1217 902 1039 629 569 1273 692 545 1057 339 700 902 902 1047 921 848 1123 1133 528 570 1007 632 916 740 953 613 1171 773 614 1247 793 662
816 1251 1457 1132 787 783 813 834 906 1358 1078 966 719 1075 685 1180 373 1479 1142 1180 769 618 808 751 332 1160 692 790 721 1395 635 737 1044 408 559 844 469 403 856 807 1378 761 131 0 903 936 1278 1021 1121 757 656 1394 774 659 1148 377 810 1005 1027 1139 1030 936 1239 1263 643 683 1118 627 1033 871 1082 730 1277 889 719 1283 911 747
256 350 624 234 280 246 262 798 250 569 231 104 228 624 225 380 552 679 463 286 598 410 268 595 969 258 321 331 368 662 403 294 297 843 715 520 750 587 833 228 476 438 776 903 0 745 906 643 632 146 466 517 495 297 575 717 262 377 129 557 327 488 403 569 304 292 358 922 235 282 182 222 532 180 330 1095 164 472
491 970 1315 900 473 510 485 146 506 721 963 848 578 256 747 1114 652 814 497 950 1199 456 480 1187 731 899 484 420 414 675 943 482 1043 572 381 226 1143 566 157 522 994 326 882 936 745 0 346 1339 304 718 371 898 269 547 390 559 486 439 764 396 513 278 727 1314 560 527 582 441 617 986 862 574 621 569 454 389 592 302
689 1019 1369 987 687 721 685 475 658 630 1084 994 809 283 982 1225 972 678 493 1026 1447 744 683 1438 1075 974 737 641 669 532 1198 717 1190 918 727 475 1445 896 470 721 989 586 1217 1278 906 346 0 1545 275 931 668 852 544 803 353 903 688 531 875 370 593 439 718 1440 820 777 614 768 706 1181 964 801 550 729 701 264 741 579
862 736 668 668 872 835 867 1352 886 1159 540 572 761 1261 594 483 856 1247 1103 670 254 905 871 272 1260 701 856 923 925 1272 442 857 411 1205 1171 1117 591 947 1388 830 889 1013 902 1021 643 1339 1545 0 1273 622 988 1017 1070 796 1218 1075 865 1019 712 1200 970 1113 985 376 786 813 989 1369 869 363 657 765 1149 816 885 1714 805 1039
428 756 1107 715 433 464 426 445 387 427 808 719 555 51 725 951 777 512 232 756 1188 529 424 1179 981 704 499 393 438 371 944 470 914 816 615 276 1219 720 461 460 744 370 1039 1121 632 304 275 1273 0 667 469 625 347 562 96 764 428 255 599 109 317 195 469 1165 580 534 347 729 431 909 690 546 330 457 463 499 468 376
242 494 741 376 250 213 246 745 286 686 343 217 142 649 82 477 412 801 541 426 521 315 249 514 839 403 244 301 308 766 291 236 364 723 617 494 622 459 781 210 623 393 629 757 146 718 931 622 667 0 388 658 452 196 629 593 244 427 275 612 400 494 530 637 194 204 456 826 338 268 325 145 634 223 267 1091 226 422
236 778 1088 678 202 227 230 363 311 729 698 569 248 426 395 845 309 847 497 732 831 86 223 818 577 691 147 171 105 748 575 173 746 423 256 197 780 253 399 251 857 105 569 656 466 371 668 988 469 388 0 819 125 195 491 327 228 365 539 482 409 280 645 1022 202 184 502 458 457 652 629 250 638 336 137 760 364 93
596 283 565 355 629 621 601 1016 510 229 481 506 675 658 740 549 1025 255 402 347 1065 810 607 1067 1393 320 720 648 719 351 913 675 608 1243 1066 736 1264 1029 1042 596 160 733 1273 1394 517 898 852 1017 625 658 819 0 765 738 529 1137 603 480 387 516 417 638 177 746 753 718 328 1245 368 727 383 664 302 508 703 1109 484 766
240 768 1097 680 215 250 233 303 285 646 723 600 310 303 477 874 434 760 407 733 931 199 227 920 661 687 215 164 145 649 676 215 790 499 306 72 901 372 338 267 825 58 692 774 495 269 544 1070 347 452 125 765 0 278 378 425 233 288 540 372 348 166 588 1064 292 258 438 480 423 720 636 307 550 333 185 653 360 35
162 638 921 527 140 126 161 557 250 703 524 394 70 531 201 666 287 824 504 581 653 119 158 642 677 546 66 169 136 754 398 93 559 546 423 335 657 297 593 148 742 224 545 659 297 547 803 796 562 196 195 738 278 0 550 422 157 369 397 537 378 369 580 832 19 28 461 632 373 457 476 78 629 230 101 932 253 245
401 668 1018 635 413 439 400 527 342 333 735 654 532 135 694 874 791 424 141 673 1150 538 400 1143 1033 621 492 383 439 289 914 457 846 869 668 314 1207 744 546 429 649 386 1057 1148 575 390 353 1218 96 629 491 529 378 550 0 804 403 202 527 18 249 212 374 1089 569 522 261 800 358 857 613 521 235 409 457 590 415 401
542 1060 1335 949 508 520 537 459 627 1056 936 808 492 715 553 1069 219 1174 824 1002 859 328 530 842 256 969 421 492 419 1072 633 464 948 133 183 490 676 136 484 546 1159 429 339 377 717 559 903 1075 764 593 327 1137 425 422 804 0 534 692 819 797 735 592 967 1210 413 434 828 312 770 807 898 500 965 636 434 911 662 405
7 550 868 454 26 35 3 537 96 548 489 366 129 406 296 640 437 669 347 507 760 207 6 751 791 464 118 69 123 596 515 73 558 644 485 260 806 427 571 35 630 177 700 810 262 486 688 865 428 244 228 603 233 157 403 534 0 212 313 388 221 249 436 832 176 130 307 684 235 505 407 118 471 108 100 849 136 213
209 533 881 474 228 247 209 541 140 363 557 463 339 254 494 703 635 481 137 519 948 386 211 941 940 468 318 214 283 390 714 277 659 782 594 256 1017 607 570 234 558 266 902 1005 377 439 531 1019 255 427 365 480 288 369 202 692 212 0 348 185 74 163 303 914 388 341 152 765 185 656 442 327 274 206 287 738 214 295
306 241 557 140 338 312 312 839 259 459 208 142 327 602 355 355 669 562 398 194 704 498 319 702 1074 152 404 380 434 563 528 367 320 940 795 547 877 694 872 287 351 487 902 1027 129 764 875 712 599 275 539 387 540 397 527 819 313 348 0 509 282 490 286 566 407 385 279 997 168 370 97 318 437 207 402 1086 180 524
386 651 1001 617 398 424 385 531 325 325 717 636 517 143 678 856 781 419 124 655 1133 527 385 1126 1028 603 479 370 427 288 898 443 828 865 665 309 1193 735 551 414 635 377 1047 1139 557 396 370 1200 109 612 482 516 372 537 18 797 388 185 509 0 231 205 360 1071 556 508 244 801 340 839 595 506 226 391 444 606 397 394
215 458 807 402 243 251 218 613 128 328 491 405 335 322 474 635 657 449 141 446 914 416 222 909 987 395 337 244 317 378 691 293 598 832 650 324 1008 640 643 231 486 317 921 1030 327 513 593 970 317 400 409 417 348 378 249 735 221 74 282 231 0 236 240 848 396 351 92 828 114 610 373 323 251 177 311 808 174 349
251 692 1037 624 248 282 247 379 239 493 694 586 370 162 543 844 584 602 253 672 1008 334 244 999 825 622 305 203 242 485 759 280 784 662 465 108 1024 533 407 284 721 176 848 936 488 278 439 1113 195 494 280 638 166 369 212 592 249 163 490 205 236 0 462 1049 387 342 312 617 339 751 588 362 394 307 269 607 326 189
429 313 654 323 461 458 433 841 340 174 448 426 522 496 613 558 867 276 237 342 991 642 439 989 1222 296 554 475 547 290 807 509 577 1069 890 559 1151 863 868 433 275 557 1123 1239 403 727 718 985 469 530 645 177 588 580 374 967 436 303 286 360 240 462 0 772 596 557 150 1067 206 656 327 510 184 350 534 964 329 589
826 468 294 457 849 814 832 1367 810 934 357 466 773 1169 658 216 1002 997 954 429 574 952 838 587 1436 478 875 900 931 1058 628 856 275 1343 1254 1089 902 1073 1402 797 594 1006 1133 1263 569 1314 1440 376 1165 637 1022 746 1064 832 1089 1210 832 914 566 1071 848 1049 772 0 831 838 831 1462 733 405 475 772 954 745 891 1651 723 1040
181 647 926 535 159 144 179 565 268 721 528 398 80 549 192 668 271 842 523 589 639 122 176 628 667 555 82 187 151 773 384 112 558 539 423 350 639 286 601 166 754 238 528 643 304 560 820 786 580 194 202 753 292 19 569 413 176 388 407 556 396 387 596 831 0 47 479 632 389 451 484 90 647 246 118 945 269 258
135 626 917 518 112 100 134 543 224 678 522 392 65 504 219 666 310 798 477 572 676 117 130 665 690 536 43 141 113 727 422 65 563 555 423 312 686 313 579 124 726 202 570 683 292 527 777 813 534 204 184 718 258 28 522 434 130 341 385 508 351 342 557 838 47 0 436 631 351 469 467 70 602 209 76 910 234 225
301 408 759 374 331 335 304 692 211 242 480 417 412 365 535 615 744 362 123 411 956 508 309 952 1080 359 426 336 409 310 746 381 599 924 742 408 1075 731 720 313 411 409 1007 1118 358 582 614 989 347 456 502 328 438 461 261 828 307 152 279 244 92 312 150 831 479 436 0 917 123 637 356 400 178 243 401 847 231 441
691 1234 1546 1136 659 685 685 296 757 1110 1153 1023 697 677 808 1298 521 1217 870 1190 1164 513 678 1148 334 1148 601 620 562 1089 928 631 1190 221 208 512 987 424 298 709 1303 519 632 627 922 441 768 1369 729 826 458 1245 480 632 800 312 684 765 997 801 828 617 1067 1462 632 631 917 0 900 1072 1088 701 1010 792 595 693 820 483
228 353 698 288 262 253 233 707 145 349 377 298 315 437 418 520 660 466 233 334 833 442 239 829 1026 283 351 285 354 430 625 307 488 878 710 413 959 661 739 228 403 380 916 1033 235 617 706 869 431 338 457 368 423 373 358 770 235 185 168 340 114 339 206 733 389 351 123 900 0 515 258 303 299 143 335 922 123 416
502 476 590 373 514 477 506 1012 523 829 261 229 410 898 263 316 597 930 745 398 338 574 511 340 1031 409 511 566 576 933 244 504 178 940 865 761 578 671 1048 469 633 661 740 871 282 986 1181 363 909 268 652 727 720 457 857 807 505 656 370 839 610 751 656 405 451 469 637 1072 515 0 343 413 805 452 535 1355 442 690
400 168 461 51 431 402 406 936 357 501 125 127 405 695 397 261 735 593 479 104 682 583 413 683 1151 79 490 475 526 615 538 456 250 1022 884 645 891 769 969 379 307 583 953 1082 182 862 964 657 690 325 629 383 636 476 613 898 407 442 97 595 373 588 327 475 484 467 356 1088 258 343 0 398 497 302 492 1180 276 619
119 559 847 449 114 82 121 601 195 642 452 322 12 521 181 597 360 762 457 503 646 188 121 636 755 468 102 161 163 702 398 91 496 623 493 351 690 376 637 93 664 248 613 730 222 574 801 765 546 145 250 664 307 78 521 500 118 327 318 506 323 362 510 772 90 70 400 701 303 413 398 0 573 160 122 950 181 277
466 497 834 501 492 502 468 752 379 100 621 579 585 369 713 740 905 209 142 525 1130 659 472 1127 1210 477 586 486 557 131 924 542 747 1050 856 502 1253 881 774 482 441 536 1171 1277 532 621 550 1149 330 634 638 302 550 629 235 965 471 274 437 226 251 394 184 954 647 602 178 1010 299 805 497 573 0 420 558 806 410 563
100 442 764 348 134 115 106 634 70 483 394 279 172 446 296 545 517 603 317 401 742 308 113 735 892 357 214 172 230 550 514 171 476 749 593 346 833 521 668 89 524 280 773 889 180 569 729 816 457 223 336 508 333 230 409 636 108 206 207 391 177 307 350 745 246 209 243 792 143 452 302 160 420 0 204 914 28 316
107 643 951 541 73 90 102 479 194 640 562 434 125 431 293 710 348 760 425 595 752 107 96 741 691 555 36 74 41 678 498 36 615 545 392 236 756 329 515 115 729 128 614 719 330 454 701 885 463 267 137 703 185 101 457 434 100 287 402 444 311 269 534 891 118 76 401 595 335 535 492 122 558 204 0 835 232 154
853 1255 1606 1210 841 878 848 451 845 890 1294 1192 955 485 1128 1441 1034 942 731 1253 1585 845 844 1573 1026 1201 867 790 796 796 1329 859 1390 887 727 599 1530 943 427 885 1239 708 1247 1283 1095 389 264 1714 499 1091 760 1109 653 932 590 911 849 738 1086 606 808 607 964 1651 945 910 847 693 922 1355 1180 950 806 914 835 0 932 688
128 414 737 321 162 142 134 660 87 468 370 259 192 459 303 521 540 587 315 374 740 335 141 734 919 329 241 200 259 541 517 198 457 777 621 370 843 547 693 116 497 307 793 911 164 592 741 805 468 226 364 484 360 253 415 662 136 214 180 397 174 326 329 723 269 234 231 820 123 442 276 181 410 28 232 932 0 344
219 756 1081 665 192 226 213 327 274 657 702 577 279 333 445 852 402 773 420 718 897 164 206 885 647 673 182 144 113 666 641 186 765 487 300 104 866 344 362 244 819 36 662 747 472 302 579 1039 376 422 93 766 35 245 401 405 213 295 524 394 349 189 589 1040 258 225 441 483 416 690 619 277 563 316 154 688 344 0
