0 352 862 545 292 637 344 865 745 835 10 493 783 855 818 59 493 458 131 128 796 364 848 237 768 628 226 635 749 784 609 643 679 118 366 686 246 263 132 692 677 160 177 316 540 861 667 239 91 824 591 0 786 247 143 37 488 805 171 514 187 59 614 845 669 47 706 493 359 528 586 321 273 764 290 492 51 590
352 0 511 749 627 783 459 533 540 1082 347 658 677 868 537 335 607 772 398 367 444 536 741 492 1101 395 496 324 794 1134 263 383 338 282 675 445 158 347 482 647 875 479 211 182 527 838 536 518 439 1108 936 351 1010 429 486 359 820 1126 236 569 528 331 282 1184 574 385 795 437 102 608 717 651 380 1026 69 842 390 852
862 511 0 1201 1138 1195 908 286 642 1487 856 1098 770 1061 365 846 1024 1275 904 873 118 997 809 961 1608 543 996 374 1123 1638 257 403 200 777 1153 445 652 778 990 921 1313 989 702 598 798 994 659 1019 947 1589 1435 861 1456 912 990 870 1308 1627 739 888 1040 834 273 1693 817 897 1162 780 540 937 1063 1143 847 1496 577 1348 901 1285
545 749 1201 0 381 143 295 1071 748 1218 555 107 1325 1394 1286 503 197 296 416 432 1099 212 1390 736 550 729 320 852 363 841 994 1123 1071 656 749 1179 591 809 535 479 132 404 688 819 1086 1404 1202 311 547 407 756 545 261 328 570 508 760 516 528 1055 431 604 1026 646 547 500 271 455 678 1062 1098 672 368 300 683 638 498 989
292 627 1138 381 0 515 371 1100 892 838 301 389 1042 1056 1111 293 445 175 237 269 1061 316 1104 392 476 810 175 864 700 567 890 936 964 406 369 977 489 522 203 730 493 148 470 608 783 1080 939 155 236 549 419 293 565 286 230 273 388 513 401 729 105 342 901 556 750 249 626 589 607 726 740 292 362 509 560 297 244 608
637 783 1195 143 515 0 328 1034 679 1353 647 144 1400 1493 1319 588 176 439 505 513 1086 275 1466 847 674 687 424 830 228 983 1010 1165 1085 739 878 1225 631 896 650 380 142 514 760 880 1173 1497 1271 421 655 488 899 637 281 397 685 600 899 629 584 1152 551 695 1048 768 465 597 131 418 699 1164 1210 803 412 372 723 781 595 1121
344 459 908 295 371 328 0 798 529 1150 352 199 1076 1189 996 287 159 424 223 216 808 92 1142 577 754 470 202 569 404 935 699 839 776 427 664 897 304 586 404 369 417 279 437 552 858 1185 945 217 392 684 789 344 555 104 436 308 737 750 257 849 341 395 732 848 379 315 369 220 383 867 930 597 84 588 396 668 315 905
865 533 286 1071 1100 1034 798 0 397 1605 862 964 1002 1273 632 831 878 1208 864 833 191 890 1050 1025 1544 346 936 236 919 1646 383 618 384 813 1207 674 622 868 996 708 1166 956 744 685 969 1216 874 959 956 1476 1456 864 1310 834 1006 861 1348 1547 707 1043 1016 856 434 1636 602 887 975 618 505 1089 1210 1179 759 1372 580 1354 891 1381
745 540 642 748 892 679 529 397 0 1573 747 644 1188 1406 914 692 551 951 684 659 525 610 1248 964 1274 147 717 297 531 1459 585 828 634 750 1112 895 519 868 859 319 819 770 704 722 1067 1370 1047 737 829 1154 1298 744 960 605 882 724 1221 1257 574 1108 836 764 643 1369 217 746 598 310 450 1145 1248 1061 530 1042 540 1181 748 1330
835 1082 1487 1218 838 1353 1150 1605 1573 0 831 1225 891 660 1242 893 1267 949 931 946 1473 1129 914 609 996 1445 960 1406 1529 637 1248 1106 1287 825 486 1094 1055 737 745 1517 1320 873 880 919 711 741 906 953 763 1240 530 836 1358 1046 715 863 463 1088 1001 609 818 809 1216 994 1504 846 1462 1327 1143 560 437 557 1097 1261 1052 612 845 245
10 347 856 555 301 647 352 862 747 831 0 503 773 845 809 66 503 468 141 137 792 373 838 230 776 630 236 633 757 788 603 634 673 108 364 677 245 253 135 699 687 169 169 307 530 851 657 250 93 833 594 9 797 256 144 47 489 814 173 505 195 49 607 852 675 57 715 498 357 518 577 321 281 774 286 495 61 586
493 658 1098 107 389 144 199 964 644 1225 503 0 1259 1348 1196 444 93 352 361 370 995 132 1325 704 640 622 281 746 312 901 897 1037 973 595 744 1095 502 753 508 389 218 372 619 743 1029 1353 1132 280 512 514 793 493 358 255 543 455 778 614 447 1008 413 551 931 737 448 452 236 348 582 1020 1067 670 279 407 595 672 450 989
783 677 770 1325 1042 1400 1076 1002 1188 891 773 1259 0 303 424 821 1235 1217 908 893 817 1127 66 665 1473 1042 1009 907 1456 1307 630 384 617 669 806 328 791 523 838 1323 1458 939 640 527 264 226 141 1023 808 1591 1103 783 1570 1004 812 818 955 1534 819 349 943 724 573 1527 1251 830 1441 1111 779 380 472 850 991 1543 713 1077 834 784
855 868 1061 1394 1056 1493 1189 1273 1406 660 845 1348 303 0 726 906 1345 1225 987 981 1096 1219 293 664 1425 1259 1074 1147 1590 1182 891 661 893 761 739 616 944 602 864 1489 1523 989 761 691 343 87 402 1082 847 1591 997 855 1616 1100 831 893 858 1499 945 340 973 798 838 1461 1432 896 1557 1273 966 331 335 803 1108 1564 884 1005 898 627
818 537 365 1286 1111 1319 996 632 914 1242 809 1196 424 726 0 828 1143 1275 907 881 441 1073 454 823 1585 781 1012 616 1308 1522 335 175 279 705 1008 153 694 631 924 1132 1413 973 641 502 531 651 344 1033 883 1630 1312 817 1547 962 911 841 1170 1624 762 634 1005 770 282 1657 1039 863 1321 944 621 682 804 1023 918 1555 602 1250 868 1078
59 335 846 503 293 588 287 831 692 893 66 444 821 906 828 0 439 448 87 74 773 313 886 296 769 580 191 598 692 815 597 655 670 152 420 702 209 308 170 633 636 147 192 331 585 909 700 209 136 804 628 59 751 193 190 32 533 799 125 566 193 109 608 850 611 57 652 435 326 581 643 370 214 737 268 523 60 647
493 607 1024 197 445 176 159 878 551 1267 503 93 1235 1345 1143 439 0 434 365 365 918 139 1301 719 732 534 308 665 263 979 834 990 909 584 782 1050 457 743 532 301 290 398 597 711 1017 1343 1104 313 528 604 860 494 434 246 567 456 832 708 416 1005 449 548 872 828 355 459 212 260 522 1021 1078 710 244 496 548 738 458 1027
458 772 1275 296 175 439 424 1208 951 949 468 352 1217 1225 1275 448 434 0 374 404 1190 341 1279 565 336 892 279 973 655 549 1036 1101 1111 575 513 1145 622 698 379 735 374 301 635 774 958 1252 1114 256 411 373 462 459 413 373 406 433 486 353 537 903 277 511 1052 427 779 412 566 641 736 898 903 438 449 340 703 349 408 737
131 398 904 416 237 505 223 864 684 931 141 361 908 987 907 87 365 374 0 31 824 232 974 355 704 586 105 628 623 788 661 736 736 239 447 785 252 393 185 586 549 91 278 415 670 992 788 125 169 722 615 131 664 120 216 94 539 728 165 646 155 190 677 789 577 94 577 403 369 659 713 386 167 652 329 501 93 685
128 367 873 432 269 513 216 833 659 946 137 370 893 981 881 74 365 404 31 0 793 239 958 361 735 558 131 597 620 818 631 711 706 225 464 761 221 382 204 572 564 122 258 392 659 983 770 152 182 748 642 128 683 119 232 91 562 758 133 640 185 183 648 820 559 100 578 383 338 655 714 406 151 676 298 530 101 700
796 444 118 1099 1061 1086 808 191 525 1473 792 995 817 1096 441 773 918 1190 824 793 0 899 863 920 1525 425 911 259 1008 1579 225 436 203 723 1110 489 571 746 927 804 1208 912 649 562 808 1035 695 934 884 1493 1380 795 1352 821 931 800 1260 1539 659 890 967 775 265 1612 700 827 1048 669 455 937 1062 1092 752 1396 506 1287 831 1261
364 536 997 212 316 275 92 890 610 1129 373 132 1127 1219 1073 313 139 341 232 239 899 0 1193 583 666 560 169 661 402 868 784 911 860 464 643 968 378 621 394 414 341 259 487 612 898 1222 1000 175 391 593 734 364 473 122 428 326 698 659 317 878 310 421 814 761 443 326 346 300 467 892 944 572 156 498 471 613 324 888
848 741 809 1390 1104 1466 1142 1050 1248 914 838 1325 66 293 454 886 1301 1279 974 958 863 1193 0 724 1531 1102 1074 964 1522 1354 684 435 666 734 859 375 856 587 900 1388 1523 1003 706 593 322 208 205 1088 871 1653 1152 848 1635 1070 873 883 1005 1593 885 400 1006 788 625 1582 1315 895 1507 1176 843 427 508 905 1057 1606 778 1131 898 822
237 492 961 736 392 847 577 1025 964 609 230 704 665 664 823 296 719 565 355 361 920 583 724 0 809 837 422 810 979 699 705 651 763 218 192 673 446 192 201 929 863 333 281 363 401 687 580 426 192 936 489 237 952 475 167 270 351 869 393 337 309 201 690 865 904 261 929 728 539 334 362 200 510 901 452 430 262 368
768 1101 1608 550 476 674 754 1544 1274 996 776 640 1473 1425 1585 769 732 336 704 735 1525 666 1531 809 0 1225 614 1310 902 408 1365 1409 1439 879 686 1447 956 975 661 1028 553 622 945 1082 1209 1468 1387 591 702 282 468 769 494 710 679 750 579 95 869 1135 581 814 1377 96 1087 725 805 965 1070 1118 1090 628 785 361 1033 422 721 843
628 395 543 729 810 687 470 346 147 1445 630 622 1042 1259 781 580 534 892 586 558 425 560 1102 837 1225 0 636 172 584 1373 448 686 504 620 994 753 390 729 750 378 820 676 568 577 920 1223 901 658 716 1136 1201 628 964 526 769 612 1114 1218 456 964 742 641 505 1318 274 636 632 274 309 1002 1107 949 449 1030 400 1088 639 1205
226 496 996 320 175 424 202 936 717 960 236 281 1009 1074 1012 191 308 279 105 131 911 169 1074 422 614 636 0 700 571 742 759 842 834 340 474 891 344 489 227 569 452 91 384 521 766 1083 891 23 230 617 588 226 561 111 262 190 536 631 260 734 142 285 778 702 580 180 511 415 456 743 785 403 187 546 427 468 177 719
635 324 374 852 864 830 569 236 297 1406 633 746 907 1147 616 598 665 973 628 597 259 661 964 810 1310 172 700 0 748 1412 289 536 337 594 986 602 389 670 765 548 955 720 529 496 819 1102 769 723 726 1253 1225 634 1100 600 777 628 1122 1315 473 877 781 631 348 1401 445 655 789 411 276 920 1034 953 525 1152 358 1121 658 1174
749 794 1123 363 700 228 404 919 531 1529 757 312 1456 1590 1308 692 263 655 623 620 1008 402 1522 979 902 584 571 748 0 1204 979 1172 1049 829 1045 1236 665 988 795 212 357 661 830 929 1254 1582 1319 576 790 703 1105 749 475 503 829 712 1089 854 646 1252 711 800 1026 996 317 717 97 363 696 1271 1335 972 482 587 747 984 717 1290
784 1134 1638 841 567 983 935 1646 1459 637 788 901 1307 1182 1522 815 979 549 788 818 1579 868 1354 699 408 1373 742 1412 1204 0 1381 1351 1446 860 515 1371 1024 892 652 1278 893 697 935 1050 1053 1242 1255 722 695 687 210 785 873 853 648 785 356 503 939 958 633 805 1376 375 1311 758 1113 1155 1141 926 857 501 929 748 1075 292 754 555
609 263 257 994 890 1010 699 383 585 1248 603 897 630 891 335 597 834 1036 661 631 225 784 684 705 1365 448 759 289 979 1381 0 250 76 520 897 314 416 525 736 798 1115 743 446 343 587 837 497 781 692 1366 1178 608 1255 686 734 619 1051 1390 499 666 790 578 59 1447 704 646 999 617 316 713 837 886 628 1280 332 1092 650 1038
643 383 403 1123 936 1165 839 618 828 1106 634 1037 384 661 175 655 990 1101 736 711 436 911 435 651 1409 686 842 536 1172 1351 250 0 233 530 839 67 535 459 748 1010 1252 799 466 327 400 599 259 862 707 1458 1141 643 1383 797 736 667 1001 1449 596 497 830 595 191 1481 924 689 1178 810 476 546 672 850 758 1387 443 1076 693 925
679 338 200 1071 964 1085 776 384 634 1287 673 973 617 893 279 670 909 1111 736 706 203 860 666 763 1439 504 834 337 1049 1446 76 233 0 586 955 290 492 578 804 863 1191 816 512 400 608 833 492 857 761 1443 1241 679 1331 762 801 692 1112 1465 574 694 862 646 72 1520 767 717 1072 688 393 742 868 948 705 1357 408 1158 722 1085
118 282 777 656 406 739 427 813 750 825 108 595 669 761 705 152 584 575 239 225 723 464 734 218 879 620 340 594 829 860 520 530 586 0 393 570 231 159 221 747 788 278 74 203 434 759 550 356 178 942 658 118 902 341 215 150 538 920 194 422 301 64 518 952 709 166 796 536 321 443 519 369 347 882 235 571 170 585
366 675 1153 749 369 878 664 1207 1112 486 364 744 806 739 1008 420 782 513 447 464 1110 643 859 192 686 994 474 986 1045 515 897 839 955 393 0 857 606 383 261 1032 863 386 464 555 545 781 742 469 284 862 305 367 925 560 232 388 161 760 538 458 333 356 883 728 1024 368 980 848 710 436 405 77 614 851 628 272 367 244
686 445 445 1179 977 1225 897 674 895 1094 677 1095 328 616 153 702 1050 1145 785 761 489 968 375 673 1447 753 891 602 1236 1371 314 67 290 570 857 0 593 483 785 1076 1309 844 510 371 383 549 215 910 745 1506 1161 685 1438 851 770 712 1018 1490 651 485 871 635 255 1516 991 732 1240 875 540 533 657 873 815 1437 502 1102 737 925
246 158 652 591 489 631 304 622 519 1055 245 502 791 944 694 209 457 622 252 221 571 378 856 446 956 390 344 389 665 1024 416 535 492 231 606 593 0 360 376 545 718 341 191 263 601 926 654 367 337 950 836 245 852 271 389 239 734 975 87 618 397 251 440 1041 492 265 655 329 118 648 739 567 223 867 92 732 269 814
263 347 778 809 522 896 586 868 868 737 253 753 523 602 631 308 743 698 393 382 746 621 587 192 975 729 489 670 988 892 525 459 578 159 383 483 360 0 320 897 941 416 169 184 277 600 416 502 286 1070 682 263 1049 500 297 300 543 1027 345 264 421 204 505 1039 851 309 956 683 420 289 380 391 505 1019 328 619 312 515
132 482 990 535 203 650 404 996 859 745 135 508 838 864 924 170 532 379 185 204 927 394 900 201 661 750 227 765 795 652 736 748 804 221 261 785 376 320 0 771 661 136 293 424 580 883 736 228 43 752 459 132 752 300 35 138 363 708 296 531 108 158 737 732 763 114 739 587 491 533 562 202 353 708 422 360 111 501
692 647 921 479 730 380 369 708 319 1517 699 389 1323 1489 1132 633 301 735 586 572 804 414 1388 929 1028 378 569 548 212 1278 798 1010 863 747 1032 1076 545 897 771 0 522 649 730 804 1146 1471 1183 582 754 868 1149 692 657 472 802 660 1106 995 553 1160 710 734 849 1124 105 673 282 215 545 1187 1267 967 421 752 612 1027 673 1272
677 875 1313 132 493 142 417 1166 819 1320 687 218 1458 1523 1413 636 290 374 549 564 1208 341 1523 863 553 820 452 955 357 893 1115 1252 1191 788 863 1309 718 941 661 522 0 533 821 951 1218 1535 1335 441 676 348 835 677 144 459 696 641 858 498 658 1185 555 737 1149 645 607 632 260 547 800 1192 1223 785 495 231 811 723 629 1098
160 479 989 404 148 514 279 956 770 873 169 372 939 989 973 147 398 301 91 122 912 259 1003 333 622 676 91 720 661 697 743 799 816 278 386 844 341 416 136 649 533 0 333 473 689 1002 826 93 142 664 527 160 634 177 171 132 460 652 253 652 66 217 755 704 651 112 602 480 459 658 696 318 243 605 411 412 108 630
177 211 702 688 470 760 437 744 704 880 169 619 640 761 641 192 597 635 278 258 649 487 706 281 945 568 384 529 830 935 446 466 512 74 464 510 191 169 293 730 821 333 0 139 423 751 513 402 250 996 733 177 941 364 289 201 611 983 184 430 365 134 444 1021 682 222 806 515 262 458 548 443 353 930 171 646 227 645
316 182 598 819 608 880 552 685 722 919 307 743 527 691 502 331 711 774 415 392 562 612 593 363 1082 577 521 496 929 1050 343 327 400 203 555 371 263 184 424 804 951 473 139 0 348 667 393 540 382 1135 843 315 1074 491 414 340 712 1121 296 387 503 268 328 1156 741 362 914 589 275 426 538 550 468 1068 193 765 366 700
540 527 798 1086 783 1173 858 969 1067 711 530 1029 264 343 531 585 1017 958 670 659 808 898 322 401 1209 920 766 819 1254 1053 587 400 608 434 545 383 601 277 580 1146 1218 689 423 348 0 327 207 777 553 1332 846 540 1323 776 552 577 698 1270 608 104 687 481 542 1262 1088 585 1228 930 623 151 274 586 775 1288 540 815 588 556
861 838 994 1404 1080 1497 1185 1216 1370 741 851 1353 226 87 651 909 1343 1252 992 983 1035 1222 208 687 1468 1223 1083 1102 1582 1242 837 599 833 759 781 549 926 600 883 1471 1535 1002 751 667 327 0 341 1093 862 1622 1052 860 1634 1101 851 898 909 1539 935 351 992 802 782 1508 1408 904 1555 1255 938 354 386 841 1103 1589 860 1052 906 691
667 536 659 1202 939 1271 945 874 1047 906 657 1132 141 402 344 700 1104 1114 788 770 695 1000 205 580 1387 901 891 769 1319 1255 497 259 492 550 742 215 654 416 736 1183 1335 826 513 393 207 341 0 906 702 1486 1046 667 1452 877 713 700 899 1442 687 310 837 609 441 1446 1110 715 1307 971 638 354 470 776 860 1431 574 1007 719 763
239 518 1019 311 155 421 217 959 737 953 250 280 1023 1082 1033 209 313 256 125 152 934 175 1088 426 591 658 23 723 576 722 781 862 857 356 469 910 367 502 228 582 441 93 402 540 777 1093 906 0 236 597 571 240 547 131 263 205 524 608 282 743 135 299 800 679 596 193 513 433 480 751 789 396 209 528 449 451 189 713
91 439 947 547 236 655 392 956 829 763 93 512 808 847 883 136 528 411 169 182 884 391 871 192 702 716 230 726 790 695 692 707 761 178 284 745 337 286 43 754 676 142 250 382 553 862 702 236 0 783 500 91 772 288 53 104 398 746 260 510 135 115 693 773 740 83 738 564 450 515 554 233 333 735 380 402 82 518
824 1108 1589 407 549 488 684 1476 1154 1240 833 514 1591 1591 1630 804 604 373 722 748 1493 593 1653 936 282 1136 617 1253 703 687 1366 1458 1443 942 862 1506 950 1070 752 868 348 664 996 1135 1332 1622 1486 597 783 0 712 824 240 680 779 795 793 195 872 1274 649 879 1390 351 947 776 607 863 1053 1267 1264 791 742 116 1039 633 772 1059
591 936 1435 756 419 899 789 1456 1298 530 594 793 1103 997 1312 628 860 462 615 642 1380 734 1152 489 468 1201 588 1225 1105 210 1178 1141 1241 658 305 1161 836 682 459 1149 835 527 733 843 846 1052 1046 571 500 712 0 592 849 697 450 597 147 559 754 753 461 605 1170 478 1168 571 1022 1003 950 724 666 293 769 741 879 121 567 384
0 351 861 545 293 637 344 864 744 836 9 493 783 855 817 59 494 459 131 128 795 364 848 237 769 628 226 634 749 785 608 643 679 118 367 685 245 263 132 692 677 160 177 315 540 860 667 240 91 824 592 0 787 247 143 37 489 806 171 514 188 59 613 845 669 48 706 493 359 528 586 322 273 764 290 492 52 591
786 1010 1456 261 565 281 555 1310 960 1358 797 358 1570 1616 1547 751 434 413 664 683 1352 473 1635 952 494 964 561 1100 475 873 1255 1383 1331 902 925 1438 852 1049 752 657 144 634 941 1074 1323 1634 1452 547 772 240 849 787 0 586 785 752 896 421 787 1283 643 846 1287 576 746 740 381 692 938 1285 1305 849 629 133 944 748 737 1150
247 429 912 328 286 397 104 834 605 1046 256 255 1004 1100 962 193 246 373 120 119 821 122 1070 475 710 526 111 600 503 853 686 797 762 341 560 851 271 500 300 472 459 177 364 491 776 1101 877 131 288 680 697 247 586 0 332 210 637 718 200 759 241 302 711 801 474 214 459 306 373 774 832 494 77 596 361 578 213 801
143 486 990 570 230 685 436 1006 882 715 144 543 812 831 911 190 567 406 216 232 931 428 873 167 679 769 262 777 829 648 734 736 801 215 232 770 389 297 35 802 696 171 289 414 552 851 713 263 53 779 450 143 785 332 0 157 345 729 313 500 141 156 733 746 791 136 773 615 501 500 528 180 382 738 428 357 134 469
37 359 870 508 273 600 308 861 724 863 47 455 818 893 841 32 456 433 94 91 800 326 883 270 750 612 190 628 712 785 619 667 692 150 388 712 239 300 138 660 641 132 201 340 577 898 700 205 104 795 597 37 752 210 157 0 501 783 157 552 170 96 628 829 640 27 669 464 355 565 622 337 239 732 294 493 31 617
488 820 1308 760 388 899 737 1348 1221 463 489 778 955 858 1170 533 832 486 539 562 1260 698 1005 351 579 1114 536 1122 1089 356 1051 1001 1112 538 161 1018 734 543 363 1106 858 460 611 712 698 909 899 524 398 793 147 489 896 637 345 501 0 662 658 606 396 491 1040 605 1111 477 1014 940 845 577 524 169 702 803 768 160 475 267
805 1126 1627 516 513 629 750 1547 1257 1088 814 614 1534 1499 1624 799 708 353 728 758 1539 659 1593 869 95 1218 631 1315 854 503 1390 1449 1465 920 760 1490 975 1027 708 995 498 652 983 1121 1270 1539 1442 608 746 195 559 806 421 718 729 783 662 0 890 1201 619 855 1406 156 1062 760 756 952 1087 1187 1165 697 790 288 1057 503 756 929
171 236 739 528 401 584 257 707 574 1001 173 447 819 945 762 125 416 537 165 133 659 317 885 393 869 456 260 473 646 939 499 596 574 194 538 651 87 345 296 553 658 253 184 296 608 935 687 282 260 872 754 171 787 200 313 157 658 890 0 610 310 192 518 954 515 182 623 342 205 634 714 493 172 793 167 647 186 757
514 569 888 1055 729 1152 849 1043 1108 609 505 1008 349 340 634 566 1005 903 646 640 890 878 400 337 1135 964 734 877 1252 958 666 497 694 422 458 485 618 264 531 1160 1185 652 430 387 104 351 310 743 510 1274 753 514 1283 759 500 552 606 1201 610 0 640 457 626 1183 1110 556 1217 945 659 48 175 507 769 1238 571 731 558 452
187 528 1040 431 105 551 341 1016 836 818 195 413 943 973 1005 193 449 277 155 185 967 310 1006 309 581 742 142 781 711 633 790 830 862 301 333 871 397 421 108 710 555 66 365 503 687 992 837 135 135 649 461 188 643 241 141 170 396 619 310 640 0 236 798 658 715 145 648 545 516 641 668 261 309 601 462 346 140 578
59 331 834 604 342 695 395 856 764 809 49 551 724 798 770 109 548 511 190 183 775 421 788 201 814 641 285 631 800 805 578 595 646 64 356 635 251 204 158 734 737 217 134 268 481 802 609 299 115 879 605 59 846 302 156 96 491 855 192 457 236 0 578 887 704 106 761 529 355 472 536 322 320 822 276 514 109 566
614 282 273 1026 901 1048 732 434 643 1216 607 931 573 838 282 608 872 1052 677 648 265 814 625 690 1377 505 778 348 1026 1376 59 191 72 518 883 255 440 505 737 849 1149 755 444 328 542 782 441 800 693 1390 1170 613 1287 711 733 628 1040 1406 518 626 798 578 0 1457 757 653 1043 663 349 673 799 877 658 1307 351 1089 658 1012
845 1184 1693 646 556 768 848 1636 1369 994 852 737 1527 1461 1657 850 828 427 789 820 1612 761 1582 865 96 1318 702 1401 996 375 1447 1481 1520 952 728 1516 1041 1039 732 1124 645 704 1021 1156 1262 1508 1446 679 773 351 478 845 576 801 746 829 605 156 954 1183 658 887 1457 0 1184 803 899 1061 1157 1163 1126 676 877 443 1116 456 799 862
669 574 817 547 750 465 379 602 217 1504 675 448 1251 1432 1039 611 355 779 577 559 700 443 1315 904 1087 274 580 445 317 1311 704 924 767 709 1024 991 492 851 763 105 607 651 682 741 1088 1408 1110 596 740 947 1168 669 746 474 791 640 1111 1062 515 1110 715 704 757 1184 0 657 381 176 472 1140 1227 963 410 833 548 1047 658 1258
47 385 897 500 249 597 315 887 746 846 57 452 830 896 863 57 459 412 94 100 827 326 895 261 725 636 180 655 717 758 646 689 717 166 368 732 265 309 114 673 632 112 222 362 585 904 715 193 83 776 571 48 740 214 136 27 477 760 182 556 145 106 653 803 657 0 671 481 382 567 619 315 251 716 321 466 4 601
706 795 1162 271 626 131 369 975 598 1462 715 236 1441 1557 1321 652 212 566 577 578 1048 346 1507 929 805 632 511 789 97 1113 999 1178 1072 796 980 1240 655 956 739 282 260 602 806 914 1228 1555 1307 513 738 607 1022 706 381 459 773 669 1014 756 623 1217 648 761 1043 899 381 671 0 384 702 1234 1290 906 452 490 741 902 669 1225
493 437 780 455 589 418 220 618 310 1327 498 348 1111 1273 944 435 260 641 403 383 669 300 1176 728 965 274 415 411 363 1155 617 810 688 536 848 875 329 683 587 215 547 480 515 589 930 1255 971 433 564 863 1003 493 692 306 615 464 940 952 342 945 545 529 663 1061 176 481 384 0 337 973 1056 789 237 756 398 883 482 1082
359 102 540 678 607 699 383 505 450 1143 357 582 779 966 621 326 522 736 369 338 455 467 843 539 1070 309 456 276 696 1141 316 476 393 321 710 540 118 420 491 545 800 459 262 275 623 938 638 480 450 1053 950 359 938 373 501 355 845 1087 205 659 516 355 349 1157 472 382 702 337 0 695 798 676 312 964 91 848 386 906
528 608 937 1062 726 1164 867 1089 1145 560 518 1020 380 331 682 581 1021 898 659 655 937 892 427 334 1118 1002 743 920 1271 926 713 546 742 443 436 533 648 289 533 1187 1192 658 458 426 151 354 354 751 515 1267 724 528 1285 774 500 565 577 1187 634 48 641 472 673 1163 1140 567 1234 973 695 0 126 490 789 1236 605 708 569 410
586 717 1063 1098 740 1210 930 1210 1248 437 577 1067 472 335 804 643 1078 903 713 714 1062 944 508 362 1090 1107 785 1034 1335 857 837 672 868 519 405 657 739 380 562 1267 1223 696 548 538 274 386 470 789 554 1264 666 586 1305 832 528 622 524 1165 714 175 668 536 799 1126 1227 619 1290 1056 798 126 0 472 857 1244 707 670 620 313
321 651 1143 672 292 803 597 1179 1061 557 321 670 850 803 1023 370 710 438 386 406 1092 572 905 200 628 949 403 953 972 501 886 850 948 369 77 873 567 391 202 967 785 318 443 550 586 841 776 396 233 791 293 322 849 494 180 337 169 697 493 507 261 322 877 676 963 315 906 789 676 490 472 0 552 776 599 231 313 318
273 380 847 368 362 412 84 759 530 1097 281 279 991 1108 918 214 244 449 167 151 752 156 1057 510 785 449 187 525 482 929 628 758 705 347 614 815 223 505 353 421 495 243 353 468 775 1103 860 209 333 742 769 273 629 77 382 239 702 790 172 769 309 320 658 877 410 251 452 237 312 789 857 552 0 652 315 651 252 851
764 1026 1496 300 509 372 588 1372 1042 1261 774 407 1543 1564 1555 737 496 340 652 676 1396 498 1606 901 361 1030 546 1152 587 748 1280 1387 1357 882 851 1437 867 1019 708 752 231 605 930 1068 1288 1589 1431 528 735 116 741 764 133 596 738 732 803 288 793 1238 601 822 1307 443 833 716 490 756 964 1236 1244 776 652 0 957 648 712 1064
290 69 577 683 560 723 396 580 540 1052 286 595 713 884 602 268 548 703 329 298 506 471 778 452 1033 400 427 358 747 1075 332 443 408 235 628 502 92 328 422 612 811 411 171 193 540 860 574 449 380 1039 879 290 944 361 428 294 768 1057 167 571 462 276 351 1116 548 321 741 398 91 605 707 599 315 957 0 782 325 817
492 842 1348 638 297 781 668 1354 1181 612 495 672 1077 1005 1250 523 738 349 501 530 1287 613 1131 430 422 1088 468 1121 984 292 1092 1076 1158 571 272 1102 732 619 360 1027 723 412 646 765 815 1052 1007 451 402 633 121 492 748 578 357 493 160 503 647 731 346 514 1089 456 1047 466 902 883 848 708 670 231 651 648 782 0 462 427
51 390 901 498 244 595 315 891 748 845 61 450 834 898 868 60 458 408 93 101 831 324 898 262 721 639 177 658 717 754 650 693 722 170 367 737 269 312 111 673 629 108 227 366 588 906 719 189 82 772 567 52 737 213 134 31 475 756 186 558 140 109 658 799 658 4 669 482 386 569 620 313 252 712 325 462 0 600
590 852 1285 989 608 1121 905 1381 1330 245 586 989 784 627 1078 647 1027 737 685 700 1261 888 822 368 843 1205 719 1174 1290 555 1038 925 1085 585 244 925 814 515 501 1272 1098 630 645 700 556 691 763 713 518 1059 384 591 1150 801 469 617 267 929 757 452 578 566 1012 862 1258 601 1225 1082 906 410 313 318 851 1064 817 427 600 0
