0 945 798 446 1517 1576 822 217 1008 1093 585 5 693 728 1348 818
945 0 1636 1356 1767 1328 280 1118 1877 373 361 939 541 1353 1936 142
798 1636 0 374 1189 2351 1584 580 1081 1645 1311 803 1489 429 1750 1536
446 1356 374 0 1377 1977 1263 240 874 1434 1008 452 1138 518 1449 1240
1517 1767 1189 1377 0 2956 1903 1387 2237 1521 1639 1518 1982 859 2810 1758
1576 1328 2351 1977 2956 0 1094 1786 1881 1698 1323 1572 974 2286 1405 1265
822 280 1584 1263 1903 1094 0 1023 1670 644 287 816 268 1367 1669 174
217 1118 580 240 1387 1786 1023 0 968 1214 768 222 910 553 1429 1000
1008 1877 1081 874 2237 1881 1670 968 0 2088 1526 1012 1433 1386 761 1736
1093 373 1645 1434 1521 1698 644 1214 2088 0 593 1088 884 1290 2245 475
585 361 1311 1008 1639 1323 287 768 1526 593 0 580 363 1080 1653 232
5 939 803 452 1518 1572 816 222 1012 1088 580 0 688 731 1349 812
693 541 1489 1138 1982 974 268 910 1433 884 363 688 0 1343 1400 412
728 1353 429 518 859 2286 1367 553 1386 1290 1080 731 1343 0 1955 1279
1348 1936 1750 1449 2810 1405 1669 1429 761 2245 1653 1349 1400 1955 0 1798
818 142 1536 1240 1758 1265 174 1000 1736 475 232 812 412 1279 1798 0
