0 1551 423 354 804 1452 981 1642 231 1548 469 316 925 1622 951 1303
1551 0 1224 1198 1590 2751 791 3160 1338 971 1892 1280 1828 1840 653 2855
423 1224 0 265 578 1572 851 2050 203 1463 885 114 783 1307 726 1668
354 1198 265 0 835 1729 663 1977 178 1261 737 191 1025 1570 602 1657
804 1590 578 835 0 1187 1407 2149 702 2018 1237 647 239 829 1246 1660
1452 2751 1572 1729 1187 0 2392 1648 1550 2987 1576 1563 968 1584 2296 1094
981 791 851 663 1407 2392 0 2459 841 612 1194 833 1628 1989 228 2233
1642 3160 2050 1977 2149 1648 2459 0 1873 2853 1271 1954 2084 2906 2518 561
231 1338 203 178 702 1550 841 1873 0 1439 683 89 873 1481 769 1520
1548 971 1463 1261 2018 2987 612 2853 1439 0 1651 1440 2241 2555 785 2716
469 1892 885 737 1237 1576 1194 1271 683 1651 0 773 1310 2065 1246 1065
316 1280 114 191 647 1563 833 1954 89 1440 773 0 834 1407 738 1588
925 1828 783 1025 239 968 1628 2084 873 2241 1310 834 0 824 1477 1565
1622 1840 1307 1570 829 1584 1989 2906 1481 2555 2065 1407 824 0 1779 2377
951 653 726 602 1246 2296 228 2518 769 785 1246 738 1477 1779 0 2244
1303 2855 1668 1657 1660 1094 2233 561 1520 2716 1065 1588 1565 2377 2244 0
