0 686 509 100 252 612 811 778 472 610 543 62 743 11 448 348 110 18 340 108 207 620 327 392 254 672 183 468 827 372 590 614 707 4 328 199 355 494 805 452 612 808 207 432 619 856 699 568 225 433 629 99 460 482 439 333 597 858 586 31 53 505 413 839 579 602 203 775 239 525 795 138 800 857 744 358 145 776
686 0 698 619 938 688 1247 1330 760 1117 1034 714 1426 697 906 970 576 702 564 781 486 1156 979 993 464 1289 717 1120 802 1010 565 675 1392 690 818 522 871 1023 817 1019 672 158 515 948 335 1208 305 119 825 954 422 621 364 304 603 589 353 291 666 654 735 517 984 1498 574 896 510 1232 607 218 1478 809 123 1406 1424 578 808 730
509 698 0 560 646 118 1320 1268 947 474 398 467 990 515 956 835 498 524 199 597 527 529 794 886 581 719 686 915 1232 845 188 126 973 508 289 577 327 421 1223 456 126 856 375 942 861 510 487 602 408 370 339 420 336 396 860 191 376 677 1002 500 548 185 438 971 170 198 566 1283 690 482 1128 505 816 757 1099 780 490 289
100 619 560 0 330 653 777 775 392 708 639 161 825 108 404 364 68 107 372 164 133 719 362 399 164 772 135 505 732 399 612 652 787 105 417 106 449 592 712 552 649 732 206 406 523 944 673 505 324 530 624 143 445 454 342 372 581 818 490 81 129 523 512 932 603 675 113 745 144 482 859 237 727 958 804 260 245 809
252 938 646 330 0 762 747 639 569 541 502 235 495 241 453 233 362 236 530 167 456 525 171 287 495 497 302 269 964 220 775 768 457 248 375 436 365 436 934 371 767 1059 446 398 847 843 935 820 240 403 847 330 693 723 603 514 825 1103 734 284 204 701 342 614 761 665 443 702 422 773 545 151 1052 722 497 535 162 933
612 688 118 653 762 0 1423 1380 1031 565 494 574 1105 619 1055 946 587 628 281 706 602 623 908 996 652 823 783 1030 1292 958 126 15 1089 612 407 656 444 526 1286 566 18 845 456 1045 893 539 437 607 526 481 286 519 347 403 932 281 341 619 1070 600 654 181 551 1077 114 254 643 1387 774 484 1246 619 800 838 1217 855 605 171
811 1247 1320 777 747 1423 0 250 486 1284 1250 855 949 805 373 514 845 796 1146 727 868 1261 576 460 846 1174 642 537 683 529 1389 1424 906 812 1099 810 1102 1183 639 1117 1421 1283 983 378 961 1591 1410 1167 962 1149 1391 904 1208 1202 644 1142 1339 1514 623 822 773 1300 1089 1160 1380 1391 825 49 688 1200 800 840 1309 1420 739 673 857 1584
778 1330 1268 775 639 1380 250 0 602 1146 1125 807 727 769 425 433 842 760 1117 676 891 1113 475 385 886 994 643 381 889 424 1368 1384 687 777 1013 838 1004 1056 846 988 1382 1393 976 383 1085 1463 1445 1234 876 1035 1399 876 1220 1227 754 1108 1357 1573 778 798 730 1284 966 943 1357 1304 852 210 729 1243 561 764 1410 1242 504 755 780 1548
472 760 947 392 569 1031 486 602 0 1068 1008 533 995 472 195 407 449 466 751 445 432 1068 463 387 392 1067 296 551 398 455 971 1028 950 475 800 376 825 953 365 901 1025 801 575 268 485 1328 941 684 687 898 942 536 760 744 158 756 882 1031 194 466 462 880 864 1160 965 1068 389 473 257 729 941 571 825 1286 876 195 586 1175
610 1117 474 708 541 565 1284 1146 1068 0 82 548 622 606 987 774 682 611 552 623 766 61 709 827 826 278 773 766 1438 755 662 579 623 606 311 788 266 116 1415 170 581 1270 642 938 1182 320 954 1004 385 180 811 589 760 817 1050 528 837 1146 1196 627 608 647 205 534 645 323 785 1238 850 900 810 497 1240 290 805 968 482 700
543 1034 398 639 502 494 1250 1125 1008 82 0 481 652 540 938 735 609 546 469 566 690 131 673 789 750 331 712 744 1371 721 586 508 648 539 233 714 191 69 1349 137 509 1188 562 893 1104 341 874 922 321 110 732 514 677 734 982 445 756 1066 1129 558 546 567 160 588 569 264 711 1204 782 817 828 439 1157 372 817 899 423 638
62 714 467 161 235 574 855 807 533 548 481 0 712 60 499 373 153 67 313 131 250 558 341 422 303 618 240 476 890 390 564 577 679 58 267 253 293 432 868 391 575 843 211 477 671 795 700 594 163 371 618 95 458 487 502 302 592 868 648 81 82 483 351 795 552 546 254 817 302 539 779 95 831 798 732 420 96 742
743 1426 990 825 495 1105 949 727 995 622 652 712 0 732 823 588 854 728 950 662 950 565 534 613 990 363 781 456 1390 540 1161 1115 45 739 707 931 663 597 1353 543 1115 1552 918 747 1339 921 1383 1307 628 627 1271 806 1145 1185 1069 928 1266 1564 1181 775 698 1107 553 217 1144 911 938 900 907 1246 211 617 1542 578 239 1012 619 1267
11 697 515 108 241 619 805 769 472 606 540 60 732 0 444 338 121 9 348 97 218 615 316 383 264 664 181 457 831 362 599 621 696 8 328 209 353 490 809 447 619 820 218 426 629 856 710 579 221 430 639 108 471 493 444 341 607 870 590 43 42 514 407 829 588 604 212 768 243 536 783 129 811 851 733 363 137 784
448 906 956 404 453 1055 373 425 195 987 938 499 823 444 0 244 472 435 776 379 495 976 310 210 477 940 271 369 569 287 1016 1055 778 450 758 438 770 876 531 816 1052 967 610 77 663 1273 1043 815 628 831 1018 536 835 832 332 773 967 1158 388 455 417 927 782 1002 1008 1045 453 344 318 836 753 503 984 1174 687 329 520 1213
348 970 835 364 233 946 514 433 407 774 735 373 588 338 244 0 426 330 685 243 493 755 67 54 506 700 252 158 802 49 936 950 543 347 590 449 589 669 767 604 948 1064 552 176 798 1076 1036 861 452 634 976 447 803 817 494 675 940 1182 595 371 298 853 575 759 924 884 462 470 372 846 549 335 1069 938 486 451 351 1115
110 576 498 68 362 587 845 842 449 682 609 153 854 121 472 426 0 126 306 206 97 700 418 463 150 771 204 560 769 458 544 586 818 115 380 105 418 568 752 535 583 698 138 475 518 901 610 459 307 503 557 95 378 391 381 308 515 760 529 79 158 454 495 947 535 623 103 813 193 424 902 244 689 944 849 298 249 741
18 702 524 107 236 628 796 760 466 611 546 67 728 9 435 330 126 0 357 89 221 619 308 374 265 664 173 449 826 353 608 630 692 17 335 210 359 495 804 451 628 824 226 417 629 862 718 585 225 435 648 117 479 501 440 350 615 877 585 48 34 523 411 827 597 612 214 759 240 543 777 130 815 854 726 359 139 793
340 564 199 372 530 281 1146 1117 751 552 469 313 950 348 776 685 306 357 0 441 327 594 654 731 382 744 504 787 1033 703 251 280 925 340 265 378 318 463 1023 469 277 719 176 769 676 675 436 454 323 396 323 243 211 266 660 25 317 623 802 324 387 171 437 975 239 366 367 1111 494 348 1056 379 687 842 1017 581 368 438
108 781 597 164 167 706 727 676 445 623 566 131 662 97 379 243 206 89 441 0 294 622 219 291 329 638 153 360 827 265 692 708 623 106 378 270 391 508 800 456 706 896 316 350 680 896 807 665 249 457 737 205 568 589 451 432 705 964 590 135 55 609 418 778 681 667 277 688 260 629 696 127 891 845 643 377 143 873
207 486 527 133 456 602 868 891 432 766 690 250 950 218 495 493 97 221 327 294 0 787 495 524 61 866 248 637 711 530 538 598 913 212 457 58 500 653 698 625 595 602 152 512 423 966 553 372 399 586 523 179 339 337 333 336 472 689 476 176 252 448 585 1045 533 675 43 840 181 354 991 342 596 1033 937 253 346 743
620 1156 529 719 525 623 1261 1113 1068 61 131 558 565 615 976 755 700 619 594 622 787 0 689 807 846 216 774 736 1444 733 717 637 568 615 341 805 291 135 1420 167 639 1308 670 923 1207 365 1004 1042 395 205 863 608 803 860 1059 569 887 1196 1204 639 612 697 207 472 700 383 803 1214 859 941 757 498 1280 250 754 978 485 761
327 979 794 362 171 908 576 475 463 709 673 341 534 316 310 67 418 308 654 219 495 689 0 118 515 633 269 143 860 51 905 912 490 325 539 456 534 606 826 541 910 1081 535 243 828 1015 1025 866 401 574 956 424 787 807 537 643 924 1178 647 353 274 825 513 698 893 831 468 531 395 842 515 289 1082 870 455 486 305 1078
392 993 886 399 287 996 460 385 387 827 789 422 613 383 210 54 463 374 731 291 524 807 118 0 531 746 277 164 777 80 983 999 568 392 644 477 643 723 740 658 997 1080 593 135 804 1130 1072 887 506 688 1018 491 842 854 490 723 979 1214 580 413 344 898 629 793 971 937 490 416 388 878 556 387 1088 986 491 455 404 1164
254 464 581 164 495 652 846 886 392 826 750 303 990 264 477 506 150 265 382 329 61 846 515 531 0 921 254 656 652 546 581 647 952 258 518 59 560 713 641 683 644 568 210 503 367 1026 566 355 456 646 551 238 368 356 280 392 494 687 420 224 292 491 643 1093 576 734 51 821 159 358 1021 392 567 1092 965 205 397 787
672 1289 719 772 497 823 1174 994 1067 278 331 618 363 664 940 700 771 664 744 638 866 216 633 746 921 0 789 637 1460 666 905 836 374 667 478 870 425 298 1431 275 837 1434 779 876 1289 559 1174 1170 471 354 1041 691 955 1007 1089 719 1054 1364 1226 698 647 873 307 257 888 594 872 1125 896 1083 567 534 1412 247 576 1015 526 969
183 717 686 135 302 783 642 643 296 773 712 240 781 181 271 252 204 173 504 153 248 774 269 277 254 789 0 406 673 295 747 783 740 185 508 199 530 657 647 607 781 813 342 271 561 1034 801 610 391 602 759 265 578 583 301 502 714 937 437 185 166 658 568 916 738 785 212 609 127 603 783 275 816 998 724 233 290 942
468 1120 915 505 269 1030 537 381 551 766 744 476 456 457 369 158 560 449 787 360 637 736 143 164 656 637 406 0 939 111 1037 1036 410 466 644 598 630 675 901 607 1034 1219 676 292 956 1082 1167 1009 509 656 1094 563 928 949 650 774 1064 1321 744 495 415 958 585 647 1023 931 609 488 528 985 393 412 1222 883 329 609 425 1201
827 802 1232 732 964 1292 683 889 398 1438 1371 890 1390 831 569 802 769 826 1033 827 711 1444 860 777 652 1460 673 939 0 849 1203 1286 1344 832 1148 670 1181 1322 43 1276 1282 763 863 647 467 1671 1071 782 1052 1261 1126 865 966 927 389 1044 1055 1093 241 812 832 1119 1237 1558 1203 1386 677 699 588 877 1321 946 808 1672 1255 472 959 1408
372 1010 845 399 220 958 529 424 455 755 721 390 540 362 287 49 458 353 703 265 530 733 51 80 546 666 295 111 849 0 954 963 495 371 590 489 584 654 813 588 961 1107 579 215 845 1062 1067 900 452 623 1002 470 831 848 543 692 968 1217 644 397 320 873 560 715 942 882 501 483 417 881 500 340 1111 907 437 499 356 1128
590 565 188 612 775 126 1389 1368 971 662 586 564 1161 599 1016 936 544 608 251 692 538 717 905 983 581 905 747 1037 1203 954 0 112 1141 591 454 595 500 607 1200 637 108 720 406 1016 787 664 312 489 552 553 161 492 240 290 858 263 215 498 989 572 638 90 616 1154 17 369 582 1356 718 366 1286 626 674 944 1252 786 613 206
614 675 126 652 768 15 1424 1384 1028 579 508 577 1115 621 1055 950 586 630 280 708 598 637 912 999 647 836 783 1036 1286 963 112 0 1099 613 416 653 454 539 1280 578 3 831 453 1046 884 554 422 596 533 493 272 520 337 392 927 281 328 604 1064 601 656 171 563 1090 101 269 640 1389 772 472 1255 624 786 853 1225 851 610 165
707 1392 973 787 457 1089 906 687 950 623 648 679 45 696 778 543 818 692 925 623 913 568 490 568 952 374 740 410 1344 495 1141 1099 0 703 687 893 645 589 1308 532 1099 1516 886 701 1299 929 1356 1273 602 614 1247 773 1117 1155 1026 903 1240 1535 1137 739 661 1085 539 256 1125 902 901 857 866 1215 192 584 1507 600 208 969 587 1253
4 690 508 105 248 612 812 777 475 606 539 58 739 8 450 347 115 17 340 106 212 615 325 392 258 667 185 466 832 371 591 613 703 0 325 204 351 490 810 448 611 813 210 434 624 853 701 572 220 429 631 99 462 484 444 333 598 861 590 35 50 506 408 834 579 599 207 776 244 528 791 133 804 853 741 362 140 776
328 818 289 417 375 407 1099 1013 800 311 233 267 707 328 758 590 380 335 265 378 457 341 539 644 518 478 508 644 1148 590 454 416 687 325 0 484 53 206 1129 203 415 968 330 725 871 528 698 703 138 137 571 285 476 529 759 240 578 887 907 337 343 404 172 713 437 293 480 1057 562 607 839 258 942 592 810 675 241 576
199 522 577 106 436 656 810 838 376 788 714 253 931 209 438 449 105 210 378 270 58 805 456 477 59 870 199 598 670 489 595 653 893 204 484 0 523 674 655 640 649 628 202 458 419 1002 608 411 411 608 581 200 397 393 285 385 528 738 432 172 235 505 600 1037 589 717 14 783 124 405 961 338 626 1048 905 203 345 799
355 871 327 449 365 444 1102 1004 825 266 191 293 663 353 770 589 418 359 318 391 500 291 534 643 560 425 530 630 1181 584 500 454 645 351 53 523 0 156 1160 150 454 1021 379 733 917 505 750 755 142 87 622 323 530 582 792 293 630 940 939 368 363 454 120 661 483 300 519 1059 593 660 802 266 995 542 776 709 249 611
494 1023 421 592 436 526 1183 1056 953 116 69 432 597 490 876 669 568 495 463 508 653 135 606 723 713 298 657 675 1322 654 607 539 589 490 206 674 156 0 1299 68 540 1174 535 829 1073 409 883 908 269 69 746 475 674 729 934 438 764 1074 1080 511 492 578 94 550 590 314 671 1137 734 810 767 382 1147 386 752 852 367 678
805 817 1223 712 934 1286 639 846 365 1415 1349 868 1353 809 531 767 752 804 1023 800 698 1420 826 740 641 1431 647 901 43 813 1200 1280 1308 810 1129 655 1160 1299 0 1252 1276 785 851 609 482 1654 1079 791 1030 1239 1128 847 965 928 370 1034 1058 1108 223 792 808 1115 1213 1524 1200 1372 663 656 567 882 1281 921 828 1646 1215 454 935 1406
452 1019 456 552 371 566 1117 988 901 170 137 391 543 447 816 604 535 451 469 456 625 167 541 658 683 275 607 607 1276 588 637 578 532 448 203 640 150 68 1252 0 579 1168 518 767 1048 476 899 903 228 85 767 446 680 733 891 444 779 1089 1036 472 444 599 40 517 620 371 638 1071 691 810 705 331 1143 408 689 810 317 725
612 672 126 649 767 18 1421 1382 1025 581 509 575 1115 619 1052 948 583 628 277 706 595 639 910 997 644 837 781 1034 1282 961 108 3 1099 611 415 649 454 540 1276 579 0 828 450 1044 880 557 419 592 532 493 268 517 333 388 924 279 324 601 1061 599 654 167 563 1090 97 272 637 1386 769 468 1255 623 782 855 1225 848 609 167
808 158 856 732 1059 845 1283 1393 801 1270 1188 843 1552 820 967 1064 698 824 719 896 602 1308 1081 1080 568 1434 813 1219 763 1107 720 831 1516 813 968 628 1021 1174 785 1168 828 0 655 1019 325 1366 443 266 966 1105 572 754 522 462 643 743 506 367 673 777 854 675 1131 1635 730 1054 619 1275 692 376 1589 938 55 1559 1533 639 939 878
207 515 375 206 446 456 983 976 575 642 562 211 918 218 610 552 138 226 176 316 152 670 535 593 210 779 342 676 863 579 406 453 886 210 330 202 379 535 851 518 450 655 0 612 542 820 492 395 310 466 424 116 252 276 485 183 389 656 629 181 261 316 480 982 398 524 190 951 318 329 991 302 636 921 944 405 299 605
432 948 942 406 398 1045 378 383 268 938 893 477 747 426 77 176 475 417 769 350 512 923 243 135 503 876 271 292 647 215 1016 1046 701 434 725 458 733 829 609 767 1044 1019 612 0 723 1232 1066 851 591 788 1030 527 848 850 395 765 983 1190 463 445 395 928 735 929 1006 1016 472 342 346 862 676 467 1033 1113 610 380 484 1207
619 335 861 523 847 893 961 1085 485 1182 1104 671 1339 629 663 798 518 629 676 680 423 1207 828 804 367 1289 561 956 467 845 787 884 1299 624 871 419 917 1073 482 1048 880 325 542 723 0 1351 610 322 823 1004 683 602 547 497 331 695 610 626 347 591 653 713 1008 1456 790 1042 417 955 434 431 1343 758 358 1455 1282 348 764 983
856 1208 510 944 843 539 1591 1463 1328 320 341 795 921 856 1273 1076 901 862 675 896 966 365 1015 1130 1026 559 1034 1082 1671 1062 664 554 929 853 528 1002 505 409 1654 476 557 1366 820 1232 1351 0 976 1111 647 443 825 806 845 906 1283 655 875 1158 1431 865 868 691 501 792 650 313 995 1546 1088 992 1119 770 1325 419 1119 1199 753 602
699 305 487 673 935 437 1410 1445 941 954 874 700 1383 710 1043 1036 610 718 436 807 553 1004 1025 1072 566 1174 801 1167 1071 1067 312 422 1356 701 698 608 750 883 1079 899 419 443 492 1066 610 976 0 288 755 820 151 607 242 219 797 460 119 191 897 671 752 307 870 1410 327 679 593 1387 725 211 1476 786 390 1242 1432 745 779 438
568 119 602 505 820 607 1167 1234 684 1004 922 594 1307 579 815 861 459 585 454 665 372 1042 866 887 355 1170 610 1009 782 900 489 596 1273 572 703 411 755 908 791 903 592 266 395 851 322 1111 288 0 706 839 366 501 266 207 531 478 293 347 616 536 618 429 866 1378 496 798 399 1149 506 123 1361 689 241 1292 1308 494 689 673
225 825 408 324 240 526 962 876 687 385 321 163 628 221 628 452 307 225 323 249 399 395 401 506 456 471 391 509 1052 452 552 533 602 220 138 411 142 269 1030 228 532 966 310 591 823 647 755 706 0 210 646 221 518 561 665 302 638 937 811 244 224 487 188 673 537 431 410 920 465 628 735 124 946 636 699 583 107 697
433 954 370 530 403 481 1149 1035 898 180 110 371 627 430 831 634 503 435 396 457 586 205 574 688 646 354 602 656 1261 623 553 493 614 429 137 608 87 69 1239 85 493 1105 466 788 1004 443 820 839 210 0 686 409 607 662 872 371 701 1011 1019 449 435 518 77 601 536 293 605 1105 673 741 784 330 1078 455 764 790 314 640
629 422 339 624 847 286 1391 1399 942 811 732 618 1271 639 1018 976 557 648 323 737 523 863 956 1018 551 1041 759 1094 1126 1002 161 272 1247 631 571 581 622 746 1128 767 268 572 424 1030 683 825 151 366 646 686 0 532 183 202 812 343 73 338 929 605 681 168 741 1283 176 529 566 1363 704 251 1379 695 523 1097 1338 749 686 309
99 621 420 143 330 519 904 876 536 589 514 95 806 108 536 447 95 117 243 205 179 608 424 491 238 691 265 563 865 470 492 520 773 99 285 200 323 475 847 446 517 754 116 527 602 806 607 501 221 409 532 0 366 393 476 238 502 773 624 81 149 407 406 881 481 532 196 869 284 444 875 188 739 854 827 393 187 680
460 364 336 445 693 347 1208 1220 760 760 677 458 1145 471 835 803 378 479 211 568 339 803 787 842 368 955 578 928 966 831 240 337 1117 462 476 397 530 674 965 680 333 522 252 848 547 845 242 266 518 607 183 366 0 60 634 236 137 419 758 433 513 166 648 1183 243 533 383 1180 520 146 1234 544 485 1050 1190 568 537 442
482 304 396 454 723 403 1202 1227 744 817 734 487 1185 493 832 817 391 501 266 589 337 860 807 854 356 1007 583 949 927 848 290 392 1155 484 529 393 582 729 928 733 388 462 276 850 497 906 219 207 561 662 202 393 60 0 610 291 138 380 727 453 535 223 699 1230 295 593 379 1176 513 86 1267 577 426 1107 1220 549 571 486
439 603 860 342 603 932 644 754 158 1050 982 502 1069 444 332 494 381 440 660 451 333 1059 537 490 280 1089 301 650 389 543 858 927 1026 444 759 285 792 934 370 891 924 643 485 395 331 1283 797 531 665 872 812 476 634 610 0 669 748 877 148 423 448 769 851 1215 855 1002 295 632 200 586 1043 563 666 1292 980 83 576 1065
333 589 191 372 514 281 1142 1108 756 528 445 302 928 341 773 675 308 350 25 432 336 569 643 723 392 719 502 774 1044 692 263 281 903 333 240 385 293 438 1034 444 279 743 183 765 695 655 460 478 302 371 343 238 236 291 669 0 341 647 812 319 378 187 412 951 250 349 374 1107 498 372 1037 363 712 817 998 588 352 443
597 353 376 581 825 341 1339 1357 882 837 756 592 1266 607 967 940 515 615 317 705 472 887 924 979 494 1054 714 1064 1055 968 215 328 1240 598 578 528 630 764 1058 779 324 506 389 983 610 875 119 293 638 701 73 502 137 138 748 341 0 310 862 570 649 192 750 1291 227 572 514 1312 650 178 1364 675 459 1126 1321 687 667 381
858 291 677 818 1103 619 1514 1573 1031 1146 1066 868 1564 870 1158 1182 760 877 623 964 689 1196 1178 1214 687 1364 937 1321 1093 1217 498 604 1535 861 887 738 940 1074 1108 1089 601 367 656 1190 626 1158 191 347 937 1011 338 773 419 380 877 647 310 0 953 829 911 499 1059 1598 513 867 724 1495 844 336 1647 957 312 1433 1600 841 952 590
586 666 1002 490 734 1070 623 778 194 1196 1129 648 1181 590 388 595 529 585 802 590 476 1204 647 580 420 1226 437 744 241 644 989 1064 1137 590 907 432 939 1080 223 1036 1061 673 629 463 347 1431 897 616 811 1019 929 624 758 727 148 812 862 953 0 571 592 902 997 1339 987 1149 440 623 346 691 1135 706 706 1434 1070 231 719 1196
31 654 500 81 284 600 822 798 466 627 558 81 775 43 455 371 79 48 324 135 176 639 353 413 224 698 185 495 812 397 572 601 739 35 337 172 368 511 792 472 599 777 181 445 591 865 671 536 244 449 605 81 433 453 423 319 570 829 571 0 82 486 432 869 562 603 174 787 224 494 826 167 768 879 775 341 172 762
53 735 548 129 204 654 773 730 462 608 546 82 698 42 417 298 158 34 387 55 252 612 274 344 292 647 166 415 832 320 638 656 661 50 343 235 363 492 808 444 654 854 261 395 653 868 752 618 224 435 681 149 513 535 448 378 649 911 592 82 0 554 405 802 626 627 241 735 250 577 744 115 847 843 692 370 127 820
505 517 185 523 701 181 1300 1284 880 647 567 483 1107 514 927 853 454 523 171 609 448 697 825 898 491 873 658 958 1119 873 90 171 1085 506 404 505 454 578 1115 599 167 675 316 928 713 691 307 429 487 518 168 407 166 223 769 187 192 499 902 486 554 0 574 1115 85 383 491 1268 628 306 1223 550 634 934 1185 696 539 295
413 984 438 512 342 551 1089 966 864 205 160 351 553 407 782 575 495 411 437 418 585 207 513 629 643 307 568 585 1237 560 616 563 539 408 172 600 120 94 1213 40 563 1131 480 735 1008 501 870 866 188 77 741 406 648 699 851 412 750 1059 997 432 405 574 0 541 599 371 598 1044 651 776 707 293 1107 448 686 771 278 713
839 1498 971 932 614 1077 1160 943 1160 534 588 795 217 829 1002 759 947 827 975 778 1045 472 698 793 1093 257 916 647 1558 715 1154 1090 256 834 713 1037 661 550 1524 517 1090 1635 982 929 1456 792 1410 1378 673 601 1283 881 1183 1230 1215 951 1291 1598 1339 869 802 1115 541 0 1137 852 1042 1111 1036 1301 418 702 1619 402 454 1149 698 1226
579 574 170 603 761 114 1380 1357 965 645 569 552 1144 588 1008 924 535 597 239 681 533 700 893 971 576 888 738 1023 1203 942 17 101 1125 579 437 589 483 590 1200 620 97 730 398 1006 790 650 327 496 537 536 176 481 243 295 855 250 227 513 987 562 626 85 599 1137 0 353 576 1347 712 373 1271 612 685 927 1236 782 599 210
602 896 198 675 665 254 1391 1304 1068 323 264 546 911 604 1045 884 623 612 366 667 675 383 831 937 734 594 785 931 1386 882 369 269 902 599 293 717 300 314 1372 371 272 1054 524 1016 1042 313 679 798 431 293 529 532 533 593 1002 349 572 867 1149 603 627 383 371 852 353 0 708 1350 816 679 1076 551 1015 584 1057 920 534 377
203 510 566 113 443 643 825 852 389 785 711 254 938 212 453 462 103 214 367 277 43 803 468 490 51 872 212 609 677 501 582 640 901 207 480 14 519 671 663 638 637 619 190 472 417 995 593 399 410 605 566 196 383 379 295 374 514 724 440 174 241 491 598 1042 576 708 0 798 138 391 971 341 616 1047 915 214 347 786
775 1232 1283 745 702 1387 49 210 473 1238 1204 817 900 768 344 470 813 759 1111 688 840 1214 531 416 821 1125 609 488 699 483 1356 1389 857 776 1057 783 1059 1137 656 1071 1386 1275 951 342 955 1546 1387 1149 920 1105 1363 869 1180 1176 632 1107 1312 1495 623 787 735 1268 1044 1111 1347 1350 798 0 662 1178 753 799 1299 1372 692 655 815 1550
239 607 690 144 422 774 688 729 257 850 782 302 907 243 318 372 193 240 494 260 181 859 395 388 159 896 127 528 588 417 718 772 866 244 562 124 593 734 567 691 769 692 318 346 434 1088 725 506 465 673 704 284 520 513 200 498 650 844 346 224 250 628 651 1036 712 816 138 662 0 517 910 365 699 1093 850 120 376 921
525 218 482 482 773 484 1200 1243 729 900 817 539 1246 536 836 846 424 543 348 629 354 941 842 878 358 1083 603 985 877 881 366 472 1215 528 607 405 660 810 882 810 468 376 329 862 431 992 211 123 628 741 251 444 146 86 586 372 178 336 691 494 577 306 776 1301 373 679 391 1178 517 0 1318 632 340 1190 1269 534 628 553
795 1478 1128 859 545 1246 800 561 941 810 828 779 211 783 753 549 902 777 1056 696 991 757 515 556 1021 567 783 393 1321 500 1286 1255 192 791 839 961 802 767 1281 705 1255 1589 991 676 1343 1119 1476 1361 735 784 1379 875 1234 1267 1043 1037 1364 1647 1135 826 744 1223 707 418 1271 1076 971 753 910 1318 0 690 1587 789 65 999 697 1414
138 809 505 237 151 619 840 764 571 497 439 95 617 129 503 335 244 130 379 127 342 498 289 387 392 534 275 412 946 340 626 624 584 133 258 338 266 382 921 331 623 938 302 467 758 770 786 689 124 330 695 188 544 577 563 363 675 957 706 167 115 550 293 702 612 551 341 799 365 632 690 0 926 728 646 485 16 790
800 123 816 727 1052 800 1309 1410 825 1240 1157 831 1542 811 984 1069 689 815 687 891 596 1280 1082 1088 567 1412 816 1222 808 1111 674 786 1507 804 942 626 995 1147 828 1143 782 55 636 1033 358 1325 390 241 946 1078 523 739 485 426 666 712 459 312 706 768 847 634 1107 1619 685 1015 616 1299 699 340 1587 926 0 1529 1532 655 926 827
857 1406 757 958 722 838 1420 1242 1286 290 372 798 578 851 1174 938 944 854 842 845 1033 250 870 986 1092 247 998 883 1672 907 944 853 600 853 592 1048 542 386 1646 408 855 1559 921 1113 1455 419 1242 1292 636 455 1097 854 1050 1107 1292 817 1126 1433 1434 879 843 934 448 402 927 584 1047 1372 1093 1190 789 728 1529 0 807 1213 716 954
744 1424 1099 804 497 1217 739 504 876 805 817 732 239 733 687 486 849 726 1017 643 937 754 455 491 965 576 724 329 1255 437 1252 1225 208 741 810 905 776 752 1215 689 1225 1533 944 610 1282 1119 1432 1308 699 764 1338 827 1190 1220 980 998 1321 1600 1070 775 692 1185 686 454 1236 1057 915 692 850 1269 65 646 1532 807 0 937 653 1386
358 578 780 260 535 855 673 755 195 968 899 420 1012 363 329 451 298 359 581 377 253 978 486 455 205 1015 233 609 472 499 786 851 969 362 675 203 709 852 454 810 848 639 405 380 348 1199 745 494 583 790 749 393 568 549 83 588 687 841 231 341 370 696 771 1149 782 920 214 655 120 534 999 485 655 1213 937 0 496 992
145 808 490 245 162 605 857 780 586 482 423 96 619 137 520 351 249 139 368 143 346 485 305 404 397 526 290 425 959 356 613 610 587 140 241 345 249 367 935 317 609 939 299 484 764 753 779 689 107 314 686 187 537 571 576 352 667 952 719 172 127 539 278 698 599 534 347 815 376 628 697 16 926 716 653 496 0 776
776 730 289 809 933 171 1584 1548 1175 700 638 742 1267 784 1213 1115 741 793 438 873 743 761 1078 1164 787 969 942 1201 1408 1128 206 165 1253 776 576 799 611 678 1406 725 167 878 605 1207 983 602 438 673 697 640 309 680 442 486 1065 443 381 590 1196 762 820 295 713 1226 210 377 786 1550 921 553 1414 790 827 954 1386 992 776 0
