0 1581 1531 1134 1460 657 1401 1150 833 546 1645 157 97 190 152 1355
1581 0 533 664 2427 2229 202 1241 2030 1228 3226 1727 1581 1684 1733 1320
1531 533 0 1000 2044 2183 603 1583 2165 1045 3128 1688 1498 1680 1680 839
1134 664 1000 0 2326 1723 469 590 1400 1010 2734 1251 1170 1178 1271 1507
1460 2427 2044 2326 0 1557 2335 2559 2189 1316 1873 1490 1368 1599 1444 1262
657 2229 2183 1723 1557 0 2042 1564 737 1162 1011 503 685 549 505 1900
1401 202 603 469 2335 2042 0 1054 1828 1088 3045 1543 1408 1495 1552 1301
1150 1241 1583 590 2559 1564 1054 0 1021 1298 2533 1201 1225 1095 1238 1976
833 2030 2165 1400 2189 737 1828 1021 0 1342 1565 733 926 646 775 2167
546 1228 1045 1010 1316 1162 1088 1298 1342 0 2083 698 485 730 677 825
1645 3226 3128 2734 1873 1011 3045 2533 1565 2083 0 1501 1649 1559 1493 2688
157 1727 1688 1251 1490 503 1543 1201 733 698 1501 0 217 114 45 1495
97 1581 1498 1170 1368 685 1408 1225 926 485 1649 217 0 279 192 1278
190 1684 1680 1178 1599 549 1495 1095 646 730 1559 114 279 0 158 1544
152 1733 1680 1271 1444 505 1552 1238 775 677 1493 45 192 158 0 1465
1355 1320 839 1507 1262 1900 1301 1976 2167 825 2688 1495 1278 1544 1465 0
