0 131 10 158 1671 209 1578 67 80 382 489 817 876 813 405 1115
131 0 124 265 1554 132 1446 112 79 382 618 885 971 890 438 1030
10 124 0 158 1668 208 1570 57 70 388 495 814 876 811 413 1105
158 265 158 0 1819 367 1688 153 187 524 369 664 717 657 525 1112
1671 1554 1668 1819 0 1466 734 1666 1633 1477 2152 2378 2511 2401 1575 1721
209 132 208 367 1466 0 1417 226 199 268 686 1011 1084 1012 344 1115
1578 1446 1570 1688 734 1417 0 1544 1512 1555 2057 2086 2273 2126 1666 1161
67 112 57 153 1666 226 1544 0 33 435 513 784 861 785 466 1049
80 79 70 187 1633 199 1512 33 0 422 546 811 892 814 461 1036
382 382 388 524 1477 268 1555 435 422 0 734 1188 1215 1177 110 1380
489 618 495 369 2152 686 2057 513 546 734 0 617 534 574 678 1419
817 885 814 664 2378 1011 2086 784 811 1188 617 0 244 66 1178 1137
876 971 876 717 2511 1084 2273 861 892 1215 534 244 0 179 1182 1373
813 890 811 657 2401 1012 2126 785 814 1177 574 66 179 0 1161 1197
405 438 413 525 1575 344 1666 466 461 110 678 1178 1182 1161 0 1458
1115 1030 1105 1112 1721 1115 1161 1049 1036 1380 1419 1137 1373 1197 1458 0
