0 1684 1499 1045 878 136 1324 257 477 1433 596 114 487 1149 1344 1360
1684 0 3003 2621 1964 1736 2985 1585 1514 2642 1227 1798 1208 2165 2341 2445
1499 3003 0 469 1095 1548 626 1737 1491 2299 1779 1420 1853 1029 995 2377
1045 2621 469 0 853 1084 480 1275 1113 1885 1396 959 1436 910 972 1942
878 1964 1095 853 0 1003 1328 1122 548 2236 796 888 961 275 478 2202
136 1736 1548 1084 1003 0 1316 192 612 1298 710 133 569 1270 1462 1224
1324 2985 626 480 1328 1316 0 1505 1516 1748 1784 1217 1778 1388 1436 1860
257 1585 1737 1275 1122 192 1505 0 658 1292 674 317 483 1395 1593 1185
477 1514 1491 1113 548 612 1516 658 0 1910 287 550 412 817 1021 1829
1433 2642 2299 1885 2236 1298 1748 1292 1910 0 1967 1377 1766 2474 2640 235
596 1227 1779 1396 796 710 1784 674 287 1967 0 700 235 1047 1246 1854
114 1798 1420 959 888 133 1217 317 550 1377 700 0 601 1150 1339 1321
487 1208 1853 1436 961 569 1778 483 412 1766 235 601 0 1227 1430 1640
1149 2165 1029 910 275 1270 1388 1395 817 2474 1047 1150 1227 0 203 2453
1344 2341 995 972 478 1462 1436 1593 1021 2640 1246 1339 1430 203 0 2629
1360 2445 2377 1942 2202 1224 1860 1185 1829 235 1854 1321 1640 2453 2629 0
