0 1544 1526 836 143 173 488 1652 1209 520 1011 794 902 402 174 1024
1544 0 2712 2375 1608 1642 1075 2612 2606 1134 2537 2042 665 1220 1378 2458
1526 2712 0 1139 1607 1605 1759 419 530 2012 1520 741 2080 1901 1666 1845
836 2375 1139 0 810 785 1302 1456 630 1331 406 733 1720 1217 1010 706
143 1608 1607 810 0 36 586 1758 1251 521 929 890 987 408 239 905
173 1642 1605 785 36 0 623 1765 1239 549 895 894 1023 438 275 868
488 1075 1759 1302 586 623 0 1773 1561 387 1500 1032 418 350 348 1490
1652 2612 419 1456 1758 1765 1773 0 906 2084 1856 873 2027 1982 1762 2156
1209 2606 530 630 1251 1239 1561 906 0 1727 993 581 1943 1609 1373 1328
520 1134 2012 1331 521 549 387 2084 1727 0 1423 1271 607 118 354 1323
1011 2537 1520 406 929 895 1500 1856 993 1423 0 1128 1912 1323 1164 357
794 2042 741 733 890 894 1032 873 581 1271 1128 0 1386 1160 926 1365
902 665 2080 1720 987 1023 418 2027 1943 607 1912 1386 0 650 749 1878
402 1220 1901 1217 408 438 350 1982 1609 118 1323 1160 650 0 237 1242
174 1378 1666 1010 239 275 348 1762 1373 354 1164 926 749 237 0 1141
1024 2458 1845 706 905 868 1490 2156 1328 1323 357 1365 1878 1242 1141 0
