0 795 272 1130 827 1714 514 1661 631 1123 422 868 57 601 251 478
795 0 685 1720 1233 2128 476 2172 1008 1525 622 453 825 193 762 766
272 685 0 1402 1081 1568 589 1933 427 959 568 901 251 511 77 674
1130 1720 1402 0 540 2522 1247 548 1687 2044 1098 1479 1154 1555 1370 956
827 1233 1081 540 0 2467 758 938 1455 1911 628 946 871 1089 1076 477
1714 2128 1568 2522 2467 0 2158 3050 1149 612 2119 2456 1658 2013 1522 2192
514 476 589 1247 758 2158 0 1696 1014 1548 157 357 566 338 639 291
1661 2172 1933 548 938 3050 1696 0 2234 2589 1562 1860 1690 2025 1906 1412
631 1008 427 1687 1455 1149 1014 2234 0 537 993 1307 583 872 396 1090
1123 1525 959 2044 1911 612 1548 2589 537 0 1516 1844 1068 1403 916 1598
422 622 568 1098 628 2119 157 1562 993 1516 0 491 479 463 601 151
868 453 901 1479 946 2456 357 1860 1307 1844 491 0 919 463 963 570
57 825 251 1154 871 1658 566 1690 583 1068 479 919 0 633 216 534
601 193 511 1555 1089 2013 338 2025 872 1403 463 463 633 0 585 613
251 762 77 1370 1076 1522 639 1906 396 916 601 963 216 585 0 693
478 766 674 956 477 2192 291 1412 1090 1598 151 570 534 613 693 0
