0 163 917 256 233 1286 591 939 143 1444 555 347 664 670 577 1074
163 0 996 125 77 1444 631 808 257 1549 503 449 739 740 736 1228
917 996 0 1121 1066 1470 402 1208 1016 583 719 571 1459 257 693 762
256 125 1121 0 64 1491 753 829 294 1673 598 572 701 866 832 1330
233 77 1066 64 0 1499 693 785 302 1622 534 525 747 809 810 1304
1286 1444 1470 1491 1499 0 1509 2202 1198 1560 1717 1259 1024 1422 859 788
591 631 402 753 693 1509 0 850 718 985 330 302 1220 162 650 958
939 808 1208 829 785 2202 850 0 1063 1772 531 974 1530 1010 1385 1790
143 257 1016 294 302 1198 718 1063 0 1518 698 448 521 780 575 1076
1444 1549 583 1673 1622 1560 985 1772 1518 0 1302 1102 1879 832 1040 774
555 503 719 598 534 1717 330 531 698 1302 0 460 1218 493 873 1259
347 449 571 572 525 1259 302 974 448 1102 460 0 926 333 413 839
664 739 1459 701 747 1024 1220 1530 521 1879 1218 926 0 1252 840 1262
670 740 257 866 809 1422 162 1010 780 832 493 333 1252 0 578 818
577 736 693 832 810 859 650 1385 575 1040 873 413 840 578 0 501
1074 1228 762 1330 1304 788 958 1790 1076 774 1259 839 1262 818 501 0
