0 324 641 770 1601 215 739 351 1431 233 541 409 1527 211 389 533 1060
324 0 883 476 1397 329 876 521 1755 557 743 470 1428 459 708 849 1376
641 883 0 1159 2241 555 317 372 1111 508 168 495 1363 752 587 651 984
770 476 1159 0 1461 662 1018 799 2165 988 993 663 1149 933 1158 1303 1829
1601 1397 2241 1461 0 1714 2273 1906 2815 1782 2124 1867 2602 1543 1829 1909 2309
215 329 555 662 1714 0 568 193 1503 352 414 197 1313 425 534 677 1190
739 876 317 1018 2273 568 0 389 1411 701 238 408 1046 910 832 926 1299
351 521 372 799 1906 193 389 0 1392 366 222 157 1254 534 536 663 1138
1431 1755 1111 2165 2815 1503 1411 1392 0 1197 1264 1547 2442 1359 1062 941 524
233 557 508 988 1782 352 701 366 1197 0 468 495 1620 249 182 324 842
541 743 168 993 2124 414 238 222 1264 468 0 329 1249 690 594 689 1091
409 470 495 663 1867 197 408 157 1547 495 329 0 1130 616 673 807 1293
1527 1428 1363 1149 2602 1313 1046 1254 2442 1620 1249 1130 0 1738 1790 1912 2339
211 459 752 933 1543 425 910 534 1359 249 690 616 1738 0 300 420 934
389 708 587 1158 1829 534 832 536 1062 182 594 673 1790 300 0 145 670
533 849 651 1303 1909 677 926 663 941 324 689 807 1912 420 145 0 526
1060 1376 984 1829 2309 1190 1299 1138 524 842 1091 1293 2339 934 670 526 0
