0 92 729 1191 1091 1541 982 1329 1383 650 339 401 1481 304 1400 1481 1361
92 0 812 1131 1010 1522 1070 1254 1315 742 304 321 1558 294 1311 1507 1452
729 812 0 1554 1636 1552 282 2055 1790 391 1028 1018 1304 732 1996 1782 690
1191 1131 1554 0 433 749 1827 1655 242 1729 1337 828 2656 930 730 2597 2229
1091 1010 1636 433 0 1177 1919 1237 429 1715 1126 690 2566 917 378 2349 2327
1541 1522 1552 749 1177 0 1766 2357 888 1862 1803 1313 2830 1237 1470 3023 2113
982 1070 282 1827 1919 1766 0 2290 2065 467 1253 1295 1187 1013 2278 1826 408
1329 1254 2055 1655 1237 2357 2290 0 1657 1877 1037 1190 2319 1457 1163 1630 2635
1383 1315 1790 242 429 888 2065 1657 0 1949 1490 999 2861 1142 600 2740 2468
650 742 391 1729 1715 1862 467 1877 1949 0 846 1033 968 810 2042 1396 759
339 304 1028 1337 1126 1803 1253 1037 1490 846 0 514 1488 595 1363 1260 1601
401 321 1018 828 690 1313 1295 1190 999 1033 514 0 1880 297 1009 1774 1696
1481 1558 1304 2656 2566 2830 1187 2319 2861 968 1488 1880 0 1726 2844 1023 1106
304 294 732 930 917 1237 1013 1457 1142 810 595 297 1726 0 1267 1786 1418
1400 1311 1996 730 378 1470 2278 1163 600 2042 1363 1009 2844 1267 0 2508 2685
1481 1507 1782 2597 2349 3023 1826 1630 2740 1396 1260 1774 1023 1786 2508 0 1940
1361 1452 690 2229 2327 2113 408 2635 2468 759 1601 1696 1106 1418 2685 1940 0
