0 320 1205 382 1585 1652 1482 67 739 1090 890 531 1008 1310 38 460
320 0 1157 206 1325 1715 1653 335 712 1297 1136 461 696 1044 282 598
1205 1157 0 950 2239 2846 1025 1144 465 984 2034 701 1493 950 1202 1662
382 206 950 0 1464 1914 1494 358 508 1165 1265 257 775 928 355 768
1585 1325 2239 1464 0 1713 2958 1629 1911 2621 1974 1688 746 1504 1549 1463
1652 1715 2846 1914 1713 0 3004 1717 2381 2581 1101 2147 1865 2639 1648 1192
1482 1653 1025 1494 2958 3004 0 1419 1088 422 1957 1277 2245 1935 1507 1875
67 335 1144 358 1629 1717 1419 0 679 1030 933 480 1031 1286 87 525
739 712 465 508 1911 2381 1088 679 0 859 1586 250 1176 918 736 1196
1090 1297 984 1165 2621 2581 422 1030 859 0 1538 987 1938 1771 1118 1461
890 1136 2034 1265 1974 1101 1957 933 1586 1538 0 1412 1675 2179 911 582
531 461 701 257 1688 2147 1277 480 250 987 1412 0 968 891 520 974
1008 696 1493 775 746 1865 2245 1031 1176 1938 1675 968 0 845 969 1093
1310 1044 950 928 1504 2639 1935 1286 918 1771 2179 891 845 0 1281 1635
38 282 1202 355 1549 1648 1507 87 736 1118 911 520 969 1281 0 460
460 598 1662 768 1463 1192 1875 525 1196 1461 582 974 1093 1635 460 0
