0 464 1041 408 1201 1252 1323 865 1597 1319 1032 701 614 355 436 1460
464 0 576 589 1069 1633 1662 1184 1352 1734 1394 1114 917 583 891 1916
1041 576 0 1085 1167 2151 2147 1680 1233 2274 1909 1664 1419 1096 1463 2488
408 589 1085 0 1560 1571 1674 601 1910 1596 824 1015 1007 763 703 1465
1201 1069 1167 1560 0 1527 1413 2063 486 1728 2211 1308 968 899 1348 2417
1252 1633 2151 1571 1527 0 216 1611 2006 221 1576 557 732 1058 867 1229
1323 1662 2147 1674 1413 216 0 1774 1880 425 1759 667 744 1079 982 1445
865 1184 1680 601 2063 1611 1774 0 2459 1552 242 1132 1294 1179 856 1034
1597 1352 1233 1910 486 2006 1880 2459 0 2210 2627 1790 1448 1339 1805 2891
1319 1734 2274 1596 1728 221 425 1552 2210 0 1486 621 872 1178 901 1044
1032 1394 1909 824 2211 1576 1759 242 2627 1486 0 1157 1373 1313 924 827
701 1114 1664 1015 1308 557 667 1132 1790 621 1157 0 341 578 315 1117
614 917 1419 1007 968 732 744 1294 1448 872 1373 341 0 334 448 1450
355 583 1096 763 899 1058 1079 1179 1339 1178 1313 578 334 0 475 1579
436 891 1463 703 1348 867 982 856 1805 901 924 315 448 475 0 1104
1460 1916 2488 1465 2417 1229 1445 1034 2891 1044 827 1117 1450 1579 1104 0
