0 321 1333 715 317 444 136 420 1336 852 1183 1245 479 1098 15 250
321 0 1132 842 626 141 198 570 1643 738 1144 929 690 779 310 386
1333 1132 0 1109 1631 1146 1283 1138 2602 1751 659 809 1798 841 1333 1506
715 842 1109 0 836 975 796 295 1599 1545 631 1464 1128 1364 728 964
317 626 1631 836 0 731 428 582 1019 952 1400 1556 311 1406 324 342
444 141 1146 975 731 0 310 709 1735 648 1232 839 743 685 431 445
136 198 1283 796 428 310 0 502 1445 750 1203 1127 516 977 122 227
420 570 1138 295 582 709 502 0 1469 1252 819 1317 854 1196 433 670
1336 1643 2602 1599 1019 1735 1445 1469 0 1723 2231 2571 1037 2419 1343 1299
852 738 1751 1545 952 648 750 1252 1723 0 1878 1217 728 1073 836 635
1183 1144 659 631 1400 1232 1203 819 2231 1878 0 1323 1655 1287 1191 1420
1245 929 809 1464 1556 839 1127 1317 2571 1217 1323 0 1579 156 1236 1284
479 690 1798 1128 311 743 516 854 1037 728 1655 1579 0 1423 475 303
1098 779 841 1364 1406 685 977 1196 2419 1073 1287 156 1423 0 1088 1129
15 310 1333 728 324 431 122 433 1343 836 1191 1236 475 1088 0 238
250 386 1506 964 342 445 227 670 1299 635 1420 1284 303 1129 238 0
