0 1713 16 88 664 752 1321 420 1531 934 409 923 1039 211 1 1594
1713 0 1697 1761 2238 2446 2857 1984 850 778 1369 877 2230 1579 1712 3296
16 1697 0 101 679 769 1336 433 1515 918 397 907 1047 204 16 1610
88 1761 101 0 579 690 1238 332 1609 982 422 992 954 204 87 1537
664 2238 679 579 0 356 661 264 2181 1481 876 1546 572 690 664 1113
752 2446 769 690 356 0 702 503 2270 1670 1082 1676 910 867 753 850
1321 2857 1336 1238 661 702 0 922 2842 2121 1519 2204 752 1346 1321 805
420 1984 433 332 264 503 922 0 1920 1221 616 1282 656 425 419 1334
1531 850 1515 1609 2181 2270 2842 1920 0 866 1363 658 2385 1500 1532 3077
934 778 918 982 1481 1670 2121 1221 866 0 605 293 1566 806 934 2519
409 1369 397 422 876 1082 1519 616 1363 605 0 706 1026 220 408 1932
923 877 907 992 1546 1676 2204 1282 658 293 706 0 1726 857 923 2512
1039 2230 1047 954 572 910 752 656 2385 1566 1026 1726 0 943 1037 1488
211 1579 204 204 690 867 1346 425 1500 806 220 857 943 0 209 1717
1 1712 16 87 664 753 1321 419 1532 934 408 923 1037 209 0 1594
1594 3296 1610 1537 1113 850 805 1334 3077 2519 1932 2512 1488 1717 1594 0
