0 1311 1579 1124 937 45 1130 447 1150 591 1587 1708 1025 565 1571 452 299
1311 0 2405 1508 2171 1348 2327 1224 2344 1901 1649 429 2062 1535 2155 1722 1461
1579 2405 0 945 1006 1589 2138 1290 2157 1519 1179 2827 605 2069 3052 1689 1796
1124 1508 945 0 1241 1159 2113 683 2135 1436 494 1916 868 1689 2690 1468 1420
937 2171 1006 1241 0 919 1135 969 1153 577 1711 2592 450 1236 2133 804 1012
45 1348 1589 1159 919 0 1084 485 1105 552 1625 1743 1027 532 1542 407 261
1130 2327 2138 2113 1135 1084 0 1522 21 681 2607 2662 1551 807 1176 683 883
447 1224 1290 683 969 485 1522 0 1543 887 1140 1652 847 1009 2007 843 746
1150 2344 2157 2135 1153 1105 21 1543 0 702 2629 2678 1570 822 1171 704 902
591 1901 1519 1436 577 552 681 887 702 0 1930 2291 915 679 1559 248 510
1587 1649 1179 494 1711 1625 2607 1140 2629 1930 0 2005 1302 2147 3132 1955 1886
1708 429 2827 1916 2592 1743 2662 1652 2678 2291 2005 0 2491 1856 2324 2096 1825
1025 2062 605 868 450 1027 1551 847 1570 915 1302 2491 0 1476 2449 1085 1210
565 1535 2069 1689 1236 532 807 1009 822 679 2147 1856 1476 0 1011 434 280
1571 2155 3052 2690 2133 1542 1176 2007 1171 1559 3132 2324 2449 1011 0 1364 1290
452 1722 1689 1468 804 407 683 843 704 248 1955 2096 1085 434 1364 0 277
299 1461 1796 1420 1012 261 883 746 902 510 1886 1825 1210 280 1290 277 0
