0 1441 430 821 1068 514 836 1541 559 1598 433 271 1326 883 1087 947
1441 0 1566 2259 695 1724 1473 2792 1104 1669 1057 1259 2703 2139 2105 1881
430 1566 0 819 1017 903 474 1242 474 2017 757 353 1501 576 675 518
821 2259 819 0 1809 816 1252 983 1256 2131 1242 1016 753 599 1002 1039
1068 695 1017 1809 0 1509 804 2172 552 1980 863 811 2393 1553 1451 1225
514 1724 903 816 1509 0 1345 1753 1055 1318 682 774 989 1177 1484 1392
836 1473 474 1252 804 1345 0 1385 468 2314 1001 621 1965 822 649 423
1541 2792 1242 983 2172 1753 1385 0 1688 3063 1959 1587 1568 670 752 967
559 1104 474 1256 552 1055 468 1688 0 1864 558 287 1864 1037 1025 810
1598 1669 2017 2131 1980 1318 2314 3063 1864 0 1313 1711 2057 2450 2685 2533
433 1057 757 1242 863 682 1001 1959 558 1313 0 414 1647 1291 1429 1250
271 1259 353 1016 811 774 621 1587 287 1711 414 0 1584 917 1017 836
1326 2703 1501 753 2393 989 1965 1568 1864 2057 1647 1584 0 1348 1752 1791
883 2139 576 599 1553 1177 822 670 1037 2450 1291 917 1348 0 404 486
1087 2105 675 1002 1451 1484 649 752 1025 2685 1429 1017 1752 404 0 226
947 1881 518 1039 1225 1392 423 967 810 2533 1250 836 1791 486 226 0
