0 1222 1262 1712 1648 1079 1417 992 1506 554 990 860 483 924 508 763
1222 0 402 751 2467 1579 2293 1497 2226 1727 1011 1560 1683 1865 1114 1728
1262 402 0 462 2706 1861 2511 1245 1970 1809 1337 1794 1745 2048 989 1590
1712 751 462 0 3163 2304 2971 1519 2205 2264 1756 2250 2196 2511 1385 1952
1648 2467 2706 3163 0 918 242 2595 2898 1222 1516 912 1327 726 2157 2162
1079 1579 1861 2304 918 0 798 2065 2563 977 598 266 1045 598 1547 1798
1417 2293 2511 2971 242 798 0 2355 2657 980 1381 733 1085 493 1924 1920
992 1497 1245 1519 2595 2065 2355 0 730 1385 1847 1853 1281 1872 535 568
1506 2226 1970 2205 2898 2563 2657 730 0 1695 2467 2318 1595 2225 1187 767
554 1727 1809 2264 1222 977 980 1385 1695 0 1197 710 104 529 1009 943
990 1011 1337 1756 1516 598 1381 1847 2467 1197 0 679 1217 1056 1313 1749
860 1560 1794 2250 912 266 733 1853 2318 710 679 0 780 384 1352 1550
483 1683 1745 2196 1327 1045 1085 1281 1595 104 1217 780 0 629 916 840
924 1865 2048 2511 726 598 493 1872 2225 529 1056 384 629 0 1431 1469
508 1114 989 1385 2157 1547 1924 535 1187 1009 1313 1352 916 1431 0 615
763 1728 1590 1952 2162 1798 1920 568 767 943 1749 1550 840 1469 615 0
