0 161 1209 306 1720 583 455 72 281 1554 925 1497 365 911 214 763
161 0 1303 436 1561 722 473 202 354 1406 775 1651 516 783 286 718
1209 1303 0 1306 2455 1361 882 1249 1420 2125 1670 1687 1217 1493 1017 1964
306 436 1306 0 1980 286 712 240 167 1842 1211 1227 126 1214 465 706
1720 1561 2455 1980 0 2263 1675 1762 1848 403 828 3208 2075 966 1728 1730
583 722 1361 286 2263 0 936 522 420 2128 1497 949 230 1495 705 852
455 473 882 712 1675 936 0 523 734 1412 850 1723 707 728 249 1190
72 202 1249 240 1762 522 523 0 211 1607 977 1448 314 974 278 715
281 354 1420 167 1848 420 734 211 0 1733 1105 1369 293 1134 487 556
1554 1406 2125 1842 403 2128 1412 1607 1733 0 630 3049 1919 684 1514 1741
925 775 1670 1211 828 1497 850 977 1105 630 0 2422 1290 222 904 1182
1497 1651 1687 1227 3208 949 1723 1448 1369 3049 2422 0 1134 2389 1551 1716
365 516 1217 126 2075 230 707 314 293 1919 1290 1134 0 1274 474 828
911 783 1493 1214 966 1495 728 974 1134 684 222 2389 1274 0 840 1308
214 286 1017 465 1728 705 249 278 487 1514 904 1551 474 840 0 973
763 718 1964 706 1730 852 1190 715 556 1741 1182 1716 828 1308 973 0
