0 1062 959 802 1685 1443 183 1594 1688 1261 755 1616 1345 66 110 1301
1062 0 1671 1117 716 1490 1216 2294 1742 1566 383 1023 532 1035 1166 1389
959 1671 0 610 2385 942 1019 650 2645 596 1287 2492 1648 1026 891 839
802 1117 610 0 1832 641 955 1185 2401 506 748 2040 1038 851 806 498
1685 716 2385 1832 0 2148 1807 3010 1674 2266 1098 664 1013 1642 1794 2064
1443 1490 942 641 2148 0 1595 1216 2995 358 1202 2500 1169 1491 1445 142
183 1216 1019 955 1807 1595 0 1627 1635 1388 929 1677 1524 183 150 1453
1594 2294 650 1185 3010 1216 1627 0 3263 887 1914 3142 2196 1660 1514 1181
1688 1742 2645 2401 1674 2995 1635 3263 0 2902 1845 1035 2275 1623 1754 2861
1261 1566 596 506 2266 358 1388 887 2902 0 1222 2530 1356 1318 1238 294
755 383 1287 748 1098 1202 929 1914 1845 1222 0 1310 602 746 848 1084
1616 1023 2492 2040 664 2500 1677 3142 1035 2530 1310 0 1500 1557 1720 2390
1345 532 1648 1038 1013 1169 1524 2196 2275 1356 602 1500 0 1343 1430 1109
66 1035 1026 851 1642 1491 183 1660 1623 1318 746 1557 1343 0 163 1349
110 1166 891 806 1794 1445 150 1514 1754 1238 848 1720 1430 163 0 1303
1301 1389 839 498 2064 142 1453 1181 2861 294 1084 2390 1109 1349 1303 0
