0 67 873 284 1193 1458 1246 1155 904 1310 1659 800 820 904 731 173
67 0 898 348 1148 1408 1313 1092 916 1254 1645 820 759 958 786 234
873 898 0 930 2027 2260 1186 1427 1726 2071 1030 1600 1552 1439 1301 922
284 348 930 0 1318 1607 1001 1439 799 1492 1836 671 1041 634 463 116
1193 1148 2027 1318 0 306 2272 1330 929 346 2541 1008 561 1553 1448 1239
1458 1408 2260 1607 306 0 2573 1377 1228 249 2681 1312 722 1859 1754 1521
1246 1313 1186 1001 2272 2573 0 2338 1500 2482 2201 1366 2042 846 866 1110
1155 1092 1427 1439 1330 1377 2338 0 1782 1128 1398 1748 808 2038 1868 1326
904 916 1726 799 929 1228 1500 1782 0 1243 2562 140 1051 680 635 807
1310 1254 2071 1492 346 249 2482 1128 1243 0 2444 1304 519 1824 1701 1396
1659 1645 1030 1836 2541 2681 2201 1398 2562 2444 0 2460 1982 2424 2270 1782
800 820 1600 671 1008 1312 1366 1748 140 1304 2460 0 1056 561 500 689
820 759 1552 1041 561 722 2042 808 1051 519 1982 1056 0 1488 1338 933
904 958 1439 634 1553 1859 846 2038 680 1824 2424 561 1488 0 172 732
731 786 1301 463 1448 1754 866 1868 635 1701 2270 500 1338 172 0 559
173 234 922 116 1239 1521 1110 1326 807 1396 1782 689 933 732 559 0
