0 1072 106 538 491 22 768 540 1338 1716 1572 1419 956 697 1729 1043
1072 0 1095 554 1264 1089 1146 1578 2291 2676 2635 2073 1839 1262 2650 2106
106 1095 0 545 385 91 673 578 1263 1645 1575 1315 866 803 1784 1010
538 554 545 0 729 553 717 1071 1747 2132 2110 1608 1303 950 2221 1555
491 1264 385 729 0 475 394 812 1029 1412 1632 940 575 1185 2006 969
22 1089 91 553 475 0 760 531 1316 1694 1557 1399 935 712 1725 1024
768 1146 673 717 394 760 0 1190 1277 1641 2016 927 813 1451 2395 1338
540 1578 578 1071 812 531 1190 0 1179 1507 1061 1545 970 692 1212 685
1338 2291 1263 1747 1029 1316 1277 1179 0 385 1154 757 467 1851 1900 595
1716 2676 1645 2132 1412 1694 1641 1507 385 0 1216 971 843 2194 2040 852
1572 2635 1575 2110 1632 1557 2016 1061 1154 1216 0 1878 1366 1630 853 699
1419 2073 1315 1608 940 1399 927 1545 757 971 1878 0 588 2087 2539 1220
956 1839 866 1303 575 935 813 970 467 843 1366 588 0 1566 1963 673
697 1262 803 950 1185 712 1451 692 1851 2194 1630 2087 1566 0 1419 1377
1729 2650 1784 2221 2006 1725 2395 1212 1900 2040 853 2539 1963 1419 0 1327
1043 2106 1010 1555 969 1024 1338 685 595 852 699 1220 673 1377 1327 0
