0 1458 475 901 664 56 1579 373 1708 427 429 851 1676 156 228 791
1458 0 1468 925 1316 1403 2869 1610 1588 1497 1030 2224 237 1612 1460 719
475 1468 0 1209 1092 456 1951 846 2101 899 572 786 1704 543 248 751
901 925 1209 0 430 868 1999 849 934 701 644 1751 1060 1014 1045 748
664 1316 1092 430 0 656 1571 467 1047 314 642 1458 1474 723 870 929
56 1403 456 868 656 0 1631 406 1693 442 373 891 1622 213 216 734
1579 2869 1951 1999 1571 1631 0 1287 2160 1377 1947 1526 3042 1443 1740 2324
373 1610 846 849 467 406 1287 0 1484 153 662 1013 1804 333 597 1038
1708 1588 2101 934 1047 1693 2160 1484 0 1342 1562 2496 1594 1770 1900 1672
427 1497 899 701 314 442 1377 153 1342 0 608 1154 1682 439 654 969
429 1030 572 644 642 373 1947 662 1562 608 0 1225 1251 585 458 378
851 2224 786 1751 1458 891 1526 1013 2496 1154 1225 0 2456 742 769 1508
1676 237 1704 1060 1474 1622 3042 1804 1594 1682 1251 2456 0 1829 1689 954
156 1612 543 1014 723 213 1443 333 1770 439 585 742 1829 0 305 947
228 1460 248 1045 870 216 1740 597 1900 654 458 769 1689 305 0 751
791 719 751 748 929 734 2324 1038 1672 969 378 1508 954 947 751 0
