0 263 732 412 292 245 1053 606 775 342 612 999 1361 514 1261 386
263 0 894 311 241 310 1253 861 911 548 385 1250 1164 727 1036 147
732 894 0 714 683 972 1430 495 99 911 1005 642 1456 275 1923 1042
412 311 714 0 121 586 1464 856 701 754 297 1209 960 641 1237 423
292 241 683 121 0 480 1344 760 687 634 378 1127 1079 566 1241 378
245 310 972 586 480 0 954 767 1018 281 693 1157 1474 736 1108 339
1053 1253 1430 1464 1344 954 0 946 1522 713 1639 1103 2410 1166 1863 1291
606 861 495 856 760 767 946 0 592 577 1139 393 1775 270 1861 992
775 911 99 701 687 1018 1522 592 0 981 983 734 1386 358 1928 1058
342 548 911 754 634 281 713 577 981 0 930 943 1696 642 1369 612
612 385 1005 297 378 693 1639 1139 983 930 0 1502 782 936 1006 393
999 1250 642 1209 1127 1157 1103 393 734 943 1502 0 2073 570 2255 1384
1361 1164 1456 960 1079 1474 2410 1775 1386 1696 782 2073 0 1520 1430 1169
514 727 275 641 566 736 1166 270 358 642 936 570 1520 0 1762 872
1261 1036 1923 1237 1241 1108 1863 1861 1928 1369 1006 2255 1430 1762 0 890
386 147 1042 423 378 339 1291 992 1058 612 393 1384 1169 872 890 0
