0 701 847 786 380 351 368 304 370 341 105 520 348 373 712 21 318 631 605 518 710 825 709 186 20 560 607 796 494 506 745 743 847 787 519 196 214 277 38 677 27 564 610 494 390 246 42 713 456 65 726 288 841 375 806 420 391 97 255 28 611 651 665 731 336 370 562 305 285 469 720 737 518 543 229 744 505 774
701 0 1481 1461 337 437 532 964 857 664 670 971 383 466 1270 705 571 1325 96 662 1005 1415 1332 680 719 551 261 1487 1170 1045 1338 1444 1427 1178 1005 517 915 717 737 510 678 1170 487 1179 609 702 696 1289 602 691 761 924 1526 1005 1470 1096 870 789 736 705 967 575 851 1375 865 839 1020 652 884 236 57 1302 1070 1221 677 1412 928 1302
847 1481 0 765 1207 1198 1207 543 1046 835 936 574 1098 1220 1069 856 918 352 1387 931 730 1055 150 993 826 1061 1446 289 370 457 1012 435 1088 581 1096 981 682 767 809 1519 857 925 1150 684 907 779 830 238 946 895 1032 847 252 853 824 729 1060 805 746 828 666 1484 869 117 618 657 539 837 599 1249 1481 1067 429 710 804 164 1153 318
786 1461 765 0 1124 1038 975 675 659 1045 792 997 1134 1027 398 774 1070 437 1369 1221 1232 317 752 783 773 1305 1297 485 566 878 307 331 347 1180 587 982 591 954 758 1235 813 349 1372 291 1118 938 808 865 1184 777 1408 537 539 462 60 367 657 689 920 793 1128 1166 1287 693 875 943 1000 1020 789 1242 1489 380 861 243 943 605 681 979
380 337 1207 1124 0 125 236 669 532 469 334 766 185 171 945 380 378 1011 248 559 874 1086 1062 344 400 506 242 1177 869 806 1007 1120 1100 1012 687 228 591 483 418 407 361 836 496 843 450 458 384 1042 481 359 732 587 1220 668 1133 759 547 460 489 390 804 427 757 1095 618 614 816 442 611 146 369 976 827 884 430 1117 621 1078
351 437 1198 1038 125 0 111 655 419 531 275 808 286 50 833 344 448 970 358 648 942 978 1058 257 371 612 266 1137 843 828 900 1067 990 1065 570 264 545 524 389 343 340 734 612 767 528 495 368 1053 570 310 834 502 1185 577 1043 681 433 410 522 369 863 341 841 1082 642 651 855 499 618 271 477 864 845 804 467 1094 499 1101
368 532 1207 975 236 111 0 669 332 608 271 864 390 67 741 355 533 954 460 740 1017 889 1074 221 388 714 323 1120 844 869 814 1036 899 1127 473 338 534 587 403 311 366 655 719 718 615 556 396 1082 662 313 932 450 1172 514 975 632 342 403 579 392 932 283 928 1091 689 707 910 573 651 382 576 773 884 750 529 1092 396 1140
304 964 543 675 669 655 669 0 569 390 398 344 583 677 766 314 442 374 867 553 579 831 405 463 284 653 905 527 206 261 759 515 860 583 672 449 185 299 267 980 314 599 731 411 468 294 287 421 528 356 733 390 563 442 716 384 587 276 267 285 471 950 613 428 199 267 365 373 115 728 972 781 261 464 309 449 698 498
370 857 1046 659 532 419 332 569 0 710 288 869 621 393 414 349 673 734 777 882 1075 558 936 218 377 904 655 892 678 823 482 779 570 1131 161 497 386 648 380 576 391 325 937 436 751 617 413 982 814 311 1089 199 949 219 651 355 20 317 623 398 973 511 1036 930 684 730 904 673 611 674 896 445 828 454 600 903 135 1067
341 664 835 1045 469 531 608 390 710 0 426 308 302 576 1043 362 95 759 575 182 411 1143 685 506 338 263 702 900 581 384 1064 905 1168 543 861 269 463 91 341 869 318 886 341 761 78 108 299 628 139 398 387 616 927 699 1079 706 731 419 126 316 335 872 330 739 221 178 358 37 278 449 655 1065 410 814 114 794 842 638
105 670 936 792 334 275 271 398 288 426 0 625 357 287 665 88 384 695 577 594 810 790 802 82 122 618 540 862 574 611 710 793 809 892 446 216 270 373 135 583 115 530 656 509 464 341 143 814 526 42 802 262 911 348 806 426 308 135 354 134 713 552 755 819 442 474 667 388 390 449 696 692 623 551 320 824 418 877
520 971 574 997 766 808 864 344 869 308 625 0 609 846 1110 540 404 614 884 360 236 1175 431 706 506 492 1004 715 441 133 1103 769 1205 266 994 546 513 284 498 1151 511 943 582 752 363 312 482 344 387 586 467 715 725 779 1043 729 889 551 286 492 131 1143 313 500 186 157 49 327 261 758 959 1125 158 803 341 579 1004 333
348 383 1098 1134 185 286 390 583 621 302 357 609 0 336 1019 359 207 950 288 373 695 1148 949 405 363 326 402 1109 789 669 1067 1076 1166 843 782 152 557 338 379 592 322 888 330 843 270 320 332 912 296 361 549 617 1146 704 1153 767 639 445 354 344 632 611 572 992 485 466 659 282 500 152 389 1047 692 891 294 1029 732 934
373 466 1220 1027 171 50 67 677 393 576 287 846 336 0 805 363 495 981 392 696 987 952 1082 254 393 662 269 1148 861 862 876 1071 963 1106 539 307 557 564 410 308 365 714 661 762 575 534 395 1082 618 326 883 495 1197 565 1029 676 405 423 560 394 906 297 889 1104 678 689 893 543 648 316 509 837 878 797 507 1111 463 1134
712 1270 1069 398 945 833 741 766 414 1043 665 1110 1019 805 0 693 1031 717 1191 1225 1342 154 1009 615 710 1272 1059 826 764 1022 98 674 158 1345 271 881 602 963 703 935 739 167 1318 394 1100 937 750 1098 1167 671 1430 427 885 344 357 385 400 625 932 733 1234 858 1345 972 943 1005 1131 1009 856 1086 1310 32 1015 360 929 905 362 1204
21 705 856 774 380 344 355 314 349 362 88 540 359 363 693 0 337 632 610 539 731 808 720 166 34 579 603 798 499 523 727 740 830 806 498 207 211 299 48 665 45 546 627 484 411 268 63 727 476 46 747 270 844 358 794 408 370 85 276 49 632 637 687 740 355 391 581 326 302 475 726 718 535 531 251 750 483 789
318 571 918 1070 378 448 533 442 673 95 384 404 207 495 1031 337 0 816 481 213 496 1141 768 459 321 242 607 964 642 474 1060 956 1164 637 829 196 479 152 329 781 292 880 302 780 83 147 281 718 141 365 418 605 995 691 1098 717 693 408 178 298 427 789 394 818 299 267 454 81 338 354 565 1055 499 832 132 867 801 732
631 1325 352 437 1011 970 954 374 734 759 695 614 950 981 717 632 816 0 1228 909 837 708 314 732 611 1020 1234 167 180 483 662 154 741 757 761 808 425 671 593 1260 650 575 1101 336 838 669 630 428 895 660 1067 538 218 525 495 393 745 560 640 622 741 1213 924 261 547 610 605 746 481 1089 1338 715 461 358 684 188 827 542
605 96 1387 1369 248 358 460 867 777 575 577 884 288 392 1191 610 481 1228 0 588 931 1333 1237 592 623 486 238 1390 1073 954 1255 1347 1347 1098 929 420 819 624 641 490 582 1085 433 1086 524 608 599 1197 523 597 705 834 1430 916 1380 1003 791 694 642 609 886 545 782 1280 772 748 933 562 789 139 120 1222 978 1129 582 1315 856 1213
518 662 931 1221 559 648 740 553 882 182 594 360 373 696 1225 539 213 909 588 0 343 1325 785 671 517 132 765 1038 729 476 1246 1060 1350 519 1036 408 644 269 522 966 494 1068 222 939 131 290 478 704 77 572 207 797 1058 881 1256 887 903 600 303 494 314 983 200 849 362 299 402 215 438 490 638 1247 503 993 295 917 1012 684
710 1005 730 1232 874 942 1017 579 1075 411 810 236 695 987 1342 731 496 837 931 343 0 1410 607 892 700 462 1096 920 672 356 1338 991 1440 193 1210 680 740 438 695 1278 695 1175 544 988 424 470 668 492 408 775 329 937 921 1005 1279 964 1096 759 455 681 107 1284 172 683 400 346 233 444 486 826 980 1358 376 1040 494 774 1211 426
825 1415 1055 317 1086 978 889 831 558 1143 790 1175 1148 952 154 808 1141 708 1333 1325 1410 0 1017 749 820 1383 1209 790 790 1074 80 634 33 1394 423 1005 686 1058 811 1089 853 261 1435 426 1206 1035 859 1117 1273 792 1528 537 847 450 262 448 547 732 1026 843 1303 1012 1431 969 1020 1085 1190 1111 931 1223 1453 121 1064 379 1030 891 515 1228
709 1332 150 752 1062 1058 1074 405 936 685 802 431 949 1082 1009 720 768 314 1237 785 607 1017 0 864 689 913 1302 329 260 309 965 441 1050 481 1003 835 559 617 672 1385 718 855 1002 615 757 630 689 126 797 761 895 740 318 758 809 646 952 676 596 689 533 1354 735 77 468 507 400 687 452 1100 1331 1012 281 650 655 176 1052 236
186 680 993 783 344 257 221 463 218 506 82 706 405 254 615 166 459 732 592 671 892 749 864 0 201 686 521 899 626 687 669 817 766 973 379 278 314 455 211 530 197 494 718 510 540 423 225 883 601 120 877 246 950 324 790 424 238 188 436 214 795 490 835 876 522 556 747 468 466 475 713 644 698 547 402 873 342 951
20 719 826 773 400 371 388 284 377 338 122 506 363 393 710 34 321 611 623 517 700 820 689 201 0 564 627 777 473 488 739 724 842 772 523 211 196 270 18 697 41 559 616 481 391 240 40 694 457 81 725 283 821 370 795 408 398 88 246 23 600 670 660 711 321 358 547 302 267 486 737 734 500 530 225 723 512 755
560 551 1061 1305 506 612 714 653 904 263 618 492 326 662 1272 579 242 1020 486 132 462 1383 913 686 564 0 685 1155 840 604 1303 1167 1407 646 1063 409 717 355 572 906 533 1123 90 1018 187 367 524 836 125 603 228 847 1178 934 1336 958 924 651 389 540 445 933 300 975 474 416 535 285 540 409 521 1297 631 1070 362 1040 1028 817
607 261 1446 1297 242 266 323 905 655 702 540 1004 402 269 1059 603 607 1234 238 765 1096 1209 1302 521 627 685 0 1401 1101 1048 1135 1333 1217 1245 788 470 809 723 645 253 592 979 649 1031 672 699 617 1284 691 573 912 764 1447 835 1298 945 664 674 731 621 1034 314 965 1332 860 854 1054 678 852 276 316 1091 1069 1066 671 1350 703 1319
796 1487 289 485 1177 1137 1120 527 892 900 862 715 1109 1148 826 798 964 167 1390 1038 920 790 329 899 777 1155 1401 0 322 582 757 156 822 809 905 970 592 816 758 1426 815 701 1239 474 979 817 794 455 1032 827 1180 699 60 678 545 542 902 727 786 786 834 1377 1029 253 681 740 696 890 626 1251 1497 819 557 483 835 153 978 563
494 1170 370 566 869 843 844 206 678 581 574 441 789 861 764 499 642 180 1073 729 672 790 260 626 473 840 1101 322 0 315 730 333 822 614 743 654 312 495 455 1155 509 603 922 370 660 495 484 334 715 535 888 480 357 498 617 389 693 440 464 479 571 1116 748 253 367 430 438 569 304 933 1178 770 297 412 512 250 792 440
506 1045 457 878 806 828 869 261 823 384 611 133 669 862 1022 523 474 483 954 476 356 1074 309 687 488 604 1048 582 315 0 1006 638 1105 323 933 578 445 330 476 1170 504 855 693 648 453 350 473 244 489 569 599 651 593 704 926 636 842 513 318 479 258 1152 446 373 188 207 123 393 220 821 1039 1034 27 698 378 448 955 273
745 1338 1012 307 1007 900 814 759 482 1064 710 1103 1067 876 98 727 1060 662 1255 1246 1338 80 965 669 739 1303 1135 757 730 1006 0 602 104 1328 354 924 609 980 731 1023 772 180 1355 361 1126 956 779 1060 1193 711 1449 457 816 369 262 374 471 652 947 762 1230 947 1355 921 945 1009 1120 1031 857 1144 1375 73 997 317 951 848 448 1170
743 1444 435 331 1120 1067 1036 515 779 905 793 769 1076 1071 674 740 956 154 1347 1060 991 634 441 817 724 1167 1333 156 333 638 602 0 666 904 774 929 529 815 706 1333 765 558 1246 346 983 810 748 564 1042 762 1221 596 213 561 391 424 786 661 782 738 896 1279 1079 374 697 761 759 889 627 1210 1460 666 615 345 823 279 852 677
847 1427 1088 347 1100 990 899 860 570 1168 809 1205 1166 963 158 830 1164 741 1347 1350 1440 33 1050 766 842 1407 1217 822 822 1105 104 666 0 1426 430 1025 713 1084 834 1091 875 283 1457 458 1230 1060 882 1150 1297 812 1553 559 879 472 292 477 558 755 1052 866 1332 1013 1458 1002 1049 1113 1221 1136 960 1239 1467 126 1096 410 1055 924 520 1261
787 1178 581 1180 1012 1065 1127 583 1131 543 892 266 843 1106 1345 806 637 757 1098 519 193 1394 481 973 772 646 1245 809 614 323 1328 904 1426 0 1250 801 764 541 764 1407 777 1178 730 968 577 571 748 356 575 853 521 969 799 1026 1232 960 1151 815 548 758 211 1403 364 558 451 420 227 570 520 984 1156 1357 330 1016 599 656 1266 263
519 1005 1096 587 687 570 473 672 161 861 446 994 782 539 271 498 829 761 929 1036 1210 423 1003 379 523 1063 788 905 743 933 354 774 430 1250 0 658 487 793 523 669 542 238 1098 431 907 763 561 1065 970 464 1244 281 965 245 566 368 143 452 766 545 1105 594 1183 985 812 864 1025 824 733 831 1047 303 934 429 749 943 95 1159
196 517 981 982 228 264 338 449 497 269 216 546 152 307 881 207 196 808 420 408 680 1005 835 278 211 409 470 970 654 578 924 929 1025 801 658 0 406 261 227 606 170 744 440 691 279 234 181 813 333 213 609 470 1010 558 1001 615 517 293 263 193 599 604 590 871 390 390 594 236 383 281 530 908 598 739 205 899 619 850
214 915 682 591 591 545 534 185 386 463 270 513 557 557 602 211 479 425 819 644 740 686 559 314 196 717 809 592 312 445 609 529 713 764 487 406 0 375 179 844 237 437 781 301 532 354 225 596 599 235 843 205 640 265 619 243 404 134 341 212 633 804 745 564 341 402 540 434 254 683 934 620 446 353 355 558 513 680
277 717 767 954 483 524 587 299 648 91 373 284 338 564 963 299 152 671 624 269 438 1058 617 455 270 355 723 816 495 330 980 815 1084 541 793 261 375 0 270 867 259 803 431 671 168 32 235 573 231 340 469 538 845 618 988 618 668 343 34 249 346 862 389 666 149 130 333 74 190 490 714 984 354 724 57 715 782 597
38 737 809 758 418 389 403 267 380 341 135 498 379 410 703 48 329 593 641 522 695 811 672 211 18 572 645 758 455 476 731 706 834 764 523 227 179 270 0 713 58 550 627 467 397 240 50 679 463 93 729 276 803 362 781 395 401 78 244 34 594 686 660 693 312 352 537 306 255 504 755 727 487 516 228 705 515 742
677 510 1519 1235 407 343 311 980 576 869 583 1151 592 308 935 665 781 1260 490 966 1278 1089 1385 530 697 906 253 1426 1155 1170 1023 1333 1091 1407 669 606 844 867 713 0 672 892 882 1002 857 838 702 1389 889 624 1134 738 1479 788 1224 917 577 714 866 700 1203 82 1165 1402 985 995 1199 839 956 502 567 967 1186 1027 810 1403 574 1442
27 678 857 813 361 340 366 314 391 318 115 511 322 365 739 45 292 650 582 494 695 853 718 197 41 533 592 815 509 504 772 765 875 777 542 170 237 259 58 672 0 591 582 521 365 227 30 717 430 81 702 315 859 402 834 447 412 125 239 29 598 649 645 742 329 359 554 282 285 445 696 764 518 570 209 758 525 774
564 1170 925 349 836 734 655 599 325 886 530 943 888 714 167 546 880 575 1085 1068 1175 261 855 494 559 1123 979 701 603 855 180 558 283 1178 238 744 437 803 550 892 591 0 1174 241 947 779 599 937 1013 530 1272 276 761 188 332 219 319 471 771 582 1067 822 1182 822 778 840 964 853 690 969 1205 183 849 218 772 763 331 1042
610 487 1150 1372 496 612 719 731 937 341 656 582 330 661 1318 627 302 1101 433 222 544 1435 1002 718 616 90 649 1239 922 693 1355 1246 1457 730 1098 440 781 431 627 882 582 1174 0 1082 263 439 577 926 208 646 273 898 1263 985 1401 1019 957 704 464 593 533 916 377 1063 557 502 625 358 619 379 451 1344 720 1135 431 1127 1056 907
494 1179 684 291 843 767 718 411 436 761 509 752 843 762 394 484 780 336 1086 939 988 426 615 510 481 1018 1031 474 370 648 361 346 458 968 431 691 301 671 467 1002 521 241 1082 0 832 653 516 703 898 489 1133 268 534 217 318 86 442 398 636 501 881 943 1022 581 608 674 765 733 519 955 1204 399 638 53 655 524 506 811
390 609 907 1118 450 528 615 468 751 78 464 363 270 575 1100 411 83 838 524 131 424 1206 757 540 391 187 672 979 660 453 1126 983 1230 577 907 279 532 168 397 857 365 947 263 832 0 180 351 695 67 442 338 673 1005 758 1150 774 772 476 202 368 365 867 313 813 298 250 412 98 356 407 595 1124 479 885 177 871 881 696
246 702 779 938 458 495 556 294 617 108 341 312 320 534 937 268 147 669 608 290 470 1035 630 423 240 367 699 817 495 350 956 810 1060 571 763 234 354 32 240 838 227 779 439 653 180 0 204 591 245 308 493 511 848 592 971 597 638 315 33 218 378 832 419 676 164 156 360 81 191 472 701 959 373 706 28 721 751 620
42 696 830 808 384 368 396 287 413 299 143 482 332 395 750 63 281 630 599 478 668 859 689 225 40 524 617 794 484 473 779 748 882 748 561 181 225 235 50 702 30 599 577 516 351 204 0 687 417 106 685 323 837 410 831 445 434 127 213 16 570 680 623 715 299 330 524 264 254 461 711 774 487 566 187 733 547 743
713 1289 238 865 1042 1053 1082 421 982 628 814 344 912 1082 1098 727 718 428 1197 704 492 1117 126 883 694 836 1284 455 334 244 1060 564 1150 356 1065 813 596 573 679 1389 717 937 926 703 695 591 687 0 727 771 794 791 443 822 921 722 999 697 558 689 428 1365 631 202 427 451 305 637 435 1064 1283 1103 219 743 619 302 1105 114
456 602 946 1184 481 570 662 528 814 139 526 387 296 618 1167 476 141 895 523 77 408 1273 797 601 457 125 691 1032 715 489 1193 1042 1297 575 970 333 599 231 463 889 430 1013 208 898 67 245 417 727 0 506 276 740 1055 825 1216 841 835 542 265 434 365 905 275 857 350 294 433 164 415 418 582 1191 517 951 244 919 943 718
65 691 895 777 359 310 313 356 311 398 42 586 361 326 671 46 365 660 597 572 775 792 761 120 81 603 573 827 535 569 711 762 812 853 464 213 235 340 93 624 81 530 646 489 442 308 106 771 506 0 779 256 875 344 793 409 332 101 319 94 677 594 726 779 402 436 627 362 348 465 715 697 581 534 290 785 444 835
726 761 1032 1408 732 834 932 733 1089 387 802 467 549 883 1430 747 418 1067 705 207 329 1528 895 877 725 228 912 1180 888 599 1449 1221 1553 521 1244 609 843 469 729 1134 702 1272 273 1133 338 493 685 794 276 779 0 1003 1192 1086 1447 1085 1110 806 501 702 366 1159 164 966 534 467 495 422 618 637 723 1452 625 1187 501 1047 1219 745
288 924 847 537 587 502 450 390 199 616 262 715 617 495 427 270 605 538 834 797 937 537 740 246 283 847 764 699 480 651 457 596 559 969 281 470 205 538 276 738 315 276 898 268 673 511 323 791 740 256 1003 0 755 87 546 181 213 197 508 307 830 683 924 731 536 592 745 582 454 710 954 450 652 302 502 704 314 881
841 1526 252 539 1220 1185 1172 563 949 927 911 725 1146 1197 885 844 995 218 1430 1058 921 847 318 950 821 1178 1447 60 357 593 816 213 879 799 965 1010 640 845 803 1479 859 761 1263 534 1005 848 837 443 1055 875 1192 755 0 737 599 601 959 775 816 830 839 1431 1037 240 706 761 702 919 656 1290 1535 878 566 544 867 146 1037 546
375 1005 853 462 668 577 514 442 219 699 348 779 704 565 344 358 691 525 916 881 1005 450 758 324 370 934 835 678 498 704 369 561 472 1026 245 558 265 618 362 788 402 188 985 217 758 592 410 822 825 344 1086 87 737 0 466 136 225 283 587 393 898 727 1002 741 605 664 804 665 519 795 1037 366 702 238 585 703 302 918
806 1470 824 60 1133 1043 975 716 651 1079 806 1043 1153 1029 357 794 1098 495 1380 1256 1279 262 809 790 795 1336 1298 545 617 926 262 391 292 1232 566 1001 619 988 781 1224 834 332 1401 318 1150 971 831 921 1216 793 1447 546 599 466 0 386 648 709 954 816 1174 1154 1329 752 915 983 1049 1052 829 1255 1500 336 911 266 973 664 661 1035
420 1096 729 367 759 681 632 384 355 706 426 729 767 676 385 408 717 393 1003 887 964 448 646 424 408 958 945 542 389 636 374 424 477 960 368 615 243 618 395 917 447 219 1019 86 774 597 445 722 841 409 1085 181 601 136 386 0 362 323 584 430 856 858 983 621 572 637 748 676 483 875 1122 397 630 125 596 574 435 824
391 870 1060 657 547 433 342 587 20 731 308 889 639 405 400 370 693 745 791 903 1096 547 952 238 398 924 664 902 693 842 471 786 558 1151 143 517 404 668 401 577 412 319 957 442 772 638 434 999 835 332 1110 213 959 225 648 362 0 338 644 419 993 510 1057 944 704 750 924 694 631 690 910 432 846 457 621 916 115 1084
97 789 805 689 460 410 403 276 317 419 135 551 445 423 625 85 408 560 694 600 759 732 676 188 88 651 674 727 440 513 652 661 755 815 452 293 134 343 78 714 125 471 704 398 476 315 127 697 542 101 806 197 775 283 709 323 338 0 315 110 656 678 733 688 366 413 587 384 295 560 810 648 520 446 305 689 453 769
255 736 746 920 489 522 579 267 623 126 354 286 354 560 932 276 178 640 642 303 455 1026 596 436 246 389 731 786 464 318 947 782 1052 548 766 263 341 34 244 866 239 771 464 636 202 33 213 558 265 319 501 508 816 587 954 584 644 315 0 226 359 857 417 642 131 129 333 106 160 506 735 953 340 690 60 688 759 588
28 705 828 793 390 369 392 285 398 316 134 492 344 394 733 49 298 622 609 494 681 843 689 214 23 540 621 786 479 479 762 738 866 758 545 193 212 249 34 700 29 582 593 501 368 218 16 689 434 94 702 307 830 393 816 430 419 110 226 0 582 676 638 713 308 341 533 280 259 471 722 757 492 551 203 729 533 748
611 967 666 1128 804 863 932 471 973 335 713 131 632 906 1234 632 427 741 886 314 107 1303 533 795 600 445 1034 834 571 258 1230 896 1332 211 1105 599 633 346 594 1203 598 1067 533 881 365 378 570 428 365 677 366 830 839 898 1174 856 993 656 359 582 0 1204 203 606 294 242 137 364 378 772 947 1250 280 933 403 692 1108 383
651 575 1484 1166 427 341 283 950 511 872 552 1143 611 297 858 637 789 1213 545 983 1284 1012 1354 490 670 933 314 1377 1116 1152 947 1279 1013 1403 594 604 804 862 686 82 649 822 916 943 867 832 680 1365 905 594 1159 683 1431 727 1154 858 510 678 857 676 1204 0 1179 1367 971 986 1190 840 935 538 631 890 1167 965 804 1362 499 1423
665 851 869 1287 757 841 928 613 1036 330 755 313 572 889 1345 687 394 924 782 200 172 1431 735 835 660 300 965 1029 748 446 1355 1079 1458 364 1183 590 745 389 660 1165 645 1182 377 1022 313 419 623 631 275 726 164 924 1037 1002 1329 983 1057 733 417 638 203 1179 0 808 414 347 335 367 503 689 822 1365 472 1076 436 891 1170 581
731 1375 117 693 1095 1082 1091 428 930 739 819 500 992 1104 972 740 818 261 1280 849 683 969 77 876 711 975 1332 253 253 373 921 374 1002 558 985 871 564 666 693 1402 742 822 1063 581 813 676 715 202 857 779 966 731 240 741 752 621 944 688 642 713 606 1367 808 0 519 563 472 738 491 1142 1377 972 346 611 699 100 1040 310
336 865 618 875 618 642 689 199 684 221 442 186 485 678 943 355 299 547 772 362 400 1020 468 522 321 474 860 681 367 188 945 697 1049 451 812 390 341 149 312 985 329 778 557 608 298 164 299 427 350 402 534 536 706 605 915 572 704 366 131 308 294 971 414 519 0 67 225 219 89 637 863 961 208 661 192 572 819 460
370 839 657 943 614 651 707 267 730 178 474 157 466 689 1005 391 267 610 748 299 346 1085 507 556 358 416 854 740 430 207 1009 761 1113 420 864 390 402 130 352 995 359 840 502 674 250 156 330 451 294 436 467 592 761 664 983 637 750 413 129 341 242 986 347 563 67 0 204 186 155 617 832 1023 232 728 185 624 865 468
562 1020 539 1000 816 855 910 365 904 358 667 49 659 893 1131 581 454 605 933 402 233 1190 400 747 547 535 1054 696 438 123 1120 759 1221 227 1025 594 540 333 537 1199 554 964 625 765 412 360 524 305 433 627 495 745 702 804 1049 748 924 587 333 533 137 1190 335 472 225 204 0 377 293 808 1008 1145 143 816 389 556 1038 285
305 652 837 1020 442 499 573 373 673 37 388 327 282 543 1009 326 81 746 562 215 444 1111 687 468 302 285 678 890 569 393 1031 889 1136 570 824 236 434 74 306 839 282 853 358 733 98 81 264 637 164 362 422 582 919 665 1052 676 694 384 106 280 364 840 367 738 219 186 377 0 265 432 646 1032 417 786 80 789 806 652
285 884 599 789 611 618 651 115 611 278 390 261 500 648 856 302 338 481 789 438 486 931 452 466 267 540 852 626 304 220 857 627 960 520 733 383 254 190 255 956 285 690 619 519 356 191 254 435 415 348 618 454 656 519 829 483 631 295 160 259 378 935 503 491 89 155 293 265 0 650 887 873 233 573 211 531 745 488
469 236 1249 1242 146 271 382 728 674 449 449 758 152 316 1086 475 354 1089 139 490 826 1223 1100 475 486 409 276 1251 933 821 1144 1210 1239 984 831 281 683 490 504 502 445 969 379 955 407 472 461 1064 418 465 637 710 1290 795 1255 875 690 560 506 471 772 538 689 1142 637 617 808 432 650 0 251 1116 844 1000 446 1176 767 1085
720 57 1481 1489 369 477 576 972 896 655 696 959 389 509 1310 726 565 1338 120 638 980 1453 1331 713 737 521 316 1497 1178 1039 1375 1460 1467 1156 1047 530 934 714 755 567 696 1205 451 1204 595 701 711 1283 582 715 723 954 1535 1037 1500 1122 910 810 735 722 947 631 822 1377 863 832 1008 646 887 251 0 1341 1064 1248 677 1417 972 1291
737 1302 1067 380 976 864 773 781 445 1065 692 1125 1047 837 32 718 1055 715 1222 1247 1358 121 1012 644 734 1297 1091 819 770 1034 73 666 126 1357 303 908 620 984 727 967 764 183 1344 399 1124 959 774 1103 1191 697 1452 450 878 366 336 397 432 648 953 757 1250 890 1365 972 961 1023 1145 1032 873 1116 1341 0 1027 361 951 903 394 1210
518 1070 429 861 827 845 884 261 828 410 623 158 692 878 1015 535 499 461 978 503 376 1064 281 698 500 631 1069 557 297 27 997 615 1096 330 934 598 446 354 487 1186 518 849 720 638 479 373 487 219 517 581 625 652 566 702 911 630 846 520 340 492 280 1167 472 346 208 232 143 417 233 844 1064 1027 0 687 400 421 958 256
543 1221 710 243 884 804 750 464 454 814 551 803 891 797 360 531 832 358 1129 993 1040 379 650 547 530 1070 1066 483 412 698 317 345 410 1016 429 739 353 724 516 1027 570 218 1135 53 885 706 566 743 951 534 1187 302 544 238 266 125 457 446 690 551 933 965 1076 611 661 728 816 786 573 1000 1248 361 687 0 708 547 511 852
229 677 804 943 430 467 529 309 600 114 320 341 294 507 929 251 132 684 582 295 494 1030 655 402 225 362 671 835 512 378 951 823 1055 599 749 205 355 57 228 810 209 772 431 655 177 28 187 619 244 290 501 502 867 585 973 596 621 305 60 203 403 804 436 699 192 185 389 80 211 446 677 951 400 708 0 742 734 648
744 1412 164 605 1117 1094 1092 449 903 794 824 579 1029 1111 905 750 867 188 1315 917 774 891 176 873 723 1040 1350 153 250 448 848 279 924 656 943 899 558 715 705 1403 758 763 1127 524 871 721 733 302 919 785 1047 704 146 703 664 574 916 689 688 729 692 1362 891 100 572 624 556 789 531 1176 1417 903 421 547 742 0 1005 410
505 928 1153 681 621 499 396 698 135 842 418 1004 732 463 362 483 801 827 856 1012 1211 515 1052 342 512 1028 703 978 792 955 448 852 520 1266 95 619 513 782 515 574 525 331 1056 506 881 751 547 1105 943 444 1219 314 1037 302 661 435 115 453 759 533 1108 499 1170 1040 819 865 1038 806 745 767 972 394 958 511 734 1005 0 1193
774 1302 318 979 1078 1101 1140 498 1067 638 877 333 934 1134 1204 789 732 542 1213 684 426 1228 236 951 755 817 1319 563 440 273 1170 677 1261 263 1159 850 680 597 742 1442 774 1042 907 811 696 620 743 114 718 835 745 881 546 918 1035 824 1084 769 588 748 383 1423 581 310 460 468 285 652 488 1085 1291 1210 256 852 648 410 1193 0
