0 572 311 1162 212 356 620 24 382 1312 772 1440 1222 471 170 1605
572 0 419 1626 770 387 1090 562 915 1456 844 1417 1764 831 734 1336
311 419 0 1207 430 50 931 287 534 1124 528 1626 1366 412 471 1678
1162 1626 1207 0 962 1244 1331 1155 787 936 1030 2497 425 798 1099 2759
212 770 430 962 0 481 595 214 175 1228 760 1582 1010 371 154 1796
356 387 50 1244 481 0 975 333 583 1123 519 1637 1411 446 519 1670
620 1090 931 1331 595 975 0 644 682 1808 1352 1204 1179 961 475 1611
24 562 287 1155 214 333 644 0 379 1291 748 1459 1224 453 189 1616
382 915 534 787 175 583 682 379 0 1127 734 1742 850 308 317 1972
1312 1456 1124 936 1228 1123 1808 1291 1127 0 612 2740 1350 858 1376 2786
772 844 528 1030 760 519 1352 748 734 612 0 2154 1337 426 881 2173
1440 1417 1626 2497 1582 1637 1204 1459 1742 2740 2154 0 2383 1911 1428 646
1222 1764 1366 425 1010 1411 1179 1224 850 1350 1337 2383 0 1001 1106 2737
471 831 412 798 371 446 961 453 308 858 426 1911 1001 0 517 2049
170 734 471 1099 154 519 475 189 317 1376 881 1428 1106 517 0 1661
1605 1336 1678 2759 1796 1670 1611 1616 1972 2786 2173 646 2737 2049 1661 0
