0 1310 843 861 1653 1110 1205 29 916 1689 136 176 68 1287 1526 606
1310 0 1924 580 1583 1854 1576 1337 1100 603 1435 1144 1300 1416 1458 1644
843 1924 0 1626 2490 505 894 837 1003 2098 831 910 796 1121 1382 282
861 580 1626 0 1186 1709 1569 883 1093 1142 962 731 875 1498 1634 1349
1653 1583 2490 1186 0 2735 2698 1655 2248 2182 1661 1637 1709 2664 2817 2258
1110 1854 505 1709 2735 0 455 1117 776 1879 1155 1097 1046 713 950 538
1205 1576 894 1569 2698 455 0 1222 488 1492 1294 1125 1137 261 498 793
29 1337 837 883 1655 1117 1222 0 940 1718 107 205 88 1309 1549 606
916 1100 1003 1093 2248 776 488 940 0 1115 1036 783 853 418 620 775
1689 603 2098 1142 2182 1879 1492 1718 1115 0 1824 1512 1657 1262 1192 1841
136 1435 831 962 1661 1155 1294 107 1036 1824 0 312 185 1394 1639 627
176 1144 910 731 1637 1097 1125 205 783 1512 312 0 155 1176 1402 644
68 1300 796 875 1709 1046 1137 88 853 1657 185 155 0 1221 1461 549
1287 1416 1121 1498 2664 713 261 1309 418 1262 1394 1176 1221 0 265 978
1526 1458 1382 1634 2817 950 498 1549 620 1192 1639 1402 1461 265 0 1244
606 1644 282 1349 2258 538 793 606 775 1841 627 644 549 978 1244 0
