0 272 432 397 1703 1157 115 527 810 1500 1214 1218 1487 627 1137 620
272 0 667 667 1505 927 386 598 773 1378 1486 1124 1550 828 1053 421
432 667 0 206 1836 1384 363 415 1193 1508 948 1202 1745 224 1534 858
397 667 206 0 1980 1488 290 594 1055 1685 837 1382 1551 415 1400 948
1703 1505 1836 1980 0 616 1802 1431 2151 549 2783 760 2984 1806 2291 1089
1157 927 1384 1488 616 0 1267 1029 1535 765 2322 720 2369 1417 1680 542
115 386 363 290 1802 1267 0 554 835 1577 1099 1287 1457 577 1173 727
527 598 415 594 1431 1029 554 0 1324 1094 1353 789 2009 389 1634 559
810 773 1193 1055 2151 1535 835 1324 0 2123 1601 1888 835 1412 346 1149
1500 1378 1508 1685 549 765 1577 1094 2123 0 2424 306 2927 1423 2337 974
1214 1486 948 837 2783 2322 1099 1353 1601 2424 0 2118 1693 1001 1921 1784
1218 1124 1202 1382 760 720 1287 789 1888 306 2118 0 2672 1117 2128 749
1487 1550 1745 1551 2984 2369 1457 2009 835 2927 1693 2672 0 1965 810 1956
627 828 224 415 1806 1417 577 389 1412 1423 1001 1117 1965 0 1750 927
1137 1053 1534 1400 2291 1680 1173 1634 346 2337 1921 2128 810 1750 0 1379
620 421 858 948 1089 542 727 559 1149 974 1784 749 1956 927 1379 0
