0 503 299 863 501 320 122 267 202 601 560 760 367 577 357 831 760 98 146 790 196 862 492 772 516 136 145 744 769 675 863 453 807 671 11 789 563 647 113 267 560 790 467 779 416 440 851 551 355 589 573 489 330 635 811 92 126 313 290 440 533 656 586 614 425 378 308 816 306 389 185 559 41 327 598 711 199 176 465 596 344 615 351 196 338 239 238 120 824 434 751 694 613 543 795 588 85 130 594 681 481 318 716 714 858 578 516 443 272 75 131 134 281 96 129 500
503 0 427 686 997 335 486 586 301 951 776 1261 179 877 672 885 302 455 366 1216 601 1084 948 271 484 442 481 330 332 1080 689 50 856 229 495 1275 531 305 608 583 264 745 269 317 87 907 1112 207 361 336 585 127 510 964 693 594 376 425 510 401 795 526 716 1116 720 309 710 929 749 873 480 865 539 253 441 1102 372 496 968 1088 437 520 809 500 792 294 676 502 899 208 1255 1050 1085 685 877 158 475 521 115 1107 719 758 227 799 1025 240 1017 906 524 493 372 375 705 460 463 1002
299 427 0 566 747 470 393 550 269 524 836 931 247 451 646 562 578 201 298 1081 239 679 561 646 696 376 163 747 756 972 565 384 1043 651 302 905 749 417 399 549 334 989 236 599 367 721 696 354 87 673 779 491 571 933 511 366 250 517 540 603 371 808 335 833 293 140 315 1073 374 524 128 854 337 173 731 1010 381 146 673 735 44 316 438 461 418 348 537 197 1069 247 946 993 705 795 535 571 354 417 541 695 759 614 573 957 1131 367 747 726 532 357 242 290 580 353 171 686
863 686 566 0 1294 939 943 1097 769 828 1366 1416 610 720 1195 388 535 765 825 1646 777 720 1007 688 1144 917 729 970 952 1538 6 685 1517 872 865 1340 1195 392 965 1095 423 1423 457 545 703 1285 792 478 512 1022 1241 811 1086 1491 97 932 789 1014 1065 1050 640 1208 454 1360 665 506 799 1572 873 1027 691 1406 902 589 1123 1575 894 708 1203 1210 522 249 930 1003 911 832 1102 762 1554 523 1449 1556 1144 1303 421 830 908 972 765 1055 1293 1180 621 1446 1649 446 1286 1290 1064 915 780 822 1145 903 737 1200
501 997 747 1294 0 734 518 489 697 679 628 336 869 735 474 1139 1262 578 630 411 517 1013 417 1268 830 562 590 1189 1222 379 1292 948 936 1136 507 461 854 1141 390 493 1054 1005 957 1281 910 157 961 1050 825 995 827 960 618 501 1222 410 626 671 585 800 756 975 904 138 673 861 510 879 437 308 620 509 462 825 952 429 640 601 124 306 785 1049 396 532 411 710 347 556 924 932 291 483 406 701 1090 1057 523 485 1077 579 578 287 1216 842 848 1076 50 168 558 504 631 622 339 537 592 178
320 335 470 939 734 0 229 267 201 908 446 1039 329 868 342 1029 637 346 195 893 501 1133 812 586 226 192 401 455 488 754 941 301 584 407 308 1093 279 606 381 263 536 518 482 652 266 616 1137 496 465 273 311 247 175 629 918 386 243 90 180 133 808 347 806 866 707 446 620 633 625 702 428 530 335 357 280 773 120 433 737 898 507 719 671 201 659 121 388 399 617 418 1015 716 927 366 1005 335 245 256 371 1001 385 462 557 507 713 532 764 613 198 264 248 207 406 230 377 786
122 486 393 943 518 229 0 157 200 720 446 812 389 699 254 942 769 201 130 745 318 984 592 757 402 44 257 679 709 618 943 439 685 619 111 864 447 683 151 156 600 669 516 788 400 421 973 579 431 503 453 442 208 547 899 160 155 201 168 334 655 546 700 645 547 440 427 697 417 475 295 463 117 370 494 648 122 290 510 669 437 699 454 75 444 193 191 237 703 470 792 616 700 422 909 539 39 35 559 786 368 275 711 592 743 611 543 421 151 47 164 128 224 40 236 557
267 586 550 1097 489 267 157 0 337 838 293 814 523 830 98 1097 884 356 273 630 453 1121 672 848 344 180 410 712 748 494 1097 544 556 672 259 897 375 818 234 3 738 568 660 900 506 356 1104 711 586 508 361 513 129 397 1055 262 308 189 96 311 795 492 853 626 687 591 550 553 523 541 450 309 245 516 463 517 221 442 520 705 594 854 546 95 541 299 148 387 567 609 779 474 758 287 1062 602 196 136 637 871 214 204 813 459 590 744 526 351 71 195 317 275 150 196 391 577
202 301 269 769 697 201 200 337 0 729 596 962 188 679 434 829 571 175 70 946 335 936 673 571 427 162 220 554 575 818 770 251 777 475 194 986 480 484 307 335 401 719 324 590 214 616 943 378 271 429 510 293 318 735 737 293 78 253 296 334 614 543 604 815 516 263 453 815 476 584 238 644 238 181 469 847 125 247 667 795 307 535 531 241 515 79 390 228 806 272 954 810 802 539 804 390 180 236 392 849 523 474 518 695 883 410 716 617 296 196 76 76 425 167 197 703
601 951 524 828 679 908 720 838 729 0 1115 646 771 107 904 532 1076 562 713 1090 407 334 265 1164 1116 736 510 1264 1277 1041 823 907 1394 1171 612 530 1164 893 604 840 825 1390 739 1096 885 764 285 860 600 1158 1173 1002 927 1101 733 576 667 914 886 1036 193 1253 374 672 231 656 292 1385 316 376 491 1062 604 697 1188 1089 790 481 555 453 522 646 312 791 309 800 730 508 1404 767 702 1120 356 1126 480 1089 686 717 1065 228 1039 760 1089 1297 1402 864 644 775 865 673 663 700 765 697 534 515
560 776 836 1366 628 446 446 293 596 1115 0 963 766 1116 211 1389 1078 647 544 562 744 1410 921 1007 343 459 702 784 827 422 1366 746 309 783 552 1084 330 1051 516 293 979 391 915 1091 712 470 1388 941 862 567 276 670 280 236 1332 547 587 360 300 390 1085 443 1146 760 978 859 834 271 799 785 742 148 538 776 467 416 471 735 706 906 880 1130 811 374 810 536 386 680 301 855 908 331 982 115 1355 735 486 429 789 1119 78 377 991 214 297 977 676 459 304 488 595 549 355 484 683 769
760 1261 931 1416 336 1039 812 814 962 646 963 0 1110 739 809 1173 1495 810 903 620 694 956 410 1527 1158 853 800 1491 1520 654 1413 1211 1271 1427 769 179 1185 1348 665 818 1263 1342 1164 1515 1175 493 884 1272 1017 1308 1162 1246 944 814 1330 671 885 987 907 1121 796 1306 976 202 751 1065 628 1208 560 406 818 838 727 1052 1277 700 933 798 301 206 959 1190 496 842 517 993 667 771 1255 1156 81 776 289 1038 1121 1345 806 783 1354 451 915 619 1466 1177 1166 1292 291 504 880 786 889 892 667 821 811 259
367 179 247 610 869 329 389 523 188 771 766 1110 0 698 619 742 392 299 258 1134 431 914 777 420 536 350 313 502 509 1006 612 137 908 404 362 1111 589 296 480 520 215 823 153 412 125 800 938 190 188 454 632 254 485 919 594 459 246 407 470 441 618 618 551 978 541 143 536 962 579 712 306 826 408 73 535 1035 303 324 825 928 260 400 642 428 623 230 577 339 943 89 1110 997 917 694 727 325 365 424 294 930 697 661 356 835 1041 222 882 801 475 380 239 262 613 354 299 852
577 877 451 720 735 868 699 830 679 107 1116 739 698 0 905 434 983 522 673 1144 381 295 340 1078 1084 709 466 1198 1207 1082 716 836 1383 1102 588 632 1134 797 600 831 733 1366 652 1003 817 803 274 772 519 1107 1148 939 907 1125 626 569 624 884 867 1000 90 1216 267 745 163 575 282 1383 329 427 441 1077 587 625 1146 1130 754 435 615 539 442 542 346 773 336 755 737 471 1397 686 790 1152 450 1116 382 1021 662 702 992 335 1039 778 1002 1287 1409 773 706 813 848 652 619 661 776 671 490 583
357 672 646 1195 474 342 254 98 434 904 211 809 619 905 0 1189 972 450 371 552 534 1198 717 929 363 278 502 768 807 412 1196 633 500 739 351 910 381 914 304 100 834 539 758 988 595 325 1177 805 684 555 352 589 175 300 1153 336 406 255 162 355 875 504 943 613 768 690 622 480 588 582 542 210 331 614 491 430 316 534 528 724 691 952 602 193 600 392 178 477 503 705 765 380 789 238 1153 673 292 230 714 917 135 192 898 402 505 839 518 318 148 289 415 373 154 294 484 589
831 885 562 388 1139 1029 942 1097 829 532 1389 1173 742 434 1189 0 847 741 860 1534 672 338 770 985 1254 933 687 1210 1204 1452 382 863 1605 1107 838 1062 1307 665 902 1097 645 1547 616 863 864 1176 416 702 567 1197 1340 991 1132 1455 296 867 811 1080 1099 1159 386 1355 247 1168 467 600 633 1634 703 836 647 1388 860 686 1273 1496 944 655 1026 973 522 373 743 1015 727 907 1050 711 1632 679 1223 1501 885 1356 52 1043 903 960 991 755 1310 1112 909 1520 1686 683 1117 1185 1089 901 803 852 1093 905 706 1004
760 302 578 535 1262 637 769 884 571 1076 1078 1495 392 983 972 847 0 689 641 1510 804 1120 1139 154 772 728 694 465 438 1377 540 339 1134 381 754 1482 814 190 872 881 251 1006 342 20 377 1188 1169 225 492 585 871 411 812 1266 583 852 637 727 812 696 893 783 758 1370 849 438 893 1216 948 1092 678 1168 800 443 703 1401 664 698 1215 1306 564 485 1013 794 993 585 960 724 1180 339 1499 1351 1283 983 857 375 751 805 307 1268 1022 1045 104 1086 1317 213 1275 1189 824 768 631 647 994 739 684 1240
98 455 201 765 578 346 201 356 175 562 647 810 299 522 450 741 689 0 151 886 160 796 499 717 562 196 58 729 749 773 764 405 879 647 101 820 612 562 204 356 475 847 379 709 372 531 793 472 258 599 630 466 399 733 712 174 105 364 363 477 467 693 499 681 363 286 279 896 301 418 94 655 137 247 626 810 231 92 526 632 245 516 358 274 341 239 337 54 900 354 811 792 632 620 707 562 161 220 557 674 569 415 655 788 945 497 587 535 349 160 102 138 380 164 35 553
146 366 298 825 630 195 130 273 70 713 544 903 258 673 371 860 641 151 0 875 308 942 633 637 414 94 206 598 623 749 826 317 746 525 135 935 465 553 242 271 469 702 388 660 279 546 943 448 318 452 487 344 273 670 788 232 50 222 244 326 614 542 626 750 512 319 428 775 440 534 235 582 176 243 475 778 85 238 606 742 340 586 490 178 476 94 320 204 771 339 892 743 757 497 831 442 110 165 451 816 469 404 587 659 836 480 651 547 240 127 57 13 355 97 182 644
790 1216 1081 1646 411 893 745 630 946 1090 562 620 1134 1144 552 1534 1510 886 875 0 878 1425 829 1478 884 784 917 1314 1354 143 1645 1173 813 1290 791 792 883 1427 682 633 1342 939 1254 1528 1134 362 1372 1324 1144 1097 834 1141 727 329 1583 714 892 807 713 900 1157 1002 1292 457 1067 1169 900 715 832 717 954 414 749 1110 1014 147 846 937 536 692 1123 1396 800 716 812 924 558 883 779 1213 540 241 800 674 1487 1226 769 710 1265 979 565 474 1443 742 633 1355 449 356 695 756 900 872 520 779 910 583
196 601 239 777 517 501 318 453 335 407 744 694 431 381 534 672 804 160 308 878 0 668 347 851 709 330 120 887 905 785 775 552 1002 802 207 681 757 653 234 454 568 986 469 824 522 516 655 580 323 759 769 624 526 784 708 199 264 507 486 629 341 846 424 595 234 371 119 1006 148 288 126 722 207 365 782 827 383 107 436 502 271 531 210 392 192 399 380 106 1017 465 707 828 485 736 631 718 281 321 707 514 665 440 784 907 1040 598 513 523 467 271 262 295 423 291 140 447
862 1084 679 720 1013 1133 984 1121 936 334 1410 956 914 295 1198 338 1120 796 942 1425 668 0 599 1241 1356 989 738 1413 1416 1372 714 1049 1669 1313 872 814 1407 930 894 1122 887 1643 828 1138 1039 1093 85 937 725 1352 1427 1166 1191 1420 624 862 892 1160 1152 1267 329 1480 370 1003 436 775 577 1674 624 708 706 1373 876 844 1406 1420 1026 704 889 777 655 636 636 1058 628 1015 1032 749 1686 878 1020 1445 672 1404 299 1238 945 990 1198 506 1332 1074 1163 1575 1703 927 979 1104 1134 937 886 930 1071 953 762 849
492 948 561 1007 417 812 592 672 673 265 921 410 777 340 717 770 1139 499 633 829 347 599 0 1196 992 621 467 1227 1248 789 1004 899 1218 1146 504 346 1033 975 447 674 895 1240 798 1160 869 519 543 914 648 1082 1030 966 783 870 920 431 597 792 741 926 387 1138 565 407 342 701 245 1192 198 136 470 845 477 709 1086 838 692 452 292 205 580 788 142 651 157 727 539 448 1220 803 453 877 144 953 719 1062 568 577 1054 199 851 547 1127 1120 1192 928 380 531 716 550 597 620 566 582 485 249
772 271 646 688 1268 586 757 848 571 1164 1007 1527 420 1078 929 985 154 717 637 1478 851 1241 1196 0 681 713 734 322 290 1340 693 320 1026 253 764 1532 717 320 878 845 354 888 426 149 358 1177 1283 307 565 474 777 341 759 1211 732 864 645 675 766 617 990 668 873 1386 933 508 953 1117 1000 1133 726 1111 809 487 594 1359 640 744 1237 1348 642 615 1062 767 1043 564 945 759 1075 398 1523 1301 1337 904 991 273 746 792 217 1341 959 1027 78 988 1224 313 1287 1177 783 764 641 646 974 732 720 1268
516 484 696 1144 830 226 402 344 427 1116 343 1158 536 1084 363 1254 772 562 414 884 709 1356 992 681 0 380 619 441 484 740 1146 468 374 444 504 1239 53 785 545 341 727 292 688 783 444 686 1356 678 688 223 100 362 216 572 1131 560 464 202 256 95 1028 148 1032 968 925 664 824 445 819 869 649 475 520 575 130 744 330 652 864 1046 733 935 856 340 847 347 493 613 415 621 1121 667 1092 230 1230 407 432 414 469 1188 319 542 676 315 545 714 869 680 283 447 470 425 491 420 595 921
136 442 376 917 562 192 44 180 162 736 459 853 350 709 278 933 728 196 94 784 330 989 621 713 380 0 254 637 667 656 917 395 682 576 124 901 427 646 190 178 563 656 482 745 356 464 982 540 406 466 439 398 203 576 876 193 128 177 167 306 660 521 693 688 554 411 444 701 440 509 290 489 144 337 464 684 79 288 552 706 420 675 482 86 471 149 233 240 703 433 834 649 734 424 901 496 53 79 515 813 382 317 667 592 755 573 587 464 156 71 137 94 266 40 232 597
145 481 163 729 590 401 257 410 220 510 702 800 313 466 502 687 694 58 206 917 120 738 467 734 619 254 0 768 786 809 728 432 937 683 151 797 670 555 236 410 468 905 370 715 402 558 736 473 235 648 688 505 457 779 671 203 158 422 420 533 409 749 443 684 305 272 235 953 268 399 40 705 178 251 681 848 289 33 526 614 206 479 329 331 310 290 378 33 958 355 806 835 604 677 652 598 217 273 587 633 624 452 669 846 1000 494 594 563 407 214 154 194 421 221 24 546
744 330 747 970 1189 455 679 712 554 1264 784 1491 502 1198 768 1210 465 729 598 1314 887 1413 1227 322 441 637 768 0 43 1171 974 365 737 102 733 1533 461 579 827 709 569 586 596 466 380 1068 1440 511 689 218 520 263 593 1012 995 825 630 523 617 414 1119 379 1047 1321 1038 638 1004 839 1030 1133 777 913 770 574 323 1179 558 791 1190 1340 762 839 1085 657 1070 504 843 782 788 538 1470 1106 1355 671 1204 176 686 709 219 1402 756 914 363 716 955 536 1219 1064 641 706 629 611 859 670 747 1235
769 332 756 952 1222 488 709 748 575 1277 827 1520 509 1207 807 1204 438 749 623 1354 905 1416 1248 290 484 667 786 43 0 1211 957 371 780 105 758 1558 504 563 855 745 560 629 593 437 391 1103 1445 502 694 260 564 282 631 1053 981 852 652 559 653 454 1127 423 1048 1353 1048 642 1021 883 1050 1157 793 954 796 582 367 1220 587 807 1219 1365 769 831 1106 690 1090 529 877 801 832 538 1501 1148 1378 714 1200 188 714 739 218 1420 797 949 337 760 999 524 1251 1099 677 734 651 635 894 698 765 1263
675 1080 972 1538 379 754 618 494 818 1041 422 654 1006 1082 412 1452 1377 773 749 143 785 1372 789 1340 740 656 809 1171 1211 0 1537 1038 688 1148 675 814 740 1302 573 497 1218 805 1132 1394 1000 279 1326 1197 1031 953 692 1001 586 197 1481 606 769 667 574 757 1086 860 1207 466 989 1051 823 598 759 665 848 274 636 987 871 49 713 833 501 683 1016 1289 736 583 746 791 438 777 658 1088 581 126 785 533 1408 1085 646 584 1126 958 422 358 1307 612 530 1229 426 269 557 634 778 746 397 654 800 558
863 689 565 6 1292 941 943 1097 770 823 1366 1413 612 716 1196 382 540 764 826 1645 775 714 1004 693 1146 917 728 974 957 1537 0 687 1519 876 865 1336 1198 396 964 1096 426 1426 459 550 705 1283 786 482 512 1025 1243 814 1087 1491 92 931 789 1015 1066 1052 636 1211 450 1357 662 507 796 1574 870 1024 690 1406 902 590 1126 1575 895 707 1201 1206 521 248 927 1003 908 833 1102 761 1556 525 1446 1556 1140 1304 415 834 908 972 769 1051 1293 1179 626 1448 1650 449 1284 1289 1065 914 780 823 1144 903 736 1198
453 50 384 685 948 301 439 544 251 907 746 1211 137 836 633 863 339 405 317 1173 552 1049 899 320 468 395 432 365 371 1038 687 0 842 266 445 1225 517 316 558 541 262 739 248 356 38 860 1075 210 324 341 568 130 475 927 685 544 326 390 472 380 755 523 684 1066 677 275 662 911 700 823 432 829 489 210 438 1061 327 448 918 1037 398 504 760 457 742 249 629 452 883 183 1204 1012 1035 659 852 188 426 474 158 1059 686 712 272 781 1002 246 967 860 484 444 322 326 660 412 414 952
807 856 1043 1517 936 584 685 556 777 1394 309 1271 908 1383 500 1605 1134 879 746 813 1002 1669 1218 1026 374 682 937 737 780 688 1519 842 0 775 797 1393 325 1159 790 554 1102 163 1060 1142 818 779 1657 1053 1047 552 276 731 479 491 1501 818 795 525 517 467 1340 359 1372 1068 1233 1030 1105 118 1079 1083 972 437 795 941 432 667 661 970 1014 1215 1083 1303 1099 611 1096 701 678 921 53 994 1213 572 1287 268 1577 759 724 680 826 1418 369 682 1034 98 240 1089 985 768 534 732 803 755 653 717 914 1078
671 229 651 872 1136 407 619 672 475 1171 783 1427 404 1102 739 1107 381 647 525 1290 802 1313 1146 253 444 576 683 102 105 1148 876 266 775 0 661 1460 475 480 762 669 467 635 493 385 286 1023 1341 408 590 226 535 181 563 1001 894 756 552 485 580 396 1022 416 945 1264 943 538 917 870 948 1058 689 901 701 477 345 1161 496 703 1127 1268 664 737 1005 607 989 434 793 698 825 436 1410 1094 1277 674 1101 84 621 651 116 1316 744 869 277 743 980 434 1163 1020 602 640 551 537 814 605 662 1169
11 495 302 865 507 308 111 259 194 612 552 769 362 588 351 838 754 101 135 791 207 872 504 764 504 124 151 733 758 675 865 445 797 661 0 800 551 643 118 259 557 779 464 774 408 442 862 546 355 578 562 479 319 631 814 99 118 302 280 428 543 644 593 621 436 377 320 807 318 400 191 554 45 324 586 710 187 183 473 607 347 617 362 186 350 229 237 127 815 430 760 691 624 533 803 578 74 122 584 693 473 317 709 704 850 574 523 445 262 65 124 124 279 84 134 510
789 1275 905 1340 461 1093 864 897 986 530 1084 179 1111 632 910 1062 1482 820 935 792 681 814 346 1532 1239 901 797 1533 1558 814 1336 1225 1393 1460 800 0 1272 1321 712 900 1239 1449 1142 1503 1193 616 736 1257 992 1367 1256 1278 1023 959 1249 709 908 1054 983 1190 702 1388 888 348 680 1045 590 1340 534 402 807 970 763 1046 1350 861 979 788 381 195 925 1129 470 907 489 1029 749 773 1382 1144 260 930 201 1146 1010 1376 850 840 1376 310 1028 718 1465 1297 1309 1272 411 628 956 831 910 923 758 866 812 320
563 531 749 1195 854 279 447 375 480 1164 330 1185 589 1134 381 1307 814 612 465 883 757 1407 1033 717 53 427 670 461 504 740 1198 517 325 475 551 1272 0 834 585 372 777 239 740 824 494 706 1406 728 742 249 60 407 251 564 1183 603 515 250 293 148 1079 123 1085 992 976 718 872 402 864 908 700 469 564 629 138 741 381 703 895 1080 786 988 899 382 890 401 523 662 367 673 1145 660 1130 214 1284 445 478 456 509 1230 318 566 717 272 507 764 895 699 319 492 521 476 518 467 646 952
647 305 417 392 1141 606 683 818 484 893 1051 1348 296 797 914 665 190 562 553 1427 653 930 975 320 785 646 555 579 563 1302 396 316 1159 480 643 1321 834 0 760 816 87 1050 185 209 344 1086 978 110 330 639 885 433 773 1214 419 735 535 691 762 696 707 831 567 1239 669 283 730 1227 791 941 531 1120 688 319 746 1331 598 551 1081 1152 395 296 856 724 836 523 869 587 1200 214 1359 1292 1120 971 671 440 657 718 374 1092 986 953 245 1097 1316 74 1148 1089 769 671 527 555 907 647 550 1099
113 608 399 965 390 381 151 234 307 604 516 665 480 600 304 902 872 204 242 682 234 894 447 878 545 190 236 827 855 573 964 558 790 762 118 712 585 760 0 236 673 796 580 891 521 327 873 664 462 654 583 582 336 552 908 35 235 348 294 483 572 691 655 508 465 490 318 783 289 325 275 488 72 441 644 611 269 261 365 517 443 716 315 204 308 328 147 204 800 548 650 602 550 522 863 680 141 131 693 645 438 216 825 693 809 692 408 331 269 121 241 232 190 156 228 407
267 583 549 1095 493 263 156 3 335 840 293 818 520 831 100 1097 881 356 271 633 454 1122 674 845 341 178 410 709 745 497 1096 541 554 669 259 900 372 816 236 0 736 565 658 897 503 360 1105 708 584 505 359 509 126 399 1054 263 306 185 92 308 795 489 853 630 688 590 551 552 525 544 449 310 246 514 460 520 219 442 523 708 593 853 548 93 543 297 151 387 565 606 782 476 761 286 1062 599 195 136 634 874 214 207 810 457 590 742 530 355 67 195 315 273 153 195 391 580
560 264 334 423 1054 536 600 738 401 825 979 1263 215 733 834 645 251 475 469 1342 568 887 895 354 727 563 468 569 560 1218 426 262 1102 467 557 1239 777 87 673 736 0 1001 99 271 283 1000 930 58 247 599 826 388 699 1135 430 648 449 619 686 636 644 785 519 1152 598 197 649 1164 708 857 445 1042 601 233 700 1248 519 465 994 1069 316 272 773 643 753 445 784 500 1141 129 1273 1212 1039 903 645 414 572 634 353 1018 912 868 275 1036 1249 40 1061 1002 691 586 441 471 822 563 463 1013
790 745 989 1423 1005 518 669 568 719 1390 391 1342 823 1366 539 1547 1006 847 702 939 986 1643 1240 888 292 656 905 586 629 805 1426 739 163 635 779 1449 239 1050 796 565 1001 0 972 1013 720 849 1639 949 980 420 217 617 462 609 1416 818 752 482 504 387 1314 222 1324 1142 1209 955 1097 280 1082 1109 937 537 786 866 305 791 617 938 1067 1263 1025 1223 1111 599 1105 640 708 895 217 904 1292 698 1324 304 1523 631 704 673 699 1439 427 730 904 198 403 984 1051 840 527 716 759 713 692 694 881 1129
467 269 236 457 957 482 516 660 324 739 915 1164 153 652 758 616 342 379 388 1254 469 828 798 426 688 482 370 596 593 1132 459 248 1060 493 464 1142 740 185 580 658 99 972 0 363 256 907 863 120 149 589 784 379 634 1058 443 553 362 558 617 594 564 763 457 1054 509 98 552 1115 610 758 346 968 508 145 679 1164 446 366 896 970 221 255 674 565 654 378 695 402 1096 68 1174 1132 942 847 608 427 486 549 376 926 844 779 349 989 1194 130 963 910 619 498 354 388 735 478 365 914
779 317 599 545 1281 652 788 900 590 1096 1091 1515 412 1003 988 863 20 709 660 1528 824 1138 1160 149 783 745 715 466 437 1394 550 356 1142 385 774 1503 824 209 891 897 271 1013 363 0 394 1207 1187 245 512 593 882 423 827 1281 596 871 656 742 827 708 913 791 777 1390 869 458 914 1226 969 1112 699 1183 820 464 711 1417 681 718 1235 1327 585 502 1033 811 1014 603 979 744 1189 360 1519 1367 1304 996 873 383 770 823 316 1288 1036 1063 109 1096 1328 233 1295 1207 840 786 650 666 1011 757 705 1260
416 87 367 703 910 266 400 506 214 885 712 1175 125 817 595 864 377 372 279 1134 522 1039 869 358 444 356 402 380 391 1000 705 38 818 286 408 1193 494 344 521 503 283 720 256 394 0 821 1061 235 314 333 543 128 439 890 698 507 290 354 435 353 739 508 677 1029 657 268 634 883 670 790 404 793 452 195 423 1023 288 420 881 1004 384 512 729 418 712 210 590 421 858 188 1168 974 1004 628 850 204 388 435 185 1033 651 673 310 754 972 271 930 821 447 406 286 288 621 374 383 916
440 907 721 1285 157 616 421 356 616 764 470 493 800 803 325 1176 1188 531 546 362 516 1093 519 1177 686 464 558 1068 1103 279 1283 860 779 1023 442 616 706 1086 327 360 1000 849 907 1207 821 0 1050 988 789 865 676 854 482 357 1221 357 553 544 452 666 806 829 932 292 711 817 544 723 479 390 594 354 398 766 812 327 537 577 250 450 763 1035 457 416 466 613 232 524 766 872 443 357 540 545 1131 948 436 385 975 701 422 154 1132 684 698 1016 206 12 427 420 561 540 209 449 553 314
851 1112 696 792 961 1137 973 1104 943 285 1388 884 938 274 1177 416 1169 793 943 1372 655 85 543 1283 1356 982 736 1440 1445 1326 786 1075 1657 1341 862 736 1406 978 873 1105 930 1639 863 1187 1061 1050 0 977 750 1366 1422 1187 1182 1386 695 842 893 1157 1142 1269 329 1484 411 942 430 803 554 1656 593 661 708 1343 862 866 1413 1375 1025 704 836 711 677 690 596 1047 591 1021 1006 744 1671 909 950 1405 604 1390 374 1263 936 976 1227 432 1311 1042 1205 1562 1679 970 924 1061 1123 926 888 931 1044 945 760 792
551 207 354 478 1050 496 579 711 378 860 941 1272 190 772 805 702 225 472 448 1324 580 937 914 307 678 540 473 511 502 1197 482 210 1053 408 546 1257 728 110 664 708 58 949 120 245 235 988 977 0 268 543 778 333 663 1105 489 641 434 581 653 589 683 732 567 1153 630 213 668 1119 724 868 454 1011 592 225 646 1225 489 474 997 1082 342 329 788 617 768 413 767 503 1093 118 1279 1185 1058 861 701 355 555 614 294 1046 876 851 230 990 1207 36 1060 989 660 569 427 452 803 544 464 1019
355 361 87 512 825 465 431 586 271 600 862 1017 188 519 684 567 492 258 318 1144 323 725 648 565 688 406 235 689 694 1031 512 324 1047 590 355 992 742 330 462 584 247 980 149 512 314 789 750 268 0 637 777 442 588 978 470 432 277 524 562 593 435 788 364 914 368 56 402 1087 461 611 205 894 395 121 707 1066 394 225 756 822 77 268 526 493 505 345 593 268 1077 167 1030 1044 792 811 547 513 395 459 477 778 787 673 491 966 1153 280 827 793 558 402 269 313 635 391 236 770
589 336 673 1022 995 273 503 508 429 1158 567 1308 454 1107 555 1197 585 599 452 1097 759 1352 1082 474 223 466 648 218 260 953 1025 341 552 226 578 1367 249 639 654 505 599 420 589 593 333 865 1366 543 637 0 309 211 384 793 1026 659 494 323 412 200 1037 197 1000 1130 944 597 879 643 892 975 667 694 608 515 119 961 391 677 1008 1172 699 845 940 466 927 359 647 653 600 522 1281 888 1200 454 1182 210 518 528 279 1268 537 712 484 516 754 576 1028 860 438 537 496 465 658 503 625 1057
573 585 779 1241 827 311 453 361 510 1173 276 1162 632 1148 352 1340 871 630 487 834 769 1427 1030 777 100 439 688 520 564 692 1243 568 276 535 562 1256 60 885 583 359 826 217 784 882 543 676 1422 778 777 309 0 462 247 511 1226 604 538 266 290 190 1098 167 1113 965 992 756 880 345 867 902 721 419 570 667 197 690 402 722 875 1066 817 1028 899 383 891 432 507 678 315 718 1118 607 1120 160 1314 503 487 458 567 1228 273 542 775 215 448 814 870 668 314 500 545 498 497 477 665 935
489 127 491 811 960 247 442 513 293 1002 670 1246 254 939 589 991 411 466 344 1141 624 1166 966 341 362 398 505 263 282 1001 814 130 731 181 479 1278 407 433 582 509 388 617 379 423 128 854 1187 333 442 211 462 0 418 870 815 575 370 334 427 284 862 398 805 1087 777 397 740 807 768 876 514 771 520 322 313 1019 320 527 947 1086 511 634 824 438 808 253 623 519 774 312 1231 960 1096 572 979 98 441 475 124 1138 619 701 321 677 906 367 985 852 445 461 369 355 646 426 484 988
330 510 571 1086 618 175 208 129 318 927 280 944 485 907 175 1132 812 399 273 727 526 1191 783 759 216 203 457 593 631 586 1087 475 479 563 319 1023 251 773 336 126 699 462 634 827 439 482 1182 663 588 384 247 418 0 454 1055 356 320 85 42 184 862 365 895 756 755 581 635 502 620 657 493 355 323 497 333 601 194 491 648 830 613 854 651 136 643 255 277 442 501 574 909 542 878 224 1102 499 245 210 542 981 213 332 732 389 565 698 656 476 67 255 328 280 279 237 434 704
635 964 933 1491 501 629 547 397 735 1101 236 814 919 1125 300 1455 1266 733 670 329 784 1420 870 1211 572 576 779 1012 1053 197 1491 927 491 1001 631 959 564 1214 552 399 1135 609 1058 1281 890 357 1386 1105 978 793 511 870 454 0 1444 588 702 539 455 604 1113 679 1207 615 1009 988 848 405 796 736 819 100 601 914 700 182 616 808 607 804 978 1245 789 493 794 692 405 750 463 1006 748 95 897 351 1415 945 582 518 994 1057 256 348 1187 414 351 1140 551 344 445 576 711 671 362 587 765 670
811 693 511 97 1222 918 899 1055 737 733 1332 1330 594 626 1153 296 583 712 788 1583 708 624 920 732 1131 876 671 995 981 1481 92 685 1501 894 814 1249 1183 419 908 1054 430 1416 443 596 698 1221 695 489 470 1026 1226 815 1055 1444 0 874 747 987 1031 1036 547 1206 361 1281 579 474 720 1549 794 947 632 1363 848 562 1121 1519 862 647 1127 1124 467 201 849 963 830 805 1049 703 1535 511 1366 1505 1055 1276 326 845 862 926 783 961 1257 1124 660 1426 1620 460 1212 1227 1028 867 739 783 1092 859 682 1120
92 594 366 932 410 386 160 262 293 576 547 671 459 569 336 867 852 174 232 714 199 862 431 864 560 193 203 825 852 606 931 544 818 756 99 709 603 735 35 263 648 818 553 871 507 357 842 641 432 659 604 575 356 588 874 0 218 361 314 494 539 706 619 522 431 461 288 813 264 316 241 523 55 416 655 646 269 226 374 515 410 682 295 221 287 322 183 170 829 523 660 637 541 549 827 673 141 146 683 627 469 251 808 721 842 667 424 361 291 121 223 221 226 156 196 412
126 376 250 789 626 243 155 308 78 667 587 885 246 624 406 811 637 105 50 892 264 892 597 645 464 128 158 630 652 769 789 326 795 552 118 908 515 535 235 306 449 752 362 656 290 553 893 434 277 494 538 370 320 702 747 218 0 272 289 376 564 591 577 740 463 285 384 822 401 506 185 617 164 217 522 801 135 189 591 717 293 546 455 215 440 134 334 159 820 320 878 772 725 544 782 468 123 186 470 776 510 418 590 708 881 464 642 555 282 136 8 40 372 116 133 626
313 425 517 1014 671 90 201 189 253 914 360 987 407 884 255 1080 727 364 222 807 507 1160 792 675 202 177 422 523 559 667 1015 390 525 485 302 1054 250 691 348 185 619 482 558 742 354 544 1157 581 524 323 266 334 85 539 987 361 272 0 95 135 831 345 848 807 727 512 622 562 617 674 454 440 317 426 296 684 137 455 688 860 557 786 655 147 645 182 324 413 553 497 958 627 898 289 1052 418 229 217 459 987 296 391 647 442 635 617 705 540 117 244 279 232 336 217 398 740
290 510 540 1065 585 180 168 96 296 886 300 907 470 867 162 1099 812 363 244 713 486 1152 741 766 256 167 420 617 653 574 1066 472 517 580 280 983 293 762 294 92 686 504 617 827 435 452 1142 653 562 412 290 427 42 455 1031 314 289 95 0 215 823 405 861 721 716 559 594 534 578 615 457 358 282 476 369 593 171 454 610 790 583 829 608 94 601 240 240 404 537 559 874 539 837 257 1068 512 206 168 551 939 227 300 735 425 591 688 621 448 27 215 298 250 246 199 398 665
440 401 603 1050 800 133 334 311 334 1036 390 1121 441 1000 355 1159 696 477 326 900 629 1267 926 617 95 306 533 414 454 757 1052 380 467 396 428 1190 148 696 483 308 636 387 594 708 353 666 1269 589 593 200 190 284 184 604 1036 494 376 135 215 0 941 216 939 937 839 569 746 530 746 809 561 504 449 480 160 767 246 565 822 995 639 839 787 283 777 254 455 529 505 527 1089 698 1034 288 1136 345 359 352 400 1119 348 515 604 401 623 625 836 661 242 376 381 338 462 346 509 875
533 795 371 640 756 808 655 795 614 193 1085 796 618 90 875 386 893 467 614 1157 341 329 387 990 1028 660 409 1119 1127 1086 636 755 1340 1022 543 702 1079 707 572 795 644 1314 564 913 739 806 329 683 435 1037 1098 862 862 1113 547 539 564 831 823 941 0 1155 186 781 107 490 265 1347 327 450 379 1057 549 544 1083 1132 698 376 641 592 358 453 359 729 345 691 715 420 1357 600 841 1147 512 1076 336 942 616 662 911 416 1007 764 913 1247 1381 683 731 816 806 608 559 603 756 624 433 617
656 526 808 1208 975 347 546 492 543 1253 443 1306 618 1216 504 1355 783 693 542 1002 846 1480 1138 668 148 521 749 379 423 860 1211 523 359 416 644 1388 123 831 691 489 785 222 763 791 508 829 1484 732 788 197 167 398 365 679 1206 706 591 345 405 216 1155 0 1143 1114 1054 756 963 459 961 1017 776 587 663 669 85 858 463 781 1012 1195 841 1018 1001 487 991 464 641 746 410 695 1267 774 1240 328 1335 408 574 561 477 1333 439 687 681 338 576 766 1016 822 432 590 596 555 638 561 725 1069
586 716 335 454 904 806 700 853 604 374 1146 976 551 267 943 247 758 499 626 1292 424 370 565 873 1032 693 443 1047 1048 1207 450 684 1372 945 593 888 1085 567 655 853 519 1324 457 777 677 932 411 567 364 1000 1113 805 895 1207 361 619 577 848 861 939 186 1143 0 945 233 409 394 1395 466 609 404 1141 613 485 1065 1250 711 410 797 770 302 286 513 774 496 684 802 466 1396 509 1016 1253 696 1118 209 872 660 716 829 601 1067 864 794 1284 1443 559 886 940 848 657 569 617 845 663 463 781
614 1116 833 1360 138 866 645 626 815 672 760 202 978 745 613 1168 1370 681 750 457 595 1003 407 1386 968 688 684 1321 1353 466 1357 1066 1068 1264 621 348 992 1239 508 630 1152 1142 1054 1390 1029 292 942 1153 914 1130 965 1087 756 615 1281 522 740 807 721 937 781 1114 945 0 712 956 561 1005 487 336 709 635 577 928 1090 513 767 689 159 237 867 1120 433 665 451 834 482 652 1053 1035 153 582 348 837 1117 1184 646 613 1200 529 714 426 1330 975 966 1177 101 302 694 626 745 741 476 661 689 163
425 720 293 665 673 707 547 687 516 231 978 751 541 163 768 467 849 363 512 1067 234 436 342 933 925 554 305 1038 1048 989 662 677 1233 943 436 680 976 669 465 688 598 1209 509 869 657 711 430 630 368 944 992 777 755 1009 579 431 463 727 716 839 107 1054 233 712 0 425 167 1240 236 376 278 952 441 467 984 1035 594 273 564 545 291 449 280 622 263 592 609 314 1250 536 787 1046 481 968 420 862 509 554 835 423 899 661 858 1140 1273 636 653 720 698 501 458 500 650 517 330 548
378 309 140 506 861 446 440 591 263 656 859 1065 143 575 690 600 438 286 319 1169 371 775 701 508 664 411 272 638 642 1051 507 275 1030 538 377 1045 718 283 490 590 197 955 98 458 268 817 803 213 56 597 756 397 581 988 474 461 285 512 559 569 490 756 409 956 425 0 455 1075 512 659 248 901 420 89 674 1084 388 268 798 872 134 274 576 497 556 330 612 305 1062 110 1076 1057 845 801 584 463 407 471 424 835 786 694 434 952 1146 227 867 821 557 417 276 316 653 401 269 815
308 710 315 799 510 620 427 550 453 292 834 628 536 282 622 633 893 279 428 900 119 577 245 953 824 444 235 1004 1021 823 796 662 1105 917 320 590 872 730 318 551 649 1097 552 914 634 544 554 668 402 879 880 740 635 848 720 288 384 622 594 746 265 963 394 561 167 455 0 1101 74 228 230 796 311 466 901 868 501 214 407 426 336 564 132 499 112 519 455 225 1117 558 653 881 389 837 587 833 393 426 820 398 757 500 883 1009 1126 682 494 553 573 380 382 415 494 404 257 401
816 929 1073 1572 879 633 697 553 815 1385 271 1208 962 1383 480 1634 1216 896 775 715 1006 1674 1192 1117 445 701 953 839 883 598 1574 911 118 870 807 1340 402 1227 783 552 1164 280 1115 1226 883 723 1656 1119 1087 643 345 807 502 405 1549 813 822 562 534 530 1347 459 1395 1005 1240 1075 1101 0 1068 1055 991 370 798 987 524 572 694 987 967 1169 1115 1349 1082 622 1080 744 657 934 68 1050 1146 477 1248 277 1603 846 736 686 911 1389 345 646 1119 130 122 1155 929 711 546 742 831 783 626 732 932 1031
306 749 374 873 437 625 417 523 476 316 799 560 579 329 588 703 948 301 440 832 148 624 198 1000 819 440 268 1030 1050 759 870 700 1079 948 318 534 864 791 289 525 708 1082 610 969 670 479 593 724 461 892 867 768 620 796 794 264 401 617 578 746 327 961 466 487 236 512 74 1068 0 156 273 750 299 513 904 806 505 255 333 360 399 636 64 484 44 534 414 249 1088 610 581 824 337 811 655 863 387 409 855 376 723 449 932 982 1086 740 420 489 555 372 401 427 450 400 286 327
389 873 524 1027 308 702 475 541 584 376 785 406 712 427 582 836 1092 418 534 717 288 708 136 1133 869 509 399 1133 1157 665 1024 823 1083 1058 400 402 908 941 325 544 857 1109 758 1112 790 390 661 868 611 975 902 876 657 736 947 316 506 674 615 809 450 1017 609 336 376 659 228 1055 156 0 413 708 367 650 969 713 584 394 190 215 552 792 97 529 116 629 405 373 1084 752 425 747 225 819 787 974 456 456 974 334 715 410 1068 985 1055 886 281 401 589 437 508 522 430 471 412 173
185 480 128 691 620 428 295 450 238 491 742 818 306 441 542 647 678 94 235 954 126 706 470 726 649 290 40 777 793 848 690 432 972 689 191 807 700 531 275 449 445 937 346 699 404 594 708 454 205 667 721 514 493 819 632 241 185 454 457 561 379 776 404 709 278 248 230 991 273 413 0 745 218 239 705 887 319 19 550 628 169 441 336 369 317 313 418 71 994 339 827 875 610 714 613 605 256 313 589 628 663 491 658 882 1039 474 622 599 444 254 179 224 461 259 59 567
559 865 854 1406 509 530 463 309 644 1062 148 838 826 1077 210 1388 1168 655 582 414 722 1373 845 1111 475 489 705 913 954 274 1406 829 437 901 554 970 469 1120 488 310 1042 537 968 1183 793 354 1343 1011 894 694 419 771 355 100 1363 523 617 440 358 504 1057 587 1141 635 952 901 796 370 750 708 745 0 528 824 603 271 523 735 601 803 899 1162 750 404 753 597 342 678 418 914 777 193 887 259 1350 845 500 437 894 1038 157 302 1088 350 348 1045 559 342 351 496 625 584 301 503 689 665
41 539 337 902 462 335 117 245 238 604 538 727 408 587 331 860 800 137 176 749 207 876 477 809 520 144 178 770 796 636 902 489 795 701 45 763 564 688 72 246 601 786 508 820 452 398 862 592 395 608 570 520 323 601 848 55 164 317 282 449 549 663 613 577 441 420 311 798 299 367 218 528 0 369 608 672 217 207 429 569 381 653 338 187 327 267 200 149 809 476 716 657 592 528 822 618 90 114 627 670 459 278 755 700 835 620 478 401 261 73 169 165 243 105 166 468
327 253 173 589 825 357 370 516 181 697 776 1052 73 625 614 686 443 247 243 1110 365 844 709 487 575 337 251 574 582 987 590 210 941 477 324 1046 629 319 441 514 233 866 145 464 195 766 866 225 121 515 667 322 497 914 562 416 217 426 476 480 544 669 485 928 467 89 466 987 513 650 239 824 369 0 587 1018 305 258 772 865 189 362 576 420 557 243 551 280 974 107 1056 986 850 714 668 398 341 403 368 859 704 635 419 864 1060 251 835 769 477 353 209 243 590 333 241 796
598 441 731 1123 952 280 494 463 469 1188 467 1277 535 1146 491 1273 703 626 475 1014 782 1406 1086 594 130 464 681 323 367 871 1126 438 432 345 586 1350 138 746 644 460 700 305 679 711 423 812 1413 646 707 119 197 313 333 700 1121 655 522 296 369 160 1083 85 1065 1090 984 674 901 524 904 969 705 603 608 587 0 874 400 711 979 1155 762 933 946 443 935 392 610 680 480 611 1242 795 1194 352 1255 328 518 513 396 1278 449 665 602 398 636 681 990 806 397 535 527 488 613 504 656 1034
711 1102 1010 1575 429 773 648 517 847 1089 416 700 1035 1130 430 1496 1401 810 778 147 827 1420 838 1359 744 684 848 1179 1220 49 1575 1061 667 1161 710 861 741 1331 611 520 1248 791 1164 1417 1023 327 1375 1225 1066 961 690 1019 601 182 1519 646 801 684 593 767 1132 858 1250 513 1035 1084 868 572 806 713 887 271 672 1018 874 0 738 872 551 732 1054 1326 784 608 793 816 473 816 634 1118 625 95 835 530 1452 1100 677 615 1143 1008 425 395 1328 595 497 1257 475 316 577 667 810 776 431 685 838 608
199 372 381 894 640 120 122 221 125 790 471 933 303 754 316 944 664 231 85 846 383 1026 692 640 330 79 289 558 587 713 895 327 661 496 187 979 381 598 269 219 519 617 446 681 288 537 1025 489 394 391 402 320 194 616 862 269 135 137 171 246 698 463 711 767 594 388 501 694 505 584 319 523 217 305 400 738 0 321 632 784 422 660 550 130 538 78 305 283 688 390 914 695 809 416 915 417 128 155 438 881 398 387 598 576 759 523 666 536 172 148 142 95 333 113 264 676
176 496 146 708 601 433 290 442 247 481 735 798 324 435 534 655 698 92 238 937 107 704 452 744 652 288 33 791 807 833 707 448 970 703 183 788 703 551 261 442 465 938 366 718 420 577 704 474 225 677 722 527 491 808 647 226 189 455 454 565 376 781 410 689 273 268 214 987 255 394 19 735 207 258 711 872 321 0 531 608 186 458 317 364 299 320 405 57 991 358 807 862 592 711 619 619 250 305 605 613 656 477 677 880 1033 493 602 582 440 247 184 227 448 255 57 547
465 968 673 1203 124 737 510 520 667 555 706 301 825 615 528 1026 1215 526 606 536 436 889 292 1237 864 552 526 1190 1219 501 1201 918 1014 1127 473 381 895 1081 365 523 994 1067 896 1235 881 250 836 997 756 1008 875 947 648 607 1127 374 591 688 610 822 641 1012 797 159 564 798 407 967 333 190 550 601 429 772 979 551 632 531 0 201 708 962 284 541 301 693 371 494 1006 879 286 599 290 764 977 1045 506 481 1057 457 647 336 1179 917 947 1020 91 262 583 486 595 595 378 521 532 64
596 1088 735 1210 306 898 669 705 795 453 906 206 928 539 724 973 1306 632 742 692 502 777 205 1348 1046 706 614 1340 1365 683 1206 1037 1215 1268 607 195 1080 1152 517 708 1069 1263 970 1327 1004 450 711 1082 822 1172 1066 1086 830 804 1124 515 717 860 790 995 592 1195 770 237 545 872 426 1169 360 215 628 803 569 865 1155 732 784 608 201 0 760 985 296 712 316 835 558 588 1208 967 250 789 110 962 921 1184 655 645 1186 291 846 534 1284 1117 1148 1099 257 462 763 636 719 730 571 671 628 137
344 437 44 522 785 507 437 594 307 522 880 959 260 442 691 522 564 245 340 1123 271 655 580 642 733 420 206 762 769 1016 521 398 1083 664 347 925 786 395 443 593 316 1025 221 585 384 763 677 342 77 699 817 511 613 978 467 410 293 557 583 639 358 841 302 867 291 134 336 1115 399 552 169 899 381 189 762 1054 422 186 708 760 0 272 463 505 443 385 582 239 1110 245 976 1038 724 837 497 586 399 461 552 704 802 658 567 998 1174 351 783 769 575 402 285 332 625 397 215 717
615 520 316 249 1049 719 699 854 535 646 1130 1190 400 542 952 373 485 516 586 1396 531 636 788 615 935 675 479 839 831 1289 248 504 1303 737 617 1129 988 296 716 853 272 1223 255 502 512 1035 690 329 268 845 1028 634 854 1245 201 682 546 786 829 839 453 1018 286 1120 449 274 564 1349 636 792 441 1162 653 362 933 1326 660 458 962 985 272 0 696 761 676 605 853 512 1336 323 1217 1308 929 1075 375 677 662 726 621 864 1055 931 538 1226 1419 310 1043 1041 826 668 537 582 896 659 488 964
351 809 438 930 396 671 454 546 531 312 811 496 642 346 602 743 1013 358 490 800 210 636 142 1062 856 482 329 1085 1106 736 927 760 1099 1005 362 470 899 856 315 548 773 1111 674 1033 729 457 596 788 526 940 899 824 651 789 849 295 455 655 608 787 359 1001 513 433 280 576 132 1082 64 97 336 750 338 576 946 784 550 317 284 296 463 696 0 517 20 585 424 308 1105 674 520 809 275 832 694 920 428 442 914 332 737 448 995 1002 1092 804 374 468 584 411 455 477 457 442 346 271
