0 706 951 283 1315 981 974 1004 263 439 379 1269 1199 1619 310 945
706 0 1085 987 1060 1601 312 307 961 595 1081 878 1358 1713 550 1125
951 1085 0 1073 633 1797 1093 1324 958 574 1139 794 2137 676 1170 1880
283 987 1073 0 1528 746 1257 1282 116 661 96 1514 1207 1705 523 973
1315 1060 633 1528 0 2273 886 1163 1428 877 1613 270 2366 855 1411 2115
981 1601 1797 746 2273 0 1904 1853 850 1402 664 2249 1039 2388 1052 937
974 312 1093 1257 886 1904 0 276 1214 738 1353 656 1647 1647 858 1423
1004 307 1324 1282 1163 1853 276 0 1264 886 1374 930 1454 1908 807 1251
263 961 958 116 1428 850 1214 1264 0 574 185 1427 1309 1588 551 1069
439 595 574 661 877 1402 738 886 574 0 752 853 1575 1250 601 1318
379 1081 1139 96 1613 664 1353 1374 185 752 0 1606 1210 1756 602 987
1269 878 794 1514 270 2249 656 930 1427 853 1606 0 2224 1122 1306 1981
1199 1358 2137 1207 2366 1039 1647 1454 1309 1575 1210 2224 0 2812 976 257
1619 1713 676 1705 855 2388 1647 1908 1588 1250 1756 1122 2812 0 1847 2555
310 550 1170 523 1411 1052 858 807 551 601 602 1306 976 1847 0 719
945 1125 1880 973 2115 937 1423 1251 1069 1318 987 1981 257 2555 719 0
