0 1181 205 380 531 1086 692 746 393 1517 798 1667 1567 1676 1481 977
1181 0 1385 827 652 2226 1100 1478 1552 2394 1114 1637 523 2294 881 1714
205 1385 0 584 733 888 821 716 200 1439 927 1727 1757 1604 1665 916
380 827 584 0 229 1466 522 972 773 1667 609 1680 1264 1912 1127 1225
531 652 733 229 0 1580 716 940 900 1896 789 1505 1049 1854 1134 1194
1086 2226 888 1466 1580 0 1655 967 693 1663 1756 1995 2522 1333 2548 930
692 1100 821 522 716 1655 0 1423 1014 1297 107 2203 1610 2363 942 1664
746 1478 716 972 940 967 1423 0 645 2130 1527 1086 1648 943 2071 254
393 1552 200 773 900 693 1014 645 0 1486 1120 1711 1894 1467 1865 802
1517 2394 1439 1667 1896 1663 1297 2130 1486 0 1305 3166 2893 2896 2083 2279
798 1114 927 609 789 1756 107 1527 1120 1305 0 2286 1632 2468 869 1769
1667 1637 1727 1680 1505 1995 2203 1086 1711 3166 2286 0 1440 1082 2487 1065
1567 523 1757 1264 1049 2522 1610 1648 1894 2893 1632 1440 0 2306 1325 1844
1676 2294 1604 1912 1854 1333 2363 943 1467 2896 2468 1082 2306 0 2987 699
1481 881 1665 1127 1134 2548 942 2071 1865 2083 869 2487 1325 2987 0 2326
977 1714 916 1225 1194 930 1664 254 802 2279 1769 1065 1844 699 2326 0
