0 1651 1184 1151 1675 1555 631 232 947 1039 522 47 1207 1187 1350 971 1022
1651 0 1582 1777 2484 390 1261 1546 2597 2584 1955 1635 2710 1688 1922 1869 651
1184 1582 0 226 2825 1765 649 953 1831 2136 965 1137 2320 112 340 2093 1318
1151 1777 226 0 2821 1935 718 931 1692 2036 840 1104 2224 118 206 2100 1457
1675 2484 2825 2821 0 2144 2193 1890 1772 1287 2123 1720 1201 2846 3023 736 1948
1555 390 1765 1935 2144 0 1313 1504 2476 2391 1944 1550 2497 1863 2103 1579 549
631 1261 649 718 2193 1313 0 414 1491 1665 714 590 1837 698 920 1457 785
232 1546 953 931 1890 1504 414 0 1094 1252 449 186 1425 960 1133 1172 955
947 2597 1831 1692 1772 2476 1491 1094 0 515 867 967 677 1781 1834 1352 1960
1039 2584 2136 2036 1287 2391 1665 1252 515 0 1200 1077 188 2108 2205 1007 1933
522 1955 965 840 2123 1944 714 449 867 1200 0 492 1388 920 1004 1460 1395
47 1635 1137 1104 1720 1550 590 186 967 1077 492 0 1247 1140 1304 1014 1012
1207 2710 2320 2224 1201 2497 1837 1425 677 188 1388 1247 0 2294 2393 1037 2060
1187 1688 112 118 2846 1863 698 960 1781 2108 920 1140 2294 0 241 2118 1403
1350 1922 340 206 3023 2103 920 1133 1834 2205 1004 1304 2393 241 0 2304 1643
971 1869 2093 2100 736 1579 1457 1172 1352 1007 1460 1014 1037 2118 2304 0 1272
1022 651 1318 1457 1948 549 785 955 1960 1933 1395 1012 2060 1403 1643 1272 0
