0 825 1665 868 1534 473 401 525 801 1286 40 1 370 1027 923 63
825 0 1977 1382 2193 792 1047 329 378 710 844 824 1156 294 971 765
1665 1977 0 824 2852 1278 1277 1725 2236 1701 1627 1664 1448 2271 1013 1657
868 1382 824 0 2069 591 468 1072 1550 1407 828 867 624 1666 647 872
1534 2193 2852 2069 0 1977 1731 1993 1934 2797 1548 1536 1497 2245 2416 1591
473 792 1278 591 1977 0 329 481 973 964 447 471 542 1074 450 436
401 1047 1277 468 1731 329 0 718 1136 1293 361 400 238 1304 701 411
525 329 1725 1072 1993 481 718 0 511 805 537 524 833 595 759 462
801 378 2236 1550 1934 973 1136 511 0 1087 834 801 1171 310 1264 757
1286 710 1701 1407 2797 964 1293 805 1087 0 1284 1284 1495 896 777 1224
40 844 1627 828 1548 447 361 537 834 1284 0 40 336 1054 897 80
1 824 1664 867 1536 471 400 524 801 1284 40 0 370 1026 921 61
370 1156 1448 624 1497 542 238 833 1171 1495 336 370 0 1383 939 414
1027 294 2271 1666 2245 1074 1304 595 310 896 1054 1026 1383 0 1263 973
923 971 1013 647 2416 450 701 759 1264 777 897 921 939 1263 0 883
63 765 1657 872 1591 436 411 462 757 1224 80 61 414 973 883 0
