0 50 1473 837 102 155 1168 1251 324 277 630 1114 908 778 620 702 470
50 0 1424 787 151 133 1132 1270 368 236 587 1072 935 790 667 664 510
1473 1424 0 654 1559 1429 748 2034 1785 1299 885 1081 1935 1947 2091 892 1787
837 787 654 0 931 778 725 1667 1138 645 365 701 1466 1310 1446 460 1209
102 151 1559 931 0 245 1215 1187 274 378 700 1215 831 799 547 759 375
155 133 1429 778 245 0 1206 1403 363 149 639 974 1063 679 672 734 621
1168 1132 748 725 1215 1206 0 1320 1487 1138 578 1422 1295 1866 1754 471 1297
1251 1270 2034 1667 1187 1403 1320 0 1356 1483 1302 2245 390 1953 1401 1217 871
324 368 1785 1138 274 363 1487 1356 0 508 954 1286 974 598 308 1024 486
277 236 1299 645 378 149 1138 1483 508 0 560 837 1162 728 816 671 746
630 587 885 365 700 639 578 1302 954 560 0 999 1107 1289 1246 130 902
1114 1072 1081 701 1215 974 1422 2245 1286 837 999 0 1968 1111 1564 1122 1581
908 935 1935 1466 831 1063 1295 390 974 1162 1107 1968 0 1573 1011 1055 488
778 790 1947 1310 799 679 1866 1953 598 728 1289 1111 1573 0 682 1398 1084
620 667 2091 1446 547 672 1754 1401 308 816 1246 1564 1011 682 0 1304 571
702 664 892 460 759 734 471 1217 1024 671 130 1122 1055 1398 1304 0 909
470 510 1787 1209 375 621 1297 871 486 746 902 1581 488 1084 571 909 0
