0 880 1558 496 1181 850 1483 607 553 547 1393 1220 724 1149 1474 1478 103
880 0 2374 783 699 1494 2269 1304 1427 1428 938 1974 637 1632 614 1074 785
1558 2374 0 1637 2337 1753 1550 1635 1040 1118 2930 461 1900 2110 2988 2430 1662
496 783 1637 0 767 1347 1934 1103 843 905 1586 1211 286 1639 1386 1010 495
1181 699 2337 767 0 1986 2664 1757 1610 1664 1621 1884 482 2206 1029 376 1129
850 1494 1753 1347 1986 0 822 244 856 731 1471 1619 1561 373 1953 2311 871
1483 2269 1550 1934 2664 822 0 967 1156 1054 2280 1646 2197 955 2766 2944 1545
607 1304 1635 1103 1757 244 967 0 664 547 1418 1448 1322 584 1804 2075 633
553 1427 1040 843 1610 856 1156 664 0 127 1891 789 1128 1228 2027 1838 655
547 1428 1118 905 1664 731 1054 547 127 0 1828 901 1184 1104 2015 1911 643
1393 938 2930 1586 1621 1471 2280 1418 1891 1828 0 2614 1537 1377 834 1988 1296
1220 1974 461 1211 1884 1619 1646 1448 789 901 2614 0 1460 1992 2586 1969 1319
724 637 1900 286 482 1561 2197 1322 1128 1184 1537 1460 0 1820 1193 753 690
1149 1632 2110 1639 2206 373 955 584 1228 1104 1377 1992 1820 0 1998 2553 1145
1474 614 2988 1386 1029 1953 2766 1804 2027 2015 834 2586 1193 1998 0 1339 1374
1478 1074 2430 1010 376 2311 2944 2075 1838 1911 1988 1969 753 2553 1339 0 1441
103 785 1662 495 1129 871 1545 633 655 643 1296 1319 690 1145 1374 1441 0
