0 1420 648 1055 493 244 1543 660 113 1252 811 368 1639 615 1152 620
1420 0 2000 1469 1562 1665 122 2052 1488 2276 2064 1336 2909 827 1939 1266
648 2000 0 1108 964 463 2122 577 652 1462 247 679 1520 1172 896 1222
1055 1469 1108 0 1542 1163 1569 1561 1165 2303 988 688 2576 910 510 1553
493 1562 964 1542 0 516 1675 613 396 804 1186 855 1348 906 1634 350
244 1665 463 1163 516 0 1787 437 199 1158 672 512 1445 857 1153 759
1543 122 2122 1569 1675 1787 0 2172 1610 2377 2184 1457 3021 950 2046 1372
660 2052 577 1561 613 437 2172 0 570 890 823 944 1018 1272 1453 956
113 1488 652 1165 396 199 1610 570 0 1140 841 478 1532 702 1239 576
1252 2276 1462 2303 804 1158 2377 890 1140 0 1709 1619 777 1705 2301 1015
811 2064 247 988 1186 672 2184 823 841 1709 0 729 1734 1248 689 1417
368 1336 679 688 855 512 1457 944 478 1619 729 0 1957 521 845 910
1639 2909 1520 2576 1348 1445 3021 1018 1532 777 1734 1957 0 2214 2416 1657
615 827 1172 910 906 857 950 1272 702 1705 1248 521 2214 0 1263 751
1152 1939 896 510 1634 1153 2046 1453 1239 2301 689 845 2416 1263 0 1749
620 1266 1222 1553 350 759 1372 956 576 1015 1417 910 1657 751 1749 0
