0 1123 690 1012 248 608 1213 683 1107 1120 1555 1543 1523 740 1163 61 1596
1123 0 1742 866 1365 1121 1777 993 154 622 2465 2156 522 1709 2026 1093 2284
690 1742 0 1689 549 1216 1622 936 1756 1542 900 1109 2189 195 585 745 1844
1012 866 1689 0 1153 541 982 1391 724 1370 2568 2495 867 1753 2170 952 1495
248 1365 549 1153 0 667 1142 870 1341 1357 1447 1548 1746 659 1096 272 1462
608 1121 1216 541 667 0 709 1195 1025 1417 2114 2152 1321 1315 1750 548 1187
1213 1777 1622 982 1142 709 0 1871 1657 2125 2491 2688 1849 1777 2205 1166 514
683 993 936 1391 870 1195 1871 0 1073 617 1496 1173 1509 825 1056 717 2277
1107 154 1756 724 1341 1025 1657 1073 0 764 2516 2245 443 1740 2080 1070 2168
1120 622 1542 1370 1357 1417 2125 617 764 0 2084 1650 1116 1442 1651 1124 2597
1555 2465 900 2568 1447 2114 2491 1496 2516 2084 0 709 2960 815 440 1616 2636
1543 2156 1109 2495 1548 2152 2688 1173 2245 1650 709 0 2677 926 565 1604 2950
1523 522 2189 867 1746 1321 1849 1509 443 1116 2960 2677 0 2180 2524 1480 2362
740 1709 195 1753 659 1315 1777 825 1740 1442 815 926 2180 0 437 801 2024
1163 2026 585 2170 1096 1750 2205 1056 2080 1651 440 565 2524 437 0 1224 2423
61 1093 745 952 272 548 1166 717 1070 1124 1616 1604 1480 801 1224 0 1560
1596 2284 1844 1495 1462 1187 514 2277 2168 2597 2636 2950 2362 2024 2423 1560 0
