0 1361 61 290 1719 647 1578 1438 1389 446 303 676 616 1445 1450 487
1361 0 1362 1651 684 1829 1749 955 2748 1442 1341 1842 1978 1904 2730 1753
61 1362 0 294 1743 697 1637 1478 1396 508 365 627 620 1507 1480 448
290 1651 294 0 1996 537 1701 1679 1102 538 465 543 327 1511 1210 320
1719 684 1743 1996 0 1993 1415 562 3025 1617 1578 2321 2303 1679 2879 2183
647 1829 697 537 1993 0 1318 1554 1066 390 497 1060 559 1059 904 841
1578 1749 1637 1701 1415 1318 0 862 2319 1164 1277 2230 1859 362 1943 2014
1438 955 1478 1679 562 1554 862 0 2616 1212 1221 2100 1952 1118 2402 1925
1389 2748 1396 1102 3025 1066 2319 2616 0 1413 1450 1188 776 2001 567 1115
446 1442 508 538 1617 390 1164 1212 1413 0 160 1065 753 1003 1294 849
303 1341 365 465 1578 497 1277 1221 1450 160 0 959 734 1143 1390 751
676 1842 627 543 2321 1060 2230 2100 1188 1065 959 0 588 2053 1509 222
616 1978 620 327 2303 559 1859 1952 776 753 734 588 0 1617 949 414
1445 1904 1507 1511 1679 1059 362 1118 2001 1003 1143 2053 1617 0 1596 1831
1450 2730 1480 1210 2879 904 1943 2402 567 1294 1390 1509 949 1596 0 1362
487 1753 448 320 2183 841 2014 1925 1115 849 751 222 414 1831 1362 0
