0 482 459 43 755 743 1484 970 1477 1533 1400 196 1504 105 753 1464
482 0 936 510 277 1146 1951 503 1142 1916 1650 678 1763 378 878 1868
459 936 0 441 1211 416 1027 1429 1801 1159 1193 264 1277 558 811 1068
43 510 441 0 780 747 1469 991 1519 1536 1420 177 1523 141 788 1464
755 277 1211 780 0 1417 2229 232 1065 2179 1875 952 1990 653 1088 2136
743 1146 416 747 1417 0 878 1648 1750 789 784 596 863 811 629 726
1484 1951 1027 1469 2229 878 0 2451 2621 678 1226 1291 1220 1579 1489 543
970 503 1429 991 232 1648 2451 0 1122 2411 2100 1166 2215 871 1311 2368
1477 1142 1801 1519 1065 1750 2621 1122 0 2282 1739 1622 1842 1385 1133 2307
1533 1916 1159 1536 2179 789 678 2411 2282 0 630 1379 586 1599 1193 140
1400 1650 1193 1420 1875 784 1226 2100 1739 630 0 1315 115 1427 789 719
196 678 264 177 952 596 1291 1166 1622 1379 1315 0 1411 299 766 1301
1504 1763 1277 1523 1990 863 1220 2215 1842 586 115 1411 0 1534 904 692
105 378 558 141 653 811 1579 871 1385 1599 1427 299 1534 0 737 1537
753 878 811 788 1088 629 1489 1311 1133 1193 789 766 904 737 0 1195
1464 1868 1068 1464 2136 726 543 2368 2307 140 719 1301 692 1537 1195 0
