0 131 330 354 759 708 351 210 494 308 324 847 445 344 591 484 777 127 602 735 30 241 439 37 193 513 377 174 469 735 28 310 821 691 522 304 273 438 401 29 250 555 552 755 531 363 26 85 46 495 697 398 470 117 508 605 684 362 225 88 96 641 481 826 225 13 774 749 441 542 678 587 735 485 261 843 368 531 230 481 836 309 748 456 100 705 312 697 82 820 777 37 105 84 498 100 105 278 508 633 684 20 231 780 240 161 602 493 440 168 275 282 784 851 464 196
131 0 260 409 698 732 260 107 600 433 315 828 432 474 723 557 869 116 639 788 156 123 570 143 321 382 401 304 577 773 149 223 690 591 406 289 323 310 320 103 135 680 567 623 442 232 151 64 113 364 590 520 462 14 550 649 570 382 221 220 205 547 351 729 318 128 720 873 531 464 563 609 633 374 380 716 387 500 357 597 967 263 867 563 231 664 426 625 157 947 659 160 26 203 630 193 63 312 585 669 574 140 303 658 338 179 532 401 423 173 182 162 744 942 561 279
330 260 0 329 438 992 463 157 823 623 153 1072 217 588 862 808 1108 203 899 646 332 318 727 362 445 346 263 484 798 1033 359 55 616 371 524 131 580 260 528 308 155 862 826 576 624 303 357 254 284 334 388 715 253 267 410 909 391 243 481 392 326 316 411 500 352 318 935 1057 502 211 390 428 770 203 585 593 647 742 467 628 1061 508 894 575 396 894 480 822 396 1117 742 368 266 414 765 425 233 234 513 929 692 321 303 509 377 200 274 584 675 183 401 161 487 1181 794 521
354 409 329 0 580 1048 669 379 723 499 180 1201 222 370 630 784 1019 293 935 382 329 526 535 388 295 669 93 390 695 1064 374 367 946 648 796 198 613 581 729 358 413 685 900 905 851 584 369 350 325 655 682 579 218 403 156 931 700 104 579 336 266 586 707 750 158 342 1121 866 176 459 702 250 1034 529 494 917 718 884 289 323 773 656 574 263 328 1057 226 1034 434 904 1038 374 390 398 540 438 345 104 187 966 968 333 125 826 165 230 479 810 795 239 592 439 546 1092 721 519
759 698 438 580 0 1427 868 593 1241 1027 459 1487 361 941 1209 1243 1533 632 1337 648 755 737 1100 794 827 600 488 892 1214 1471 788 477 697 270 861 469 1018 557 930 740 579 1247 1261 712 999 668 786 690 713 601 326 1116 362 706 524 1348 385 484 918 806 730 242 728 257 699 746 1322 1436 734 244 400 444 1088 410 1000 594 1084 1161 837 895 1345 934 1113 833 806 1297 803 1195 831 1481 1005 796 704 841 1117 858 670 551 685 1367 1001 747 644 493 718 607 169 963 1103 595 819 570 136 1607 1219 955
708 732 992 1048 1427 0 597 834 492 627 1029 273 1150 818 845 316 460 820 121 1411 727 696 736 671 776 950 1084 673 505 84 683 949 1180 1279 729 1006 436 933 552 716 848 687 166 1095 576 803 687 754 749 936 1261 611 1177 726 1205 143 1221 1071 511 711 783 1250 823 1417 894 722 436 761 1075 1187 1209 1292 717 1058 593 1271 346 324 801 1025 1117 500 1207 1038 720 345 909 512 626 857 867 680 730 650 816 613 771 985 1163 94 752 727 923 1260 897 867 1259 584 337 872 620 861 1476 492 437 529
351 260 463 669 868 597 0 317 660 570 562 619 668 676 884 543 870 376 538 1047 382 149 727 335 538 355 657 480 645 660 350 410 615 689 198 534 329 338 64 332 308 798 434 533 182 209 354 321 358 340 666 639 702 267 808 563 624 637 205 428 446 665 237 825 570 357 472 974 786 624 612 861 384 472 508 687 306 296 576 833 1153 120 1095 807 441 432 664 367 309 1062 444 358 280 377 801 338 324 572 844 563 340 369 561 666 588 439 698 142 259 432 78 305 941 935 602 365
210 107 157 379 593 834 317 0 699 518 246 917 351 529 792 663 973 115 744 743 224 168 644 234 375 322 348 382 675 878 235 116 626 487 417 218 430 239 382 182 43 765 669 567 490 206 235 125 173 305 489 609 384 117 501 756 473 327 324 291 248 442 331 624 330 201 789 959 528 357 467 545 658 275 471 637 491 587 406 620 1020 351 893 577 300 743 454 683 258 1029 659 246 119 293 696 292 105 275 565 774 589 210 299 570 354 162 426 449 517 147 248 76 645 1046 663 383
494 600 823 723 1241 492 660 699 0 223 784 749 898 390 353 187 296 619 379 1027 491 653 261 466 429 961 792 349 27 457 467 805 1258 1185 857 772 330 902 663 519 735 196 441 1180 769 795 468 576 539 943 1189 153 912 587 867 349 1170 786 459 435 511 1136 881 1320 568 506 826 323 682 1035 1163 970 977 974 241 1305 388 585 434 585 627 543 726 616 434 727 521 831 443 418 1085 457 581 410 333 407 597 704 776 398 968 502 616 1255 557 634 1091 749 505 648 622 762 1245 370 66 324
308 433 623 499 1027 627 570 518 223 0 568 848 678 190 314 319 520 423 506 814 296 516 157 289 205 813 568 139 196 617 285 613 1119 993 767 558 281 743 595 336 558 247 520 1048 719 654 284 393 347 795 1002 91 691 418 644 489 991 564 369 232 300 940 759 1124 344 317 863 441 469 831 986 747 935 792 62 1149 387 603 211 398 590 472 597 415 227 772 303 832 285 514 1015 273 409 229 237 248 412 483 562 534 906 309 393 1088 333 426 883 689 507 442 511 589 1025 593 227 207
324 315 153 180 459 1029 562 246 784 568 0 1143 122 490 764 804 1079 210 925 502 311 412 644 361 368 498 111 435 757 1059 351 197 767 477 656 28 597 412 626 312 268 789 869 729 736 436 348 277 280 486 507 657 148 316 262 929 521 90 525 352 275 416 553 590 245 310 1031 980 356 292 523 299 900 349 543 736 684 816 380 493 937 578 752 436 351 979 363 929 404 1030 886 357 307 397 669 423 262 101 360 956 827 307 190 646 267 162 326 695 736 156 489 287 464 1153 767 518
847 828 1072 1201 1487 273 619 917 749 848 1143 0 1261 1032 1099 564 730 935 371 1579 872 755 976 812 960 939 1218 861 758 345 826 1022 1108 1297 679 1118 602 946 557 846 918 946 327 1025 517 823 831 868 880 929 1268 850 1291 827 1355 404 1219 1202 623 875 936 1280 801 1429 1059 859 242 1032 1260 1243 1204 1430 576 1087 802 1218 489 329 991 1236 1377 566 1443 1239 886 203 1100 367 766 1129 737 827 836 809 1059 766 882 1122 1341 356 638 867 1076 1229 1067 992 1317 543 408 992 672 920 1557 754 689 703
445 432 217 222 361 1150 668 351 898 678 122 1261 0 580 848 924 1193 331 1047 439 432 519 740 483 474 550 129 549 870 1181 473 272 787 440 742 144 719 470 733 434 363 888 990 762 837 520 469 397 402 541 481 765 35 433 221 1051 509 122 645 470 392 378 628 532 340 432 1140 1076 388 253 514 213 988 371 658 737 806 932 479 544 995 694 783 482 468 1092 441 1033 526 1120 957 478 426 517 755 545 382 195 362 1078 910 429 287 639 358 284 260 796 855 278 599 376 347 1267 883 639
344 474 588 370 941 818 676 529 390 190 490 1032 580 0 274 509 674 415 697 637 318 584 164 346 154 848 456 198 364 808 334 595 1155 957 861 490 442 768 714 371 572 315 705 1093 845 706 331 416 364 831 977 236 584 460 495 680 977 458 495 256 280 898 825 1077 245 345 1028 496 293 778 975 602 1057 782 229 1163 556 768 123 207 493 600 428 227 243 942 145 982 367 540 1115 324 447 299 178 339 430 391 388 724 1016 333 300 1089 223 391 817 810 670 409 605 606 916 744 410 349
591 723 862 630 1209 845 884 792 353 314 764 1099 848 274 0 535 549 682 731 817 570 820 157 583 419 1105 720 420 341 808 575 866 1413 1231 1080 764 587 1028 909 620 835 164 781 1346 1033 953 572 672 621 1087 1251 263 848 708 732 702 1250 725 683 504 546 1173 1065 1352 519 596 1153 258 509 1053 1247 839 1248 1053 377 1429 683 898 394 356 283 786 392 412 493 1057 406 1136 589 276 1329 563 697 526 96 554 689 664 593 751 1220 586 573 1358 496 663 1090 1003 806 681 823 868 1174 605 410 522
484 557 808 784 1243 316 543 663 187 319 804 564 924 509 535 0 327 610 197 1126 493 575 420 449 493 876 836 394 194 298 455 778 1157 1147 730 786 237 831 531 502 691 383 254 1076 620 711 458 553 530 859 1141 294 945 546 938 173 1114 826 365 456 534 1105 777 1285 625 498 642 497 783 1018 1105 1034 818 926 296 1220 241 411 512 716 813 422 891 734 461 543 615 657 411 594 939 449 545 407 500 384 574 740 874 221 820 498 664 1183 622 643 1082 606 342 652 524 713 1267 395 124 288
777 869 1108 1019 1533 460 870 973 296 520 1079 730 1193 674 549 327 0 905 402 1310 778 900 524 745 725 1203 1088 644 324 385 749 1084 1485 1461 1053 1065 560 1156 854 800 1005 395 513 1403 933 1037 750 855 823 1186 1459 442 1208 857 1161 363 1435 1083 691 727 804 1415 1105 1598 864 790 886 359 968 1319 1427 1265 1118 1243 535 1547 565 699 730 855 766 750 941 893 727 788 812 935 716 443 1250 740 854 694 573 683 876 1000 1062 399 1130 787 912 1509 853 925 1379 923 651 938 852 1030 1541 74 313 590
127 116 203 293 632 820 376 115 619 423 210 935 331 415 682 610 905 0 719 671 128 234 538 161 263 437 286 284 594 853 156 190 741 570 511 186 392 354 437 108 158 665 659 683 558 313 154 67 81 420 580 514 359 112 433 724 572 268 315 190 136 518 438 702 218 114 835 860 424 415 568 496 744 373 382 747 474 609 292 506 905 374 779 466 196 777 339 742 200 926 760 164 101 211 586 226 54 195 472 749 681 117 193 676 241 62 475 517 527 57 299 191 661 978 591 322
602 639 899 935 1337 121 538 744 379 506 925 371 1047 697 731 197 402 719 0 1294 618 618 617 565 658 892 975 555 389 134 575 860 1143 1205 695 904 328 865 504 612 762 575 117 1058 554 737 579 654 645 877 1190 491 1072 631 1092 38 1154 962 420 598 672 1171 773 1344 780 616 487 665 956 1100 1143 1181 723 982 473 1224 254 306 682 904 1006 429 1088 917 606 388 789 534 520 763 864 572 634 539 698 504 673 876 1045 31 745 620 810 1204 781 763 1170 553 284 769 548 778 1379 448 321 416
735 788 646 382 648 1411 1047 743 1027 814 502 1579 439 637 817 1126 1310 671 1294 0 708 901 787 768 636 989 395 738 1000 1418 753 697 1223 840 1158 530 983 906 1108 740 769 930 1271 1201 1228 939 748 732 707 978 890 873 406 783 241 1286 929 416 960 705 643 782 1055 891 520 723 1504 1075 345 671 937 231 1401 811 829 1161 1092 1266 614 463 831 1038 553 417 695 1439 511 1414 813 1081 1387 752 771 770 754 813 725 475 251 1324 1330 714 503 1059 515 608 646 1186 1175 615 971 790 538 1378 1041 885
30 156 332 329 755 727 382 224 491 296 311 872 432 318 570 493 778 128 618 708 0 270 420 59 165 534 357 158 465 751 45 317 842 698 552 293 290 458 432 53 266 541 573 777 562 388 40 101 51 517 706 387 455 142 484 620 695 343 252 67 67 647 507 831 195 27 803 736 411 543 690 565 766 496 253 860 389 558 202 451 811 338 718 425 76 733 282 727 105 804 807 46 129 86 476 114 119 258 480 650 715 15 205 795 209 150 601 523 466 160 305 298 774 852 464 206
241 123 318 526 737 696 149 168 653 516 412 755 519 584 820 575 900 234 618 901 270 0 664 239 435 307 508 400 633 748 250 267 607 586 284 384 339 256 213 216 163 760 529 533 326 141 253 187 233 289 573 597 552 133 661 636 541 489 210 328 325 553 244 725 441 242 621 947 654 494 531 711 510 363 458 652 366 426 472 718 1075 197 987 686 341 576 547 517 231 1027 538 261 147 294 730 268 185 426 706 647 451 255 425 608 461 296 568 285 365 287 82 167 802 970 604 331
439 570 727 535 1100 736 727 644 261 157 644 976 740 164 157 420 524 538 617 787 420 664 0 429 282 952 618 266 240 712 421 726 1260 1099 922 641 435 878 752 468 687 150 652 1192 877 798 419 522 472 934 1115 126 746 555 659 593 1110 619 526 353 404 1043 908 1224 401 445 1011 335 451 926 1106 766 1092 911 220 1281 537 753 264 331 433 630 470 370 344 917 310 986 432 389 1171 409 544 370 83 397 539 548 543 641 1063 435 455 1214 382 526 970 847 659 544 666 719 1080 590 301 365
37 143 362 388 794 671 335 234 466 289 361 812 483 346 583 449 745 161 565 768 59 239 429 0 202 524 413 163 442 698 15 339 831 719 514 340 236 453 381 54 271 537 516 763 512 369 20 110 81 506 723 378 507 128 543 568 707 399 193 92 125 671 482 854 253 51 745 730 467 574 701 623 720 509 238 859 331 499 240 497 835 282 760 475 106 674 330 672 46 804 769 22 119 60 492 64 131 315 538 596 673 56 264 799 266 198 635 475 407 205 261 301 820 819 432 160
193 321 445 295 827 776 538 375 429 205 368 960 474 154 419 493 725 263 658 636 165 435 282 202 0 694 363 102 401 782 188 447 1001 817 715 362 357 614 582 219 419 421 641 939 713 553 184 262 210 677 833 291 485 307 446 650 830 358 375 110 127 760 673 942 138 193 925 614 301 645 827 545 922 633 199 1011 471 669 37 298 647 475 557 284 96 846 140 864 231 671 970 179 294 167 323 212 276 278 387 688 875 181 187 938 130 245 691 676 572 262 464 452 820 799 425 257
513 382 346 669 600 950 355 322 961 813 498 939 550 848 1105 876 1203 437 892 989 534 307 952 524 694 0 610 686 941 1014 531 302 307 366 269 474 644 87 399 484 278 1060 789 245 424 166 533 433 485 17 330 898 585 397 756 916 279 589 512 601 569 363 138 492 650 508 743 1250 834 379 265 764 488 199 758 344 652 639 727 939 1341 465 1211 894 611 738 775 610 529 1327 418 543 408 584 1011 567 418 567 856 918 401 519 613 311 675 479 448 395 614 462 353 246 706 1272 912 638
377 401 263 93 488 1084 657 348 792 568 111 1218 129 456 720 836 1088 286 975 395 357 508 618 413 363 610 0 448 764 1107 401 309 874 558 763 137 648 523 719 373 374 768 929 838 835 544 397 351 339 597 594 652 128 398 154 975 615 20 595 380 303 496 663 658 224 364 1121 953 264 370 619 211 1006 454 556 837 745 895 363 416 867 660 661 355 375 1063 314 1024 459 994 996 404 387 436 629 471 341 98 254 1006 935 357 176 743 239 226 386 794 810 229 581 396 461 1162 783 559
174 304 484 390 892 673 480 382 349 139 435 861 549 198 420 394 644 284 555 738 158 400 266 163 102 686 448 0 322 680 154 474 994 854 669 423 259 613 516 203 424 382 540 926 646 532 152 258 210 668 864 230 565 289 544 547 854 441 296 93 162 801 644 985 231 181 837 577 403 693 849 640 859 654 108 1017 374 578 130 382 676 401 626 378 88 754 239 785 172 646 922 143 278 106 329 141 277 356 490 586 820 172 273 953 228 288 746 611 480 303 412 455 897 718 335 160
469 577 798 695 1214 505 645 675 27 196 757 758 870 364 341 194 324 594 389 1000 465 633 240 442 401 941 764 322 0 474 442 780 1239 1161 843 745 316 881 651 495 711 190 445 1162 759 775 443 552 514 923 1165 127 885 564 840 361 1147 759 443 409 484 1111 864 1295 540 481 827 332 655 1009 1140 943 969 950 214 1284 380 582 407 561 619 529 707 590 408 729 494 828 420 425 1074 432 558 385 314 384 573 676 749 410 957 476 588 1233 530 608 1065 738 500 622 605 739 1218 397 69 303
735 773 1033 1064 1471 84 660 878 457 617 1059 345 1181 808 808 298 385 853 134 1418 751 748 712 698 782 1014 1107 680 474 0 708 994 1254 1335 802 1038 462 992 619 746 895 647 225 1168 653 863 712 788 779 1000 1319 589 1205 765 1221 133 1281 1095 553 728 803 1302 891 1473 908 749 521 702 1078 1233 1269 1311 800 1112 591 1341 387 400 804 1015 1073 556 1181 1033 736 430 910 596 654 797 949 704 768 670 788 637 807 1009 1168 103 833 753 940 1325 908 896 1304 658 400 902 676 910 1513 411 410 547
28 149 359 374 788 683 350 235 467 285 351 826 473 334 575 455 749 156 575 753 45 250 421 15 188 531 401 154 442 708 0 338 839 718 527 332 247 459 396 53 274 532 528 771 527 378 4 110 75 513 723 374 497 134 530 578 709 388 208 78 110 669 493 853 238 42 760 726 452 570 703 610 734 510 235 864 344 513 226 483 824 298 746 460 92 689 315 688 59 798 782 11 124 57 482 72 131 303 523 606 686 44 250 803 250 189 631 489 421 197 275 305 812 822 435 167
310 223 55 367 477 949 410 116 805 613 197 1022 272 595 866 778 1084 190 860 697 317 267 726 339 447 302 309 474 780 994 338 0 584 380 470 172 546 215 475 285 104 856 783 539 569 248 337 228 267 289 390 704 308 232 459 872 383 288 440 381 322 331 359 515 368 299 881 1051 535 241 380 482 715 186 570 572 607 693 472 652 1076 460 921 602 387 842 497 767 368 1115 690 348 233 395 770 401 208 267 553 890 638 305 323 494 393 204 310 529 628 186 350 106 535 1157 772 494
821 690 616 946 697 1180 615 626 1258 1119 767 1108 787 1155 1413 1157 1485 741 1143 1223 842 607 1260 831 1001 307 874 994 1239 1254 839 584 0 427 451 747 933 386 640 792 582 1365 1031 85 607 466 841 741 793 325 370 1203 819 704 1007 1171 314 855 800 908 875 468 379 482 948 816 880 1554 1118 555 301 991 554 419 1063 131 922 857 1033 1235 1647 735 1506 1186 919 907 1075 744 835 1633 409 850 715 891 1318 872 725 850 1127 1165 476 827 907 209 973 778 598 596 859 760 637 549 828 1551 1205 938
691 591 371 648 270 1279 689 487 1185 993 477 1297 440 957 1231 1147 1461 570 1205 840 698 586 1099 719 817 366 558 854 1161 1335 718 380 427 0 635 471 911 351 744 665 456 1233 1113 442 788 479 717 608 648 373 56 1084 462 603 656 1222 115 544 791 761 697 62 504 139 715 680 1109 1428 823 188 130 612 845 222 951 332 952 984 838 969 1415 779 1220 911 766 1099 838 977 745 1489 748 728 607 775 1135 779 587 578 803 1233 757 686 662 229 739 572 194 757 943 555 659 433 401 1533 1150 870
522 406 524 796 861 729 198 417 857 767 656 679 742 861 1080 730 1053 511 695 1158 552 284 922 514 715 269 763 669 843 802 527 470 451 635 0 628 526 304 199 499 389 997 581 365 163 221 531 471 517 263 599 837 778 417 917 724 545 742 404 606 609 630 133 760 724 525 475 1173 935 627 530 951 245 450 705 546 489 406 753 1002 1345 313 1270 970 620 476 831 341 496 1261 255 537 431 563 995 528 466 693 980 715 171 538 704 549 745 571 700 145 411 558 257 369 957 1116 797 563
304 289 131 198 469 1006 534 218 772 558 28 1118 144 490 764 786 1065 186 904 530 293 384 641 340 362 474 137 423 745 1038 332 172 747 471 628 0 575 387 598 291 240 783 845 707 708 408 328 253 259 461 497 648 173 290 289 908 509 116 501 338 261 411 526 587 245 290 1004 976 372 288 510 327 872 331 531 720 661 789 376 504 945 552 766 449 338 952 367 901 383 1028 859 338 282 379 669 404 237 108 382 935 800 288 191 632 268 143 329 667 711 135 462 260 480 1139 753 499
273 323 580 613 1018 436 329 430 330 281 597 602 719 442 587 237 560 392 328 983 290 339 435 236 357 644 648 259 316 462 247 546 933 911 526 575 0 595 335 284 456 479 287 853 450 477 251 329 316 626 904 327 743 314 770 332 877 634 132 278 347 870 554 1049 463 287 586 647 658 787 868 855 664 690 222 988 115 325 388 639 868 213 869 637 288 499 497 551 192 737 760 243 314 214 517 176 348 549 740 359 645 291 488 948 468 434 854 425 228 440 295 477 1053 630 273 100
438 310 260 581 557 933 338 239 902 743 412 946 470 768 1028 831 1156 354 865 906 458 256 878 453 614 87 523 613 881 992 459 215 386 351 304 387 595 0 392 409 196 991 768 330 443 129 460 356 407 73 328 830 505 325 671 886 289 503 466 525 488 334 173 487 564 432 767 1183 747 322 277 683 541 146 690 405 617 633 646 853 1260 436 1125 807 534 750 690 638 463 1257 489 470 334 514 934 501 339 480 769 892 457 442 526 353 589 394 396 409 595 376 317 162 653 1226 857 578
401 320 528 729 930 552 64 382 663 595 626 557 733 714 909 531 854 437 504 1108 432 213 752 381 582 399 719 516 651 619 396 475 640 744 199 598 335 392 0 385 373 813 394 556 131 265 401 379 413 386 719 656 766 326 870 531 674 700 225 472 497 723 271 879 623 408 407 983 840 686 661 924 343 530 532 721 289 241 619 879 1183 123 1138 857 486 368 712 305 350 1073 424 404 338 417 829 375 383 633 901 526 312 420 618 707 640 500 761 95 219 493 137 369 1005 917 602 387
29 103 308 358 740 716 332 182 519 336 312 846 434 371 620 502 800 108 612 740 53 216 468 54 219 484 373 203 495 746 53 285 792 665 499 291 284 409 385 0 222 583 558 726 514 335 52 57 34 466 670 426 460 88 510 617 656 358 222 117 113 617 453 801 238 26 765 777 455 519 650 584 715 457 288 814 373 526 256 503 864 299 771 475 128 699 333 684 92 849 753 63 76 110 527 118 78 276 519 643 662 39 238 751 255 151 581 474 438 156 255 253 769 873 487 214
250 135 155 413 579 848 308 43 735 558 268 918 363 572 835 691 1005 158 762 769 266 163 687 271 419 278 374 424 711 895 274 104 582 456 389 240 456 196 373 222 0 806 682 524 473 171 274 165 214 262 454 648 398 148 528 776 435 353 342 333 292 414 294 594 372 242 780 1000 566 338 429 565 632 239 509 594 508 589 450 662 1064 356 935 618 342 738 496 669 291 1070 625 285 153 331 739 327 147 308 600 792 560 251 339 529 397 203 410 432 524 186 246 33 639 1078 696 415
555 680 862 685 1247 687 798 765 196 247 789 946 888 315 164 383 395 665 575 930 541 760 150 537 421 1060 768 382 190 647 532 856 1365 1233 997 783 479 991 813 583 806 0 635 1293 930 899 531 640 593 1042 1246 162 895 665 810 545 1237 768 593 475 536 1179 1001 1362 548 563 1016 195 598 1066 1232 917 1143 1037 302 1396 560 768 409 468 430 690 553 513 469 919 461 1012 530 267 1238 521 656 477 179 493 659 695 690 594 1124 555 602 1335 530 662 1113 904 682 678 747 837 1229 456 259 435
552 567 826 900 1261 166 434 669 441 520 869 327 990 705 781 254 513 659 117 1271 573 529 652 516 641 789 929 540 445 225 528 783 1031 1113 581 845 287 768 394 558 682 635 0 946 438 638 533 592 592 774 1095 526 1017 562 1056 152 1057 915 346 565 633 1083 665 1251 750 565 390 749 943 1020 1045 1139 607 891 475 1116 184 189 670 910 1062 334 1116 915 575 290 779 422 470 847 746 527 567 501 735 461 609 831 1027 134 627 572 774 1100 755 709 1092 438 175 712 454 694 1311 563 376 386
755 623 576 905 712 1095 533 567 1180 1048 729 1025 762 1093 1346 1076 1403 683 1058 1201 777 533 1192 763 939 245 838 926 1162 1168 771 539 85 442 365 707 853 330 556 726 524 1293 946 0 522 394 773 677 729 262 387 1131 795 637 977 1087 327 818 721 843 814 473 299 519 895 751 798 1481 1074 544 312 971 477 390 991 199 839 771 972 1184 1586 653 1456 1137 854 823 1021 662 763 1561 340 782 649 822 1253 800 662 806 1089 1080 397 762 856 250 920 724 596 511 774 707 558 491 839 1468 1127 863
531 442 624 851 999 576 182 490 769 719 736 517 837 845 1033 620 933 558 554 1228 562 326 877 512 713 424 835 646 759 653 527 569 607 788 163 708 450 443 131 514 473 930 438 522 0 333 532 503 540 415 755 776 871 449 987 587 703 815 352 603 627 777 285 916 752 537 323 1092 969 759 689 1036 215 589 657 707 383 253 751 1010 1309 247 1269 987 617 315 843 198 481 1184 319 535 463 548 956 506 506 752 1027 572 200 550 744 712 769 621 833 41 281 613 261 463 1086 990 705 512
363 232 303 584 668 803 209 206 795 654 436 823 520 706 953 711 1037 313 737 939 388 141 798 369 553 166 544 532 775 863 378 248 466 479 221 408 477 129 265 335 171 899 638 394 333 0 380 291 343 149 457 737 556 246 698 758 418 524 346 452 432 457 125 616 532 361 654 1088 734 426 406 729 467 264 596 511 490 505 588 819 1199 307 1091 780 464 629 650 531 369 1167 453 389 259 427 861 406 280 480 771 763 391 372 504 473 555 367 501 295 465 353 190 148 753 1107 745 473
26 151 357 369 786 687 354 235 468 284 348 831 469 331 572 458 750 154 579 748 40 253 419 20 184 533 397 152 443 712 4 337 841 717 531 328 251 460 401 52 274 531 533 773 532 380 0 110 72 515 723 373 493 136 525 581 709 383 213 75 105 668 495 852 233 39 765 725 447 569 703 606 738 510 235 865 349 518 222 478 821 302 742 456 88 694 311 693 64 797 786 11 125 58 480 75 130 298 518 610 690 40 245 803 246 185 629 494 426 194 279 305 809 824 437 170
85 64 254 350 690 754 321 125 576 393 277 868 397 416 672 553 855 67 654 732 101 187 522 110 262 433 351 258 552 788 110 228 741 608 471 253 329 356 379 57 165 640 592 677 503 291 110 0 52 415 613 483 426 54 496 661 598 334 248 168 141 560 413 744 253 77 772 834 467 465 593 562 696 400 346 759 408 543 297 532 910 309 804 499 178 712 362 683 142 904 724 121 40 168 577 172 20 258 523 685 638 86 240 695 274 125 528 463 460 123 242 197 724 929 543 267
46 113 284 325 713 749 358 173 539 347 280 880 402 364 621 530 823 81 645 707 51 233 472 81 210 485 339 210 514 779 75 267 793 648 517 259 316 407 413 34 214 593 592 729 540 343 72 52 0 468 655 438 427 100 476 649 644 324 256 118 91 597 464 781 211 33 797 787 428 496 639 550 739 444 303 809 407 559 244 484 857 331 754 453 127 732 314 714 124 856 771 83 86 129 526 146 67 242 489 676 683 38 207 743 229 117 556 501 472 123 280 247 738 897 509 242
495 364 334 655 601 936 340 305 943 795 486 929 541 831 1087 859 1186 420 877 978 517 289 934 506 677 17 597 668 923 1000 513 289 325 373 263 461 626 73 386 466 262 1042 774 262 415 149 515 415 468 0 339 880 576 379 745 900 290 577 495 583 552 367 130 500 634 490 736 1232 819 377 276 755 487 197 740 362 636 626 710 923 1324 449 1196 878 594 728 759 604 511 1309 423 525 390 566 993 549 401 553 842 903 401 501 597 327 658 463 447 386 599 446 336 229 706 1255 894 620
697 590 388 682 326 1261 666 489 1189 1002 507 1268 481 977 1251 1141 1459 580 1190 890 706 573 1115 723 833 330 594 864 1165 1319 723 390 370 56 599 497 904 328 719 670 454 1246 1095 387 755 457 723 613 655 339 0 1094 505 603 699 1209 61 579 781 771 711 108 469 161 738 687 1074 1441 857 227 76 660 801 215 958 277 939 960 856 1000 1443 762 1255 943 777 1068 864 940 746 1504 699 734 607 781 1154 781 592 606 843 1218 713 693 686 174 762 588 244 725 923 571 642 429 457 1531 1151 870
398 520 715 579 1116 611 639 609 153 91 657 850 765 236 263 294 442 514 491 873 387 597 126 378 291 898 652 230 127 589 374 704 1203 1084 837 648 327 830 656 426 648 162 526 1131 776 737 373 483 438 880 1094 0 776 506 719 468 1082 649 434 323 391 1032 838 1216 427 407 890 352 529 923 1076 823 991 883 140 1236 420 635 290 434 546 533 596 463 319 796 370 873 368 430 1080 363 497 317 208 331 503 569 623 516 968 400 479 1177 414 518 974 749 543 533 585 679 1111 514 180 274
470 462 253 218 362 1177 702 384 912 691 148 1291 35 584 848 945 1208 359 1072 406 455 552 746 507 485 585 128 565 885 1205 497 308 819 462 778 173 743 505 766 460 398 895 1017 795 871 556 493 426 427 576 505 776 0 463 194 1075 536 127 674 489 411 400 664 547 349 456 1174 1081 376 278 542 178 1023 404 674 765 833 963 488 535 986 725 767 473 486 1125 443 1067 551 1122 993 501 456 539 757 568 410 208 342 1103 946 452 297 666 365 309 276 831 885 304 632 411 334 1282 900 661
117 14 267 403 706 726 267 117 587 418 316 827 433 460 708 546 857 112 631 783 142 133 555 128 307 397 398 289 564 765 134 232 704 603 417 290 314 325 326 88 148 665 562 637 449 246 136 54 100 379 603 506 463 0 546 641 583 380 215 205 192 559 365 741 307 114 723 858 522 473 576 607 642 387 366 730 380 500 343 584 953 263 855 552 217 665 414 631 143 932 671 145 13 188 615 179 57 308 577 662 584 126 294 672 327 174 540 409 421 169 189 175 749 930 548 267
508 550 410 156 524 1205 808 501 867 644 262 1355 221 495 732 938 1161 433 1092 241 484 661 659 543 446 756 154 544 840 1221 530 459 1007 656 917 289 770 671 870 510 528 810 1056 977 987 698 525 496 476 745 699 719 194 546 0 1088 730 174 732 493 423 594 816 735 313 496 1268 981 225 473 736 107 1160 588 645 958 874 1036 434 387 828 805 588 325 485 1207 351 1175 590 1008 1148 530 534 555 650 595 488 238 161 1122 1089 488 282 860 316 371 467 946 948 376 732 550 456 1233 869 676
605 649 909 931 1348 143 563 756 349 489 929 404 1051 680 702 173 363 724 38 1286 620 636 593 568 650 916 975 547 361 133 578 872 1171 1222 724 908 332 886 531 617 776 545 152 1087 587 758 581 661 649 900 1209 468 1075 641 1088 0 1175 963 433 596 671 1187 799 1361 775 619 525 629 946 1113 1164 1179 759 999 460 1250 270 342 672 887 975 451 1064 903 603 426 778 571 525 727 898 573 643 538 673 506 680 877 1036 49 779 622 807 1227 775 766 1182 585 313 773 568 793 1386 411 294 415
684 570 391 700 385 1221 624 473 1170 991 521 1219 509 977 1250 1114 1435 572 1154 929 695 541 1110 707 830 279 615 854 1147 1281 709 383 314 115 545 509 877 289 674 656 435 1237 1057 327 703 418 709 598 644 290 61 1082 536 583 730 1175 0 599 751 761 706 154 418 215 743 674 1020 1431 876 258 15 698 743 199 944 232 905 915 855 1014 1451 725 1273 958 768 1018 870 886 727 1498 638 720 589 766 1153 763 579 618 867 1181 655 682 693 130 768 586 289 675 883 568 606 407 515 1507 1130 849
362 382 243 104 484 1071 637 327 786 564 90 1202 122 458 725 826 1083 268 962 416 343 489 619 399 358 589 20 441 759 1095 388 288 855 544 742 116 634 503 700 358 353 768 915 818 815 524 383 334 324 577 579 649 127 380 174 963 599 0 579 370 292 482 642 646 221 349 1102 954 278 356 602 228 985 435 549 819 730 878 361 427 877 642 676 367 365 1045 318 1005 445 997 975 390 369 424 632 458 323 86 272 993 914 343 170 726 237 209 375 774 794 211 562 375 462 1156 776 547
225 221 481 579 918 511 205 324 459 369 525 623 645 495 683 365 691 315 420 960 252 210 526 193 375 512 595 296 443 553 208 440 800 791 404 501 132 466 225 222 342 593 346 721 352 346 213 248 256 495 781 434 674 215 732 433 751 579 0 271 318 754 422 930 446 236 554 770 658 680 741 806 568 568 306 856 166 306 411 672 957 105 923 658 284 481 513 490 149 857 647 211 220 208 604 162 263 498 731 449 537 245 456 818 458 369 750 321 216 370 163 359 965 761 405 161
88 220 392 336 806 711 428 291 435 232 352 875 470 256 504 456 727 190 598 705 67 328 353 92 110 601 380 93 409 728 78 381 908 761 606 338 278 525 472 117 333 475 565 843 603 452 75 168 118 583 771 323 489 205 493 596 761 370 271 0 78 708 569 892 185 92 825 670 388 601 756 582 812 562 194 927 386 572 148 406 748 368 667 388 13 749 242 758 123 738 861 69 193 65 410 110 186 284 466 629 765 82 212 861 191 199 656 566 477 212 353 365 816 801 414 182
96 205 326 266 730 783 446 248 511 300 275 936 392 280 546 534 804 136 672 643 67 325 404 125 127 569 303 162 484 803 110 322 875 697 609 261 347 488 497 113 292 536 633 814 627 432 105 141 91 552 711 391 411 192 423 671 706 292 318 78 0 642 555 826 128 89 870 731 344 531 702 508 828 507 269 883 451 624 158 392 772 406 662 362 76 799 222 794 170 793 863 108 178 133 450 172 152 206 412 703 774 76 141 812 143 126 583 587 532 142 368 325 738 878 492 256
641 547 316 586 242 1250 665 442 1136 940 416 1280 378 898 1173 1105 1415 518 1171 782 647 553 1043 671 760 363 496 801 1111 1302 669 331 468 62 630 411 870 334 723 617 414 1179 1083 473 777 457 668 560 597 367 108 1032 400 559 594 1187 154 482 754 708 642 0 497 184 656 630 1100 1373 760 126 166 552 850 193 900 384 917 962 780 907 1354 749 1158 849 713 1084 778 970 699 1432 763 679 561 726 1077 732 539 517 740 1200 763 635 602 280 679 517 136 744 915 500 629 394 365 1488 1103 825
481 351 411 707 728 823 237 331 881 759 553 801 628 825 1065 777 1105 438 773 1055 507 244 908 482 673 138 663 644 864 891 493 359 379 504 133 526 554 173 271 453 294 1001 665 299 285 125 495 413 464 130 469 838 664 365 816 799 418 642 422 569 555 497 0 630 657 479 605 1185 859 496 404 840 367 318 700 451 543 506 709 943 1317 356 1216 905 581 599 774 473 475 1268 332 503 378 538 974 511 403 603 895 797 285 492 629 437 680 492 569 257 490 478 259 268 826 1172 827 567
826 729 500 750 257 1417 825 624 1320 1124 590 1429 532 1077 1352 1285 1598 702 1344 891 831 725 1224 854 942 492 658 985 1295 1473 853 515 482 139 760 587 1049 487 879 801 594 1362 1251 519 916 616 852 744 781 500 161 1216 547 741 735 1361 215 646 930 892 826 184 630 0 833 814 1235 1556 920 299 230 673 957 362 1084 363 1091 1120 961 1074 1523 917 1314 1013 897 1229 953 1100 882 1614 846 863 744 910 1256 915 723 691 890 1372 869 819 779 273 856 700 272 887 1081 683 797 572 391 1671 1287 1007
225 318 352 158 699 894 570 330 568 344 245 1059 340 245 519 625 864 218 780 520 195 441 401 253 138 650 224 231 540 908 238 368 948 715 724 245 463 564 623 238 372 548 750 895 752 532 233 253 211 634 738 427 349 307 313 775 743 221 446 185 128 656 657 833 0 216 998 736 217 534 743 409 949 553 336 941 571 751 139 289 708 534 562 248 175 927 128 922 296 785 975 235 293 250 423 293 257 147 285 810 892 204 55 860 25 170 572 712 658 188 491 404 684 937 562 365
13 128 318 342 746 722 357 201 506 317 310 859 432 345 596 498 790 114 616 723 27 242 445 51 193 508 364 181 481 749 42 299 816 680 525 290 287 432 408 26 242 563 565 751 537 361 39 77 33 490 687 407 456 114 496 619 674 349 236 92 89 630 479 814 216 0 784 757 433 530 669 574 740 475 271 836 381 542 229 478 838 318 745 450 103 716 308 705 96 827 779 50 101 96 502 114 95 265 499 647 688 12 220 772 232 147 589 498 452 155 279 274 770 863 476 209
774 720 935 1121 1322 436 472 789 826 863 1031 242 1140 1028 1153 642 886 835 487 1504 803 621 1011 745 925 743 1121 837 827 521 760 881 880 1109 475 1004 586 767 407 765 780 1016 390 798 323 654 765 772 797 736 1074 890 1174 723 1268 525 1020 1102 554 825 870 1100 605 1235 998 784 0 1139 1212 1080 1005 1329 336 912 807 995 475 260 960 1219 1436 466 1455 1210 838 99 1065 136 703 1236 497 764 734 760 1095 715 780 1030 1283 486 404 795 1003 1016 1011 897 1155 358 357 892 542 775 1406 925 760 679
749 873 1057 866 1436 761 974 959 323 441 980 1032 1076 496 258 497 359 860 665 1075 736 947 335 730 614 1250 953 577 332 702 726 1051 1554 1428 1173 976 647 1183 983 777 1000 195 749 1481 1092 1088 725 834 787 1232 1441 352 1081 858 981 629 1431 954 770 670 731 1373 1185 1556 736 757 1139 0 761 1259 1427 1088 1301 1232 493 1589 712 906 600 614 411 861 622 668 664 1039 640 1153 720 97 1406 714 849 669 330 683 853 884 848 677 1290 750 791 1529 717 856 1305 1070 828 873 929 1031 1413 394 389 618
441 531 502 176 734 1075 786 528 682 469 356 1260 388 293 509 783 968 424 956 345 411 654 451 467 301 834 264 403 655 1078 452 535 1118 823 935 372 658 747 840 455 566 598 943 1074 969 734 447 467 428 819 857 529 376 522 225 946 876 278 658 388 344 760 859 920 217 433 1212 761 0 634 878 330 1164 704 486 1092 771 961 274 163 611 749 398 100 376 1138 167 1138 508 784 1184 447 508 454 431 499 469 268 94 986 1105 421 230 1002 201 366 648 929 866 381 708 596 678 1038 696 558
542 464 211 459 244 1187 624 357 1035 831 292 1243 253 778 1053 1018 1319 415 1100 671 543 494 926 574 645 379 370 693 1009 1233 570 241 555 188 627 288 787 322 686 519 338 1066 1020 544 759 426 569 465 496 377 227 923 278 473 473 1113 258 356 680 601 531 126 496 299 534 530 1080 1259 634 0 266 440 862 180 796 490 846 917 662 781 1229 691 1031 722 604 1054 655 956 607 1315 796 579 473 626 957 637 444 393 616 1130 777 533 480 389 557 405 75 722 860 389 575 327 330 1393 1006 732
678 563 390 702 400 1209 612 467 1163 986 523 1204 514 975 1247 1105 1427 568 1143 937 690 531 1106 701 827 265 619 849 1140 1269 703 380 301 130 530 510 868 277 661 650 429 1232 1045 312 689 406 703 593 639 276 76 1076 542 576 736 1164 15 602 741 756 702 166 404 230 743 669 1005 1427 878 266 0 706 727 194 939 224 895 902 853 1015 1451 714 1276 959 764 1003 870 871 720 1494 622 714 583 760 1150 756 573 619 871 1170 639 676 693 124 767 584 299 661 871 566 595 400 528 1498 1122 841
587 609 428 250 444 1292 861 545 970 747 299 1430 213 602 839 1034 1265 496 1181 231 565 711 766 623 545 764 211 640 943 1311 610 482 991 612 951 327 855 683 924 584 565 917 1139 971 1036 729 606 562 550 755 660 823 178 607 107 1179 698 228 806 582 508 552 840 673 409 574 1329 1088 330 440 706 0 1196 581 744 930 955 1106 536 491 926 870 676 430 575 1273 457 1228 669 1115 1170 612 597 642 757 679 551 308 258 1212 1120 567 371 828 415 437 418 994 1021 439 787 582 361 1337 970 764
735 633 770 1034 1088 717 384 658 977 935 900 576 988 1057 1248 818 1118 744 723 1401 766 510 1092 720 922 488 1006 859 969 800 734 715 554 845 245 872 664 541 343 715 632 1143 607 477 215 467 738 696 739 487 801 991 1023 642 1160 759 743 985 568 812 828 850 367 957 949 740 336 1301 1164 862 727 1196 0 683 872 677 589 418 960 1217 1524 463 1479 1190 825 388 1048 212 692 1394 160 742 656 759 1171 718 696 932 1216 735 87 753 936 713 969 806 934 247 476 795 460 614 1192 1170 912 727
485 374 203 529 410 1058 472 275 974 792 349 1087 371 782 1053 926 1243 373 982 811 496 363 911 509 633 199 454 654 950 1112 510 186 419 222 450 331 690 146 530 457 239 1037 891 390 589 264 510 400 444 197 215 883 404 387 588 999 199 435 568 562 507 193 318 362 553 475 912 1232 704 180 194 581 683 0 746 390 729 769 659 831 1261 557 1097 778 569 893 681 785 531 1299 617 521 392 568 956 566 380 437 708 1010 597 482 505 307 578 391 251 554 723 372 437 213 509 1316 935 654
261 380 585 494 1000 593 508 471 241 62 543 802 658 229 377 296 535 382 473 829 253 458 220 238 199 758 556 108 214 591 235 570 1063 951 705 531 222 690 532 288 509 302 475 991 657 596 235 346 303 740 958 140 674 366 645 460 944 549 306 194 269 900 700 1084 336 271 807 493 486 796 939 744 872 746 0 1096 331 546 215 435 652 409 649 444 193 718 319 772 228 570 952 224 357 178 299 190 366 465 578 502 843 265 380 1038 329 393 851 627 450 407 450 540 1005 609 227 145
843 716 593 917 594 1271 687 637 1305 1149 736 1218 737 1163 1429 1220 1547 747 1224 1161 860 652 1281 859 1011 344 837 1017 1284 1341 864 572 131 332 546 720 988 405 721 814 594 1396 1116 199 707 511 865 759 809 362 277 1236 765 730 958 1250 232 819 856 927 883 384 451 363 941 836 995 1589 1092 490 224 930 677 390 1096 0 991 950 1040 1222 1648 804 1487 1169 936 1015 1069 859 869 1663 538 875 740 919 1333 906 741 828 1091 1248 596 845 895 103 966 775 520 691 941 757 696 562 729 1616 1256 981
368 387 647 718 1084 346 306 491 388 387 684 489 806 556 683 241 565 474 254 1092 389 366 537 331 471 652 745 374 380 387 344 607 922 952 489 661 115 617 289 373 508 560 184 839 383 490 349 408 407 636 939 420 833 380 874 270 905 730 166 386 451 917 543 1091 571 381 475 712 771 846 895 955 589 729 331 991 0 216 503 754 966 187 980 752 397 386 611 453 285 806 701 343 384 321 620 279 425 647 852 283 582 388 592 962 578 524 917 366 122 528 300 523 1130 629 323 214
531 500 742 884 1161 324 296 587 585 603 816 329 932 768 898 411 699 609 306 1266 558 426 753 499 669 639 895 578 582 400 513 693 857 984 406 789 325 633 241 526 589 768 189 771 253 505 518 543 559 626 960 635 963 500 1036 342 915 878 306 572 624 962 506 1120 751 542 260 906 961 917 902 1106 418 769 546 950 216 0 704 961 1181 237 1194 953 585 176 809 246 455 1002 557 516 509 507 836 461 555 800 1036 321 438 551 762 943 762 668 991 260 97 667 343 592 1228 752 518 419
230 357 467 289 837 801 576 406 434 211 380 991 479 123 394 512 730 292 682 614 202 472 264 240 37 727 363 130 407 804 226 472 1033 838 753 376 388 646 619 256 450 409 670 972 751 588 222 297 244 710 856 290 488 343 434 672 855 361 411 148 158 780 709 961 139 229 960 600 274 662 853 536 960 659 215 1040 503 704 0 261 614 512 519 250 134 880 108 901 269 653 1008 217 330 204 298 249 309 285 363 712 913 217 192 966 124 268 705 714 606 286 501 483 823 802 436 289
481 597 628 323 895 1025 833 620 585 398 493 1236 544 207 356 716 855 506 904 463 451 718 331 497 298 939 416 382 561 1015 483 652 1235 969 1002 504 639 853 879 503 662 468 910 1184 1010 819 478 532 484 923 1000 434 535 584 387 887 1014 427 672 406 392 907 943 1074 289 478 1219 614 163 781 1015 491 1217 831 435 1222 754 961 261 0 451 773 272 62 393 1137 170 1162 530 628 1256 475 571 465 290 510 540 395 238 932 1166 465 328 1136 265 459 802 972 863 477 756 694 842 920 612 542
836 967 1061 773 1345 1117 1153 1020 627 590 937 1377 995 493 283 813 766 905 1006 831 811 1075 433 835 647 1341 867 676 619 1073 824 1076 1647 1415 1345 945 868 1260 1183 864 1064 430 1062 1586 1309 1199 821 910 857 1324 1443 546 986 953 828 975 1451 877 957 748 772 1354 1317 1523 708 838 1436 411 611 1229 1451 926 1524 1261 652 1648 966 1181 614 451 0 1061 284 513 735 1340 580 1418 849 351 1597 814 940 782 353 817 923 837 668 1025 1492 826 758 1569 683 873 1253 1278 1089 891 1088 1097 1284 805 688 796
309 263 508 656 934 500 120 351 543 472 578 566 694 600 786 422 750 374 429 1038 338 197 630 282 475 465 660 401 529 556 298 460 735 779 313 552 213 436 123 299 356 690 334 653 247 307 302 309 331 449 762 533 725 263 805 451 725 642 105 368 406 749 356 917 534 318 466 861 749 691 714 870 463 557 409 804 187 237 512 773 1061 0 1026 756 382 403 611 390 244 950 547 303 273 308 708 263 319 567 817 456 435 329 537 776 548 434 765 217 168 431 120 364 995 815 484 264
748 867 894 574 1113 1207 1095 893 726 597 752 1443 783 428 392 891 941 779 1088 553 718 987 470 760 557 1211 661 626 707 1181 746 921 1506 1220 1270 766 869 1125 1138 771 935 553 1116 1456 1269 1091 742 804 754 1196 1255 596 767 855 588 1064 1273 676 923 667 662 1158 1216 1314 562 745 1455 622 398 1031 1276 676 1479 1097 649 1487 980 1194 519 272 284 1026 0 319 654 1367 441 1410 788 593 1525 737 841 720 393 763 812 659 427 1112 1432 732 599 1399 538 732 1043 1233 1097 749 1021 967 1037 995 772 778
456 563 575 263 833 1038 807 577 616 415 436 1239 482 227 412 734 893 466 917 417 425 686 370 475 284 894 355 378 590 1033 460 602 1186 911 970 449 637 807 857 475 618 513 915 1137 987 780 456 499 453 878 943 463 473 552 325 903 958 367 658 388 362 849 905 1013 248 450 1210 668 100 722 959 430 1190 778 444 1169 752 953 250 62 513 756 319 0 374 1130 145 1147 511 686 1222 454 538 450 340 495 504 341 180 946 1136 437 280 1081 225 415 742 949 857 432 730 650 779 961 637 538
