0 1566 531 1111 148 172 1119 1255 1159 92 1652 301 353 409 1049 984
1566 0 1036 1658 1714 1589 1130 2754 2675 1541 1212 1352 1765 1972 1907 2478
531 1036 0 1057 678 583 806 1738 1652 505 1358 341 783 940 1222 1461
1111 1658 1057 0 1143 1281 543 1530 1510 1019 2391 876 1457 1336 2144 1313
148 1714 678 1143 0 232 1214 1115 1016 188 1772 416 327 269 1074 848
172 1589 583 1281 232 0 1258 1326 1222 263 1547 441 208 404 877 1066
1119 1130 806 543 1214 1258 0 1929 1884 1037 2000 819 1463 1467 2022 1677
1255 2754 1738 1530 1115 1326 1929 0 116 1246 2869 1404 1282 947 1936 276
1159 2675 1652 1510 1016 1222 1884 116 0 1154 2761 1323 1171 837 1820 207
92 1541 505 1019 188 263 1037 1246 1154 0 1695 228 443 458 1138 971
1652 1212 1358 2391 1772 1547 2000 2869 2761 1695 0 1653 1597 1924 1215 2613
301 1352 341 876 416 441 819 1404 1323 228 1653 0 644 684 1272 1128
353 1765 783 1457 327 208 1463 1282 1171 443 1597 644 0 336 754 1041
409 1972 940 1336 269 404 1467 947 837 458 1924 684 336 0 1053 705
1049 1907 1222 2144 1074 877 2022 1936 1820 1138 1215 1272 754 1053 0 1734
984 2478 1461 1313 848 1066 1677 276 207 971 2613 1128 1041 705 1734 0
