0 991 457 1039 1120 903 1694 1663 717 565 7 5 1544 1665 585 775 33
991 0 824 1981 214 1129 962 1976 698 1514 991 993 631 1856 447 1545 970
457 824 0 1453 870 1241 1715 1327 918 993 463 455 1240 2038 387 1232 424
1039 1981 1453 0 2139 1273 2447 2276 1449 475 1036 1039 2572 1633 1618 573 1069
1120 214 870 2139 0 1342 1076 1896 909 1666 1121 1122 438 2069 539 1730 1096
903 1129 1241 1273 1342 0 1214 2549 434 971 896 908 1749 801 1053 700 923
1694 962 1715 2447 1076 1214 0 2937 1021 2057 1691 1699 1204 1559 1333 1891 1689
1663 1976 1327 2276 1896 2549 2937 0 2245 1971 1670 1658 2035 3328 1649 2344 1638
717 698 918 1449 909 434 1021 2245 0 1037 712 722 1324 1205 652 928 722
565 1514 993 475 1666 971 2057 1971 1037 0 561 565 2098 1541 1143 406 596
7 991 463 1036 1121 896 1691 1670 712 561 0 12 1546 1658 587 768 39
5 993 455 1039 1122 908 1699 1658 722 565 12 0 1546 1670 587 777 31
1544 631 1240 2572 438 1749 1204 2035 1324 2098 1546 1546 0 2436 959 2168 1518
1665 1856 2038 1633 2069 801 1559 3328 1205 1541 1658 1670 2436 0 1849 1146 1689
585 447 387 1618 539 1053 1333 1649 652 1143 587 587 959 1849 0 1263 559
775 1545 1232 573 1730 700 1891 2344 928 406 768 777 2168 1146 1263 0 808
33 970 424 1069 1096 923 1689 1638 722 596 39 31 1518 1689 559 808 0
