0 883 949 1660 1449 16 209 687 1426 162 1042 1729 1389 1029 1256 1363
883 0 331 2235 2294 897 1080 1483 1630 765 1739 2576 1950 812 1808 1294
949 331 0 2466 2247 959 1158 1429 1929 879 1921 2678 1762 1136 1623 980
1660 2235 2466 0 2039 1661 1502 1893 914 1641 652 1159 2692 1631 2606 3019
1449 2294 2247 2039 0 1433 1304 819 2425 1604 1510 1161 1021 2406 1037 2025
16 897 959 1661 1433 0 199 670 1435 178 1040 1719 1374 1045 1243 1360
209 1080 1158 1502 1304 199 0 611 1375 320 866 1520 1387 1114 1265 1518
687 1483 1429 1893 819 670 611 0 1955 849 1247 1496 817 1709 717 1356
1426 1630 1929 914 2425 1435 1375 1955 0 1320 963 1899 2759 863 2640 2711
162 765 879 1641 1604 178 320 849 1320 0 1053 1816 1538 870 1403 1416
1042 1739 1921 652 1510 1040 866 1247 963 1053 0 990 2055 1323 1963 2384
1729 2576 2678 1159 1161 1719 1520 1496 1899 1816 990 0 2098 2297 2067 2848
1389 1950 1762 2692 1021 1374 1387 817 2759 1538 2055 2098 0 2400 142 1163
1029 812 1136 1631 2406 1045 1114 1709 863 870 1323 2297 2400 0 2263 2036
1256 1808 1623 2606 1037 1243 1265 717 2640 1403 1963 2067 142 2263 0 1064
1363 1294 980 3019 2025 1360 1518 1356 2711 1416 2384 2848 1163 2036 1064 0
