0 554 653 1224 1010 1679 502 1140 1427 1318 709 23 647 58 136 97
554 0 1057 1253 864 1623 816 1202 1397 764 223 532 1174 608 691 476
653 1057 0 1847 1664 1326 1077 1755 2059 1762 1267 658 857 646 600 742
1224 1253 1847 0 462 2835 776 102 224 1617 1129 1229 1234 1213 1247 1160
1010 864 1664 462 0 2485 722 464 546 1154 702 1007 1263 1020 1081 924
1679 1623 1326 2835 2485 0 2181 2767 3004 1863 1816 1666 2152 1716 1729 1712
502 816 1077 776 722 2181 0 681 995 1489 842 515 542 472 486 474
1140 1202 1755 102 464 2767 681 0 326 1612 1094 1145 1133 1125 1157 1079
1427 1397 2059 224 546 3004 995 326 0 1666 1248 1430 1459 1419 1458 1356
1318 764 1762 1617 1154 1863 1489 1612 1666 0 650 1297 1923 1372 1455 1238
709 223 1267 1129 702 1816 842 1094 1248 650 0 691 1278 756 841 618
23 532 658 1229 1007 1666 515 1145 1430 1297 691 0 670 81 159 85
647 1174 857 1234 1263 2152 542 1133 1459 1923 1278 670 0 588 521 703
58 608 646 1213 1020 1716 472 1125 1419 1372 756 81 588 0 84 138
136 691 600 1247 1081 1729 486 1157 1458 1455 841 159 521 84 0 222
97 476 742 1160 924 1712 474 1079 1356 1238 618 85 703 138 222 0
