0 1039 689 656 750 858 912 714 1121 396 222 827 1353 1714 506 150 70
1039 0 1321 967 517 381 1184 1566 764 1422 1190 1118 316 1057 603 1074 970
689 1321 0 378 822 974 389 338 937 852 510 354 1616 2242 1039 538 714
656 967 378 0 455 604 285 691 585 969 590 196 1250 1945 811 538 643
750 517 822 455 0 151 670 1100 426 1142 819 602 795 1535 579 716 697
858 381 974 604 151 0 804 1251 440 1255 950 741 646 1425 597 842 799
912 1184 389 285 670 804 0 723 614 1177 801 89 1439 2199 1094 777 909
714 1566 338 691 1100 1251 723 0 1268 703 492 693 1874 2401 1175 583 767
1121 764 937 585 426 440 614 1268 0 1493 1132 599 931 1820 1004 1049 1080
396 1422 852 969 1142 1255 1177 703 1493 0 380 1103 1733 1977 849 444 460
222 1190 510 590 819 950 801 492 1132 380 0 725 1506 1929 709 117 280
827 1118 354 196 602 741 89 693 599 1103 725 0 1383 2123 1007 695 822
1353 316 1616 1250 795 646 1439 1874 931 1733 1506 1383 0 956 897 1390 1284
1714 1057 2242 1945 1535 1425 2199 2401 1820 1977 1929 2123 956 0 1226 1823 1649
506 603 1039 811 579 597 1094 1175 1004 849 709 1007 897 1226 0 599 437
150 1074 538 538 716 842 777 583 1049 444 117 695 1390 1823 599 0 187
70 970 714 643 697 799 909 767 1080 460 280 822 1284 1649 437 187 0
