0 1583 1042 277 764 1046 1700 924 363 1639 834 1293 596 389 646 920 1473
1583 0 1599 1445 1206 1763 869 1343 1380 2870 1649 408 1966 1849 1142 1526 2831
1042 1599 0 779 1564 176 2173 1779 1272 1330 242 1191 805 887 622 1850 1380
277 1445 779 0 870 806 1704 1065 513 1567 591 1111 548 404 392 1103 1450
764 1206 1564 870 0 1638 995 220 402 2400 1430 1112 1355 1153 958 355 2237
1046 1763 176 806 1638 0 2305 1848 1316 1154 214 1356 710 829 732 1903 1209
1700 869 2173 1704 995 2305 0 977 1364 3268 2133 1136 2247 2067 1577 1142 3150
924 1343 1779 1065 220 1848 977 0 566 2562 1638 1297 1520 1312 1177 185 2381
363 1380 1272 513 402 1316 1364 566 0 2001 1102 1166 957 752 730 589 1834
1639 2870 1330 1567 2400 1154 3268 2562 2001 0 1224 2471 1044 1250 1743 2538 313
834 1649 242 591 1430 214 2133 1638 1102 1224 0 1248 565 647 556 1690 1224
1293 408 1191 1111 1112 1356 1136 1297 1166 2471 1248 0 1603 1508 767 1464 2446
596 1966 805 548 1355 710 2247 1520 957 1044 565 1603 0 213 836 1509 904
389 1849 887 404 1153 829 2067 1312 752 1250 647 1508 213 0 757 1296 1088
646 1142 622 392 958 732 1577 1177 730 1743 556 767 836 757 0 1270 1689
920 1526 1850 1103 355 1903 1142 185 589 2538 1690 1464 1509 1296 1270 0 2339
1473 2831 1380 1450 2237 1209 3150 2381 1834 313 1224 2446 904 1088 1689 2339 0
