0 1266 139 650 1181 1212 821 1519 510 820 348 943 1724 1340 970 109
1266 0 1369 1348 1785 2379 1545 2672 1764 2031 1029 1862 1455 284 2172 1313
139 1369 0 575 1081 1189 724 1383 395 788 487 1001 1861 1421 938 56
650 1348 575 0 556 1703 216 1369 770 1303 891 1577 2252 1281 1445 557
1181 1785 1081 556 0 2063 360 1251 1127 1687 1447 2065 2805 1650 1811 1078
1212 2379 1189 1703 2063 0 1768 1502 946 402 1352 670 2136 2511 258 1235
821 1545 724 216 360 1768 0 1231 821 1378 1092 1716 2463 1457 1512 719
1519 2672 1383 1369 1251 1502 1231 0 1046 1320 1865 1910 3180 2642 1347 1430
510 1764 395 770 1127 946 821 1046 0 560 837 1000 2137 1809 690 451
820 2031 788 1303 1687 402 1378 1320 560 0 1004 597 1998 2143 149 836
348 1029 487 891 1447 1352 1092 1865 837 1004 0 905 1390 1164 1143 449
943 1862 1001 1577 2065 670 1716 1910 1000 597 905 0 1467 2044 625 1022
1724 1455 1861 2252 2805 2136 2463 3180 2137 1998 1390 1467 0 1739 2070 1832
1340 284 1421 1281 1650 2511 1457 2642 1809 2143 1164 2044 1739 0 2289 1365
970 2172 938 1445 1811 258 1512 1347 690 149 1143 625 2070 2289 0 986
109 1313 56 557 1078 1235 719 1430 451 836 449 1022 1832 1365 986 0
