0 1298 396 375 721 1596 798 1247 998 1138 1676 556 127 1369 1704 1327
1298 0 1451 1160 612 851 2053 641 2290 1738 1912 1848 1259 2203 1981 1519
396 1451 0 766 968 1905 630 1548 914 1524 2072 528 302 1705 1349 1024
375 1160 766 0 548 1277 1123 946 1267 836 1324 848 467 1169 2013 1600
721 612 968 548 0 950 1512 594 1719 1221 1540 1278 714 1646 1891 1430
1596 851 1905 1277 950 0 2389 357 2544 1397 1299 2123 1626 1898 2761 2291
798 2053 630 1123 1512 2389 0 2044 309 1628 2234 289 801 1618 1677 1491
1247 641 1548 946 594 357 2044 0 2211 1227 1290 1783 1272 1723 2438 1969
998 2290 914 1267 1719 2544 309 2211 0 1616 2225 442 1032 1511 1970 1800
1138 1738 1524 836 1221 1397 1628 1227 1616 0 609 1347 1259 501 2836 2434
1676 1912 2072 1324 1540 1299 2234 1290 2225 609 0 1950 1785 900 3330 2899
556 1848 528 848 1278 2123 289 1783 442 1347 1950 0 593 1376 1776 1517
127 1259 302 467 714 1626 801 1272 1032 1259 1785 593 0 1496 1579 1200
1369 2203 1705 1169 1646 1898 1618 1723 1511 501 900 1376 1496 0 3054 2696
1704 1981 1349 2013 1891 2761 1677 2438 1970 2836 3330 1776 1579 3054 0 469
1327 1519 1024 1600 1430 2291 1491 1969 1800 2434 2899 1517 1200 2696 469 0
