0 532 78 2 38 460 831 200 816 561 609 277 278 277 76 527 704 115 538 385 158 823 454 156 702 479 338 725 792 153 238 554 343 392 783 624 753 195 65 401 379 701 239 861 534 167 330 368 833 797 362 257 726 334 709 852 415 711 512 179 581 577 536 818 719 234 264 282 570 699 102 297 493 721 581 749 287 333
532 0 560 532 493 520 1295 585 1177 940 337 538 684 613 463 952 990 536 849 466 690 333 661 661 534 1009 507 442 673 441 651 986 298 748 1224 496 639 628 472 132 582 874 301 503 566 377 266 535 1020 1128 881 751 598 551 1080 1229 764 641 115 637 1044 313 146 919 1138 647 571 461 1102 1200 581 294 923 1243 1025 782 670 599
78 560 0 80 95 407 862 124 872 484 592 213 200 201 139 576 772 51 607 462 150 831 531 199 775 452 416 701 868 226 306 600 332 314 715 697 828 262 129 428 457 627 285 843 479 222 330 309 907 719 375 295 681 412 633 904 337 660 554 241 617 561 582 895 764 301 341 359 548 716 170 296 421 683 513 685 356 262
2 532 80 0 38 462 830 202 814 563 610 279 280 279 75 525 702 118 536 383 158 824 452 155 701 479 336 726 790 151 237 552 344 394 784 623 751 193 64 401 377 703 238 862 535 166 331 370 831 799 361 255 727 332 711 850 417 713 511 177 579 578 535 815 717 232 262 280 570 698 100 298 495 721 583 751 285 335
38 493 95 38 0 441 863 205 838 578 576 268 292 279 44 553 718 117 552 369 197 785 454 189 679 517 327 693 774 131 256 581 310 403 810 602 734 214 34 362 375 700 202 827 516 132 294 355 839 812 399 289 702 328 727 876 426 691 474 202 612 544 499 816 746 251 265 267 608 735 124 262 516 758 607 737 302 329
460 520 407 462 441 0 1263 310 1276 486 305 201 345 261 460 983 1158 356 993 737 543 624 875 606 971 769 725 366 1096 530 697 1008 243 328 787 907 1057 654 457 438 789 354 456 516 74 464 289 106 1269 628 767 702 279 742 603 1310 331 252 594 639 1022 293 632 1225 1172 693 697 657 865 1104 562 285 517 937 615 308 744 194
831 1295 862 830 863 1263 0 953 322 1072 1440 1061 948 1013 871 348 502 912 521 880 719 1621 712 675 1123 596 815 1556 1102 861 645 312 1174 1035 1051 1062 1082 673 867 1181 755 1381 1005 1691 1330 936 1155 1158 683 1272 496 574 1541 768 1158 279 1052 1513 1225 672 253 1407 1230 821 199 649 726 843 548 198 743 1124 959 687 958 1505 625 1086
200 585 124 202 205 310 953 0 986 385 544 109 102 77 245 687 894 87 730 572 235 817 654 314 872 477 532 641 974 334 429 709 312 201 645 797 934 385 236 458 578 503 353 789 376 308 326 205 1031 612 456 402 590 532 534 1016 223 559 603 363 715 517 635 1018 870 425 464 471 574 793 293 294 343 680 443 569 479 142
816 1177 872 814 838 1276 322 986 0 1207 1389 1085 1014 1059 829 302 222 922 328 718 759 1510 525 673 889 771 670 1512 840 787 583 288 1130 1121 1258 842 827 624 829 1084 596 1469 921 1631 1349 866 1101 1181 371 1433 585 585 1541 626 1320 61 1141 1528 1087 637 329 1355 1082 521 168 588 620 719 759 452 715 1076 1098 934 1125 1556 542 1128
561 940 484 563 578 486 1072 385 1207 0 792 402 287 332 622 910 1174 468 1021 946 495 1106 996 609 1256 478 898 846 1352 710 743 919 642 192 301 1179 1312 704 612 822 931 348 737 993 500 692 673 418 1340 240 622 655 699 889 149 1220 175 635 976 676 888 777 1011 1355 1059 740 810 843 547 879 629 647 112 530 155 536 792 341
609 337 592 610 576 305 1440 544 1389 792 0 447 613 526 571 1122 1231 546 1074 733 742 321 912 765 867 1021 749 123 1005 602 812 1152 266 625 1093 821 969 776 574 340 825 616 471 251 311 523 289 383 1298 925 966 866 265 783 908 1433 631 319 447 772 1188 33 482 1218 1315 808 770 687 1118 1306 698 317 816 1216 916 478 848 475
277 538 213 279 268 201 1061 109 1085 402 447 0 166 81 298 788 981 163 816 613 343 736 720 412 891 579 584 538 1002 382 515 811 243 210 688 819 962 471 292 420 639 436 358 687 269 334 271 97 1107 605 566 505 480 592 545 1117 227 451 576 453 822 422 611 1081 974 511 533 519 677 903 378 245 390 769 493 473 564 70
278 684 200 280 292 345 948 102 1014 287 613 166 0 86 335 712 942 180 781 661 256 901 727 358 969 424 617 700 1066 424 486 729 401 116 543 892 1026 444 326 558 656 455 454 850 399 406 421 241 1092 519 453 431 619 611 436 1038 139 578 705 418 723 589 737 1090 886 482 537 559 519 776 358 390 241 602 342 557 537 151
277 613 201 279 279 261 1013 77 1059 332 526 81 86 0 317 758 971 162 807 643 303 817 731 389 936 508 606 613 1042 406 506 779 323 140 610 862 1002 463 309 491 654 425 409 763 320 372 347 156 1109 548 517 474 539 608 479 1087 160 502 644 440 781 503 678 1094 939 502 541 544 604 847 371 319 311 689 414 498 557 72
76 463 139 75 44 460 871 245 829 622 571 298 335 317 0 552 699 157 533 327 231 764 422 203 635 553 289 690 730 89 246 582 305 445 854 558 691 206 10 333 341 733 165 820 535 92 283 380 812 854 421 301 712 293 771 869 467 706 437 201 618 538 460 782 745 241 237 226 642 751 128 253 561 796 652 761 288 363
527 952 576 525 553 983 348 687 302 910 1122 788 712 758 552 0 295 627 212 532 457 1281 375 376 794 501 467 1242 794 527 310 35 857 818 988 728 768 345 550 843 409 1167 669 1370 1055 604 833 885 492 1140 291 284 1253 420 1029 328 839 1236 878 351 122 1089 882 581 193 315 381 496 514 321 429 805 803 705 838 1256 282 828
704 990 772 702 718 1158 502 894 222 1174 1231 981 942 971 699 295 0 818 165 524 689 1322 329 584 668 794 487 1355 619 639 466 307 984 1056 1277 624 605 510 701 910 411 1394 760 1464 1233 716 949 1072 199 1410 573 519 1408 449 1302 283 1078 1405 892 530 391 1198 884 319 306 470 467 545 809 572 603 928 1072 999 1118 1454 417 1034
115 536 51 118 117 356 912 87 922 468 546 163 180 162 157 627 818 0 653 484 197 794 568 250 788 487 444 654 887 246 352 651 291 288 715 712 847 308 148 405 491 586 278 796 428 225 293 258 949 698 423 346 630 445 617 955 310 609 540 289 668 516 570 931 815 348 378 383 583 765 215 259 415 709 512 637 401 217
538 849 607 536 552 993 521 730 328 1021 1074 816 781 807 533 212 165 653 0 390 530 1183 201 422 601 673 342 1198 587 477 301 241 822 896 1145 542 563 344 536 760 268 1231 603 1311 1068 554 789 907 320 1260 443 366 1244 299 1154 382 918 1240 759 366 333 1040 755 377 328 305 305 393 703 531 438 767 923 897 975 1288 251 869
385 466 462 383 369 737 880 572 718 946 733 613 661 643 327 532 524 484 390 0 494 798 195 396 328 781 71 855 406 238 298 568 516 772 1160 249 367 306 336 396 125 1048 283 951 810 279 473 680 566 1181 578 437 944 115 1095 773 795 958 369 333 644 700 364 492 702 297 188 103 853 829 337 463 877 1034 962 1046 284 681
158 690 150 158 197 543 719 235 759 495 742 343 256 303 231 457 689 197 530 494 0 976 506 114 822 321 433 851 895 290 248 476 482 368 670 743 857 212 221 559 450 712 397 993 611 323 476 440 846 735 226 174 821 412 635 785 389 794 669 183 480 712 692 861 636 245 328 393 411 567 156 443 405 566 476 801 297 374
823 333 831 824 785 624 1621 817 1510 1106 321 736 901 817 764 1281 1322 794 1183 798 976 0 993 967 803 1282 841 327 940 760 975 1315 506 931 1406 786 913 948 771 439 915 934 616 275 632 688 501 690 1342 1247 1184 1063 539 884 1227 1562 940 609 431 953 1368 330 446 1228 1469 971 902 793 1378 1514 890 535 1121 1497 1223 777 998 777
454 661 531 452 454 875 712 654 525 996 912 720 727 731 422 375 329 568 201 195 506 993 0 392 419 734 162 1035 436 345 259 410 676 843 1168 352 405 293 428 583 87 1154 444 1138 950 413 637 802 395 1236 508 385 1106 133 1139 581 866 1111 564 322 496 878 557 363 524 262 190 226 788 691 369 620 911 980 981 1180 216 783
156 661 199 155 189 606 675 314 673 609 765 412 358 389 203 376 584 250 422 396 114 967 392 0 725 388 331 881 791 227 134 401 499 473 779 646 754 100 197 534 340 810 359 1016 678 284 483 508 735 849 220 100 877 305 749 704 496 859 621 70 424 733 639 747 566 131 220 300 467 548 80 451 519 641 589 883 183 456
702 534 775 701 679 971 1123 872 889 1256 867 891 969 936 635 794 668 788 601 328 822 803 419 725 0 1108 395 976 139 549 620 828 728 1073 1484 79 110 633 645 546 411 1311 533 1028 1036 564 682 939 603 1484 898 760 1118 429 1405 951 1095 1151 420 661 915 839 387 458 928 620 512 429 1176 1111 665 686 1196 1361 1284 1269 596 962
479 1009 452 479 517 769 596 477 771 478 1021 579 424 508 553 501 794 487 673 781 321 1282 734 388 1108 0 713 1118 1161 606 490 498 777 477 488 1030 1126 475 543 877 706 803 718 1266 822 644 780 664 985 677 231 352 1043 680 563 772 488 998 990 448 442 994 1013 1047 609 490 596 689 97 401 461 746 366 252 363 954 522 575
338 507 416 336 327 725 815 532 670 898 749 584 617 606 289 467 487 444 342 71 433 841 162 331 395 713 0 873 462 202 227 503 517 730 1102 317 424 238 296 422 76 1020 283 977 799 260 477 658 553 1135 507 366 947 47 1046 722 753 955 419 265 576 716 418 500 642 226 117 67 782 759 278 461 824 965 905 1032 212 651
725 442 701 726 693 366 1556 641 1512 846 123 538 700 613 690 1242 1355 654 1198 855 851 327 1035 881 976 1118 873 0 1115 725 934 1272 385 695 1146 934 1080 897 693 460 948 623 595 150 346 645 411 461 1421 952 1077 982 212 907 949 1556 698 283 556 891 1306 157 588 1338 1436 929 893 811 1215 1418 816 437 884 1300 981 452 970 554
792 673 868 790 774 1096 1102 974 840 1352 1005 1002 1066 1042 730 794 619 887 587 406 895 940 436 791 139 1161 462 1115 0 642 672 826 855 1175 1565 189 40 693 740 680 455 1429 648 1168 1163 670 809 1057 517 1585 940 809 1254 485 1501 902 1197 1284 559 722 917 977 527 360 904 673 571 510 1221 1115 740 811 1284 1411 1367 1398 640 1073
153 441 226 151 131 530 861 334 787 710 602 382 424 406 89 527 639 246 477 238 290 760 345 227 549 606 202 725 642 0 216 559 345 534 936 471 602 188 98 320 260 818 143 846 605 79 314 458 739 943 445 311 769 212 859 831 556 769 394 196 608 568 411 700 719 212 172 138 690 759 147 290 646 855 735 835 247 448
238 651 306 237 256 697 645 429 583 743 812 515 486 506 246 310 466 352 301 298 248 975 259 134 620 490 227 934 672 216 0 342 549 602 909 542 636 43 245 536 216 931 360 1059 771 294 523 607 605 983 280 139 957 191 883 623 625 947 589 67 393 779 600 613 503 4 109 220 556 555 137 496 653 741 721 988 50 568
554 986 600 552 581 1008 312 709 288 919 1152 811 729 779 582 35 307 651 241 568 476 1315 410 401 828 498 503 1272 826 559 342 0 887 834 986 763 801 376 579 876 445 1183 702 1401 1079 636 864 908 506 1147 297 306 1279 456 1035 308 854 1260 914 380 92 1119 918 603 164 346 415 531 504 290 457 835 810 692 841 1277 316 850
343 298 332 344 310 243 1174 312 1130 642 266 243 401 323 305 857 984 291 822 516 482 506 676 499 728 777 517 385 855 345 549 887 0 453 931 666 817 512 308 197 588 593 234 517 307 268 46 237 1070 829 702 599 430 543 781 1172 467 441 356 506 922 234 393 1009 1051 545 517 450 874 1042 431 56 634 991 737 542 588 301
392 748 314 394 403 328 1035 201 1121 192 625 210 116 140 445 818 1056 288 896 772 368 931 843 473 1073 477 730 695 1175 534 602 834 453 0 479 998 1135 560 436 630 771 349 548 845 363 508 482 241 1208 410 548 541 580 726 338 1142 22 528 784 534 821 606 818 1206 987 598 653 671 566 855 475 455 191 613 291 477 653 154
783 1224 715 784 810 787 1051 645 1258 301 1093 688 543 610 854 988 1277 715 1145 1160 670 1406 1168 779 1484 488 1102 1146 1565 936 909 986 931 479 0 1405 1526 879 843 1101 1119 598 993 1292 799 937 958 716 1463 296 704 790 991 1082 219 1255 467 923 1249 849 929 1077 1281 1509 1094 907 998 1057 506 854 824 930 301 383 203 803 952 634
624 496 697 623 602 907 1062 797 842 1179 821 819 892 862 558 728 624 712 542 249 743 786 352 646 79 1030 317 934 189 471 542 763 666 998 1405 0 150 555 568 492 336 1243 462 997 974 489 620 870 581 1409 821 682 1067 352 1329 903 1020 1096 380 582 848 793 352 448 870 542 434 349 1099 1042 586 622 1118 1282 1205 1209 520 890
753 639 828 751 734 1057 1082 934 827 1312 969 962 1026 1002 691 768 605 847 563 367 857 913 405 754 110 1126 424 1080 40 602 636 801 817 1135 1526 150 0 657 700 642 420 1390 608 1137 1124 630 770 1017 515 1545 907 774 1217 448 1461 889 1157 1246 524 686 891 941 493 362 884 637 534 471 1187 1089 702 771 1245 1376 1329 1359 605 1033
195 628 262 193 214 654 673 385 624 704 776 471 444 463 206 345 510 308 344 306 212 948 293 100 633 475 238 897 693 188 43 376 512 560 879 555 657 0 205 509 240 888 332 1024 728 262 487 564 648 945 277 135 916 208 846 663 583 905 573 29 420 743 585 651 539 39 122 218 546 572 93 459 617 727 688 945 93 524
65 472 129 64 34 457 867 236 829 612 574 292 326 309 10 550 701 148 536 336 221 771 428 197 645 543 296 693 740 98 245 579 308 436 843 568 700 205 0 341 347 726 175 824 532 102 287 375 816 845 413 295 712 300 761 868 458 704 447 198 615 541 471 789 743 241 242 235 633 745 124 257 550 786 641 757 289 356
401 132 428 401 362 438 1181 458 1084 822 340 420 558 491 333 843 910 405 760 396 559 439 583 534 546 877 422 460 680 320 536 876 197 630 1101 492 642 509 341 0 498 790 177 555 496 250 155 432 962 1020 753 627 575 461 966 1133 647 604 159 515 929 308 196 878 1033 532 467 366 970 1078 454 175 799 1111 901 726 560 486
379 582 457 377 375 789 755 578 596 931 825 639 656 654 341 409 411 491 268 125 450 915 87 340 411 706 76 948 455 260 216 445 588 771 1119 336 420 240 347 498 0 1074 356 1053 864 326 549 718 482 1171 488 354 1018 47 1077 650 794 1023 491 270 523 791 488 441 576 217 122 138 768 712 303 532 851 956 927 1095 186 703
701 874 627 703 700 354 1381 503 1469 348 616 436 455 425 733 1167 1394 586 1231 1048 712 934 1154 810 1311 803 1020 623 1429 818 931 1183 593 349 598 1243 1390 888 726 790 1074 0 781 751 312 768 637 372 1534 344 898 887 428 1027 379 1492 331 353 947 865 1171 616 986 1516 1337 927 964 955 883 1196 797 627 447 879 502 208 982 370
239 301 285 238 202 456 1005 353 921 737 471 358 454 409 165 669 760 278 603 283 397 616 444 359 533 718 283 595 648 143 360 702 234 548 993 462 608 332 175 177 356 781 0 709 528 75 193 409 837 957 579 450 664 313 886 968 569 674 272 338 752 437 298 775 860 356 301 218 808 900 279 179 693 960 790 764 387 429
861 503 843 862 827 516 1691 789 1631 993 251 687 850 763 820 1370 1464 796 1311 951 993 275 1138 1016 1028 1266 977 150 1168 846 1059 1401 517 845 1292 997 1137 1024 824 555 1053 751 709 0 492 767 537 611 1515 1088 1217 1117 324 1014 1091 1677 847 399 618 1022 1439 283 645 1421 1563 1055 1010 919 1363 1558 948 566 1033 1450 1129 564 1093 704
534 566 479 535 516 74 1330 376 1349 500 311 269 399 320 535 1055 1233 428 1068 810 611 632 950 678 1036 822 799 346 1163 605 771 1079 307 363 799 974 1124 728 532 496 864 312 528 492 0 538 353 171 1344 614 833 773 220 816 604 1383 362 183 649 713 1091 306 687 1299 1243 767 772 731 916 1167 636 353 546 977 639 236 818 248
167 377 222 166 132 464 936 308 866 692 523 334 406 372 92 604 716 225 554 279 323 688 413 284 564 644 260 645 670 79 294 636 268 508 937 489 630 262 102 250 326 768 75 767 538 0 235 401 808 919 504 376 694 279 842 910 530 697 345 265 682 489 368 761 797 289 249 192 733 827 204 212 640 888 734 772 326 404
330 266 330 331 294 289 1155 326 1101 673 289 271 421 347 283 833 949 293 789 473 476 501 637 483 682 780 477 411 809 314 523 864 46 482 958 620 770 487 287 155 549 637 193 537 353 235 0 277 1031 866 692 583 471 505 814 1144 498 485 314 484 902 255 351 966 1026 519 484 411 876 1029 411 34 658 1001 761 588 559 333
368 535 309 370 355 106 1158 205 1181 418 383 97 241 156 380 885 1072 258 907 680 440 690 802 508 939 664 658 461 1057 458 607 908 237 241 716 870 1017 564 375 432 718 372 409 611 171 401 277 0 1192 592 662 602 385 671 550 1213 250 354 591 547 920 364 629 1159 1072 603 618 592 760 998 471 260 432 839 533 381 655 92
833 1020 907 831 839 1269 683 1031 371 1340 1298 1107 1092 1109 812 492 199 949 320 566 846 1342 395 735 603 985 553 1421 517 739 605 506 1070 1208 1463 581 515 648 816 962 482 1534 837 1515 1344 808 1031 1192 0 1579 759 686 1500 528 1474 428 1230 1506 912 673 591 1265 895 162 495 609 574 620 1006 770 737 1015 1242 1197 1296 1573 554 1166
797 1128 719 799 812 628 1272 612 1433 240 925 605 519 548 854 1140 1410 698 1260 1181 735 1247 1236 849 1484 677 1135 952 1585 943 983 1147 829 410 296 1409 1545 945 845 1020 1171 344 957 1088 614 919 866 592 1579 0 849 893 768 1127 114 1441 389 695 1178 916 1108 918 1215 1596 1279 980 1050 1078 728 1075 868 845 338 654 314 550 1033 536
362 881 375 361 399 767 496 456 585 622 966 566 453 517 421 291 573 423 443 578 226 1184 508 220 898 231 507 1077 940 445 280 297 702 548 704 821 907 277 413 753 488 898 579 1217 833 504 692 662 759 849 0 142 1046 469 738 599 567 1016 839 257 272 934 856 816 440 280 389 496 280 341 300 659 513 471 547 1010 302 589
257 751 295 255 289 702 574 402 585 655 866 505 431 474 301 284 519 346 366 437 174 1063 385 100 760 352 366 982 809 311 139 306 599 541 790 682 774 135 295 627 354 887 450 1117 773 376 583 602 686 893 142 0 976 331 787 613 563 955 703 116 324 833 718 719 469 140 249 353 416 451 173 551 556 602 612 972 170 544
726 598 681 727 702 279 1541 590 1541 699 265 480 619 539 712 1253 1408 630 1244 944 821 539 1106 877 1118 1043 947 212 1254 769 957 1279 430 580 991 1067 1217 916 712 575 1018 428 664 324 220 694 471 385 1500 768 1046 976 0 972 782 1578 577 75 703 904 1298 285 739 1437 1444 953 941 880 1137 1383 826 485 758 1194 846 242 1001 468
334 551 412 332 328 742 768 532 626 889 783 592 611 608 293 420 449 445 299 115 412 884 133 305 429 680 47 907 485 212 191 456 543 726 1082 352 448 208 300 461 47 1027 313 1014 816 279 505 671 528 1127 469 331 972 0 1035 678 749 977 465 237 529 749 465 489 596 191 85 95 747 713 261 487 811 932 888 1048 170 656
709 1080 633 711 727 603 1158 534 1320 149 908 545 436 479 771 1029 1302 617 1154 1095 635 1227 1139 749 1405 563 1046 949 1501 859 883 1035 781 338 219 1329 1461 846 761 966 1077 379 886 1091 604 842 814 550 1474 114 738 787 782 1035 0 1328 319 712 1121 817 995 897 1156 1496 1165 880 955 992 614 961 774 790 231 549 200 585 932 481
852 1229 904 850 876 1310 279 1016 61 1220 1433 1117 1038 1087 869 328 283 955 382 773 785 1562 581 704 951 772 722 1556 902 831 623 308 1172 1142 1255 903 889 663 868 1133 650 1492 968 1677 1383 910 1144 1213 428 1441 599 613 1578 678 1328 0 1162 1563 1141 673 333 1400 1137 581 162 628 667 769 752 429 751 1118 1109 920 1130 1585 585 1157
415 764 337 417 426 331 1052 223 1141 175 631 227 139 160 467 839 1078 310 918 795 389 940 866 496 1095 488 753 698 1197 556 625 854 467 22 467 1020 1157 583 458 647 794 331 569 847 362 530 498 250 1230 389 567 563 577 749 319 1162 0 523 802 557 840 614 836 1229 1006 621 676 693 576 870 498 472 185 616 284 465 675 167
711 641 660 713 691 252 1513 559 1528 635 319 451 578 502 706 1236 1405 609 1240 958 794 609 1111 859 1151 998 955 283 1284 769 947 1260 441 528 923 1096 1246 905 704 604 1023 353 674 399 183 697 485 354 1506 695 1016 955 75 977 712 1563 523 0 741 891 1274 333 778 1450 1424 942 939 887 1091 1350 813 495 699 1139 784 169 992 429
512 115 554 511 474 594 1225 603 1087 976 447 576 705 644 437 878 892 540 759 369 669 431 564 621 420 990 419 556 559 394 589 914 356 784 1249 380 524 573 447 159 491 947 272 618 649 345 314 591 912 1178 839 703 703 465 1121 1141 802 741 0 586 978 421 38 806 1060 586 498 382 1079 1144 541 333 947 1233 1047 874 601 643
179 637 241 177 202 639 672 363 637 676 772 453 418 440 201 351 530 289 366 333 183 953 322 70 661 448 265 891 722 196 67 380 506 534 849 582 686 29 198 515 270 865 338 1022 713 265 484 547 673 916 257 116 904 237 817 673 557 891 586 0 418 739 601 679 544 64 151 242 522 563 77 455 588 701 659 926 118 503
581 1044 617 579 612 1022 253 715 329 888 1188 822 723 781 618 122 391 668 333 644 480 1368 496 424 915 442 576 1306 917 608 393 92 922 821 929 848 891 420 615 929 523 1171 752 1439 1091 682 902 920 591 1108 272 324 1298 529 995 333 840 1274 978 418 0 1155 985 694 170 397 479 597 434 198 490 872 777 616 797 1279 376 853
577 313 561 578 544 293 1407 517 1355 777 33 422 589 503 538 1089 1198 516 1040 700 712 330 878 733 839 994 716 157 977 568 779 1119 234 606 1077 793 941 743 541 308 791 616 437 283 306 489 255 364 1265 918 934 833 285 749 897 1400 614 333 421 739 1155 0 456 1186 1282 775 736 653 1091 1275 665 284 797 1192 898 487 814 454
536 146 582 535 499 632 1230 635 1082 1011 482 611 737 678 460 882 884 570 755 364 692 446 557 639 387 1013 418 588 527 411 600 918 393 818 1281 352 493 585 471 196 488 986 298 645 687 368 351 629 895 1215 856 718 739 465 1156 1137 836 778 38 601 985 456 0 784 1061 597 505 387 1100 1155 559 369 979 1257 1079 912 608 678
818 919 895 815 816 1225 821 1018 521 1355 1218 1081 1090 1094 782 581 319 931 377 492 861 1228 363 747 458 1047 500 1338 360 700 613 603 1009 1206 1509 448 362 651 789 878 441 1516 775 1421 1299 761 966 1159 162 1596 816 719 1437 489 1496 581 1229 1450 806 679 694 1186 784 0 625 615 554 568 1081 884 731 955 1266 1275 1330 1533 564 1145
719 1138 764 717 746 1172 199 870 168 1059 1315 974 886 939 745 193 306 815 328 702 636 1469 524 566 928 609 642 1436 904 719 503 164 1051 987 1094 870 884 539 743 1033 576 1337 860 1563 1243 797 1026 1072 495 1279 440 469 1444 596 1165 162 1006 1424 1060 544 170 1282 1061 625 0 508 567 678 592 287 621 998 948 765 968 1438 473 1011
234 647 301 232 251 693 649 425 588 740 808 511 482 502 241 315 470 348 305 297 245 971 262 131 620 490 226 929 673 212 4 346 545 598 907 542 637 39 241 532 217 927 356 1055 767 289 519 603 609 980 280 140 953 191 880 628 621 942 586 64 397 775 597 615 508 0 108 218 556 558 132 491 650 741 719 984 54 564
264 571 341 262 265 697 726 464 620 810 770 533 537 541 237 381 467 378 305 188 328 902 190 220 512 596 117 893 571 172 109 415 517 653 998 434 534 122 242 467 122 964 301 1010 772 249 484 618 574 1050 389 249 941 85 955 667 676 939 498 151 479 736 505 554 567 108 0 118 665 653 181 461 729 848 805 999 103 594
282 461 359 280 267 657 843 471 719 843 687 519 559 544 226 496 545 383 393 103 393 793 226 300 429 689 67 811 510 138 220 531 450 671 1057 349 471 218 235 366 138 955 218 919 731 192 411 592 620 1078 496 353 880 95 992 769 693 887 382 242 597 653 387 568 678 218 118 0 764 771 236 394 774 941 858 964 221 586
570 1102 548 570 608 865 548 574 759 547 1118 677 519 604 642 514 809 583 703 853 411 1378 788 467 1176 97 782 1215 1221 690 556 504 874 566 506 1099 1187 546 633 970 768 883 808 1363 916 733 876 760 1006 728 280 416 1137 747 614 752 576 1091 1079 522 434 1091 1100 1081 592 556 665 764 0 350 544 842 438 194 416 1041 582 671
699 1200 716 698 735 1104 198 793 452 879 1306 903 776 847 751 321 572 765 531 829 567 1514 691 548 1111 401 759 1418 1115 759 555 290 1042 855 854 1042 1089 572 745 1078 712 1196 900 1558 1167 827 1029 998 770 1075 341 451 1383 713 961 429 870 1350 1144 563 198 1275 1155 884 287 558 653 771 350 0 624 997 767 496 761 1330 550 920
102 581 170 100 124 562 743 293 715 629 698 378 358 371 128 429 603 215 438 337 156 890 369 80 665 461 278 816 740 147 137 457 431 475 824 586 702 93 124 454 303 797 279 948 636 204 411 471 737 868 300 173 826 261 774 751 498 813 541 77 490 665 559 731 621 132 181 236 544 624 0 381 549 712 627 851 186 431
297 294 296 298 262 285 1124 294 1076 647 317 245 390 319 253 805 928 259 767 463 443 535 620 451 686 746 461 437 811 290 496 835 56 455 930 622 771 459 257 175 532 627 179 566 353 212 34 260 1015 845 659 551 485 487 790 1118 472 495 333 455 872 284 369 955 998 491 461 394 842 997 381 0 629 967 731 589 533 310
493 923 421 495 516 517 959 343 1098 112 816 390 241 311 561 803 1072 415 923 877 405 1121 911 519 1196 366 824 884 1284 646 653 810 634 191 301 1118 1245 617 550 799 851 447 693 1033 546 640 658 432 1242 338 513 556 758 811 231 1109 185 699 947 588 777 797 979 1266 948 650 729 774 438 767 549 629 0 442 102 620 701 343
721 1243 683 721 758 937 687 680 934 530 1216 769 602 689 796 705 999 709 897 1034 566 1497 980 641 1361 252 965 1300 1411 855 741 692 991 613 383 1282 1376 727 786 1111 956 879 960 1450 977 888 1001 839 1197 654 471 602 1194 932 549 920 616 1139 1233 701 616 1192 1257 1275 765 741 848 941 194 496 712 967 442 0 377 1061 771 746
581 1025 513 583 607 615 958 443 1125 155 916 493 342 414 652 838 1118 512 975 962 476 1223 981 589 1284 363 905 981 1367 735 721 841 737 291 203 1205 1329 688 641 901 927 502 790 1129 639 734 761 533 1296 314 547 612 846 888 200 1130 284 784 1047 659 797 898 1079 1330 968 719 805 858 416 761 627 731 102 377 0 690 767 445
749 782 685 751 737 308 1505 569 1556 536 478 473 557 498 761 1256 1454 637 1288 1046 801 777 1180 883 1269 954 1032 452 1398 835 988 1277 542 477 803 1209 1359 945 757 726 1095 208 764 564 236 772 588 381 1573 550 1010 972 242 1048 585 1585 465 169 874 926 1279 487 912 1533 1438 984 999 964 1041 1330 851 589 620 1061 690 0 1037 427
287 670 356 285 302 744 625 479 542 792 848 564 537 557 288 282 417 401 251 284 297 998 216 183 596 522 212 970 640 247 50 316 588 653 952 520 605 93 289 560 186 982 387 1093 818 326 559 655 554 1033 302 170 1001 170 932 585 675 992 601 118 376 814 608 564 473 54 103 221 582 550 186 533 701 771 767 1037 0 618
333 599 262 335 329 194 1086 142 1128 341 475 70 151 72 363 828 1034 217 869 681 374 777 783 456 962 575 651 554 1073 448 568 850 301 154 634 890 1033 524 356 486 703 370 429 704 248 404 333 92 1166 536 589 544 468 656 481 1157 167 429 643 503 853 454 678 1145 1011 564 594 586 671 920 431 310 343 746 445 427 618 0
