0 2 252 230 1626 1508 1272 1604 725 1410 1556 1466 738 1567 105 314
2 0 254 228 1625 1507 1271 1605 726 1408 1557 1467 738 1567 107 312
252 254 0 480 1510 1357 1492 1355 524 1624 1571 1232 633 1728 247 505
230 228 480 0 1787 1692 1061 1834 945 1259 1535 1693 914 1409 260 299
1626 1625 1510 1787 0 277 2819 1355 1045 2084 3056 1026 889 3191 1701 1532
1508 1507 1357 1692 277 0 2746 1079 855 2162 2864 749 778 3073 1570 1466
1272 1271 1492 1061 2819 2746 0 2820 1997 1478 1422 2724 1968 618 1244 1287
1604 1605 1355 1834 1355 1079 2820 0 965 2796 2385 331 1225 2932 1597 1768
725 726 524 945 1045 855 1997 965 0 1836 2013 762 324 2251 761 818
1410 1408 1624 1259 2084 2162 1478 2796 1836 0 2644 2548 1581 2088 1492 1118
1556 1557 1571 1535 3056 2864 1422 2385 2013 2644 0 2464 2201 995 1453 1823
1466 1467 1232 1693 1026 749 2724 331 762 2548 2464 0 967 2904 1480 1580
738 738 633 914 889 778 1968 1225 324 1581 2201 967 0 2305 812 696
1567 1567 1728 1409 3191 3073 618 2932 2251 2088 995 2904 2305 0 1502 1691
105 107 247 260 1701 1570 1244 1597 761 1492 1453 1480 812 1502 0 414
314 312 505 299 1532 1466 1287 1768 818 1118 1823 1580 696 1691 414 0
