0 969 1213 1232 1562 814 1673 709 546 1348 1061 1388 937 1564 1680 1080 1728
969 0 1497 520 2488 1263 2201 1649 1415 2288 1894 2281 264 2412 2596 2038 1259
1213 1497 0 1263 1659 2026 2859 1649 1659 1578 2113 1396 1677 1368 1708 1511 2691
1232 520 1263 0 2579 1726 2677 1941 1755 2409 2264 2343 784 2422 2671 2203 1734
1562 2488 1659 2579 0 2016 2327 1155 1426 233 1458 262 2496 403 129 532 3220
814 1263 2026 1726 2016 0 951 864 591 1782 794 1927 1058 2155 2145 1483 1275
1673 2201 2859 2677 2327 951 0 1315 1208 2117 884 2346 1976 2600 2450 1859 1809
709 1649 1649 1941 1155 864 1315 0 289 922 471 1092 1561 1335 1285 625 2106
546 1415 1659 1755 1426 591 1208 289 0 1193 515 1337 1302 1569 1555 893 1817
1348 2288 1578 2409 233 1782 2117 922 1193 0 1240 272 2285 514 362 299 2990
1061 1894 2113 2264 1458 794 884 471 515 1240 0 1462 1748 1716 1584 976 2059
1388 2281 1396 2343 262 1927 2346 1092 1337 272 1462 0 2309 254 329 486 3086
937 264 1677 784 2496 1058 1976 1561 1302 2285 1748 2309 0 2463 2611 2017 1027
1564 2412 1368 2422 403 2155 2600 1335 1569 514 1716 254 2463 0 381 740 3283
1680 2596 1708 2671 129 2145 2450 1285 1555 362 1584 329 2611 381 0 661 3346
1080 2038 1511 2203 532 1483 1859 625 893 299 976 486 2017 740 661 0 2694
1728 1259 2691 1734 3220 1275 1809 2106 1817 2990 2059 3086 1027 3283 3346 2694 0
