0 1515 1375 222 1408 1667 1468 1319 504 630 1548 181 218 742 466 1677
1515 0 1029 1730 2854 2833 2388 624 1989 1493 2612 1344 1372 822 1975 1668
1375 1029 0 1578 2756 3024 2732 406 1656 928 1798 1210 1157 1147 1792 639
222 1730 1578 0 1190 1500 1364 1539 358 764 1519 403 425 940 245 1835
1408 2854 2756 1190 0 811 1183 2727 1137 1871 2058 1589 1615 2032 964 2922
1667 2833 3024 1500 811 0 564 2885 1632 2264 2744 1818 1884 2050 1367 3334
1468 2388 2732 1364 1183 564 0 2532 1607 2098 2802 1579 1665 1659 1322 3131
1319 624 406 1539 2727 2885 2532 0 1701 1052 2082 1138 1118 880 1775 1045
504 1989 1656 358 1137 1632 1607 1701 0 741 1204 650 617 1243 285 1784
630 1493 928 764 1871 2264 2098 1052 741 0 1149 553 454 982 927 1073
1548 2612 1798 1519 2058 2744 2802 2082 1204 1149 0 1584 1491 2118 1485 1475
181 1344 1210 403 1589 1818 1579 1138 650 553 1584 0 100 599 646 1551
218 1372 1157 425 1615 1884 1665 1118 617 454 1491 100 0 664 657 1468
742 822 1147 940 2032 2050 1659 880 1243 982 2118 599 664 0 1179 1685
466 1975 1792 245 964 1367 1322 1775 285 927 1485 646 657 1179 0 1997
1677 1668 639 1835 2922 3334 3131 1045 1784 1073 1475 1551 1468 1685 1997 0
