0 989 1442 370 504 947 501 112 291 1535 607 1082 1594 1440 13 1412 735
989 0 2073 1130 1455 1839 971 1064 1054 2222 1378 2049 798 453 977 645 1721
1442 2073 0 1084 1076 1866 1125 1492 1174 182 1870 1059 2851 2473 1441 2679 1212
370 1130 1084 0 384 1147 256 447 91 1191 921 953 1839 1578 366 1660 701
504 1455 1076 384 0 860 639 494 425 1127 793 594 2098 1908 512 1916 319
947 1839 1866 1147 860 0 1382 838 1128 1868 482 925 2220 2257 960 2053 654
501 971 1125 256 639 1382 0 607 253 1261 1104 1190 1729 1402 492 1555 957
112 1064 1492 447 494 838 607 0 380 1574 497 1045 1628 1510 125 1447 681
291 1054 1174 91 425 1128 253 380 0 1282 868 1011 1752 1504 286 1572 733
1535 2222 182 1191 1127 1868 1261 1574 1282 0 1918 1009 2991 2630 1535 2816 1216
607 1378 1870 921 793 482 1104 497 868 1918 0 1143 1739 1783 618 1572 773
1082 2049 1059 953 594 925 1190 1045 1011 1009 1143 0 2672 2502 1092 2491 381
1594 798 2851 1839 2098 2220 1729 1628 1752 2991 1739 2672 0 586 1586 181 2307
1440 453 2473 1578 1908 2257 1402 1510 1504 2630 1783 2502 586 0 1428 530 2173
13 977 1441 366 512 960 492 125 286 1535 618 1092 1586 1428 0 1404 746
1412 645 2679 1660 1916 2053 1555 1447 1572 2816 1572 2491 181 530 1404 0 2127
735 1721 1212 701 319 654 957 681 733 1216 773 381 2307 2173 746 2127 0
