0 1546 1296 1649 267 176 892 984 856 1243 720 1527 1259 805 1170 973 135
1546 0 249 3093 1366 1595 1623 1174 895 310 2001 3012 1476 1356 1360 700 1514
1296 249 0 2852 1119 1347 1421 996 684 82 1767 2768 1324 1152 1201 492 1266
1649 3093 2852 0 1909 1707 2331 2595 2506 2817 1796 1401 2046 2371 2067 2612 1624
267 1366 1119 1909 0 232 689 718 602 1056 703 1651 1359 555 1253 739 351
176 1595 1347 1707 232 0 735 891 826 1286 553 1430 1431 683 1338 970 311
892 1623 1421 2331 689 735 0 479 736 1339 587 1608 2032 269 1919 928 1014
984 1174 996 2595 718 891 479 0 353 913 1002 2052 1865 255 1741 514 1065
856 895 684 2506 602 826 736 353 0 603 1126 2165 1538 467 1411 194 896
1243 310 82 2817 1056 1286 1339 913 603 0 1694 2702 1349 1070 1224 410 1219
720 2001 1767 1796 703 553 587 1002 1126 1694 0 1051 1980 747 1890 1312 852
1527 3012 2768 1401 1651 1430 1608 2052 2165 2702 1051 0 2625 1797 2574 2343 1615
1259 1476 1324 2046 1359 1431 2032 1865 1538 1349 1980 2625 0 1833 128 1472 1127
805 1356 1152 2371 555 683 269 255 467 1070 747 1797 1833 0 1715 660 906
1170 1360 1201 2067 1253 1338 1919 1741 1411 1224 1890 2574 128 1715 0 1343 1041
973 700 492 2612 739 970 928 514 194 410 1312 2343 1472 660 1343 0 989
135 1514 1266 1624 351 311 1014 1065 896 1219 852 1615 1127 906 1041 989 0
