0 440 1180 739 92 910 364 1548 63 653 502 448 270 1170 1339 909
440 0 948 1174 347 1336 625 1984 451 230 553 564 602 1361 938 529
1180 948 0 1673 1118 1754 1507 2395 1232 1001 742 823 1440 1134 638 1234
739 1174 1673 0 830 190 825 809 749 1393 941 860 734 1048 2005 1642
92 347 1118 830 0 998 396 1639 119 562 478 437 321 1196 1251 825
910 1336 1754 190 998 0 1015 662 925 1559 1045 967 923 1001 2131 1818
364 625 1507 825 396 1015 0 1574 300 760 865 812 113 1501 1562 914
1548 1984 2395 809 1639 662 1574 0 1553 2201 1703 1626 1503 1485 2793 2441
63 451 1232 749 119 925 300 1553 0 652 565 511 211 1229 1368 892
653 230 1001 1393 562 1559 760 2201 652 0 759 781 765 1568 836 309
502 553 742 941 478 1045 865 1703 565 759 0 81 772 810 1097 1068
448 564 823 860 437 967 812 1626 511 781 81 0 715 799 1170 1089
270 602 1440 734 321 923 113 1503 211 765 772 715 0 1388 1538 953
1170 1361 1134 1048 1196 1001 1501 1485 1229 1568 810 799 1388 0 1718 1878
1339 938 638 2005 1251 2131 1562 2793 1368 836 1097 1170 1538 1718 0 910
909 529 1234 1642 825 1818 914 2441 892 309 1068 1089 953 1878 910 0
