0 668 797 790 1152 1707 946 581 270 1419 478 565 1114 793 115 1362
668 0 530 1408 786 2362 1602 116 871 2041 930 1038 1064 913 783 808
797 530 0 1580 355 2265 1694 452 843 2197 1230 834 540 486 892 1271
790 1408 1580 0 1934 1259 292 1345 783 634 543 1017 1805 1454 688 1924
1152 786 355 1934 0 2553 2039 746 1185 2548 1580 1127 525 685 1246 1388
1707 2362 2265 1259 2553 0 967 2261 1494 1079 1740 1432 2174 1880 1597 3054
946 1602 1694 292 2039 967 0 1525 854 529 809 1008 1836 1485 832 2181
581 116 452 1345 746 2261 1525 0 767 1979 893 923 974 804 697 924
270 871 843 783 1185 1494 854 767 0 1370 659 316 1022 674 220 1614
1419 2041 2197 634 2548 1079 529 1979 1370 0 1147 1538 2365 2013 1312 2513
478 930 1230 543 1580 1740 809 893 659 1147 0 975 1591 1270 448 1382
565 1038 834 1017 1127 1432 1008 923 316 1538 975 0 832 488 536 1829
1114 1064 540 1805 525 2174 1836 974 1022 2365 1591 832 0 352 1170 1806
793 913 486 1454 685 1880 1485 804 674 2013 1270 488 352 0 835 1712
115 783 892 688 1246 1597 832 697 220 1312 448 536 1170 835 0 1464
1362 808 1271 1924 1388 3054 2181 924 1614 2513 1382 1829 1806 1712 1464 0
