0 263 216 30 990 833 284 344 973 1303 166 1630 1182 337 1140 773
263 0 419 240 1004 799 269 277 710 1058 153 1805 1315 394 1044 869
216 419 0 245 824 1044 266 334 1100 1364 268 1717 967 543 1356 942
30 240 245 0 1008 808 290 346 950 1287 159 1629 1210 314 1112 760
990 1004 824 1008 0 1793 747 727 1326 1279 898 2514 579 1320 2048 1759
833 799 1044 808 1793 0 1045 1071 1092 1580 895 1338 2011 501 359 408
284 269 266 290 747 1045 0 69 857 1097 152 1913 1051 584 1310 1047
344 277 334 346 727 1071 69 0 806 1031 195 1974 1068 625 1321 1095
973 710 1100 950 1326 1092 857 806 0 494 838 2366 1814 982 1113 1374
1303 1058 1364 1287 1279 1580 1097 1031 494 0 1142 2819 1841 1404 1604 1834
166 153 268 159 898 895 152 195 838 1142 0 1788 1170 432 1168 900
1630 1805 1717 1629 2514 1338 1913 1974 2366 2819 1788 0 2408 1423 1561 992
1182 1315 967 1210 579 2011 1051 1068 1814 1841 1170 2408 0 1509 2322 1857
337 394 543 314 1320 501 584 625 982 1404 432 1423 1509 0 827 476
1140 1044 1356 1112 2048 359 1310 1321 1113 1604 1168 1561 2322 827 0 741
773 869 942 760 1759 408 1047 1095 1374 1834 900 992 1857 476 741 0
