0 339 408 1162 487 1012 484 1669 216 397 404 909 496 624 1468 860
339 0 531 1467 297 902 817 1449 343 627 592 571 758 636 1791 873
408 531 0 1408 406 682 545 1410 618 784 106 1025 314 248 1383 1264
1162 1467 1408 0 1647 2090 885 2806 1137 862 1322 1984 1184 1653 1132 1180
487 297 406 1647 0 604 874 1188 595 861 505 630 709 395 1782 1170
1012 902 682 2090 604 0 1219 755 1173 1410 771 1048 942 438 1903 1774
484 817 545 885 874 1219 0 1956 628 563 448 1389 301 781 985 1147
1669 1449 1410 2806 1188 755 1956 0 1779 2050 1508 1278 1692 1180 2649 2282
216 343 618 1137 595 1173 628 1779 0 284 621 853 702 817 1608 646
397 627 784 862 861 1410 563 2050 284 0 750 1122 753 1016 1476 584
404 592 106 1322 505 771 448 1508 621 750 0 1111 208 333 1279 1263
909 571 1025 1984 630 1048 1389 1278 853 1122 1111 0 1302 1015 2357 1098
496 758 314 1184 709 942 301 1692 702 753 208 1302 0 512 1073 1314
624 636 248 1653 395 438 781 1180 817 1016 333 1015 512 0 1532 1456
1468 1791 1383 1132 1782 1903 985 2649 1608 1476 1279 2357 1073 1532 0 2029
860 873 1264 1180 1170 1774 1147 2282 646 584 1263 1098 1314 1456 2029 0
