0 83 407 202 201 855 481 176 290 654 483 389 110 98 235 782 233 468 865 832 16 502 771 351 233 576 708 29 201 594 420 686 544 650 218 731 578 128 275 434 341 26 658 702 463 858 51 745 349 711 40 192 684 418 322 383 756 25 761 580 641 313 456 712 561 409 265 739 414 25 222 204 228 683 408 319 210 808
83 0 480 201 192 866 559 188 265 688 523 342 178 171 282 818 316 531 782 787 98 525 695 393 201 492 743 54 240 557 496 705 471 726 193 648 520 95 351 486 381 57 579 631 465 796 106 717 284 769 118 256 619 461 283 398 837 108 828 501 637 266 391 680 592 492 204 713 453 92 188 121 292 702 453 253 228 866
407 480 0 567 411 1104 394 532 474 412 270 602 302 309 491 508 279 112 1220 1217 391 373 1064 226 626 942 874 436 285 972 41 517 951 557 449 1089 981 448 355 580 572 428 976 1110 452 1061 374 793 757 342 393 413 922 610 715 363 549 384 360 980 949 713 719 1078 767 286 673 1090 254 390 617 599 423 919 594 727 343 840
202 201 567 0 389 664 495 35 466 854 683 538 302 286 146 982 316 646 859 649 211 705 830 551 82 575 553 191 403 405 569 888 446 632 394 729 426 296 296 331 210 203 705 584 659 968 253 918 245 894 190 185 787 289 156 584 779 212 927 513 440 167 567 517 400 466 177 539 615 227 83 233 204 501 286 226 411 708
201 192 411 389 0 1052 627 370 93 515 362 214 177 190 436 645 373 421 810 965 201 342 658 246 393 539 909 201 126 743 441 517 606 806 38 681 687 98 442 630 543 189 565 768 273 695 159 545 448 635 235 384 534 618 471 211 879 207 717 608 828 450 315 868 763 534 378 904 293 179 379 257 419 883 607 418 70 997
855 866 1104 664 1052 0 787 682 1131 1473 1301 1194 934 915 642 1592 830 1210 1300 569 860 1346 1384 1175 683 1084 280 851 1044 493 1085 1530 823 763 1059 1202 666 960 748 528 541 863 1257 838 1318 1578 905 1581 745 1445 830 717 1398 493 639 1237 954 858 1430 925 257 674 1200 431 338 856 752 361 1240 880 696 869 694 184 509 757 1066 532
481 559 394 495 627 787 0 466 717 807 657 841 449 438 351 899 254 506 1333 1061 469 747 1252 573 577 1044 524 506 528 824 360 907 941 180 660 1201 901 597 210 279 353 507 1139 1074 792 1322 491 1130 740 700 442 319 1155 337 643 695 284 459 657 1007 705 661 928 897 459 110 666 883 624 485 576 668 292 610 323 719 585 446
176 188 532 35 370 682 466 0 451 825 653 529 272 255 123 952 281 612 879 684 184 678 840 521 112 593 556 169 375 440 534 862 476 608 378 749 461 280 264 319 202 181 716 617 638 970 227 905 274 860 160 152 789 282 190 560 751 184 892 540 464 200 566 550 405 433 201 570 586 202 110 239 174 514 277 253 387 699
290 265 474 466 93 1131 717 451 0 500 369 130 270 283 525 628 465 464 767 1007 291 321 590 277 459 511 998 285 200 796 507 479 621 897 72 642 722 171 535 722 631 275 508 781 220 608 251 456 487 654 326 476 453 708 530 192 964 298 750 608 900 505 246 922 850 622 427 963 306 270 445 298 512 965 698 458 138 1090
654 688 412 854 515 1473 807 825 500 0 173 575 553 570 833 130 650 301 1230 1475 643 179 1001 304 884 1002 1268 671 453 1244 448 135 1118 966 537 1116 1202 606 737 968 932 659 958 1279 304 897 603 530 962 248 665 757 818 986 970 309 931 642 384 1109 1285 955 696 1365 1145 698 888 1393 239 629 872 772 779 1291 971 931 461 1252
483 523 270 683 362 1301 657 653 369 173 0 470 380 397 660 299 481 178 1130 1310 472 113 925 132 716 881 1099 503 284 1077 311 250 969 826 390 1008 1042 447 568 799 760 490 864 1131 231 867 434 547 803 286 493 584 756 815 803 183 816 470 397 969 1112 789 596 1196 974 547 726 1222 70 458 704 616 607 1118 801 772 301 1098
389 342 602 538 214 1194 841 529 130 575 470 0 391 403 621 696 587 586 660 1006 395 398 464 396 511 428 1085 377 330 816 637 525 592 1020 181 541 717 261 652 823 723 369 393 743 272 480 360 390 498 757 428 581 322 802 567 287 1093 403 862 558 952 537 125 942 934 749 456 991 415 374 498 329 618 1038 793 473 268 1198
110 178 302 302 177 934 449 272 270 553 380 391 0 18 294 679 195 357 939 941 96 412 817 249 343 654 761 136 111 702 319 597 649 628 210 806 688 162 267 470 400 127 713 809 395 872 72 708 458 601 112 227 707 468 432 306 707 92 652 678 733 424 483 818 622 360 375 842 314 89 332 297 259 756 456 428 148 826
98 171 309 286 190 915 438 255 283 570 397 403 18 0 275 696 184 369 940 927 83 431 823 266 329 653 743 126 129 687 325 615 641 616 221 807 676 165 252 453 382 118 718 800 414 883 67 724 448 614 96 209 717 450 418 325 700 78 662 672 715 411 491 803 603 351 364 825 331 80 318 292 241 737 437 418 165 810
235 282 491 146 436 642 351 123 525 833 660 621 294 275 0 954 214 586 1003 746 235 704 959 533 228 717 473 243 405 500 483 888 591 485 453 873 554 360 165 205 107 252 837 723 687 1077 277 981 392 831 201 78 899 182 291 600 634 229 845 660 460 310 672 595 329 334 323 600 598 256 230 357 72 462 173 373 434 585
782 818 508 982 645 1592 899 952 628 130 299 696 679 696 954 0 763 395 1344 1605 771 307 1106 431 1013 1125 1378 800 582 1374 539 194 1247 1049 667 1234 1332 737 848 1079 1051 788 1071 1409 424 981 732 596 1093 249 792 877 919 1101 1100 438 992 769 379 1236 1409 1085 815 1494 1260 793 1019 1521 367 757 1001 903 897 1408 1086 1062 592 1345
233 316 279 316 373 830 254 281 465 650 481 587 195 184 214 763 0 380 1098 955 220 548 1001 368 389 808 618 261 285 709 269 725 746 432 405 964 742 343 87 318 294 260 890 894 565 1067 237 893 542 621 198 139 900 338 471 470 523 210 630 796 670 478 674 808 497 175 460 815 429 233 384 432 144 645 322 516 337 642
468 531 112 646 421 1210 506 612 464 301 178 586 357 369 586 395 380 0 1229 1294 453 289 1050 189 697 961 985 494 304 1052 146 413 1000 665 458 1101 1046 480 461 689 674 484 973 1162 391 1021 426 722 815 247 462 508 894 716 787 315 640 447 298 1019 1046 781 709 1163 874 399 732 1179 187 447 687 643 522 1025 701 784 351 952
865 782 1220 859 810 1300 1333 879 767 1230 1130 660 939 940 1003 1344 1098 1229 0 833 880 1056 277 1043 780 290 1335 837 936 806 1247 1158 481 1487 773 133 634 778 1123 1186 1061 838 272 483 925 531 874 852 628 1417 900 1015 460 1135 751 946 1616 890 1517 381 1051 720 535 891 1194 1273 682 963 1071 869 776 666 1045 1219 1135 638 881 1548
832 787 1217 649 965 569 1061 684 1007 1475 1310 1006 941 927 746 1605 955 1294 833 0 845 1308 1001 1179 598 709 742 809 1026 246 1217 1481 438 1128 951 772 289 869 910 794 709 821 889 353 1227 1243 879 1381 519 1541 832 816 1084 730 509 1177 1315 849 1577 520 405 521 953 171 668 1074 587 218 1240 855 609 710 819 589 742 549 1014 1016
16 98 391 211 201 860 469 184 291 643 472 395 96 83 235 771 220 453 880 845 0 494 783 340 247 590 708 45 191 607 404 678 560 640 220 746 593 134 264 431 342 41 671 718 458 866 44 746 365 697 34 187 693 417 336 377 743 10 746 596 649 328 465 724 562 395 281 749 403 21 236 219 223 687 406 335 205 803
502 525 373 705 342 1346 747 678 321 179 113 398 412 431 704 307 548 289 1056 1308 494 0 837 179 725 823 1161 516 303 1082 414 184 940 921 361 940 1030 438 636 863 809 503 786 1101 133 761 451 434 791 374 520 633 661 871 808 132 922 494 496 929 1143 790 521 1205 1029 637 720 1237 123 477 712 600 660 1167 858 760 297 1181
771 695 1064 830 658 1384 1252 840 590 1001 925 464 817 823 959 1106 1001 1050 277 1001 783 837 0 861 765 303 1363 747 783 909 1096 915 580 1421 619 242 748 658 1045 1160 1040 745 128 653 704 262 763 580 647 1209 810 950 191 1119 768 744 1523 793 1322 485 1127 732 344 1016 1213 1174 669 1083 876 767 756 602 984 1270 1116 644 722 1538
351 393 226 551 246 1175 573 521 277 304 132 396 249 266 533 431 368 189 1043 1179 340 179 861 0 584 781 983 371 153 945 266 358 847 750 279 917 913 322 456 684 635 359 785 1010 227 839 301 570 675 388 361 459 707 695 671 137 768 338 474 854 981 658 520 1064 853 464 597 1089 65 326 572 491 484 994 681 644 179 1003
233 201 626 82 393 683 577 112 459 884 716 511 343 329 228 1013 389 697 780 598 247 725 765 584 0 500 603 213 431 360 632 906 364 713 390 652 356 295 376 406 282 225 638 506 666 917 282 899 163 943 235 264 736 358 89 599 861 251 985 431 442 89 523 480 451 545 99 512 646 257 13 187 285 532 357 145 428 777
576 492 942 575 539 1084 1044 593 511 1002 881 428 654 653 717 1125 808 961 290 709 590 823 303 781 500 0 1079 547 660 605 967 952 278 1199 503 157 446 495 833 906 782 549 182 375 700 534 586 725 360 1165 610 726 379 858 484 701 1326 600 1255 189 827 450 319 713 933 983 401 780 817 581 494 376 757 977 857 363 610 1276
708 743 874 553 909 280 524 556 998 1268 1099 1085 761 743 473 1378 618 985 1335 742 708 1161 1363 983 603 1079 0 713 871 577 850 1341 858 483 925 1220 732 830 531 299 366 723 1234 923 1157 1519 751 1454 719 1208 674 534 1338 293 596 1067 674 703 1179 955 339 631 1120 575 152 606 694 524 1046 729 613 784 503 154 305 719 906 276
29 54 436 191 201 851 506 169 285 671 503 377 136 126 243 800 261 494 837 809 45 516 747 371 213 547 713 0 218 574 450 698 515 673 212 703 552 117 298 446 347 12 633 673 469 841 69 741 321 736 63 208 665 425 300 394 782 54 788 550 631 289 437 693 564 437 238 722 433 47 201 174 244 681 416 291 220 822
201 240 285 403 126 1044 528 375 200 453 284 330 111 129 405 582 285 304 936 1026 191 303 783 153 431 660 871 218 0 792 314 488 700 708 165 805 761 176 365 578 511 206 691 863 286 807 150 608 524 532 216 337 653 579 518 195 765 191 603 714 839 505 439 912 733 428 444 940 214 175 419 342 368 867 566 492 62 926
594 557 972 405 743 493 824 440 796 1244 1077 816 702 687 500 1374 709 1052 806 246 607 1082 909 945 360 605 577 574 792 0 972 1261 333 905 734 712 172 646 665 565 470 586 785 351 1012 1125 643 1203 318 1299 591 569 951 501 274 954 1086 610 1332 434 252 293 785 126 470 831 368 180 1007 618 372 498 573 436 511 343 786 836
420 496 41 569 441 1085 360 534 507 448 311 637 319 325 483 539 269 146 1247 1217 404 414 1096 266 632 967 850 450 314 972 0 556 965 519 479 1116 988 472 339 558 559 442 1006 1122 493 1099 391 834 768 360 403 407 957 592 720 404 508 396 361 997 938 720 752 1075 747 254 684 1084 296 405 624 617 413 900 576 739 374 806
686 705 517 888 517 1530 907 862 479 135 250 525 597 615 888 194 725 413 1158 1481 678 184 915 358 906 952 1341 698 488 1261 556 0 1099 1074 530 1053 1200 615 813 1042 992 686 886 1258 259 787 635 405 962 382 704 816 726 1053 987 307 1052 678 519 1078 1327 968 636 1385 1211 797 895 1419 295 660 893 771 842 1351 1039 932 478 1348
544 471 951 446 606 823 941 476 621 1118 969 592 649 641 591 1247 746 1000 481 438 560 940 580 847 364 278 858 515 700 333 965 1099 0 1070 581 379 168 525 741 743 622 523 460 162 839 810 577 951 203 1233 564 628 646 686 303 809 1225 568 1298 101 571 281 521 436 723 908 285 504 899 561 366 358 650 738 689 229 669 1086
650 726 557 632 806 763 180 608 897 966 826 1020 628 616 485 1049 432 665 1487 1128 640 921 1421 750 713 1199 483 673 708 905 519 1074 1070 0 838 1355 1007 771 375 340 452 676 1305 1190 971 1500 665 1310 875 832 611 474 1331 404 766 875 193 630 767 1144 741 790 1103 958 473 286 809 931 798 657 715 827 442 606 395 858 765 316
218 193 449 394 38 1059 660 378 72 537 390 181 210 221 453 667 405 458 773 951 220 361 619 279 390 503 925 212 165 734 479 530 581 838 0 644 669 98 471 651 559 202 526 743 278 662 181 529 432 667 254 406 498 636 464 229 915 227 752 578 830 441 278 859 777 569 366 898 322 199 377 240 442 893 626 402 107 1021
731 648 1089 729 681 1202 1201 749 642 1116 1008 541 806 807 873 1234 964 1101 133 772 746 940 242 917 652 157 1220 703 805 712 1116 1053 379 1355 644 0 543 646 990 1058 934 705 177 420 812 504 740 775 505 1295 766 883 391 1009 629 825 1483 756 1392 277 949 596 419 808 1076 1140 553 878 948 736 648 533 913 1110 1009 512 751 1425
578 520 981 426 687 666 901 461 722 1202 1042 717 688 676 554 1332 742 1046 634 289 593 1030 748 913 356 446 732 552 761 172 988 1200 168 1007 669 543 0 595 717 669 556 562 627 192 943 975 621 1092 239 1288 587 610 808 606 270 898 1177 599 1338 266 421 267 664 267 610 888 316 336 971 599 363 430 623 599 613 270 741 979
128 95 448 296 98 960 597 280 171 606 447 261 162 165 360 737 343 480 778 869 134 438 658 322 295 495 830 117 176 646 472 615 525 771 98 646 595 0 397 562 464 108 552 687 370 732 106 626 356 708 167 320 560 542 373 308 864 143 779 538 732 353 332 770 681 516 282 806 377 115 282 168 356 794 533 325 146 936
275 351 355 296 442 748 210 264 535 737 568 652 267 252 165 848 87 461 1123 910 264 636 1045 456 376 833 531 298 365 665 339 813 741 375 471 990 717 397 0 231 221 301 930 881 649 1129 293 973 538 697 235 112 958 255 450 554 493 255 696 801 602 464 729 757 413 170 461 757 517 282 374 457 94 564 239 515 414 560
434 486 580 331 630 528 279 319 722 968 799 823 470 453 205 1079 318 689 1186 794 431 863 1160 684 406 906 299 446 578 565 558 1042 743 340 651 1058 669 562 231 0 124 454 1036 854 865 1282 471 1174 559 918 397 246 1104 63 441 773 521 424 902 825 426 469 877 625 190 329 505 606 747 452 411 558 212 344 55 547 618 380
341 381 572 210 543 541 353 202 631 932 760 723 400 382 107 1051 294 674 1061 709 342 809 1040 635 282 782 366 347 511 470 559 992 622 452 559 934 556 464 221 124 0 357 915 738 794 1171 385 1087 435 915 308 176 991 80 318 707 621 336 917 702 380 345 767 547 222 370 381 541 700 363 287 441 153 358 75 423 542 498
26 57 428 203 189 863 507 181 275 659 490 369 127 118 252 788 260 484 838 821 41 503 745 359 225 549 723 12 206 586 442 686 523 676 202 705 562 108 301 454 357 0 631 682 457 835 58 731 331 725 65 214 660 435 312 381 783 51 779 556 643 301 431 705 575 436 248 734 421 37 213 178 251 693 425 300 208 830
658 579 976 705 565 1257 1139 716 508 958 864 393 713 718 837 1071 890 973 272 889 671 786 128 785 638 182 1234 633 691 785 1006 886 460 1305 526 177 627 552 930 1036 915 631 0 548 654 354 655 597 519 1150 696 831 217 994 639 680 1413 681 1255 369 1000 604 267 895 1085 1065 542 961 808 656 630 480 865 1142 991 515 633 1413
702 631 1110 584 768 838 1074 617 781 1279 1131 743 809 800 723 1409 894 1162 483 353 718 1101 653 1010 506 375 923 673 863 351 1122 1258 162 1190 743 420 192 687 881 854 738 682 548 0 998 902 737 1087 354 1395 719 770 754 793 431 970 1354 725 1459 192 604 417 662 414 802 1051 438 486 1061 719 510 520 788 787 799 383 831 1171
463 465 452 659 273 1318 792 638 220 304 231 272 395 414 687 424 565 391 925 1227 458 133 704 227 666 700 1157 469 286 1012 493 259 839 971 278 812 943 370 649 865 794 457 654 998 0 635 414 343 707 507 489 623 528 864 742 96 996 461 626 819 1100 720 392 1138 1016 685 644 1176 203 438 652 517 655 1145 852 678 253 1208
858 796 1061 968 695 1578 1322 970 608 897 867 480 872 883 1077 981 1067 1021 531 1243 866 761 262 839 917 534 1519 841 807 1125 1099 787 810 1500 662 504 975 732 1129 1282 1171 835 354 902 635 0 836 396 833 1132 898 1050 181 1252 942 705 1572 875 1258 723 1322 906 405 1240 1367 1230 832 1303 834 847 907 735 1086 1446 1246 821 745 1662
51 106 374 253 159 905 491 227 251 603 434 360 72 67 277 732 237 426 874 879 44 451 763 301 282 586 751 69 150 643 391 635 577 665 181 740 621 106 293 471 385 58 655 737 414 836 0 704 388 667 76 225 665 459 370 333 759 48 722 606 692 359 438 762 606 410 305 789 364 25 270 226 261 731 448 357 161 840
745 717 793 918 545 1581 1130 905 456 530 547 390 708 724 981 596 893 722 852 1381 746 434 580 570 899 725 1454 741 608 1203 834 405 951 1310 529 775 1092 626 973 1174 1087 731 597 1087 343 396 704 0 884 776 780 928 391 1163 957 437 1339 752 909 895 1341 927 429 1328 1306 1025 846 1379 540 725 886 719 962 1419 1153 861 559 1533
349 284 757 245 448 745 740 274 487 962 803 498 458 448 392 1093 542 815 628 519 365 791 647 675 163 360 719 321 524 318 768 962 203 875 432 505 239 356 538 559 435 331 519 354 707 833 388 884 0 1054 365 425 653 507 124 659 1025 372 1110 268 489 91 470 444 573 705 84 495 732 368 164 191 448 623 507 31 502 920
711 769 342 894 635 1445 700 860 654 248 286 757 601 614 831 249 621 247 1417 1541 697 374 1209 388 943 1165 1208 736 532 1299 360 382 1233 832 667 1295 1288 708 697 918 915 725 1150 1395 507 1132 667 776 1054 0 708 753 1035 952 1032 470 755 692 137 1243 1291 1025 883 1411 1107 604 972 1426 347 689 933 875 765 1260 936 1023 567 1140
40 118 393 190 235 830 442 160 326 665 493 428 112 96 201 792 198 462 900 832 34 520 810 361 235 610 674 63 216 591 403 704 564 611 254 766 587 167 235 397 308 65 696 719 489 898 76 780 365 708 0 153 725 383 324 406 719 28 751 605 622 320 496 706 529 373 281 729 426 55 225 235 189 655 372 336 236 769
192 256 413 185 384 717 319 152 476 757 584 581 227 209 78 877 139 508 1015 816 187 633 950 459 264 726 534 208 337 569 407 816 628 474 406 883 610 320 112 246 176 214 831 770 623 1050 225 928 425 753 153 0 874 241 340 533 604 179 769 688 538 352 646 669 396 281 348 677 524 207 261 353 36 535 228 402 373 616
684 619 922 787 534 1398 1155 789 453 818 756 322 707 717 899 919 900 894 460 1084 693 661 191 707 736 379 1338 665 653 951 957 726 646 1331 498 391 808 560 958 1104 991 660 217 754 528 181 665 391 653 1035 725 874 0 1072 761 581 1413 702 1153 567 1143 726 228 1069 1185 1067 651 1131 713 675 725 553 910 1264 1066 641 591 1484
418 461 610 289 618 493 337 282 708 986 815 802 468 450 182 1101 338 716 1135 730 417 871 1119 695 358 858 293 425 579 501 592 1053 686 404 636 1009 606 542 255 63 80 435 994 793 864 1252 459 1163 507 952 383 241 1072 0 386 774 585 411 943 770 369 415 848 563 159 377 457 546 759 438 365 521 211 308 15 497 613 419
322 283 715 156 471 639 643 190 530 970 803 567 432 418 291 1100 471 787 751 509 336 808 768 671 89 484 596 300 518 274 720 987 303 766 464 629 270 373 450 441 318 312 639 431 742 942 370 957 124 1032 324 340 761 386 0 680 924 340 1074 383 388 35 562 397 448 620 113 433 733 346 99 238 356 505 388 124 511 797
383 398 363 584 211 1237 695 560 192 309 183 287 306 325 600 438 470 315 946 1177 377 132 744 137 599 701 1067 394 195 954 404 307 809 875 229 825 898 308 554 773 707 381 680 970 96 705 333 437 659 470 406 533 581 774 680 0 903 379 577 800 1025 661 412 1078 929 588 590 1112 132 358 586 468 564 1061 762 629 173 1112
756 837 549 779 879 954 284 751 964 931 816 1093 707 700 634 992 523 640 1616 1315 743 922 1523 768 861 1326 674 782 765 1086 508 1052 1225 193 915 1483 1177 864 493 521 621 783 1413 1354 996 1572 759 1339 1025 755 719 604 1413 585 924 903 0 733 664 1291 933 944 1190 1145 666 348 951 1121 804 757 861 949 577 799 574 1004 827 474
25 108 384 212 207 858 459 184 298 642 470 403 92 78 229 769 210 447 890 849 10 494 793 338 251 600 703 54 191 610 396 678 568 630 227 756 599 143 255 424 336 51 681 725 461 875 48 752 372 692 28 179 702 411 340 379 733 0 739 605 648 333 474 727 558 385 288 751 402 28 240 229 215 684 400 342 208 795
761 828 360 927 717 1430 657 892 750 384 397 862 652 662 845 379 630 298 1517 1577 746 496 1322 474 985 1255 1179 788 603 1332 361 519 1298 767 752 1392 1338 779 696 902 917 779 1255 1459 626 1258 722 909 1110 137 751 769 1153 943 1074 577 664 739 0 1317 1298 1071 988 1437 1092 574 1027 1446 447 741 976 941 775 1247 927 1080 647 1081
580 501 980 513 608 925 1007 540 608 1109 969 558 678 672 660 1236 796 1019 381 520 596 929 485 854 431 189 955 550 714 434 997 1078 101 1144 578 277 266 538 801 825 702 556 369 192 819 723 606 895 268 1243 605 688 567 770 383 800 1291 605 1317 0 672 356 470 533 817 965 340 603 901 593 430 380 714 838 772 287 675 1176
641 637 949 440 828 257 705 464 900 1285 1112 952 733 715 460 1409 670 1046 1051 405 649 1143 1127 981 442 827 339 631 839 252 938 1327 571 741 830 949 421 732 602 426 380 643 1000 604 1100 1322 692 1341 489 1291 622 538 1143 369 388 1025 933 648 1298 672 0 421 950 235 269 744 501 192 1047 666 456 623 526 189 384 502 851 611
313 266 713 167 450 674 661 200 505 955 789 537 424 411 310 1085 478 781 720 521 328 790 732 658 89 450 631 289 505 293 720 968 281 790 441 596 267 353 464 469 345 301 604 417 720 906 359 927 91 1025 320 352 726 415 35 661 944 333 1071 356 421 0 528 418 483 633 81 458 719 336 96 210 371 541 417 88 494 829
456 391 719 567 315 1200 928 566 246 696 596 125 483 491 672 815 674 709 535 953 465 521 344 520 523 319 1120 437 439 785 752 636 521 1103 278 419 664 332 729 877 767 431 267 662 392 405 438 429 470 883 496 646 228 848 562 412 1190 474 988 470 950 528 0 909 967 843 448 964 541 446 512 337 682 1056 841 450 378 1257
712 680 1078 517 868 431 897 550 922 1365 1196 942 818 803 595 1494 808 1163 891 171 724 1205 1016 1064 480 713 575 693 912 126 1075 1385 436 958 859 808 267 770 757 625 547 705 895 414 1138 1240 762 1328 444 1411 706 669 1069 563 397 1078 1145 727 1437 533 235 418 909 0 496 916 495 72 1126 737 493 624 668 423 575 469 908 847
561 592 767 400 763 338 459 405 850 1145 974 934 622 603 329 1260 497 874 1194 668 562 1029 1213 853 451 933 152 564 733 470 747 1211 723 473 777 1076 610 681 413 190 222 575 1085 802 1016 1367 606 1306 573 1107 529 396 1185 159 448 929 666 558 1092 817 269 483 967 496 0 519 543 461 917 583 461 632 369 154 174 571 764 368
409 492 286 466 534 856 110 433 622 698 547 749 360 351 334 793 175 399 1273 1074 395 637 1174 464 545 983 606 437 428 831 254 797 908 286 569 1140 888 516 170 329 370 436 1065 1051 685 1230 410 1025 705 604 373 281 1067 377 620 588 348 385 574 965 744 633 843 916 519 0 626 911 514 409 542 607 264 674 361 681 487 553
265 204 673 177 378 752 666 201 427 888 726 456 375 364 323 1019 460 732 682 587 281 720 669 597 99 401 694 238 444 368 684 895 285 809 366 553 316 282 461 505 381 248 542 438 644 832 305 846 84 972 281 348 651 457 113 590 951 288 1027 340 501 81 448 495 543 626 0 538 655 285 94 129 374 613 456 55 427 876
739 713 1090 539 904 361 883 570 963 1393 1222 991 842 825 600 1521 815 1179 963 218 749 1237 1083 1089 512 780 524 722 940 180 1084 1419 504 931 898 878 336 806 757 606 541 734 961 486 1176 1303 789 1379 495 1426 729 677 1131 546 433 1112 1121 751 1446 603 192 458 964 72 461 911 538 0 1153 764 525 668 672 370 559 518 940 800
414 453 254 615 293 1240 624 586 306 239 70 415 314 331 598 367 429 187 1071 1240 403 123 876 65 646 817 1046 433 214 1007 296 295 899 798 322 948 971 377 517 747 700 421 808 1061 203 834 364 540 732 347 426 524 713 759 733 132 804 402 447 901 1047 719 541 1126 917 514 655 1153 0 389 634 545 549 1059 745 701 231 1059
25 92 390 227 179 880 485 202 270 629 458 374 89 80 256 757 233 447 869 855 21 477 767 326 257 581 729 47 175 618 405 660 561 657 199 736 599 115 282 452 363 37 656 719 438 847 25 725 368 689 55 207 675 438 346 358 757 28 741 593 666 336 446 737 583 409 285 764 389 0 246 213 243 707 428 338 186 823
222 188 617 83 379 696 576 110 445 872 704 498 332 318 230 1001 384 687 776 609 236 712 756 572 13 494 613 201 419 372 624 893 366 715 377 648 363 282 374 411 287 213 630 510 652 907 270 886 164 933 225 261 725 365 99 586 861 240 976 430 456 96 512 493 461 542 94 525 634 246 0 175 284 544 363 143 415 784
204 121 599 233 257 869 668 239 298 772 616 329 297 292 357 903 432 643 666 710 219 600 602 491 187 376 784 174 342 498 617 771 358 827 240 533 430 168 457 558 441 178 480 520 517 735 226 719 191 875 235 353 553 521 238 468 949 229 941 380 623 210 337 624 632 607 129 668 545 213 175 0 386 720 516 161 314 938
228 292 423 204 419 694 292 174 512 779 607 618 259 241 72 897 144 522 1045 819 223 660 984 484 285 757 503 244 368 573 413 842 650 442 442 913 623 356 94 212 153 251 865 788 655 1086 261 962 448 765 189 36 910 211 356 564 577 215 775 714 526 371 682 668 369 264 374 672 549 243 284 386 0 511 198 426 406 580
683 702 919 501 883 184 610 514 965 1291 1118 1038 756 737 462 1408 645 1025 1219 589 687 1167 1270 994 532 977 154 681 867 436 900 1351 738 606 893 1110 599 794 564 344 358 693 1142 787 1145 1446 731 1419 623 1260 655 535 1264 308 505 1061 799 684 1247 838 189 541 1056 423 154 674 613 370 1059 707 544 720 511 0 324 629 892 430
408 453 594 286 607 509 323 277 698 971 801 793 456 437 173 1086 322 701 1135 742 406 858 1116 681 357 857 305 416 566 511 576 1039 689 395 626 1009 613 533 239 55 75 425 991 799 852 1246 448 1153 507 936 372 228 1066 15 388 762 574 400 927 772 384 417 841 575 174 361 456 559 745 428 363 516 198 324 0 497 601 422
319 253 727 226 418 757 719 253 458 931 772 473 428 418 373 1062 516 784 638 549 335 760 644 644 145 363 719 291 492 343 739 932 229 858 402 512 270 325 515 547 423 300 515 383 678 821 357 861 31 1023 336 402 641 497 124 629 1004 342 1080 287 502 88 450 469 571 681 55 518 701 338 143 161 426 629 497 0 471 913
210 228 343 411 70 1066 585 387 138 461 301 268 148 165 434 592 337 351 881 1014 205 297 722 179 428 610 906 220 62 786 374 478 669 765 107 751 741 146 414 618 542 208 633 831 253 745 161 559 502 567 236 373 591 613 511 173 827 208 647 675 851 494 378 908 764 487 427 940 231 186 415 314 406 892 601 471 0 974
808 866 840 708 997 532 446 699 1090 1252 1098 1198 826 810 585 1345 642 952 1548 1016 803 1181 1538 1003 777 1276 276 822 926 836 806 1348 1086 316 1021 1425 979 936 560 380 498 830 1413 1171 1208 1662 840 1533 920 1140 769 616 1484 419 797 1112 474 795 1081 1176 611 829 1257 847 368 553 876 800 1059 823 784 938 580 430 422 913 974 0
