0 905 1596 778 1381 1449 1072 1442 227 704 312 717 1273 150 999 1195
905 0 2181 779 1776 1339 1094 1978 870 1504 989 812 509 774 1783 1418
1596 2181 0 2370 2811 3044 1264 2735 1443 1885 1312 2312 2678 1723 2054 924
778 779 2370 0 1000 696 1618 1227 937 988 1062 82 786 647 1204 1850
1381 1776 2811 1000 0 859 2437 326 1608 936 1684 963 1725 1343 875 2576
1449 1339 3044 696 859 0 2301 1183 1627 1419 1747 739 1070 1332 1522 2545
1072 1094 1264 1618 2437 2301 0 2515 847 1737 815 1598 1598 1093 2020 358
1442 1978 2735 1227 326 1183 2515 0 1668 859 1722 1175 1990 1438 700 2611
227 870 1443 937 1608 1627 847 1668 0 905 133 887 1305 297 1196 972
704 1504 1885 988 936 1419 1737 859 905 0 922 906 1730 770 294 1784
312 989 1312 1062 1684 1747 815 1722 133 922 0 1009 1435 416 1204 893
717 812 2312 82 963 739 1598 1175 887 906 1009 0 857 593 1125 1817
1273 509 2678 786 1725 1070 1598 1990 1305 1730 1435 857 0 1124 1974 1927
150 774 1723 647 1343 1332 1093 1438 297 770 416 593 1124 0 1063 1258
999 1783 2054 1204 875 1522 2020 700 1196 294 1204 1125 1974 1063 0 2046
1195 1418 924 1850 2576 2545 358 2611 972 1784 893 1817 1927 1258 2046 0
