0 1375 989 904 1237 217 539 449 832 178 475 1561 745 93 152 291
1375 0 1925 2277 1069 1588 869 1825 1271 1508 979 2803 899 1282 1310 1320
989 1925 0 1048 2178 994 1144 933 681 1081 1023 979 1025 1016 1139 768
904 2277 1048 0 1997 700 1421 455 1422 800 1329 897 1541 996 996 1005
1237 1069 2178 1997 0 1357 1109 1586 1740 1243 1209 2781 1387 1181 1090 1410
217 1588 994 700 1357 0 756 247 981 113 688 1424 948 310 297 442
539 869 1144 1421 1109 756 0 976 630 700 121 1949 312 448 527 454
449 1825 933 455 1586 247 976 0 1087 353 893 1205 1129 543 544 594
832 1271 681 1422 1740 981 630 1087 0 1001 539 1639 391 792 931 545
178 1508 1081 800 1243 113 700 353 1001 0 648 1538 922 256 199 456
475 979 1023 1329 1209 688 121 893 539 648 0 1831 287 391 497 342
1561 2803 979 897 2781 1424 1949 1205 1639 1538 1831 0 1929 1636 1699 1497
745 899 1025 1541 1387 948 312 1129 391 922 287 1929 0 669 783 538
93 1282 1016 996 1181 310 448 543 792 256 391 1636 669 0 141 273
152 1310 1139 996 1090 297 527 544 931 199 497 1699 783 141 0 413
291 1320 768 1005 1410 442 454 594 545 456 342 1497 538 273 413 0
