0 1320 768 969 1648 1101 503 363 987 1223 1681 674 867 644 959 983
1320 0 1790 2006 1172 228 1536 1670 2285 97 564 1907 2071 1939 2273 593
768 1790 0 1530 2386 1614 284 580 742 1697 1950 366 1283 552 1046 1649
969 2006 1530 0 1709 1782 1362 953 1191 1922 2490 1224 332 1047 806 1461
1648 1172 2386 1709 0 1108 2101 1979 2561 1174 1706 2317 1948 2247 2345 799
1101 228 1614 1782 1108 0 1349 1455 2074 140 743 1706 1843 1728 2049 411
503 1536 284 1362 2101 1349 0 425 834 1441 1746 417 1160 540 1029 1366
363 1670 580 953 1979 1455 425 0 624 1572 1989 346 734 280 657 1345
987 2285 742 1191 2561 2074 834 624 0 2187 2564 417 865 346 432 1966
1223 97 1697 1922 1174 140 1441 1572 2187 0 612 1810 1980 1841 2176 536
1681 564 1950 2490 1706 743 1746 1989 2564 612 0 2156 2507 2232 2634 1148
674 1907 366 1224 2317 1706 417 346 417 1810 2156 0 948 191 679 1650
867 2071 1283 332 1948 1843 1160 734 865 1980 2507 948 0 761 474 1577
644 1939 552 1047 2247 1728 540 280 346 1841 2232 191 761 0 500 1626
959 2273 1046 806 2345 2049 1029 657 432 2176 2634 679 474 500 0 1859
983 593 1649 1461 799 411 1366 1345 1966 536 1148 1650 1577 1626 1859 0
