0 649 354 932 1373 1544 449 835 257 1052 1117 1060 1531 652 1324 1596
649 0 995 1450 1976 1129 1085 1472 421 539 1764 1360 1254 1228 1136 2178
354 995 0 836 1133 1769 96 481 610 1403 794 946 1825 528 1599 1376
932 1450 836 0 611 2472 853 929 1050 1597 771 1770 1634 308 1378 753
1373 1976 1133 611 0 2896 1096 930 1556 2189 527 1921 2237 748 1982 254
1544 1129 1769 2472 2896 0 1822 2132 1442 1461 2539 1414 2237 2196 2192 3130
449 1085 96 853 1096 1822 0 387 706 1499 723 917 1916 550 1688 1344
835 1472 481 929 930 2132 387 0 1091 1881 438 996 2250 691 2011 1183
257 421 610 1050 1556 1442 706 1091 0 795 1351 1225 1318 811 1130 1763
1052 539 1403 1597 2189 1461 1499 1881 795 0 2095 1897 779 1464 742 2350
1117 1764 794 771 527 2539 723 438 1351 2095 0 1430 2325 678 2073 771
1060 1360 946 1770 1921 1414 917 996 1225 1897 1430 0 2537 1466 2355 2176
1531 1254 1825 1634 2237 2237 1916 2250 1318 779 2325 2537 0 1648 255 2321
652 1228 528 308 748 2196 550 691 811 1464 678 1466 1648 0 1396 953
1324 1136 1599 1378 1982 2192 1688 2011 1130 742 2073 2355 255 1396 0 2070
1596 2178 1376 753 254 3130 1344 1183 1763 2350 771 2176 2321 953 2070 0
