0 90 1609 579 1245 390 81 946 1174 1474 1073 689 321 5 91 1075
90 0 1699 670 1333 311 83 901 1114 1393 1162 642 296 88 125 1065
1609 1699 0 1030 385 1940 1664 2340 2468 3048 719 2006 1803 1611 1631 1929
579 670 1030 0 674 931 634 1383 1589 2029 556 1088 792 582 601 1237
1245 1333 385 674 0 1562 1305 2034 2086 2704 549 1621 1464 1247 1275 1565
390 311 1940 931 1562 0 390 989 819 1275 1454 395 517 385 434 909
81 83 1664 634 1305 390 0 864 1197 1405 1104 725 240 84 44 1138
946 901 2340 1383 2034 989 864 0 1688 837 1653 1375 629 948 867 1897
1174 1114 2468 1589 2086 819 1197 1688 0 1594 2145 503 1333 1169 1239 675
1474 1393 3048 2029 2704 1275 1405 837 1594 0 2410 1533 1245 1473 1431 2071
1073 1162 719 556 549 1454 1104 1653 2145 2410 0 1644 1181 1077 1063 1766
689 642 2006 1088 1621 395 725 1375 503 1533 1644 0 900 683 763 547
321 296 1803 792 1464 517 240 629 1333 1245 1181 900 0 324 237 1357
5 88 1611 582 1247 385 84 948 1169 1473 1077 683 324 0 96 1070
91 125 1631 601 1275 434 44 867 1239 1431 1063 763 237 96 0 1165
1075 1065 1929 1237 1565 909 1138 1897 675 2071 1766 547 1357 1070 1165 0
