0 265 1724 1269 593 921 423 43 13 1699 1396 716 187 1298 1128 1013
265 0 1870 1003 795 658 448 299 279 1481 1235 643 187 1553 1279 851
1724 1870 0 2578 1994 2390 2132 1734 1717 3322 1843 1453 1905 1169 2499 1737
1269 1003 2578 0 1730 381 1260 1302 1282 958 1060 1126 1148 2531 2087 895
593 795 1994 1730 0 1351 486 550 584 1888 1989 1298 612 1187 563 1606
921 658 2390 381 1351 0 878 950 934 954 1148 957 782 2210 1709 864
423 448 2132 1260 486 878 0 404 426 1432 1679 1079 284 1554 860 1297
43 299 1734 1302 550 950 404 0 34 1711 1439 756 194 1277 1088 1056
13 279 1717 1282 584 934 426 34 0 1710 1405 722 196 1285 1122 1022
1699 1481 3322 958 1888 954 1432 1711 1710 0 2012 1909 1516 2973 1990 1794
1396 1235 1843 1060 1989 1148 1679 1439 1405 2012 0 730 1418 2263 2510 385
716 643 1453 1126 1298 957 1079 756 722 1909 730 0 795 1576 1844 394
187 187 1905 1148 612 782 284 194 196 1516 1418 795 0 1467 1093 1033
1298 1553 1169 2531 1187 2210 1554 1277 1285 2973 2263 1576 1467 0 1537 1970
1128 1279 2499 2087 563 1709 860 1088 1122 1990 2510 1844 1093 1537 0 2125
1013 851 1737 895 1606 864 1297 1056 1022 1794 385 394 1033 1970 2125 0
