0 1175 566 1116 770 463 12 1564 1510 727 256 696 40 1439 1590 442
1175 0 1631 1056 439 883 1163 2355 2622 700 919 1126 1136 436 2764 1119
566 1631 0 1676 1280 1030 575 1805 1413 1012 777 1234 601 1955 1215 545
1116 1056 1676 0 784 673 1108 1453 2026 1318 979 469 1086 914 2450 1426
770 439 1280 784 0 445 757 1941 2183 562 517 717 729 676 2357 834
463 883 1030 673 445 0 454 1522 1745 757 308 352 428 1043 1977 758
12 1163 575 1108 757 454 0 1569 1521 717 244 691 28 1427 1602 439
1564 2355 1805 1453 1941 1522 1569 0 971 2231 1688 1229 1574 2344 1713 2001
1510 2622 1413 2026 2183 1745 1521 971 0 2233 1741 1620 1542 2766 780 1843
727 700 1012 1318 562 757 717 2231 2233 0 543 1110 700 1110 2212 467
256 919 777 979 517 308 244 1688 1741 543 0 635 216 1190 1846 449
696 1126 1234 469 717 352 691 1229 1620 1110 635 0 674 1164 1989 1075
40 1136 601 1086 729 428 28 1574 1542 700 216 674 0 1399 1630 441
1439 436 1955 914 676 1043 1427 2344 2766 1110 1190 1164 1399 0 3014 1485
1590 2764 1215 2450 2357 1977 1602 1713 780 2212 1846 1989 1630 3014 0 1754
442 1119 545 1426 834 758 439 2001 1843 467 449 1075 441 1485 1754 0
