0 1017 590 1427 1441 783 1620 844 578 137 348 224 288 1171 1002 1543
1017 0 789 2217 2457 871 2592 1820 1575 974 743 810 1247 2059 1875 1572
590 789 0 2018 1850 1109 1883 1149 958 668 644 413 645 1307 1124 1931
1427 2217 2018 0 1299 1418 1808 1454 1341 1367 1515 1625 1469 1852 1802 1418
1441 2457 1850 1299 0 2014 525 718 898 1505 1755 1649 1229 856 937 2456
783 871 1109 1418 2014 0 2311 1565 1293 649 488 762 1066 1936 1775 822
1620 2592 1883 1808 525 2311 0 778 1043 1719 1964 1793 1353 620 782 2860
844 1820 1149 1454 718 1565 778 0 272 948 1190 1016 575 425 348 2196
578 1575 958 1341 898 1293 1043 272 0 677 921 765 331 662 532 1943
137 974 668 1367 1505 649 1719 948 677 0 250 259 417 1294 1129 1405
348 743 644 1515 1755 488 1964 1190 921 250 0 273 634 1517 1344 1300
224 810 413 1625 1649 762 1793 1016 765 259 273 0 440 1298 1119 1570
288 1247 645 1469 1229 1066 1353 575 331 417 634 440 0 883 713 1797
1171 2059 1307 1852 856 1936 620 425 662 1294 1517 1298 883 0 184 2606
1002 1875 1124 1802 937 1775 782 348 532 1129 1344 1119 713 184 0 2468
1543 1572 1931 1418 2456 822 2860 2196 1943 1405 1300 1570 1797 2606 2468 0
