0 1654 521 500 1206 784 340 682 223 1354 616 1065 1662 235 1635 93 1164
1654 0 1925 1654 1760 1724 1314 1078 1433 448 2261 2557 2504 1608 2905 1577 1160
521 1925 0 1012 1724 442 738 1129 620 1541 718 1316 2122 370 1962 513 1660
500 1654 1012 0 712 1271 546 577 546 1476 774 904 1191 721 1312 546 820
1206 1760 1724 712 0 1948 1144 914 1197 1764 1394 1227 744 1413 1261 1237 606
784 1724 442 1271 1948 0 823 1179 751 1296 1152 1737 2446 551 2367 725 1746
340 1314 738 546 1144 823 0 390 127 1030 949 1332 1727 368 1835 270 939
682 1078 1129 577 914 1179 390 0 510 919 1231 1479 1598 758 1865 638 567
223 1433 620 546 1197 751 127 510 0 1131 840 1259 1738 251 1793 144 1044
1354 448 1541 1476 1764 1296 1030 919 1131 0 1970 2348 2490 1260 2782 1267 1219
616 2261 718 774 1394 1152 949 1231 840 1970 0 607 1565 753 1269 704 1592
1065 2557 1316 904 1227 1737 1332 1479 1259 2348 607 0 1107 1268 666 1158 1640
1662 2504 2122 1191 744 2446 1727 1598 1738 2490 1565 1107 0 1895 741 1725 1348
235 1608 370 721 1413 551 368 758 251 1260 753 1268 1895 0 1859 176 1295
1635 2905 1962 1312 1261 2367 1835 1865 1793 2782 1269 666 741 1859 0 1721 1827
93 1577 513 546 1237 725 270 638 144 1267 704 1158 1725 176 1721 0 1149
1164 1160 1660 820 606 1746 939 567 1044 1219 1592 1640 1348 1295 1827 1149 0
