0 1465 846 514 1014 1174 534 646 1140 440 406 555 392 607 1135 908
1465 0 2022 1010 2359 2615 1795 1455 337 1251 1186 910 1097 2072 2280 2188
846 2022 0 1042 1395 827 311 1478 1688 782 866 1230 1165 730 1707 212
514 1010 1042 0 1519 1610 789 888 673 260 178 230 334 1094 1584 1189
1014 2359 1395 1519 0 969 1195 968 2070 1441 1419 1490 1284 665 419 1282
1174 2615 827 1610 969 0 873 1592 2281 1396 1441 1719 1566 597 1382 621
534 1795 311 789 1195 873 0 1168 1458 545 611 953 866 547 1461 404
646 1455 1478 888 968 1592 1168 0 1214 987 905 732 555 1004 825 1505
1140 337 1688 673 2070 2281 1458 1214 0 914 848 590 790 1745 2029 1851
440 1251 782 260 1441 1396 545 987 914 0 99 470 484 928 1574 936
406 1186 866 178 1419 1441 611 905 848 99 0 373 388 944 1527 1010
555 910 1230 230 1490 1719 953 732 590 470 373 0 208 1162 1494 1357
392 1097 1165 334 1284 1566 866 555 790 484 388 208 0 991 1289 1265
607 2072 730 1094 665 597 547 1004 1745 928 944 1162 991 0 991 635
1135 2280 1707 1584 419 1382 1461 825 2029 1574 1527 1494 1289 991 0 1627
908 2188 212 1189 1282 621 404 1505 1851 936 1010 1357 1265 635 1627 0
