0 1394 1243 1658 884 395 1056 414 1711 1354 924 827 1616 753 868 611
1394 0 916 1737 615 1637 440 1129 2231 358 1345 567 2673 1458 1126 1608
1243 916 0 821 542 1624 1048 1265 2700 578 597 809 2836 814 449 1065
1658 1737 821 0 1298 2049 1839 1854 3318 1390 734 1560 3251 928 849 1172
884 615 542 1298 0 1212 545 773 2167 473 760 268 2381 846 542 995
395 1637 1624 2049 1212 0 1239 512 1385 1664 1317 1089 1221 1132 1263 946
1056 440 1048 1839 545 1239 0 727 1813 654 1287 316 2234 1327 1076 1407
414 1129 1265 1854 773 512 727 0 1466 1189 1139 598 1610 1038 1007 973
1711 2231 2700 3318 2167 1385 1813 1466 0 2460 2595 1918 971 2458 2474 2315
1354 358 578 1390 473 1664 654 1189 2460 0 1079 592 2792 1234 871 1428
924 1345 597 734 760 1317 1287 1139 2595 1079 0 974 2527 244 219 516
827 567 809 1560 268 1089 316 598 1918 592 974 0 2199 1011 767 1102
1616 2673 2836 3251 2381 1221 2234 1610 971 2792 2527 2199 0 2324 2485 2098
753 1458 814 928 846 1132 1327 1038 2458 1234 244 1011 2324 0 376 272
868 1126 449 849 542 1263 1076 1007 2474 871 219 767 2485 376 0 616
611 1608 1065 1172 995 946 1407 973 2315 1428 516 1102 2098 272 616 0
