0 630 875 708 1389 1301 1522 1559 1460 1148 352 638 1184 867 203 1242
630 0 419 82 1348 895 989 1456 1579 1773 660 828 772 1461 829 670
875 419 0 423 1013 478 1196 1858 1998 2002 718 731 1103 1743 1040 866
708 82 423 0 1390 888 914 1435 1586 1848 741 900 717 1530 909 591
1389 1348 1013 1390 0 811 2205 2789 2815 2161 1039 764 2103 2078 1418 1878
1301 895 478 888 811 0 1497 2306 2473 2373 1059 944 1506 2156 1437 1194
1522 989 1196 914 2205 1497 0 1145 1572 2552 1645 1813 424 2175 1722 332
1559 1456 1858 1435 2789 2306 1145 0 532 2115 1868 2138 851 1722 1682 1242
1460 1579 1998 1586 2815 2473 1572 532 0 1722 1807 2092 1198 1353 1523 1581
1148 1773 2002 1848 2161 2373 2552 2115 1722 0 1314 1476 2150 398 964 2324
352 660 718 741 1039 1059 1645 1868 1807 1314 0 286 1372 1115 401 1331
638 828 731 900 764 944 1813 2138 2092 1476 286 0 1586 1335 654 1486
1184 772 1103 717 2103 1506 424 851 1198 2150 1372 1586 0 1766 1373 393
867 1461 1743 1530 2078 2156 2175 1722 1353 398 1115 1335 1766 0 720 1964
203 829 1040 909 1418 1437 1722 1682 1523 964 401 654 1373 720 0 1445
1242 670 866 591 1878 1194 332 1242 1581 2324 1331 1486 393 1964 1445 0
