0 875 1641 1471 1299 419 1647 1703 1719 941 207 632 373 1107 1133 439
875 0 2472 986 1543 632 2238 1108 2248 1759 705 1494 516 1161 1901 986
1641 2472 0 3075 2480 1857 2128 2927 1179 713 1772 1210 2009 2521 1470 1519
1471 986 3075 0 1129 1479 2040 1956 3126 2400 1418 1898 1156 755 2026 1792
1299 1543 2480 1129 0 1604 920 2649 2951 1955 1410 1302 1262 413 1109 1738
419 632 1857 1479 1604 0 2054 1288 1653 1146 221 1025 365 1328 1552 353
1647 2238 2128 2040 920 2054 0 3284 2940 1852 1833 1254 1808 1290 697 2030
1703 1108 2927 1956 2649 1288 3284 0 2225 2277 1497 2309 1476 2270 2836 1500
1719 2248 1179 3126 2951 1653 2940 2225 0 1087 1715 1718 1973 2821 2244 1335
941 1759 713 2400 1955 1146 1852 2277 1087 0 1061 661 1303 1915 1156 816
207 705 1772 1418 1410 221 1833 1497 1715 1061 0 834 262 1165 1339 381
632 1494 1210 1898 1302 1025 1254 2309 1718 661 834 0 978 1310 599 856
373 516 2009 1156 1262 365 1808 1476 1973 1303 262 978 0 965 1402 637
1107 1161 2521 755 413 1328 1290 2270 2821 1915 1165 1310 965 0 1306 1530
1133 1901 1470 2026 1109 1552 697 2836 2244 1156 1339 599 1402 1306 0 1442
439 986 1519 1792 1738 353 2030 1500 1335 816 381 856 637 1530 1442 0
