0 165 130 1197 1337 198 188 935 147 1662 1153 1068 1459 331 1489 1206
165 0 267 1267 1500 346 244 947 196 1509 1052 1171 1420 433 1367 1067
130 267 0 1267 1278 81 126 839 121 1776 1138 938 1581 205 1617 1231
1197 1267 1267 0 1258 1257 1377 2099 1343 2060 2316 1996 909 1437 1582 2275
1337 1500 1278 1258 0 1202 1389 1763 1398 2898 2346 1298 2107 1274 2567 2499
198 346 81 1257 1202 0 188 841 197 1855 1193 885 1619 182 1686 1301
188 244 126 1377 1389 188 0 746 49 1730 1012 927 1638 193 1610 1112
935 947 839 2099 1763 841 746 0 791 2167 749 633 2367 662 2203 1067
147 196 121 1343 1398 197 49 791 0 1691 1027 975 1589 237 1563 1110
1662 1509 1776 2060 2898 1855 1730 2167 1691 0 1658 2617 1386 1922 558 1316
1153 1052 1138 2316 2346 1193 1012 749 1027 1658 0 1377 2286 1078 1865 368
1068 1171 938 1996 1298 885 927 633 975 2617 1377 0 2497 741 2537 1670
1459 1420 1581 909 2107 1619 1638 2367 1589 1386 2286 2497 0 1786 832 2104
331 433 205 1437 1274 182 193 662 237 1922 1078 741 1786 0 1799 1231
1489 1367 1617 1582 2567 1686 1610 2203 1563 558 1865 2537 832 1799 0 1583
1206 1067 1231 2275 2499 1301 1112 1067 1110 1316 368 1670 2104 1231 1583 0
