0 891 589 688 476 342 1165 394 164 1675 90 1355 961 456 1600 1281 1573
891 0 1398 1262 1256 1216 365 496 727 2561 978 775 415 1197 811 488 2454
589 1398 0 400 145 283 1716 930 726 1346 544 1942 1324 788 2163 1837 1279
688 1262 400 0 330 555 1615 881 753 1727 698 1924 1078 1052 2068 1740 1669
476 1256 145 330 0 234 1578 794 600 1471 448 1818 1180 749 2027 1699 1398
342 1216 283 555 234 0 1505 724 500 1387 277 1692 1220 517 1942 1622 1297
1165 365 1716 1615 1578 1505 0 786 1005 2792 1244 460 738 1379 453 124 2677
394 496 930 881 794 724 786 0 230 2066 481 1044 629 743 1233 907 1961
164 727 726 753 600 500 1005 230 0 1837 251 1217 818 557 1444 1122 1734
1675 2561 1346 1727 1471 1387 2792 2066 1837 0 1585 2843 2607 1425 3185 2894 133
90 978 544 698 448 277 1244 481 251 1585 0 1415 1051 391 1674 1357 1483
1355 775 1942 1924 1818 1692 460 1044 1217 2843 1415 0 1180 1424 430 396 2718
961 415 1324 1078 1180 1220 738 629 818 2607 1051 1180 0 1368 1137 846 2515
456 1197 788 1052 749 517 1379 743 557 1425 391 1424 1368 0 1760 1475 1305
1600 811 2163 2068 2027 1942 453 1233 1444 3185 1674 430 1137 1760 0 329 3065
1281 488 1837 1740 1699 1622 124 907 1122 2894 1357 396 846 1475 329 0 2777
1573 2454 1279 1669 1398 1297 2677 1961 1734 133 1483 2718 2515 1305 3065 2777 0
