0 229 413 1400 1645 1342 1676 1413 681 746 1609 111 830 847 469 640
229 0 183 1523 1541 1154 1558 1204 472 806 1706 332 765 969 404 636
413 183 0 1628 1489 1026 1493 1038 318 903 1810 515 771 1084 450 701
1400 1523 1628 0 3045 2654 3073 2085 1640 2056 2734 1403 2230 554 1869 2021
1645 1541 1489 3045 0 754 113 2013 1663 1146 1426 1655 824 2491 1176 1063
1342 1154 1026 2654 754 0 688 1275 1075 1220 1886 1401 790 2110 948 1012
1676 1558 1493 3073 113 688 0 1959 1648 1218 1537 1694 870 2518 1208 1117
1413 1204 1038 2085 2013 1275 1959 0 733 1894 2783 1524 1618 1687 1426 1663
681 472 318 1640 1663 1075 1648 733 0 1217 2123 791 1035 1137 754 1004
746 806 903 2056 1146 1220 1218 1894 1217 0 907 690 430 1530 469 240
1609 1706 1810 2734 1426 1886 1537 2783 2123 907 0 1527 1188 2273 1370 1124
111 332 515 1403 1655 1401 1694 1524 791 690 1527 0 832 858 488 618
830 765 771 2230 824 790 870 1618 1035 430 1188 832 0 1678 367 253
847 969 1084 554 2491 2110 2518 1687 1137 1530 2273 858 1678 0 1316 1476
469 404 450 1869 1176 948 1208 1426 754 469 1370 488 367 1316 0 251
640 636 701 2021 1063 1012 1117 1663 1004 240 1124 618 253 1476 251 0
