0 1596 1319 782 1716 1142 309 1563 768 224 348 1489 384 706 1017 986
1596 0 2792 1480 2589 2715 1382 168 2040 1818 1310 1801 1354 1600 2614 1905
1319 2792 0 2019 1184 430 1626 2712 1628 1167 1668 2660 1697 1893 709 1093
782 1480 2019 0 2490 1738 518 1531 624 860 540 712 448 154 1518 1739
1716 2589 1184 2490 0 1551 1977 2453 2373 1720 1974 3202 2052 2422 1765 769
1142 2715 430 1738 1551 0 1426 2660 1270 944 1481 2330 1487 1598 286 1268
309 1382 1626 518 1977 1426 0 1375 737 482 73 1229 77 488 1269 1222
1563 168 2712 1531 2453 2660 1375 0 2063 1787 1301 1908 1357 1641 2575 1788
768 2040 1628 624 2373 1270 737 2063 0 667 807 1069 727 472 1007 1708
224 1818 1167 860 1720 944 482 1787 667 0 539 1540 544 750 798 1041
348 1310 1668 540 1974 1481 73 1301 807 539 0 1244 97 530 1332 1212
1489 1801 2660 712 3202 2330 1229 1908 1069 1540 1244 0 1156 791 2075 2451
384 1354 1697 448 2052 1487 77 1357 727 544 97 1156 0 432 1322 1295
706 1600 1893 154 2422 1598 488 1641 472 750 530 791 432 0 1372 1685
1017 2614 709 1518 1765 286 1269 2575 1007 798 1332 2075 1322 1372 0 1373
986 1905 1093 1739 769 1268 1222 1788 1708 1041 1212 2451 1295 1685 1373 0
