0 20 593 731 607 581 699 1359 134 724 667 558 126 722 280 944 144
20 0 573 750 590 560 692 1368 114 732 686 555 131 737 283 960 138
593 573 0 1226 527 106 911 1511 460 1212 1179 583 662 1117 586 1512 605
731 750 1226 0 1336 1255 1323 957 844 1038 74 793 775 245 641 928 842
607 590 527 1336 0 424 426 1890 517 874 1269 972 569 1322 808 1261 497
581 560 106 1255 424 0 820 1596 446 1151 1203 663 632 1164 624 1471 568
699 692 911 1323 426 820 0 2058 690 536 1249 1216 592 1387 972 957 554
1359 1368 1511 957 1890 1596 2058 0 1393 1931 1012 935 1469 750 1096 1883 1504
134 114 460 844 517 446 690 1393 0 808 784 527 213 806 297 1062 178
724 732 1212 1038 874 1151 536 1931 808 0 966 1273 603 1188 980 421 631
667 686 1179 74 1269 1203 1249 1012 784 966 0 774 706 277 598 871 774
558 555 583 793 972 663 1216 935 527 1273 774 0 685 610 294 1420 686
126 131 662 775 569 632 592 1469 213 603 706 685 0 802 404 851 73
722 737 1117 245 1322 1164 1387 750 806 1188 277 610 802 0 543 1141 856
280 283 586 641 808 624 972 1096 297 980 598 294 404 543 0 1133 420
944 960 1512 928 1261 1471 957 1883 1062 421 871 1420 851 1141 1133 0 906
144 138 605 842 497 568 554 1504 178 631 774 686 73 856 420 906 0
