0 761 948 1148 235 924 275 962 58 701 1237 221 1460 280 122 1704
761 0 587 1783 824 1489 1036 1130 817 137 1799 548 2156 489 650 2047
948 587 0 2095 852 1273 1175 1648 983 471 2168 831 2401 795 830 1604
1148 1783 2095 0 1298 1580 968 1008 1119 1778 235 1283 434 1332 1264 2447
235 824 852 1298 0 721 335 1197 218 730 1415 377 1563 419 233 1472
924 1489 1273 1580 721 0 798 1842 880 1370 1772 1098 1663 1140 954 873
275 1036 1175 968 335 798 0 1046 219 973 1099 494 1230 553 390 1645
962 1130 1648 1008 1197 1842 1046 0 988 1198 892 899 1442 904 999 2662
58 817 983 1119 218 880 219 988 0 754 1218 280 1419 338 171 1674
701 137 471 1778 730 1370 973 1198 754 0 1812 505 2133 450 582 1910
1237 1799 2168 235 1415 1772 1099 892 1218 1812 0 1339 599 1382 1345 2644
221 548 831 1283 377 1098 494 899 280 505 1339 0 1628 59 144 1824
1460 2156 2401 434 1563 1663 1230 1442 1419 2133 599 1628 0 1682 1582 2488
280 489 795 1332 419 1140 553 904 338 450 1382 59 1682 0 191 1848
122 650 830 1264 233 954 390 999 171 582 1345 144 1582 191 0 1693
1704 2047 1604 2447 1472 873 1645 2662 1674 1910 2644 1824 2488 1848 1693 0
