0 1708 62 214 181 1406 1534 521 270 1640 655 1201 754 1176 645 799
1708 0 1760 1811 1584 1908 1086 1849 1976 1284 1201 2892 2407 2739 2354 2497
62 1760 0 233 202 1386 1596 481 216 1652 681 1144 726 1113 597 757
214 1811 233 0 389 1617 1500 711 296 1844 843 1175 599 1237 577 691
181 1584 202 389 0 1254 1522 437 405 1459 479 1308 928 1216 789 956
1406 1908 1386 1617 1254 0 2461 945 1457 816 1031 1880 1989 1455 1714 1903
1534 1086 1596 1500 1522 2461 0 1944 1776 2120 1452 2670 1973 2710 2065 2136
521 1849 481 711 437 945 1944 0 512 1384 647 1129 1048 891 793 985
270 1976 216 296 405 1457 1776 512 0 1811 876 931 558 944 384 554
1640 1284 1652 1844 1459 816 2120 1384 1811 0 1014 2492 2368 2144 2160 2348
655 1201 681 843 479 1031 1452 647 876 1014 0 1729 1407 1538 1258 1431
1201 2892 1144 1175 1308 1880 2670 1129 931 2492 1729 0 787 495 604 580
754 2407 726 599 928 1989 1973 1048 558 2368 1407 787 0 1080 312 209
1176 2739 1113 1237 1216 1455 2710 891 944 2144 1538 495 1080 0 792 883
645 2354 597 577 789 1714 2065 793 384 2160 1258 604 312 792 0 191
799 2497 757 691 956 1903 2136 985 554 2348 1431 580 209 883 191 0
