0 1678 229 525 476 362 510 788 1012 5 1380 422 1228 1629 458 619 1629
1678 0 1869 1656 2051 1536 1637 2465 2372 1673 593 1315 784 451 1317 1517 1360
229 1869 0 478 250 405 699 607 1054 232 1601 649 1351 1845 687 621 1667
525 1656 478 0 488 210 1011 1005 1516 523 1543 755 1001 1747 814 169 1203
476 2051 250 488 0 522 945 520 1202 479 1826 888 1466 2062 930 656 1682
362 1536 405 210 522 0 815 999 1374 359 1367 545 954 1584 604 258 1277
510 1637 699 1011 945 815 0 1056 746 510 1184 401 1427 1451 362 1065 1967
788 2465 607 1005 520 999 1056 0 944 793 2149 1187 1953 2405 1208 1171 2203
1012 2372 1054 1516 1202 1374 746 944 0 1016 1877 1130 2152 2143 1102 1629 2632
5 1673 232 523 479 359 510 793 1016 0 1376 418 1223 1624 454 616 1624
1380 593 1601 1543 1826 1367 1184 2149 1877 1376 0 963 1013 267 940 1450 1694
422 1315 649 755 888 545 401 1187 1130 418 963 0 1027 1217 60 755 1574
1228 784 1351 1001 1466 954 1427 1953 2152 1223 1013 1027 0 1078 1065 837 685
1629 451 1845 1747 2062 1584 1451 2405 2143 1624 267 1217 1078 0 1199 1639 1730
458 1317 687 814 930 604 362 1208 1102 454 940 60 1065 1199 0 816 1626
619 1517 621 169 656 258 1065 1171 1629 616 1450 755 837 1639 816 0 1046
1629 1360 1667 1203 1682 1277 1967 2203 2632 1624 1694 1574 685 1730 1626 1046 0
