0 160 206 1523 1607 1606 28 1161 674 898 1058 273 570 999 500 233 110
160 0 201 1368 1748 1474 132 1027 832 1042 1212 432 484 954 399 115 116
206 201 0 1501 1779 1435 201 997 748 911 1208 431 375 793 318 147 267
1523 1368 1501 0 2896 1278 1494 1100 2196 2407 2480 1771 1382 1730 1328 1357 1431
1607 1748 1779 2896 0 3212 1629 2768 1189 1358 610 1348 2151 2463 2097 1840 1636
1606 1474 1435 1278 3212 0 1585 447 2137 2186 2642 1865 1073 987 1116 1374 1591
28 132 201 1494 1629 1585 0 1140 703 925 1084 300 557 995 484 211 88
1161 1027 997 1100 2768 447 1140 0 1718 1797 2205 1423 649 718 680 929 1143
674 832 748 2196 1189 2137 703 1718 0 312 579 438 1069 1292 1045 869 766
898 1042 911 2407 1358 2186 925 1797 312 0 776 711 1159 1261 1161 1051 1002
1058 1212 1208 2480 610 2642 1084 2205 579 776 0 786 1571 1857 1526 1290 1110
273 432 431 1771 1348 1865 300 1423 438 711 786 0 805 1173 749 503 343
570 484 375 1382 2151 1073 557 649 1069 1159 1571 805 0 495 95 368 594
999 954 793 1730 2463 987 995 718 1292 1261 1857 1173 495 0 590 842 1052
500 399 318 1328 2097 1116 484 680 1045 1161 1526 749 95 590 0 284 512
233 115 147 1357 1840 1374 211 929 869 1051 1290 503 368 842 284 0 227
110 116 267 1431 1636 1591 88 1143 766 1002 1110 343 594 1052 512 227 0
