0 1163 836 1511 1598 247 1430 1576 147 1680 1311 1058 1577 1372 1705 38
1163 0 353 457 1679 1188 2408 2717 1121 2842 2446 279 545 1255 1793 1131
836 353 0 682 1460 902 2163 2408 817 2504 2098 411 755 1064 1577 801
1511 457 682 0 1560 1583 2834 3087 1499 3156 2725 731 89 1130 1662 1475
1598 1679 1460 1560 0 1836 2932 2774 1719 2561 2060 1861 1537 433 117 1570
247 1188 902 1583 1836 0 1272 1533 119 1718 1407 1028 1657 1588 1945 269
1430 2408 2163 2834 2932 1272 0 767 1377 1290 1401 2192 2913 2779 3024 1467
1576 2717 2408 3087 2774 1533 767 0 1596 550 841 2558 3153 2736 2844 1612
147 1121 817 1499 1719 119 1377 1596 0 1747 1407 984 1571 1469 1828 159
1680 2842 2504 3156 2561 1718 1290 550 1747 0 501 2731 3211 2608 2612 1711
1311 2446 2098 2725 2060 1407 1401 841 1407 501 0 2368 2774 2114 2112 1337
1058 279 411 731 1861 1028 2192 2558 984 2731 2368 0 820 1452 1977 1031
1577 545 755 89 1537 1657 2913 3153 1571 3211 2774 820 0 1110 1635 1540
1372 1255 1064 1130 433 1588 2779 2736 1469 2608 2114 1452 1110 0 541 1338
1705 1793 1577 1662 117 1945 3024 2844 1828 2612 2112 1977 1635 541 0 1678
38 1131 801 1475 1570 269 1467 1612 159 1711 1337 1031 1540 1338 1678 0
