0 558 1620 1562 237 1724 211 633 1439 180 682 1448 1436 568 170 646 815
558 0 1147 1985 504 1564 627 1155 992 436 1237 1536 1976 1089 403 991 261
1620 1147 0 2553 1642 1088 1751 2253 199 1445 2218 1584 3046 2188 1450 1682 922
1562 1985 2553 0 1789 1864 1700 1528 2359 1581 1118 1152 1593 1532 1634 996 2172
237 504 1642 1789 0 1883 134 664 1476 333 836 1663 1488 599 281 883 761
1724 1564 1088 1864 1883 0 1928 2268 981 1561 2041 715 2900 2216 1604 1361 1500
211 627 1751 1700 134 1928 0 532 1579 367 710 1658 1356 467 331 837 886
633 1155 2253 1528 664 2268 532 0 2072 810 410 1849 823 66 802 964 1416
1439 992 199 2359 1476 981 1579 2072 0 1263 2025 1416 2859 2008 1271 1483 788
180 436 1445 1581 333 1561 367 810 1263 0 814 1334 1603 746 59 609 679
682 1237 2218 1118 836 2041 710 410 2025 814 0 1534 866 414 836 681 1490
1448 1536 1584 1152 1663 715 1658 1849 1416 1334 1534 0 2346 1810 1391 885 1592
1436 1976 3046 1593 1488 2900 1356 823 2859 1603 866 2346 0 889 1606 1539 2237
568 1089 2188 1532 599 2216 467 66 2008 746 414 1810 889 0 737 925 1350
170 403 1450 1634 281 1604 331 802 1271 59 836 1391 1606 737 0 667 654
646 991 1682 996 883 1361 837 964 1483 609 681 885 1539 925 667 0 1178
815 261 922 2172 761 1500 886 1416 788 679 1490 1592 2237 1350 654 1178 0
