0 1047 1446 132 1473 193 1691 637 16 529 1366 77 1108 153 722 371
1047 0 1269 1066 1320 1160 672 1553 1031 1460 1445 1067 902 1198 967 725
1446 1269 0 1342 2516 1640 1742 2074 1443 1400 2558 1392 394 1512 1927 1449
132 1066 1342 0 1594 310 1725 732 139 433 1495 56 1019 177 846 451
1473 1320 2516 1594 0 1391 1403 1421 1461 1993 311 1548 2123 1573 753 1192
193 1160 1640 310 1391 0 1776 448 197 610 1248 254 1300 194 642 440
1691 672 1742 1725 1403 1776 0 2120 1675 2130 1641 1720 1443 1844 1405 1337
637 1553 2074 732 1421 448 2120 0 643 855 1194 683 1745 565 782 834
16 1031 1443 139 1461 197 1675 643 0 544 1356 87 1102 169 710 355
529 1460 1400 433 1993 610 2130 855 544 0 1859 464 1174 420 1240 884
1366 1445 2558 1495 311 1248 1641 1194 1356 1859 0 1443 2163 1441 662 1149
77 1067 1392 56 1548 254 1720 683 87 464 1443 0 1064 143 798 423
1108 902 394 1019 2123 1300 1443 1745 1102 1174 2163 1064 0 1196 1538 1066
153 1198 1512 177 1573 194 1844 565 169 420 1441 143 1196 0 821 521
722 967 1927 846 753 642 1405 782 710 1240 662 798 1538 821 0 490
371 725 1449 451 1192 440 1337 834 355 884 1149 423 1066 521 490 0
