0 336 1505 867 1367 588 1612 536 194 786 470 428 1656 1259 1129 430 272
336 0 1213 960 1295 549 1669 727 382 1121 729 749 1524 1526 1147 762 448
1505 1213 0 1441 2160 1118 2709 1546 1595 2202 1942 1933 954 2740 1317 1858 1423
867 960 1441 0 2219 455 2472 378 1061 1033 1248 1079 1058 1907 322 840 595
1367 1295 2160 2219 0 1842 646 1903 1182 1856 1185 1402 2766 1454 2439 1634 1631
588 549 1118 455 1842 0 2175 428 768 1106 1049 948 1072 1812 598 793 370
1612 1669 2709 2472 646 2175 0 2110 1419 1833 1253 1464 3194 1122 2741 1728 1882
536 727 1546 378 1903 428 2110 0 722 712 874 701 1371 1536 690 467 286
194 382 1595 1061 1182 768 1419 722 0 840 346 401 1826 1144 1322 514 466
786 1121 2202 1033 1856 1106 1833 712 840 0 674 471 2077 956 1355 360 779
470 729 1942 1248 1185 1049 1253 874 346 674 0 220 2121 799 1544 477 694
428 749 1933 1079 1402 948 1464 701 401 471 220 0 2012 864 1387 264 578
1656 1524 954 1058 2766 1072 3194 1371 1826 2077 2121 2012 0 2876 762 1824 1435
1259 1526 2740 1907 1454 1812 1122 1536 1144 956 799 864 2876 0 2226 1069 1442
1129 1147 1317 322 2439 598 2741 690 1322 1355 1544 1387 762 2226 0 1157 861
430 762 1858 840 1634 793 1728 467 514 360 477 264 1824 1069 1157 0 438
272 448 1423 595 1631 370 1882 286 466 779 694 578 1435 1442 861 438 0
