0 1496 1295 145 334 8 615 134 980 623 1722 93 1537 949 655 861 92
1496 0 2691 1637 1787 1504 1501 1626 754 1493 515 1428 3019 1811 1175 1866 1431
1295 2691 0 1195 961 1287 1235 1203 2004 1781 2995 1387 539 1102 1929 1780 1322
145 1637 1195 0 255 137 688 11 1121 638 1850 212 1406 985 734 813 229
334 1787 961 255 0 327 585 260 1187 892 2046 426 1232 803 981 1031 366
8 1504 1287 137 327 0 616 126 987 626 1731 100 1529 948 661 860 98
615 1501 1235 688 585 616 0 683 775 1213 1881 668 1658 383 1140 1477 541
134 1626 1203 11 260 126 683 0 1111 635 1840 201 1416 983 727 814 219
980 754 2004 1121 1187 987 775 1111 0 1282 1206 949 2390 1058 1031 1652 892
623 1493 1781 638 892 626 1213 635 1282 0 1522 550 1875 1568 318 382 677
1722 515 2995 1850 2046 1731 1881 1840 1206 1522 0 1639 3256 2226 1221 1852 1679
93 1428 1387 212 426 100 668 201 949 550 1639 0 1618 1017 563 817 127
1537 3019 539 1406 1232 1529 1658 1416 2390 1875 3256 1618 0 1599 2094 1762 1591
949 1811 1102 985 803 948 383 983 1058 1568 2226 1017 1599 0 1519 1797 890
655 1175 1929 734 981 661 1140 727 1031 318 1221 563 2094 1519 0 692 667
861 1866 1780 813 1031 860 1477 814 1652 382 1852 817 1762 1797 692 0 939
92 1431 1322 229 366 98 541 219 892 677 1679 127 1591 890 667 939 0
