0 940 1624 91 1490 12 848 56 922 1591 145 1546 1613 306 839 903 861
940 0 2303 864 2401 953 706 883 1856 2408 1064 1268 684 904 683 935 1578
1624 2303 0 1631 1849 1616 2468 1655 1177 2305 1489 3171 2804 1916 2456 1484 766
91 864 1631 0 1579 102 836 50 992 1682 200 1546 1532 344 824 823 865
1490 2401 1849 1579 0 1478 2007 1545 793 514 1406 2436 3085 1509 2015 2240 1530
12 953 1616 102 1478 0 858 69 909 1581 134 1555 1626 311 849 909 853
848 706 2468 836 2007 858 0 813 1678 1888 991 719 1277 594 23 1410 1701
56 883 1655 50 1545 69 813 0 977 1638 193 1517 1557 299 802 874 890
922 1856 1177 992 793 909 1678 977 0 1162 792 2285 2517 1088 1677 1496 737
1591 2408 2305 1682 514 1581 1888 1638 1162 0 1550 2176 3084 1508 1901 2445 1872
145 1064 1489 200 1406 134 991 193 792 1550 0 1683 1728 428 983 903 730
1546 1268 3171 1546 2436 1555 719 1517 2285 2176 1683 0 1597 1260 736 2105 2407
1613 684 2804 1532 3085 1626 1277 1557 2517 3084 1728 1597 0 1587 1256 1326 2143
306 904 1916 344 1509 311 594 299 1088 1508 428 1260 1587 0 591 1140 1159
839 683 2456 824 2015 849 23 802 1677 1901 983 736 1256 591 0 1389 1690
903 935 1484 823 2240 909 1410 874 1496 2445 903 2105 1326 1140 1389 0 902
861 1578 766 865 1530 853 1701 890 737 1872 730 2407 2143 1159 1690 902 0
