0 1188 1464 1245 647 1689 1014 1107 793 1084 430 1027 1626 370 1561 1671 407
1188 0 842 2426 662 1003 604 2295 1913 1091 849 393 2108 1317 682 2831 815
1464 842 0 2639 834 225 1395 2475 1928 1856 1035 560 2811 1362 1499 2824 1271
1245 2426 2639 0 1875 2856 2127 179 814 1954 1651 2264 1779 1280 2691 766 1615
647 662 834 1875 0 1060 840 1725 1273 1185 223 390 2035 669 1240 2197 456
1689 1003 225 2856 1060 0 1582 2690 2131 2052 1260 768 3022 1577 1628 3017 1493
1014 604 1395 2127 840 1582 0 2029 1807 487 894 850 1513 1294 564 2667 619
1107 2295 2475 179 1725 2690 2029 0 635 1893 1501 2115 1816 1113 2594 734 1491
793 1913 1928 814 1273 2131 1807 635 0 1830 1065 1655 2090 604 2351 924 1195
1084 1091 1856 1954 1185 2052 487 1893 1830 0 1154 1298 1031 1436 878 2592 802
430 849 1035 1651 223 1260 894 1501 1065 1154 0 613 1915 467 1363 1987 357
1027 393 560 2264 390 768 850 2115 1655 1298 613 0 2254 1051 1069 2579 749
1626 2108 2811 1779 2035 3022 1513 1816 2090 1031 1915 2254 0 1982 1863 2541 1580
370 1317 1362 1280 669 1577 1294 1113 604 1436 467 1051 1982 0 1805 1529 678
1561 682 1499 2691 1240 1628 564 2594 2351 878 1363 1069 1863 1805 0 3225 1155
1671 2831 2824 766 2197 3017 2667 734 924 2592 1987 2579 2541 1529 3225 0 2078
407 815 1271 1615 456 1493 619 1491 1195 802 357 749 1580 678 1155 2078 0
