0 1629 859 130 652 370 552 14 542 111 1408 646 1171 633 1459 686
1629 0 1329 1631 1253 1944 1968 1622 1307 1733 2955 1588 2116 2136 266 1192
859 1329 0 755 1160 938 811 865 334 894 2205 1365 788 1485 1074 1145
130 1631 755 0 748 316 446 142 456 140 1473 772 1042 729 1445 775
652 1253 1160 748 0 1019 1195 639 850 755 1729 337 1731 926 1181 61
370 1944 938 316 1019 0 263 383 705 264 1276 961 963 664 1750 1056
552 1968 811 446 1195 263 0 566 667 471 1478 1188 701 925 1750 1222
14 1622 865 142 639 383 566 0 547 121 1408 632 1184 629 1455 673
542 1307 334 456 850 705 667 547 0 596 1929 1033 933 1175 1083 844
111 1733 894 140 755 264 471 121 596 0 1335 716 1124 592 1558 791
1408 2955 2205 1473 1729 1276 1478 1408 1929 1335 0 1425 2116 819 2828 1790
646 1588 1365 772 337 961 1188 632 1033 716 1425 0 1813 659 1518 397
1171 2116 788 1042 1731 963 701 1184 933 1124 2116 1813 0 1627 1858 1739
633 2136 1485 729 926 664 925 629 1175 592 819 659 1627 0 2009 986
1459 266 1074 1445 1181 1750 1750 1455 1083 1558 2828 1518 1858 2009 0 1123
686 1192 1145 775 61 1056 1222 673 844 791 1790 397 1739 986 1123 0
