0 214 1703 1446 79 452 191 1523 1175 510 1282 194 1273 1096 1582 559
214 0 1916 1551 292 317 384 1731 1383 719 1494 335 1470 1302 1731 659
1703 1916 0 1521 1627 2099 1571 622 739 1200 595 1623 625 655 1534 1686
1446 1551 1521 0 1424 1866 1495 1877 1665 1178 1637 1253 929 1058 2520 1888
79 292 1627 1424 0 509 127 1444 1096 438 1203 193 1207 1025 1522 529
452 317 2099 1866 509 0 531 1828 1490 940 1617 627 1714 1524 1661 579
191 384 1571 1495 127 531 0 1348 1001 419 1116 309 1194 996 1394 416
1523 1731 622 1877 1444 1828 1348 0 348 1105 268 1515 963 824 915 1310
1175 1383 739 1665 1096 1490 1001 348 0 768 146 1170 817 618 904 995
510 719 1200 1178 438 940 419 1105 768 0 843 429 776 586 1427 734
1282 1494 595 1637 1203 1617 1116 268 146 843 0 1260 749 578 1000 1137
194 335 1623 1253 193 627 309 1515 1170 429 1260 0 1144 989 1682 721
1273 1470 625 929 1207 1714 1194 963 817 776 749 1144 0 233 1721 1447
1096 1302 655 1058 1025 1524 996 824 618 586 578 989 233 0 1512 1222
1582 1731 1534 2520 1522 1661 1394 915 904 1427 1000 1682 1721 1512 0 1090
559 659 1686 1888 529 579 416 1310 995 734 1137 721 1447 1222 1090 0
