0 265 347 81 118 47 380 287 845 418 636 666 693 499 308 540 356 201 139 479 181 847 281 88 128 162 711 184 837 357 719 575 760 189 425 528 850 135 473 286 218 145 576 690 476 531 366 263 299 843 124 776 708 708 82 394 847 152 225 449 763 817 852 74 474 116 147 238 178 719 253 443 29 732 6 137 28 808
265 0 490 327 368 313 631 504 795 208 505 920 460 727 523 376 622 303 139 743 153 871 527 258 141 291 447 101 1024 549 466 834 839 299 172 728 1116 263 358 415 57 404 806 691 727 535 389 525 350 592 370 969 902 960 216 530 1055 354 54 706 497 788 696 340 722 178 399 414 420 586 511 281 237 855 271 130 281 1013
347 490 0 278 265 333 306 559 1192 500 963 543 949 710 577 509 423 187 370 460 337 530 241 436 381 508 849 470 1080 108 802 674 418 536 567 257 817 242 405 622 476 391 373 1037 629 282 714 432 647 1066 413 483 949 823 421 46 576 477 484 384 927 550 736 340 638 440 413 558 228 1046 449 450 349 1039 348 416 367 533
81 327 278 0 41 54 305 305 920 451 718 594 768 498 326 552 305 166 189 417 210 793 204 164 186 233 765 257 853 277 761 542 695 261 473 447 794 116 472 344 285 138 496 760 455 492 440 235 372 914 143 694 721 682 164 325 766 199 293 379 822 778 852 66 456 196 153 283 98 801 234 459 98 774 79 205 93 726
118 368 265 41 0 80 264 300 945 488 752 553 809 481 320 581 268 184 230 377 248 789 163 195 227 258 805 298 841 250 799 510 683 286 512 414 755 146 498 359 327 129 457 781 429 498 465 209 397 955 148 661 709 653 200 311 730 213 334 337 863 784 876 77 431 235 149 293 60 835 213 490 139 776 115 246 124 691
47 313 333 54 80 0 335 262 867 460 672 620 739 466 283 575 308 210 183 431 219 846 239 114 174 179 758 231 813 329 763 531 750 207 470 495 802 150 502 289 265 105 535 705 435 539 386 219 318 890 97 742 682 666 123 379 810 146 272 402 810 826 882 28 434 161 113 231 140 754 212 479 75 724 42 184 44 771
380 631 306 305 264 335 0 407 1145 725 995 289 1073 472 417 783 157 382 492 153 498 791 104 442 490 488 1059 562 837 203 1040 379 639 512 765 243 522 382 685 541 591 300 215 964 364 588 679 243 613 1220 344 458 711 528 458 327 502 415 599 83 1122 844 1038 316 378 496 322 464 211 1075 272 706 403 863 375 511 378 469
287 504 559 305 300 262 407 0 749 691 660 624 828 223 21 825 276 471 412 407 464 1088 365 248 395 219 939 402 551 515 970 369 973 223 676 638 703 413 760 167 447 170 620 561 247 797 320 164 270 1001 165 866 420 469 293 603 907 150 450 429 971 1083 1139 240 236 326 152 106 331 731 135 726 312 481 281 384 259 875
845 795 1192 920 945 867 1145 749 0 973 337 1372 630 834 746 1147 1025 1024 850 1155 906 1657 1078 756 833 687 951 753 816 1195 1059 1055 1596 659 889 1353 1402 958 1150 604 770 852 1361 194 940 1322 480 908 548 771 812 1595 784 1081 770 1238 1648 739 764 1177 907 1583 1444 869 922 756 828 681 1001 297 878 1064 843 527 845 796 827 1613
418 208 500 451 488 460 725 691 973 0 657 1008 514 912 711 174 756 345 281 859 241 747 622 443 296 490 348 302 1225 590 314 991 755 501 96 757 1239 346 194 620 260 564 862 887 895 428 596 680 558 590 540 977 1101 1126 398 526 1075 540 260 807 429 633 489 489 893 367 565 611 524 731 672 97 389 1063 425 307 442 1031
636 505 963 718 752 672 995 660 337 657 0 1261 306 825 667 828 912 779 595 1049 641 1377 908 558 582 507 614 494 949 992 722 1022 1341 484 567 1165 1363 720 844 493 496 697 1205 344 898 1041 340 789 394 470 652 1413 872 1093 554 1007 1482 584 489 1048 576 1284 1114 684 884 526 676 562 813 83 761 753 624 680 639 546 628 1444
666 920 543 594 553 620 289 624 1372 1008 1261 0 1359 588 626 1048 351 662 781 216 786 915 393 720 780 757 1346 850 894 435 1321 392 738 778 1052 334 302 670 946 782 880 567 193 1182 463 802 930 473 869 1509 612 381 790 496 742 544 356 677 888 218 1411 1013 1273 599 482 781 586 706 500 1339 503 979 690 1005 661 800 662 346
693 460 949 768 809 739 1073 828 630 514 306 1359 0 1030 842 655 1031 763 594 1164 613 1261 972 643 590 624 336 511 1218 1010 458 1197 1265 611 419 1189 1517 723 706 674 487 802 1261 648 1076 941 543 916 567 179 759 1430 1126 1294 617 987 1516 708 479 1141 279 1138 891 760 1065 578 788 722 866 332 894 610 670 966 698 564 697 1474
499 727 710 498 481 466 472 223 834 912 825 588 1030 0 204 1040 315 664 631 393 680 1237 479 470 615 441 1161 626 370 639 1193 223 1100 442 899 715 567 614 968 356 670 362 653 640 124 974 494 279 463 1206 375 907 240 267 515 748 922 373 674 453 1190 1256 1349 440 106 550 353 320 491 886 268 942 526 417 493 606 473 899
308 523 577 326 320 283 417 21 746 711 667 626 842 204 0 846 281 492 433 409 485 1107 378 268 416 237 957 421 530 531 989 358 989 239 695 650 696 434 781 174 466 190 628 557 235 817 326 174 280 1015 186 876 399 454 313 621 914 170 470 435 988 1103 1160 261 223 346 173 120 349 737 146 747 333 464 302 404 280 884
540 376 509 552 581 575 783 825 1147 174 828 1048 655 1040 846 0 844 407 415 929 361 618 687 584 434 640 411 461 1371 613 323 1092 661 655 261 759 1305 436 104 775 423 681 882 1062 1007 339 765 787 723 697 665 951 1244 1234 540 520 1055 679 424 866 505 483 321 602 1008 516 687 756 602 899 785 100 514 1225 546 454 567 1012
356 622 423 305 268 308 157 276 1025 756 912 351 1031 315 281 844 0 437 490 137 515 935 182 388 483 413 1067 536 681 336 1066 254 790 432 777 400 494 413 755 430 573 228 352 838 211 702 579 122 519 1191 272 605 554 403 419 454 636 330 580 155 1119 973 1125 282 223 459 244 354 242 988 151 756 384 710 350 493 343 607
201 303 187 166 184 210 382 471 1024 345 779 662 763 664 492 407 437 0 184 523 150 647 282 284 197 358 688 285 1020 252 659 688 572 384 397 429 902 68 317 488 289 304 521 881 612 330 554 393 490 886 307 666 888 833 257 229 755 351 297 465 759 617 692 230 615 267 319 438 195 863 397 324 190 932 204 233 228 712
139 139 370 189 230 183 492 412 850 281 595 781 594 631 433 415 490 184 0 606 62 807 388 169 20 229 577 101 955 417 580 714 750 249 287 596 982 130 361 367 108 284 668 719 614 475 395 402 338 731 258 840 828 846 125 413 922 264 116 567 633 750 734 212 612 109 284 341 281 679 392 315 109 822 145 54 161 881
479 743 460 417 377 431 153 407 1155 859 1049 216 1164 393 409 929 137 523 606 0 624 931 242 521 601 549 1183 662 735 356 1173 245 771 569 889 354 379 512 833 566 697 362 263 966 271 742 715 259 656 1320 407 516 617 387 548 479 529 467 704 81 1239 993 1191 406 288 588 379 491 335 1125 288 848 506 808 473 616 469 506
181 153 337 210 248 219 498 464 906 241 641 786 613 680 485 361 515 150 62 624 0 750 394 227 82 290 561 153 1011 398 551 750 700 310 266 576 1003 117 301 428 144 325 660 779 655 416 456 438 399 739 305 816 883 886 184 377 903 319 152 577 624 689 676 248 654 171 328 399 290 724 432 262 153 883 187 114 207 861
847 871 530 793 789 846 791 1088 1657 747 1377 915 1261 1237 1107 618 935 647 807 931 750 0 759 932 826 1006 1026 903 1608 599 923 1170 181 1032 843 590 1218 715 554 1133 888 919 724 1525 1147 336 1198 961 1136 1316 936 610 1477 1317 904 489 712 992 894 850 1121 178 581 859 1157 908 939 1077 758 1457 979 651 838 1566 849 862 872 679
281 527 241 204 163 239 104 365 1078 622 908 393 972 479 378 687 182 282 388 242 394 759 0 350 387 403 954 461 849 160 937 434 623 429 660 277 620 278 592 475 489 225 296 903 389 521 603 211 536 1117 266 517 719 584 362 273 576 339 496 184 1017 791 954 224 399 398 250 400 107 989 235 606 302 840 277 409 283 539
88 258 436 164 195 114 442 248 756 443 558 720 643 470 268 584 388 284 169 521 227 932 350 0 150 74 702 159 786 442 725 580 848 100 429 609 879 216 528 206 202 160 647 601 469 611 277 278 210 802 118 857 660 701 45 483 924 97 207 502 743 895 902 126 464 80 148 172 255 640 259 484 94 659 88 135 71 885
128 141 381 186 227 174 490 395 833 296 582 780 590 615 416 434 483 197 20 601 82 826 387 150 0 210 584 88 937 424 591 703 766 229 296 603 976 140 381 347 103 272 671 700 601 494 375 391 318 730 244 848 810 834 106 425 929 246 110 565 637 770 753 202 598 88 271 323 280 665 380 334 99 801 134 36 148 887
162 291 508 233 258 179 488 219 687 490 507 757 624 441 237 640 413 358 229 549 290 1006 403 74 210 0 720 190 735 508 754 577 922 27 463 671 892 290 591 137 234 190 698 528 459 685 206 294 139 792 144 917 612 687 107 555 980 84 237 541 752 968 961 183 451 124 170 123 316 587 269 540 168 592 160 186 141 943
711 447 849 765 805 758 1059 939 951 348 614 1346 336 1161 957 411 1067 688 577 1183 561 1026 954 702 584 720 0 542 1420 937 126 1281 1071 719 294 1106 1559 676 497 820 500 852 1208 934 1172 744 733 972 727 304 817 1325 1310 1403 661 874 1423 793 495 1138 95 878 574 786 1166 622 846 841 850 659 958 414 683 1204 718 577 728 1380
184 101 470 257 298 231 562 402 753 302 494 850 511 626 421 461 536 285 101 662 153 903 461 159 88 190 542 0 924 510 567 739 850 199 274 688 1030 228 427 317 44 312 751 629 629 569 312 433 263 659 275 934 801 861 119 513 1013 253 48 633 586 837 783 255 624 79 304 313 355 577 416 362 159 764 189 54 193 972
837 1024 1080 853 841 813 837 551 816 1225 949 894 1218 370 530 1371 681 1020 955 735 1011 1608 849 786 937 735 1420 924 0 1010 1476 503 1470 725 1193 1077 760 964 1310 609 967 715 999 649 472 1339 690 648 694 1397 716 1249 132 416 831 1119 1248 692 969 806 1430 1623 1688 790 458 858 701 615 858 983 633 1271 861 289 832 919 809 1231
357 549 108 277 250 329 203 515 1195 590 992 435 1010 639 531 613 336 252 417 356 398 599 160 442 424 508 937 510 1010 0 898 579 462 536 648 178 708 287 511 605 526 358 273 1030 547 386 715 369 647 1137 390 423 880 729 438 123 505 460 534 278 1010 641 845 326 558 466 382 534 195 1075 391 549 367 995 356 455 370 463
719 466 802 761 799 763 1040 970 1059 314 722 1321 458 1193 989 323 1066 659 580 1173 551 923 937 725 591 754 126 567 1476 898 0 1294 982 758 295 1059 1553 660 420 868 523 863 1171 1028 1191 662 799 982 783 428 833 1265 1360 1424 681 822 1368 820 519 1122 215 768 448 792 1187 644 861 878 837 772 971 352 689 1276 725 592 739 1324
575 834 674 542 510 531 379 369 1055 991 1022 392 1197 223 358 1092 254 688 714 245 750 1170 434 580 703 577 1281 739 503 579 1294 0 1014 587 1000 599 347 656 1006 533 780 431 503 861 124 955 683 312 639 1368 464 749 397 149 619 701 745 495 786 325 1323 1220 1379 503 138 659 435 475 493 1089 323 1001 605 628 569 705 555 728
760 839 418 695 683 750 639 973 1596 755 1341 738 1265 1100 989 661 790 572 750 771 700 181 623 848 766 922 1071 850 1470 462 982 1014 0 949 847 421 1040 638 576 1039 844 808 549 1450 1002 328 1124 832 1058 1343 831 429 1341 1158 828 372 533 895 851 690 1163 327 705 758 1014 840 830 976 642 1423 853 667 757 1454 761 803 782 499
189 299 536 261 286 207 512 223 659 501 484 778 611 442 239 655 432 384 249 569 310 1032 429 100 229 27 719 199 725 536 758 587 949 0 470 698 907 316 610 119 242 213 724 501 467 709 179 312 111 780 167 944 603 693 130 583 1006 102 244 564 748 991 977 211 458 141 192 121 344 563 286 556 194 573 188 202 168 969
425 172 567 473 512 470 765 676 889 96 567 1052 419 899 695 261 777 397 287 889 266 843 660 429 296 463 294 274 1193 648 295 1000 847 470 0 821 1267 382 290 584 229 568 918 813 896 522 539 688 510 504 538 1049 1073 1128 386 598 1144 526 226 844 362 729 560 499 892 349 566 587 556 639 677 194 395 1013 431 296 444 1101
528 728 257 447 414 495 243 638 1353 757 1165 334 1189 715 650 759 400 429 596 354 576 590 277 609 603 671 1106 688 1077 178 1059 599 421 698 821 0 634 466 654 752 704 502 140 1180 604 477 875 477 807 1315 541 247 952 740 610 238 326 613 712 275 1182 679 952 487 619 640 526 677 354 1248 504 706 541 1104 526 633 538 285
850 1116 817 794 755 802 522 703 1402 1239 1363 302 1517 567 696 1305 494 902 982 379 1003 1218 620 879 976 892 1559 1030 760 708 1553 347 1040 907 1267 634 0 892 1207 870 1067 719 495 1207 468 1090 1023 601 974 1681 760 663 691 350 912 826 608 808 1074 439 1613 1313 1554 776 484 952 731 806 715 1432 623 1227 878 950 844 987 837 613
135 263 242 116 146 150 382 413 958 346 720 670 723 614 434 436 413 68 130 512 117 715 278 216 140 290 676 228 964 287 660 656 638 316 382 466 892 0 355 421 239 252 544 813 572 396 486 351 422 854 247 709 833 798 190 287 793 287 247 463 741 682 735 174 573 201 263 373 177 804 351 344 122 867 139 174 162 751
473 358 405 472 498 502 685 760 1150 194 844 946 706 968 781 104 755 317 361 833 301 554 592 528 381 591 497 427 1310 511 420 1006 576 610 290 654 1207 355 0 728 395 606 778 1048 927 248 738 706 689 769 596 848 1181 1150 486 415 952 619 398 768 587 441 380 528 929 468 615 701 513 920 707 96 448 1183 478 408 500 909
286 415 622 344 359 289 541 167 604 620 493 782 674 356 174 775 430 488 367 566 428 1133 475 206 347 137 820 317 609 605 868 533 1039 119 584 752 870 421 728 0 360 250 757 427 409 817 152 309 107 850 214 992 491 620 244 668 1043 145 361 577 841 1102 1097 282 396 260 225 77 409 564 279 675 299 454 283 322 261 1009
218 57 476 285 327 265 591 447 770 260 496 880 487 670 466 423 573 289 108 697 144 888 489 202 103 234 500 44 967 526 523 780 844 242 229 704 1067 239 395 360 0 352 774 655 672 552 344 473 300 628 316 949 845 904 161 518 1031 297 7 664 546 815 745 291 667 122 345 357 382 579 458 325 191 803 223 81 230 989
145 404 391 138 129 105 300 170 852 564 697 567 802 362 190 681 228 304 284 362 325 919 225 160 272 190 852 312 715 358 863 431 808 213 568 502 719 252 606 250 352 0 514 678 330 627 379 120 313 963 45 743 583 562 193 436 798 115 358 351 898 913 986 78 329 234 24 176 166 776 108 584 174 648 139 274 124 763
576 806 373 496 457 535 215 620 1361 862 1205 193 1261 653 628 882 352 521 668 263 660 724 296 647 671 698 1208 751 999 273 1171 503 549 724 918 140 495 544 778 757 774 514 0 1179 533 615 893 456 827 1398 557 254 881 634 657 365 287 629 782 200 1280 819 1089 520 549 692 537 680 397 1286 486 821 595 1060 572 697 579 255
690 691 1037 760 781 705 964 561 194 887 344 1182 648 640 557 1062 838 881 719 966 779 1525 903 601 700 528 934 629 649 1030 1028 861 1450 501 813 1180 1207 813 1048 427 655 678 1179 0 745 1194 326 724 391 814 640 1418 602 888 623 1084 1466 569 651 991 909 1467 1373 704 728 616 653 502 834 351 693 971 693 363 689 664 669 1433
476 727 629 455 429 435 364 247 940 895 898 463 1076 124 235 1007 211 612 614 271 655 1147 389 469 601 459 1172 629 472 547 1191 124 1002 467 896 604 468 572 927 409 672 330 533 745 0 903 559 220 515 1247 357 787 349 232 511 663 799 380 677 335 1210 1179 1305 407 18 550 330 353 424 965 223 913 505 542 469 599 453 777
531 535 282 492 498 539 588 797 1322 428 1041 802 941 974 817 339 702 330 475 742 416 336 521 611 494 685 744 569 1339 386 662 955 328 709 522 477 1090 396 248 817 552 627 615 1194 903 0 869 695 809 1015 635 630 1207 1105 579 264 738 682 558 665 836 286 474 557 910 579 644 768 483 1122 706 338 518 1263 535 530 558 696
366 389 714 440 465 386 679 320 480 596 340 930 543 494 326 765 579 554 395 715 456 1198 603 277 375 206 733 312 690 715 799 683 1124 179 539 875 1023 486 738 152 344 379 893 326 559 869 0 457 68 721 336 1120 587 761 296 760 1178 264 342 722 739 1145 1085 389 545 290 356 224 522 412 427 669 367 477 365 341 347 1142
263 525 432 235 209 219 243 164 908 680 789 473 916 279 174 787 122 393 402 259 438 961 211 278 391 294 972 433 648 369 982 312 832 312 688 477 601 351 706 309 473 120 456 724 220 695 457 0 396 1079 159 702 516 448 313 471 743 210 479 269 1018 976 1085 191 222 354 129 233 211 866 30 693 293 630 257 395 244 711
299 350 647 372 397 318 613 270 548 558 394 869 567 463 280 723 519 490 338 656 399 1136 536 210 318 139 727 263 694 647 783 639 1058 111 510 807 974 422 689 107 300 313 827 391 515 809 68 396 0 743 270 1052 583 727 232 694 1111 198 299 659 741 1088 1045 321 503 230 290 168 454 469 368 625 301 505 298 285 279 1075
843 592 1066 914 955 890 1220 1001 771 590 470 1509 179 1206 1015 697 1191 886 731 1320 739 1316 1117 802 730 792 304 659 1397 1137 428 1368 1343 780 504 1315 1681 854 769 850 628 963 1398 814 1247 1015 721 1079 743 0 920 1550 1305 1468 772 1099 1641 875 621 1292 213 1176 876 914 1238 732 950 895 1010 478 1058 676 818 1142 848 709 851 1598
124 370 413 143 148 97 344 165 812 540 652 612 759 375 186 665 272 307 258 407 305 936 266 118 244 144 817 275 716 390 833 464 831 167 538 541 760 247 596 214 316 45 557 640 357 635 336 159 270 920 0 783 586 590 155 459 841 72 322 396 860 922 976 77 354 195 29 144 195 731 141 567 151 631 118 242 98 805
776 969 483 694 661 742 458 866 1595 977 1413 381 1430 907 876 951 605 666 840 516 816 610 517 857 848 917 1325 934 1249 423 1265 749 429 944 1049 247 663 709 848 992 949 743 254 1418 787 630 1120 702 1052 1550 783 0 1134 870 858 451 109 856 956 455 1406 749 1090 733 804 888 767 916 601 1495 731 915 789 1315 774 879 785 70
708 902 949 721 709 682 711 420 784 1101 872 790 1126 240 399 1244 554 888 828 617 883 1477 719 660 810 612 1310 801 132 880 1360 397 1341 603 1073 952 691 833 1181 491 845 583 881 602 349 1207 587 516 583 1305 586 1134 0 341 705 988 1139 564 848 684 1324 1491 1559 658 334 733 569 490 726 916 501 1144 732 271 702 794 680 1120
708 960 823 682 653 666 528 469 1081 1126 1093 496 1294 267 454 1234 403 833 846 387 886 1317 584 701 834 687 1403 861 416 729 1424 149 1158 693 1128 740 350 798 1150 620 904 562 634 888 232 1105 761 448 727 1468 590 870 341 0 743 851 853 610 909 468 1439 1370 1525 638 237 782 563 574 640 1153 454 1141 737 604 701 832 685 842
82 216 421 164 200 123 458 293 770 398 554 742 617 515 313 540 419 257 125 548 184 904 362 45 106 107 661 119 831 438 681 619 828 130 386 610 912 190 486 244 161 193 657 623 511 579 296 313 232 772 155 858 705 743 0 468 930 142 166 524 705 861 859 143 506 40 185 216 260 637 297 440 72 699 85 90 80 890
394 530 46 325 311 379 327 603 1238 526 1007 544 987 748 621 520 454 229 413 479 377 489 273 483 425 555 874 513 1119 123 822 701 372 583 598 238 826 287 415 668 518 436 365 1084 663 264 760 471 694 1099 459 451 988 851 468 0 548 523 526 401 954 519 729 386 672 486 458 604 271 1091 489 469 395 1084 395 461 414 505
847 1055 576 766 730 810 502 907 1648 1075 1482 356 1516 922 914 1055 636 755 922 529 903 712 576 924 929 980 1423 1013 1248 505 1368 745 533 1006 1144 326 608 793 952 1043 1031 798 287 1466 799 738 1178 743 1111 1641 841 109 1139 853 930 548 0 913 1039 481 1503 856 1199 798 817 962 822 966 669 1564 773 1016 863 1337 844 958 854 43
152 354 477 199 213 146 415 150 739 540 584 677 708 373 170 679 330 351 264 467 319 992 339 97 246 84 793 253 692 460 820 495 895 102 526 613 808 287 619 145 297 115 629 569 380 682 264 210 198 875 72 856 564 610 142 523 913 0 301 463 829 969 996 137 373 176 92 86 265 663 185 580 172 580 148 233 124 877
225 54 484 293 334 272 599 450 764 260 489 888 479 674 470 424 580 297 116 704 152 894 496 207 110 237 495 48 969 534 519 786 851 244 226 712 1074 247 398 361 7 358 782 651 677 558 342 479 299 621 322 956 848 909 166 526 1039 301 0 671 540 819 746 298 672 127 351 360 389 572 463 327 198 803 230 88 237 997
449 706 384 379 337 402 83 429 1177 807 1048 218 1141 453 435 866 155 465 567 81 577 850 184 502 565 541 1138 633 806 278 1122 325 690 564 844 275 439 463 768 577 664 351 200 991 335 665 722 269 659 1292 396 455 684 468 524 401 481 463 671 0 1200 913 1119 380 351 563 371 501 288 1126 299 789 473 860 444 583 444 453
763 497 927 822 863 810 1122 971 907 429 576 1411 279 1190 988 505 1119 759 633 1239 624 1121 1017 743 637 752 95 586 1430 1010 215 1323 1163 748 362 1182 1613 741 587 841 546 898 1280 909 1210 836 739 1018 741 213 860 1406 1324 1439 705 954 1503 829 540 1200 0 974 663 837 1203 664 890 869 912 611 1002 501 734 1200 768 626 777 1459
817 788 550 778 784 826 844 1083 1583 633 1284 1013 1138 1256 1103 483 973 617 750 993 689 178 791 895 770 968 878 837 1623 641 768 1220 327 991 729 679 1313 682 441 1102 815 913 819 1467 1179 286 1145 976 1088 1176 922 749 1491 1370 861 519 856 969 819 913 974 0 403 844 1187 857 931 1055 765 1361 989 535 802 1549 821 804 844 820
852 696 736 852 876 882 1038 1139 1444 489 1114 1273 891 1349 1160 321 1125 692 734 1191 676 581 954 902 753 961 574 783 1688 845 448 1379 705 977 560 952 1554 735 380 1097 745 986 1089 1373 1305 474 1085 1085 1045 876 976 1090 1559 1525 859 729 1199 996 746 1119 663 403 0 908 1308 837 995 1075 885 1178 1087 421 827 1547 858 775 880 1158
74 340 340 66 77 28 316 240 869 489 684 599 760 440 261 602 282 230 212 406 248 859 224 126 202 183 786 255 790 326 792 503 758 211 499 487 776 174 528 282 291 78 520 704 407 557 389 191 321 914 77 733 658 638 143 386 798 137 298 380 837 844 908 0 406 182 89 218 133 766 184 506 103 708 68 211 63 760
474 722 638 456 431 434 378 236 922 893 884 482 1065 106 223 1008 223 615 612 288 654 1157 399 464 598 451 1166 624 458 558 1187 138 1014 458 892 619 484 573 929 396 667 329 549 728 18 910 545 222 503 1238 354 804 334 237 506 672 817 373 672 351 1203 1187 1308 406 0 545 327 342 430 950 222 913 503 523 468 595 451 794
116 178 440 196 235 161 496 326 756 367 526 781 578 550 346 516 459 267 109 588 171 908 398 80 88 124 622 79 858 466 644 659 840 141 349 640 952 201 468 260 122 234 692 616 550 579 290 354 230 732 195 888 733 782 40 486 962 176 127 563 664 857 837 182 545 0 225 243 294 609 337 416 99 714 120 61 119 922
147 399 413 153 149 113 322 152 828 565 676 586 788 353 173 687 244 319 284 379 328 939 250 148 271 170 846 304 701 382 861 435 830 192 566 526 731 263 615 225 345 24 537 653 330 644 356 129 290 950 29 767 569 563 185 458 822 92 351 371 890 931 995 89 327 225 0 152 189 755 112 590 176 627 141 270 123 787
238 414 558 283 293 231 464 106 681 611 562 706 722 320 120 756 354 438 341 491 399 1077 400 172 323 123 841 313 615 534 878 475 976 121 587 677 806 373 701 77 357 176 680 502 353 768 224 233 168 895 144 916 490 574 216 604 966 86 360 501 869 1055 1075 218 342 243 152 0 339 636 203 656 256 494 234 304 210 932
178 420 228 98 60 140 211 331 1001 524 813 500 866 491 349 602 242 195 281 335 290 758 107 255 280 316 850 355 858 195 837 493 642 344 556 354 715 177 513 409 382 166 397 834 424 483 522 211 454 1010 195 601 726 640 260 271 669 265 389 288 912 765 885 133 430 294 189 339 0 895 224 516 197 812 175 302 184 630
719 586 1046 801 835 754 1075 731 297 731 83 1339 332 886 737 899 988 863 679 1125 724 1457 989 640 665 587 659 577 983 1075 772 1089 1423 563 639 1248 1432 804 920 564 579 776 1286 351 965 1122 412 866 469 478 731 1495 916 1153 637 1091 1564 663 572 1126 611 1361 1178 766 950 609 755 636 895 0 837 828 707 705 721 629 710 1526
253 511 449 234 213 212 272 135 878 672 761 503 894 268 146 785 151 397 392 288 432 979 235 259 380 269 958 416 633 391 971 323 853 286 677 504 623 351 707 279 458 108 486 693 223 706 427 30 368 1058 141 731 501 454 297 489 773 185 463 299 1002 989 1087 184 222 337 112 203 224 837 0 690 283 605 247 381 232 741
443 281 450 459 490 479 706 726 1064 97 753 979 610 942 747 100 756 324 315 848 262 651 606 484 334 540 414 362 1271 549 352 1001 667 556 194 706 1227 344 96 675 325 584 821 971 913 338 669 693 625 676 567 915 1144 1141 440 469 1016 580 327 789 501 535 421 506 913 416 590 656 516 828 690 0 416 1126 449 354 469 972
29 237 349 98 139 75 403 312 843 389 624 690 670 526 333 514 384 190 109 506 153 838 302 94 99 168 683 159 861 367 689 605 757 194 395 541 878 122 448 299 191 174 595 693 505 518 367 293 301 818 151 789 732 737 72 395 863 172 198 473 734 802 827 103 503 99 176 256 197 707 283 416 0 749 35 110 53 823
732 855 1039 774 776 724 863 481 527 1063 680 1005 966 417 464 1225 710 932 822 808 883 1566 840 659 801 592 1204 764 289 995 1276 628 1454 573 1013 1104 950 867 1183 454 803 648 1060 363 542 1263 477 630 505 1142 631 1315 271 604 699 1084 1337 580 803 860 1200 1549 1547 708 523 714 627 494 812 705 605 1126 749 0 728 775 705 1312
6 271 348 79 115 42 375 281 845 425 639 661 698 493 302 546 350 204 145 473 187 849 277 88 134 160 718 189 832 356 725 569 761 188 431 526 844 139 478 283 223 139 572 689 469 535 365 257 298 848 118 774 702 701 85 395 844 148 230 444 768 821 858 68 468 120 141 234 175 721 247 449 35 728 0 142 23 805
137 130 416 205 246 184 511 384 796 307 546 800 564 606 404 454 493 233 54 616 114 862 409 135 36 186 577 54 919 455 592 705 803 202 296 633 987 174 408 322 81 274 697 664 599 530 341 395 285 709 242 879 794 832 90 461 958 233 88 583 626 804 775 211 595 61 270 304 302 629 381 354 110 775 142 0 151 918
28 281 367 93 124 44 378 259 827 442 628 662 697 473 280 567 343 228 161 469 207 872 283 71 148 141 728 193 809 370 739 555 782 168 444 538 837 162 500 261 230 124 579 669 453 558 347 244 279 851 98 785 680 685 80 414 854 124 237 444 777 844 880 63 451 119 123 210 184 710 232 469 53 705 23 151 0 815
808 1013 533 726 691 771 469 875 1613 1031 1444 346 1474 899 884 1012 607 712 881 506 861 679 539 885 887 943 1380 972 1231 463 1324 728 499 969 1101 285 613 751 909 1009 989 763 255 1433 777 696 1142 711 1075 1598 805 70 1120 842 890 505 43 877 997 453 1459 820 1158 760 794 922 787 932 630 1526 741 972 823 1312 805 918 815 0
