0 323 861 144 15 230 787 155 656 25 703 122 345 847 153 236 350 857 492 441 246 463 694 203 453 589 743 17 232 542 32 546 177 433 793 263 43 503 353 238 495 29 265 114 406 613 107 828 630 126 254 723 322 677 203 94 669 802 471 409 178 544 283 105 811 801 758 462 201 434 722 464 466 738 665 732 815 730
323 0 1155 376 321 541 1085 411 673 346 424 302 169 885 474 294 588 1033 811 151 314 692 898 287 744 598 944 336 452 388 295 868 381 535 564 359 357 730 585 233 171 298 399 327 634 733 234 790 914 445 569 971 512 398 479 410 767 1119 162 129 161 816 600 404 686 1122 895 560 457 735 642 141 156 705 811 558 726 569
861 1155 0 920 856 748 79 743 1381 836 1407 958 1083 917 716 1069 916 1265 412 1293 877 956 1105 1040 411 910 453 857 936 1391 879 533 777 1143 1394 838 848 480 589 950 1316 877 792 935 947 690 924 1574 818 784 612 990 991 1386 676 812 1291 610 1264 1263 993 850 587 841 1230 557 1287 1164 697 724 1516 1281 1310 1026 1212 1265 1606 1243
144 376 920 0 160 191 842 288 523 152 791 73 450 991 215 152 222 717 520 452 388 334 560 128 528 734 860 131 91 473 167 522 320 291 902 408 114 618 475 367 539 164 410 50 275 752 227 703 538 137 313 606 179 764 318 116 525 756 537 420 275 441 334 82 946 765 614 321 326 364 612 514 489 882 521 856 705 856
15 321 856 160 0 239 783 143 671 26 695 136 335 831 153 248 364 872 491 443 231 477 709 216 447 573 731 31 248 551 25 551 162 448 782 248 56 492 341 225 492 22 250 129 421 598 98 842 641 135 252 736 338 668 194 105 685 808 466 411 171 557 282 119 797 807 774 478 189 444 735 461 466 722 681 719 828 716
230 541 748 191 239 0 669 280 643 214 933 253 575 978 140 342 204 700 339 637 447 298 526 319 384 755 760 213 187 659 262 333 335 401 1020 447 189 523 405 460 711 259 429 226 256 713 338 835 406 104 183 519 250 907 266 135 592 577 697 604 407 330 188 137 1015 582 640 426 292 204 768 683 670 911 549 950 858 945
787 1085 79 842 783 669 0 674 1301 762 1351 882 1020 902 640 992 837 1192 333 1222 814 877 1030 963 341 872 446 782 857 1314 806 458 710 1063 1346 777 773 434 529 886 1249 804 731 858 868 661 853 1494 746 707 536 918 912 1329 606 736 1212 555 1198 1191 923 775 511 763 1194 504 1210 1085 629 646 1437 1214 1240 995 1134 1221 1526 1200
155 411 743 288 143 280 674 0 809 138 722 278 365 712 141 391 457 968 418 551 184 565 798 359 332 476 588 163 364 690 156 524 59 580 775 172 174 350 199 229 576 156 149 267 514 464 182 984 679 194 185 799 455 697 67 187 810 790 531 521 249 610 217 219 739 779 887 609 49 472 878 541 567 631 793 688 971 679
656 673 1381 523 671 643 1301 809 0 671 1055 536 830 1490 730 437 465 499 968 611 868 452 469 466 1027 1215 1382 647 466 364 667 881 833 242 1223 900 635 1140 998 816 741 666 914 542 441 1269 696 193 701 650 817 624 393 1032 842 637 184 1014 798 598 697 608 828 602 1358 1048 327 217 850 674 202 742 657 1348 298 1231 259 1242
25 346 836 152 26 214 762 138 671 0 721 140 361 839 128 256 347 856 467 466 248 459 692 224 428 586 723 24 236 565 51 525 167 444 806 261 39 482 334 248 518 48 259 128 404 600 124 845 617 109 229 715 327 695 182 81 677 782 492 434 197 534 258 99 816 781 763 473 182 418 741 487 490 736 669 741 835 738
703 424 1407 791 695 933 1351 722 1055 721 0 718 362 818 834 718 1009 1454 1139 444 547 1115 1323 711 1025 583 1076 719 872 709 671 1238 668 953 192 579 744 931 822 493 314 674 623 741 1057 807 596 1131 1326 830 907 1393 937 26 784 798 1175 1500 267 458 526 1232 939 802 445 1495 1310 976 753 1136 970 315 398 593 1229 288 1036 316
122 302 958 73 136 253 882 278 536 140 718 0 382 959 242 116 291 775 569 383 343 401 623 84 556 693 864 116 156 433 131 586 297 320 833 369 114 623 475 311 466 129 379 27 342 733 173 706 611 177 346 676 234 692 322 146 561 825 464 351 209 514 371 122 888 833 662 349 322 436 600 440 418 836 570 792 694 794
345 169 1083 450 335 575 1020 365 830 361 362 382 0 718 471 419 672 1153 783 306 206 783 1005 401 684 432 819 362 538 558 312 876 315 668 452 247 387 627 495 136 256 316 293 400 725 586 237 956 974 470 547 1056 615 336 430 439 908 1138 185 291 175 885 579 447 528 1133 1027 695 401 779 811 221 292 536 938 414 895 419
847 885 917 991 831 978 902 712 1490 839 818 959 718 0 839 1053 1168 1677 912 1023 621 1274 1505 1023 738 286 465 860 1074 1270 829 1095 671 1278 693 590 878 536 585 681 950 831 581 958 1225 280 794 1644 1338 905 816 1483 1165 812 711 899 1516 1332 865 1010 800 1292 831 930 426 1298 1599 1308 688 1138 1511 920 1005 226 1506 549 1600 519
153 474 716 215 153 140 640 141 730 128 834 242 471 839 0 356 331 837 339 594 317 434 665 325 315 615 652 144 265 676 179 404 199 491 903 312 132 410 277 344 646 176 291 220 387 578 245 915 538 80 104 658 350 808 128 99 705 667 616 562 321 469 131 132 880 661 768 518 152 331 827 614 619 771 675 824 920 817
236 294 1069 152 248 342 992 391 437 256 718 116 419 1053 356 0 311 740 673 327 431 406 604 32 671 778 979 232 185 321 238 670 404 249 855 463 230 739 590 382 433 238 480 135 349 838 258 598 648 285 459 684 223 692 438 257 490 893 452 297 265 545 482 228 943 907 608 276 437 497 486 415 369 915 521 833 579 838
350 588 916 222 364 204 837 457 465 347 1009 291 672 1168 331 311 0 511 504 638 595 113 345 306 581 930 964 333 136 572 378 424 504 234 1125 607 309 727 606 585 741 375 600 272 57 910 446 658 338 263 388 384 100 983 460 273 390 605 750 608 498 234 390 247 1162 627 437 251 480 221 618 720 680 1082 345 1077 701 1076
857 1033 1265 717 872 700 1192 968 499 856 1454 775 1153 1677 837 740 511 0 899 1028 1103 403 175 753 1031 1441 1430 840 626 836 883 735 1016 502 1595 1118 817 1207 1103 1084 1153 880 1111 763 453 1413 945 610 447 774 874 280 541 1429 965 785 318 728 1187 1006 984 425 866 758 1663 778 172 481 989 578 697 1142 1075 1593 228 1566 729 1569
492 811 412 520 491 339 333 418 968 467 1139 569 783 912 339 673 504 899 0 933 594 552 729 646 173 777 552 483 526 994 517 190 471 730 1177 568 468 377 364 648 981 514 527 543 538 633 577 1161 474 391 241 643 578 1115 355 424 885 423 945 901 653 473 210 447 1089 395 894 751 386 327 1105 948 958 927 814 1073 1194 1059
441 151 1293 452 443 637 1222 551 611 466 444 383 306 1023 594 327 638 1028 933 0 466 730 913 335 882 738 1095 450 509 276 418 970 526 528 616 511 466 880 732 385 130 420 550 411 675 883 369 697 975 550 695 1007 548 421 617 516 736 1209 194 32 304 872 725 502 786 1217 875 547 599 816 540 133 47 833 800 643 616 659
246 314 877 388 231 447 814 184 868 248 547 343 206 621 317 431 595 1103 594 466 0 708 941 402 481 349 629 263 478 669 221 708 125 664 590 45 286 424 289 81 452 224 88 348 653 427 173 1023 852 347 369 961 567 523 240 326 905 974 389 442 184 776 400 348 569 963 1002 693 208 647 896 416 467 493 909 506 987 499
463 692 956 334 477 298 877 565 452 459 1115 401 783 1274 434 406 113 403 552 730 708 0 233 406 654 1040 1047 446 245 630 492 435 614 259 1235 719 421 815 703 698 839 488 710 383 58 1011 559 641 269 371 477 279 182 1089 562 384 336 568 854 701 609 165 474 360 1275 599 349 264 585 232 629 820 774 1193 263 1189 705 1189
694 898 1105 560 709 526 1030 798 469 692 1323 623 1005 1505 665 604 345 175 729 913 941 233 0 612 857 1273 1255 678 469 756 722 572 848 389 1453 952 654 1032 929 927 1032 719 944 608 288 1239 788 624 299 604 699 163 390 1297 793 618 291 604 1057 887 832 256 691 592 1505 650 201 376 817 404 671 1017 959 1427 173 1415 723 1416
203 287 1040 128 216 319 963 359 466 224 711 84 401 1023 325 32 306 753 646 335 402 406 612 0 640 751 947 199 174 350 206 649 372 270 842 433 198 707 557 356 434 205 449 105 348 807 229 629 641 256 429 685 225 685 406 227 512 878 448 304 241 539 452 200 923 889 626 298 405 482 518 414 375 889 537 815 611 820
453 744 411 528 447 384 341 332 1027 428 1025 556 684 738 315 671 581 1031 173 882 481 654 857 640 0 614 399 449 562 990 468 360 371 784 1042 446 444 203 211 548 908 467 402 535 627 459 512 1216 628 390 214 792 634 1002 265 414 972 595 859 851 582 609 198 446 931 565 1004 810 288 453 1139 873 899 760 917 928 1231 911
589 598 910 734 573 755 872 476 1215 586 583 693 432 286 615 778 930 1441 777 738 349 1040 1273 751 614 0 513 604 821 984 567 940 425 1013 506 326 626 442 414 400 670 570 329 696 987 236 522 1363 1145 669 619 1274 912 571 495 656 1254 1198 586 723 519 1083 643 683 322 1173 1348 1043 466 938 1227 638 721 156 1255 365 1316 340
743 944 453 860 731 760 446 588 1382 723 1076 864 819 465 652 979 964 1430 552 1095 629 1047 1255 947 399 513 0 748 918 1273 743 741 586 1143 1019 584 753 242 389 710 1075 744 544 850 1014 276 752 1564 1024 733 576 1190 1000 1060 543 745 1351 937 1003 1070 799 1009 574 780 813 895 1396 1171 541 853 1465 1039 1097 598 1306 878 1558 852
17 336 857 131 31 213 782 163 647 24 719 116 362 860 144 232 333 840 483 450 263 446 678 199 449 604 748 0 217 542 49 532 189 421 810 279 25 507 358 255 508 46 279 104 390 624 124 821 613 111 247 705 307 693 206 78 656 786 486 418 193 527 275 88 829 787 743 450 206 417 717 477 477 754 650 750 810 747
232 452 936 91 248 187 857 364 466 236 872 156 538 1074 265 185 136 626 526 509 478 245 469 174 562 821 918 217 0 481 257 495 402 225 990 496 196 676 539 458 607 254 495 138 186 828 318 654 466 185 350 521 91 846 384 179 446 709 614 479 364 365 364 145 1037 724 527 253 397 313 581 585 549 970 433 946 671 947
542 388 1391 473 551 659 1314 690 364 565 709 433 558 1270 676 321 572 836 994 276 669 630 756 350 990 984 1273 542 481 0 534 976 687 377 889 711 546 1039 888 597 400 534 741 456 587 1097 521 422 898 607 779 883 471 688 745 578 521 1178 471 276 485 793 803 550 1061 1198 669 383 738 787 263 409 316 1094 611 919 340 935
32 295 879 167 25 262 806 156 667 51 671 131 312 829 179 238 378 883 517 418 221 492 722 206 468 567 743 49 257 534 0 576 166 449 761 242 75 506 355 207 467 3 248 129 435 602 75 835 662 159 276 753 346 645 211 127 688 833 441 386 146 576 307 137 783 832 781 478 204 466 724 435 441 714 688 701 817 699
546 868 533 522 551 333 458 524 881 525 1238 586 876 1095 404 670 424 735 190 970 708 435 572 649 360 940 741 532 495 976 576 0 583 659 1299 692 511 563 527 747 1039 573 658 559 440 815 648 1074 294 423 340 467 518 1213 472 458 770 265 1018 937 722 317 310 468 1241 256 754 675 505 207 1043 1009 1002 1094 682 1208 1125 1197
177 381 777 320 162 335 710 59 833 167 668 297 315 671 199 404 504 1016 471 526 125 614 848 372 371 425 586 189 402 687 166 583 0 610 716 113 206 356 206 178 539 167 95 291 562 436 166 1002 737 244 243 854 494 644 116 231 845 848 488 498 222 666 274 260 681 837 929 639 85 530 888 503 537 579 835 628 981 620
433 535 1143 291 448 401 1063 580 242 444 953 320 668 1278 491 249 234 502 730 528 664 259 389 270 784 1013 1143 421 225 377 449 659 610 0 1099 690 406 901 763 624 651 447 697 320 226 1044 491 433 528 410 575 506 152 928 607 400 242 824 686 504 511 424 586 365 1193 852 360 29 617 454 383 640 574 1155 276 1082 467 1088
793 564 1394 902 782 1020 1346 775 1223 806 192 833 452 693 903 855 1125 1595 1177 616 590 1235 1453 842 1042 506 1019 810 990 889 761 1299 716 1099 0 610 836 914 830 560 489 764 649 852 1176 742 686 1311 1423 915 959 1508 1063 206 829 887 1330 1565 425 625 627 1336 990 897 281 1553 1459 1124 796 1224 1151 482 573 469 1375 146 1220 175
263 359 838 408 248 447 777 172 900 261 579 369 247 590 312 463 607 1118 568 511 45 719 952 433 446 326 584 279 496 711 242 692 113 690 610 0 300 380 248 126 496 244 45 371 665 386 204 1059 850 352 351 965 586 556 219 334 930 957 432 487 226 778 381 360 568 944 1022 719 186 643 934 460 512 475 929 517 1025 507
43 357 848 114 56 189 773 174 635 39 744 114 387 878 132 230 309 817 468 466 286 421 654 198 444 626 753 25 196 546 75 511 206 406 836 300 0 512 365 281 528 71 299 96 366 638 150 812 587 88 236 680 287 718 210 54 638 764 508 434 218 501 263 62 853 765 723 435 214 392 712 498 494 776 629 775 805 773
503 730 480 618 492 523 434 350 1140 482 931 623 627 536 410 739 727 1207 377 880 424 815 1032 707 203 442 242 507 676 1039 506 563 356 901 914 380 512 0 151 504 876 506 336 609 779 259 522 1322 824 491 339 982 759 911 301 503 1112 796 812 852 577 794 341 538 765 763 1162 929 302 637 1224 840 887 576 1072 787 1317 766
353 585 589 475 341 405 529 199 998 334 822 475 495 585 277 590 606 1103 364 732 289 703 929 557 211 414 389 358 539 888 355 527 206 763 830 248 365 151 0 365 736 355 203 461 661 311 371 1177 753 355 231 898 626 800 156 362 982 783 678 704 428 707 246 397 725 759 1043 791 152 552 1075 700 742 566 951 716 1169 700
238 233 950 367 225 460 886 229 816 248 493 311 136 681 344 382 585 1084 648 385 81 698 927 356 548 400 710 255 458 597 207 747 178 624 560 126 281 504 365 0 372 210 168 321 640 503 139 964 865 356 413 961 543 468 293 329 867 1011 313 362 119 782 445 344 578 1003 973 653 264 664 830 336 386 533 881 494 920 492
495 171 1316 539 492 711 1249 576 741 518 314 466 256 950 646 433 741 1153 981 130 452 839 1032 434 908 670 1075 508 607 400 467 1039 539 651 489 496 528 876 736 372 0 470 540 492 782 842 403 822 1074 616 740 1118 657 291 643 581 865 1288 85 147 329 973 771 574 676 1292 1002 672 620 902 663 36 84 747 926 527 734 545
29 298 877 164 22 259 804 156 666 48 674 129 316 831 176 238 375 880 514 420 224 488 719 205 467 570 744 46 254 534 3 573 167 447 764 244 71 506 355 210 470 0 250 127 432 603 78 834 659 155 274 750 343 648 211 123 686 830 444 388 149 573 304 134 786 829 779 476 203 463 723 438 444 717 686 704 816 702
265 399 792 410 250 429 731 149 914 259 623 379 293 581 291 480 600 1111 527 550 88 710 944 449 402 329 544 279 495 741 248 658 95 697 649 45 299 336 203 168 540 250 0 377 657 360 224 1078 828 339 319 948 586 600 186 326 935 923 477 525 257 759 347 355 591 908 1022 727 153 621 957 504 553 483 928 550 1049 539
114 327 935 50 129 226 858 267 542 128 741 27 400 958 220 135 272 763 543 411 348 383 608 105 535 696 850 104 138 456 129 559 291 320 852 371 96 609 461 321 492 127 377 0 324 727 182 716 587 152 323 656 222 714 307 122 558 798 488 378 226 491 347 96 900 806 654 349 310 409 615 466 445 842 562 807 708 808
406 634 947 275 421 256 868 514 441 404 1057 342 725 1225 387 349 57 453 538 675 653 58 288 348 627 987 1014 390 186 587 435 440 562 226 1176 665 366 779 661 640 782 432 657 324 0 966 501 634 311 320 439 336 126 1030 516 331 348 598 796 646 550 206 439 305 1218 625 383 238 537 233 607 763 718 1140 292 1131 687 1131
613 733 690 752 598 713 661 464 1269 600 807 733 586 280 578 838 910 1413 633 883 427 1011 1239 807 459 236 276 624 828 1097 602 815 436 1044 742 386 638 259 311 503 842 603 360 727 966 0 585 1437 1060 650 542 1209 919 792 450 650 1274 1055 763 863 612 1018 556 683 543 1022 1346 1073 432 862 1317 807 876 335 1253 601 1409 576
107 234 924 227 98 338 853 182 696 124 596 173 237 794 245 258 446 945 577 369 173 559 788 229 512 522 752 124 318 521 75 648 166 491 686 204 150 522 371 139 403 78 224 182 501 585 0 854 737 233 336 825 404 570 247 202 734 906 371 339 75 650 367 211 718 904 835 520 230 541 732 370 387 663 743 630 824 629
828 790 1574 703 842 835 1494 984 193 845 1131 706 956 1644 915 598 658 610 1161 697 1023 641 624 629 1216 1363 1564 821 654 422 835 1074 1002 433 1311 1059 812 1322 1177 964 822 834 1078 716 634 1437 854 0 881 834 1005 786 585 1111 1021 819 335 1196 892 693 844 793 1018 784 1475 1233 446 410 1026 867 162 831 738 1488 451 1338 132 1352
630 914 818 538 641 406 746 679 701 617 1326 611 974 1338 538 648 338 447 474 975 852 269 299 641 628 1145 1024 613 466 898 662 294 737 528 1423 850 587 824 753 865 1074 659 828 587 311 1060 737 881 0 509 527 172 434 1300 649 536 551 315 1075 945 801 105 507 526 1418 356 496 532 680 207 890 1050 1016 1301 443 1356 959 1351
126 445 784 137 135 104 707 194 650 109 830 177 470 905 80 285 263 774 391 550 347 371 604 256 390 669 733 111 185 607 159 423 244 410 915 352 88 491 355 356 616 155 339 152 320 650 233 834 509 0 176 613 271 804 201 34 627 675 597 518 304 429 196 56 917 677 696 438 218 309 749 586 580 823 602 848 841 843
254 569 612 313 252 183 536 185 817 229 907 346 547 816 104 459 388 874 241 695 369 477 699 429 214 619 576 247 350 779 276 340 243 575 959 351 236 339 231 413 740 274 319 323 439 542 336 1005 527 176 0 667 427 882 132 201 775 606 704 663 411 476 32 232 908 593 823 601 166 323 924 706 718 776 732 868 1016 858
723 971 990 606 736 519 918 799 624 715 1393 676 1056 1483 658 684 384 280 643 1007 961 279 163 685 792 1274 1190 705 521 883 753 467 854 506 1508 965 680 982 898 961 1118 750 948 656 336 1209 825 786 172 613 667 0 460 1367 780 635 452 451 1133 979 881 191 652 617 1530 499 362 500 808 346 824 1099 1051 1430 334 1455 882 1453
322 512 991 179 338 250 912 455 393 327 937 234 615 1165 350 223 100 541 578 548 567 182 390 225 634 912 1000 307 91 471 346 518 494 152 1063 586 287 759 626 543 657 343 586 222 126 919 404 585 434 271 427 460 0 911 472 268 356 706 674 519 443 329 436 235 1122 728 436 175 487 319 529 639 592 1061 342 1026 616 1028
677 398 1386 764 668 907 1329 697 1032 695 26 692 336 812 808 692 983 1429 1115 421 523 1089 1297 685 1002 571 1060 693 846 688 645 1213 644 928 206 556 718 911 800 468 291 648 600 714 1030 792 570 1111 1300 804 882 1367 911 0 760 771 1150 1474 241 434 500 1206 914 775 449 1470 1285 950 729 1110 950 291 376 587 1204 290 1016 317
203 479 676 318 194 266 606 67 842 182 784 322 430 711 128 438 460 965 355 617 240 562 793 406 265 495 543 206 384 745 211 472 116 607 829 219 210 301 156 293 643 211 186 307 516 450 247 1021 649 201 132 780 472 760 0 206 829 738 598 587 317 588 162 241 776 724 896 635 33 442 922 608 634 652 803 735 1016 725
94 410 812 116 105 135 736 187 637 81 798 146 439 899 99 257 273 785 424 516 326 384 618 227 414 656 745 78 179 578 127 458 231 400 887 334 54 503 362 329 581 123 326 122 331 650 202 819 536 34 201 635 268 771 206 0 625 710 562 483 272 453 225 35 895 711 700 429 218 339 728 551 545 808 606 822 821 819
669 767 1291 525 685 592 1212 810 184 677 1175 561 908 1516 705 490 390 318 885 736 905 336 291 512 972 1254 1351 656 446 521 688 770 845 242 1330 930 638 1112 982 867 865 686 935 558 348 1274 734 335 551 627 775 452 356 1150 829 625 0 867 910 717 754 469 779 591 1434 906 147 214 843 568 386 859 783 1398 117 1320 433 1327
802 1119 610 756 808 577 555 790 1014 782 1500 825 1138 1332 667 893 605 728 423 1209 974 568 604 878 595 1198 937 786 709 1178 833 265 848 824 1565 957 764 796 783 1011 1288 830 923 798 598 1055 906 1196 315 675 606 451 706 1474 738 710 867 0 1273 1176 979 406 576 714 1504 54 805 832 771 395 1198 1260 1244 1349 758 1473 1271 1462
471 162 1264 537 466 697 1198 531 798 492 267 464 185 865 616 452 750 1187 945 194 389 854 1057 448 859 586 1003 486 614 471 441 1018 488 686 425 432 508 812 678 313 85 444 477 488 796 763 371 892 1075 597 704 1133 674 241 598 562 910 1273 0 200 295 978 736 560 595 1273 1043 709 572 894 734 62 157 661 962 449 809 466
409 129 1263 420 411 604 1191 521 598 434 458 351 291 1010 562 297 608 1006 901 32 442 701 887 304 851 723 1070 418 479 276 386 937 498 504 625 487 434 852 704 362 147 388 525 378 646 863 339 693 945 518 663 979 519 434 587 483 717 1176 200 0 276 842 693 469 785 1185 855 524 569 784 538 143 72 824 778 645 616 660
178 161 993 275 171 407 923 249 697 197 526 209 175 800 321 265 498 984 653 304 184 609 832 241 582 519 799 193 364 485 146 722 222 511 627 226 218 577 428 119 329 149 257 226 550 612 75 844 801 304 411 881 443 500 317 272 754 979 295 276 0 711 442 275 683 978 864 539 296 610 712 295 317 651 774 582 803 585
544 816 850 441 557 330 775 610 608 534 1232 514 885 1292 469 545 234 425 473 872 776 165 256 539 609 1083 1009 527 365 793 576 317 666 424 1336 778 501 794 707 782 973 573 759 491 206 1018 650 793 105 429 476 191 329 1206 588 453 469 406 978 842 711 0 462 439 1345 440 438 430 617 157 792 951 914 1239 371 1276 865 1272
283 600 587 334 282 188 511 217 828 258 939 371 579 831 131 482 390 866 210 725 400 474 691 452 198 643 574 275 364 803 307 310 274 586 990 381 263 341 246 445 771 304 347 347 439 556 367 1018 507 196 32 652 436 914 162 225 779 576 736 693 442 462 0 253 934 562 822 611 195 306 941 738 748 799 732 898 1033 887
105 404 841 82 119 137 763 219 602 99 802 122 447 930 132 228 247 758 447 502 348 360 592 200 446 683 780 88 145 550 137 468 260 365 897 360 62 538 397 344 574 134 355 96 305 683 211 784 526 56 232 617 235 775 241 35 591 714 560 469 275 439 253 0 916 719 668 394 252 335 695 545 533 835 575 838 787 836
811 686 1230 946 797 1015 1194 739 1358 816 445 888 528 426 880 943 1162 1663 1089 786 569 1275 1505 923 931 322 813 829 1037 1061 783 1241 681 1193 281 568 853 765 725 578 676 786 591 900 1218 543 718 1475 1418 917 908 1530 1122 449 776 895 1434 1504 595 785 683 1345 934 916 0 1483 1548 1220 743 1211 1322 657 752 218 1457 158 1401 133
801 1122 557 765 807 582 504 779 1048 781 1495 833 1133 1298 661 907 627 778 395 1217 963 599 650 889 565 1173 895 787 724 1198 832 256 837 852 1553 944 765 763 759 1003 1292 829 908 806 625 1022 904 1233 356 677 593 499 728 1470 724 711 906 54 1273 1185 978 440 562 719 1483 0 850 861 757 412 1229 1263 1251 1323 800 1458 1304 1446
758 895 1287 614 774 640 1210 887 327 763 1310 662 1027 1599 768 608 437 172 894 875 1002 349 201 626 1004 1348 1396 743 527 669 781 754 929 360 1459 1022 723 1162 1043 973 1002 779 1022 654 383 1346 835 446 496 696 823 362 436 1285 896 700 147 805 1043 855 864 438 822 668 1548 850 0 335 914 567 524 995 922 1496 93 1441 560 1446
462 560 1164 321 478 426 1085 609 217 473 976 349 695 1308 518 276 251 481 751 547 693 264 376 298 810 1043 1171 450 253 383 478 675 639 29 1124 719 435 929 791 653 672 476 727 349 238 1073 520 410 532 438 601 500 175 950 635 429 214 832 709 524 539 430 611 394 1220 861 335 0 646 469 369 662 594 1184 254 1109 450 1115
201 457 697 326 189 292 629 49 850 182 753 322 401 688 152 437 480 989 386 599 208 585 817 405 288 466 541 206 397 738 204 505 85 617 796 186 214 302 152 264 620 203 153 310 537 432 230 1026 680 218 166 808 487 729 33 218 843 771 572 569 296 617 195 252 743 757 914 646 0 473 923 585 613 622 821 702 1016 692
434 735 724 364 444 204 646 472 674 418 1136 436 779 1138 331 497 221 578 327 816 647 232 404 482 453 938 853 417 313 787 466 207 530 454 1224 643 392 637 552 664 902 463 621 409 233 862 541 867 207 309 323 346 319 1110 442 339 568 395 894 784 610 157 306 335 1211 412 567 469 473 0 837 875 853 1095 488 1153 919 1147
722 642 1516 612 735 768 1437 878 202 741 970 600 811 1511 827 486 618 697 1105 540 896 629 671 518 1139 1227 1465 717 581 263 724 1043 888 383 1151 934 712 1224 1075 830 663 723 957 615 607 1317 732 162 890 749 924 824 529 950 922 728 386 1198 734 538 712 792 941 695 1322 1229 524 369 923 837 0 673 579 1346 500 1183 93 1198
464 141 1281 514 461 683 1214 541 742 487 315 440 221 920 614 415 720 1142 948 133 416 820 1017 414 873 638 1039 477 585 409 435 1009 503 640 482 460 498 840 700 336 36 438 504 466 763 807 370 831 1050 586 706 1099 639 291 608 551 859 1260 62 143 295 951 738 545 657 1263 995 662 585 875 673 0 95 720 916 511 747 528
466 156 1310 489 466 670 1240 567 657 490 398 418 292 1005 619 369 680 1075 958 47 467 774 959 375 899 721 1097 477 549 316 441 1002 537 574 573 512 494 887 742 386 84 444 553 445 718 876 387 738 1016 580 718 1051 592 376 634 545 783 1244 157 72 317 914 748 533 752 1251 922 594 613 853 579 95 0 809 847 606 653 623
738 705 1026 882 722 911 995 631 1348 736 593 836 536 226 771 915 1082 1593 927 833 493 1193 1427 889 760 156 598 754 970 1094 714 1094 579 1155 469 475 776 576 566 533 747 717 483 842 1140 335 663 1488 1301 823 776 1430 1061 587 652 808 1398 1349 661 824 651 1239 799 835 218 1323 1496 1184 622 1095 1346 720 809 0 1403 324 1431 294
665 811 1212 521 681 549 1134 793 298 669 1229 570 938 1506 675 521 345 228 814 800 909 263 173 537 917 1255 1306 650 433 611 688 682 835 276 1375 929 629 1072 951 881 926 686 928 562 292 1253 743 451 443 602 732 334 342 1204 803 606 117 758 962 778 774 371 732 575 1457 800 93 254 821 488 500 916 847 1403 0 1353 550 1357
732 558 1265 856 719 950 1221 688 1231 741 288 792 414 549 824 833 1077 1566 1073 643 506 1189 1415 815 928 365 878 750 946 919 701 1208 628 1082 146 517 775 787 716 494 527 704 550 807 1131 601 630 1338 1356 848 868 1455 1026 290 735 822 1320 1473 449 645 582 1276 898 838 158 1458 1441 1109 702 1153 1183 511 606 324 1353 0 1259 30
815 726 1606 705 828 858 1526 971 259 835 1036 694 895 1600 920 579 701 729 1194 616 987 705 723 611 1231 1316 1558 810 671 340 817 1125 981 467 1220 1025 805 1317 1169 920 734 816 1049 708 687 1409 824 132 959 841 1016 882 616 1016 1016 821 433 1271 809 616 803 865 1033 787 1401 1304 560 450 1016 919 93 747 653 1431 550 1259 0 1275
730 569 1243 856 716 945 1200 679 1242 738 316 794 419 519 817 838 1076 1569 1059 659 499 1189 1416 820 911 340 852 747 947 935 699 1197 620 1088 175 507 773 766 700 492 545 702 539 808 1131 576 629 1352 1351 843 858 1453 1028 317 725 819 1327 1462 466 660 585 1272 887 836 133 1446 1446 1115 692 1147 1198 528 623 294 1357 30 1275 0
