0 1531 1137 873 1267 151 327 714 185 1123 889 1586 1187 841 284 1240
1531 0 877 2390 1772 1383 1330 2124 1405 1152 2399 3074 418 1574 1631 2055
1137 877 0 1975 896 1001 820 1489 955 1499 2001 2700 885 769 1079 1203
873 2390 1975 0 1817 1024 1158 729 1035 1721 52 725 2020 1451 905 1609
1267 1772 896 1817 0 1218 1000 1117 1117 2135 1861 2493 1707 426 1023 376
151 1383 1001 1024 1218 0 226 818 104 1052 1040 1736 1047 794 335 1236
327 1330 820 1158 1000 226 0 797 142 1200 1183 1882 1047 581 301 1049
714 2124 1489 729 1117 818 797 0 752 1833 778 1376 1839 810 502 881
185 1405 955 1035 1117 104 142 752 0 1148 1056 1756 1090 692 253 1132
1123 1152 1499 1721 2135 1052 1200 1833 1148 0 1706 2263 761 1752 1385 2246
889 2399 2001 52 1861 1040 1183 778 1056 1706 0 699 2024 1491 936 1658
1586 3074 2700 725 2493 1736 1882 1376 1756 2263 699 0 2684 2155 1629 2240
1187 418 885 2020 1707 1047 1047 1839 1090 761 2024 2684 0 1422 1336 1930
841 1574 769 1451 426 794 581 810 692 1752 1491 2155 1422 0 606 511
284 1631 1079 905 1023 335 301 502 253 1385 936 1629 1336 606 0 961
1240 2055 1203 1609 376 1236 1049 881 1132 2246 1658 2240 1930 511 961 0
