0 1722 358 1660 44 1021 1300 595 918 795 574 361 664 1333 1602 311
1722 0 1836 259 1765 2017 1440 1532 2249 987 1162 1361 1980 1679 2659 2007
358 1836 0 1725 342 675 1095 402 570 850 689 567 998 1685 1923 522
1660 259 1725 0 1702 1830 1208 1387 2091 880 1086 1306 2002 1816 2748 1960
44 1765 342 1702 0 1013 1319 609 894 834 616 404 663 1359 1599 277
1021 2017 675 1830 1013 0 768 579 387 1110 1084 1096 1673 2305 2596 1184
1300 1440 1095 1208 1319 768 0 713 1133 833 974 1139 1931 2281 2863 1579
595 1532 402 1387 609 579 713 0 719 563 505 538 1248 1757 2188 866
918 2249 570 2091 894 387 1133 719 0 1281 1185 1117 1506 2252 2385 981
795 987 850 880 834 1110 833 563 1281 0 231 465 1264 1454 2141 1104
574 1162 689 1086 616 1084 974 505 1185 231 0 233 1038 1317 1931 879
361 1361 567 1306 404 1096 1139 538 1117 465 233 0 817 1219 1731 654
664 1980 998 2002 663 1673 1931 1248 1506 1264 1038 817 0 905 940 530
1333 1679 1685 1816 1359 2305 2281 1757 2252 1454 1317 1219 905 0 1056 1366
1602 2659 1923 2748 1599 2596 2863 2188 2385 2141 1931 1731 940 1056 0 1415
311 2007 522 1960 277 1184 1579 866 981 1104 879 654 530 1366 1415 0
