0 1287 116 1406 904 209 1680 1729 578 186 1228 565 1725 952 1267 1615
1287 0 1186 1002 2169 1085 2048 3016 754 1164 2473 1566 2113 2011 2038 2897
116 1186 0 1294 989 101 1732 1830 465 81 1306 558 1669 1060 1351 1724
1406 1002 1294 0 2013 1230 2795 2888 923 1220 2228 1281 1220 2351 2578 2872
904 2169 989 2013 0 1090 2173 882 1421 1004 332 731 1730 1065 1572 871
209 1085 101 1230 1090 0 1726 1931 370 111 1405 623 1682 1121 1380 1823
1680 2048 1732 2795 2173 1726 0 2544 1899 1809 2465 2231 3401 1145 646 2263
1729 3016 1830 2888 882 1931 2544 0 2282 1859 686 1608 2431 1427 1898 307
578 754 465 923 1421 370 1899 2282 0 423 1719 822 1628 1462 1654 2187
186 1164 81 1220 1004 111 1809 1859 423 0 1313 511 1593 1137 1433 1765
1228 2473 1306 2228 332 1405 2465 686 1719 1313 0 964 1761 1332 1845 789
565 1566 558 1281 731 623 2231 1608 822 511 964 0 1216 1351 1760 1596
1725 2113 1669 1220 1730 1682 3401 2431 1628 1593 1761 1216 0 2565 2972 2545
952 2011 1060 2351 1065 1121 1145 1427 1462 1137 1332 1351 2565 0 513 1171
1267 2038 1351 2578 1572 1380 646 1898 1654 1433 1845 1760 2972 513 0 1619
1615 2897 1724 2872 871 1823 2263 307 2187 1765 789 1596 2545 1171 1619 0
