0 641 1441 304 1541 656 1117 452 18 1542 432 684 219 1222 444 3
641 0 1312 778 908 789 1638 812 632 961 901 1236 570 622 791 640
1441 1312 0 1222 1457 800 2516 1872 1423 1176 1873 2087 1221 1720 1060 1444
304 778 1222 0 1612 422 1293 745 291 1551 697 866 209 1398 164 307
1541 908 1457 1612 0 1428 2523 1691 1530 326 1796 2137 1425 605 1564 1541
656 789 800 422 1428 0 1715 1103 638 1291 1086 1286 444 1381 264 659
1117 1638 2516 1293 2523 1715 0 832 1135 2598 738 434 1329 2039 1455 1115
452 812 1872 745 1691 1103 832 0 468 1774 141 470 659 1227 895 448
18 632 1423 291 1530 638 1135 468 0 1529 450 701 201 1218 429 21
1542 961 1176 1551 326 1291 2598 1774 1529 0 1860 2189 1388 859 1471 1543
432 901 1873 697 1796 1086 738 141 450 1860 0 344 651 1354 857 429
684 1236 2087 866 2137 1286 434 470 701 2189 344 0 894 1697 1030 682
219 570 1221 209 1425 444 1329 659 201 1388 651 894 0 1189 277 222
1222 622 1720 1398 605 1381 2039 1227 1218 859 1354 1697 1189 0 1413 1221
444 791 1060 164 1564 264 1455 895 429 1471 857 1030 277 1413 0 448
3 640 1444 307 1541 659 1115 448 21 1543 429 682 222 1221 448 0
