0 1553 284 1488 350 1549 786 527 1563 1654 56 1188 1318 1185 8 1122
1553 0 1329 2977 1385 2884 1681 2064 3071 2340 1512 377 2018 1585 1552 1622
284 1329 0 1767 452 1830 960 801 1839 1526 278 955 1495 1285 279 1238
1488 2977 1767 0 1592 524 1442 967 126 2572 1511 2638 1568 1858 1492 1765
350 1385 452 1592 0 1535 512 718 1687 1963 294 1054 1044 849 356 794
1549 2884 1830 524 1535 0 1225 1105 635 2898 1553 2581 1182 1549 1555 1463
786 1681 960 1442 512 1225 0 855 1559 2440 744 1416 536 481 794 394
527 2064 801 967 718 1105 855 0 1038 1842 557 1707 1286 1335 530 1249
1563 3071 1839 126 1687 635 1559 1038 0 2570 1590 2727 1695 1980 1567 1887
1654 2340 1526 2572 1963 2898 2440 1842 2570 0 1696 2031 2972 2809 1646 2758
56 1512 278 1511 294 1553 744 557 1590 1696 0 1150 1279 1134 62 1073
1188 377 955 2638 1054 2581 1416 1707 2727 2031 1150 0 1819 1416 1186 1434
1318 2018 1495 1568 1044 1182 536 1286 1695 2972 1279 1819 0 447 1327 395
1185 1585 1285 1858 849 1549 481 1335 1980 2809 1134 1416 447 0 1193 93
8 1552 279 1492 356 1555 794 530 1567 1646 62 1186 1327 1193 0 1130
1122 1622 1238 1765 794 1463 394 1249 1887 2758 1073 1434 395 93 1130 0
