0 1663 566 1043 909 356 1252 689 1301 226 941 250 1077 1524 1493 1262 1518
1663 0 1253 2706 816 1326 2906 1065 2500 1550 2363 1843 1399 3136 3081 2617 2976
566 1253 0 1527 705 454 1775 188 1307 620 1494 645 580 2075 2051 1383 1728
1043 2706 1527 0 1941 1390 309 1692 1251 1189 905 883 1847 696 741 1022 972
909 816 705 1941 0 553 2116 558 2001 756 1548 1128 1164 2326 2268 2049 2365
356 1326 454 1390 553 0 1579 477 1559 232 1120 586 1035 1819 1773 1562 1848
1252 2906 1775 309 2116 1579 0 1928 1553 1360 847 1132 2134 389 447 1315 1213
689 1065 188 1692 558 477 1928 0 1484 687 1582 809 628 2214 2182 1568 1916
1301 2500 1307 1251 2001 1559 1553 1484 0 1524 1925 1067 1165 1941 1993 267 625
226 1550 620 1189 756 232 1360 687 1524 0 896 474 1185 1589 1542 1488 1738
941 2363 1494 905 1548 1120 847 1582 1925 896 0 1010 2017 866 777 1766 1833
250 1843 645 883 1128 586 1132 809 1067 474 1010 0 1047 1448 1436 1014 1269
1077 1399 580 1847 1164 1035 2134 628 1165 1185 2017 1047 0 2480 2476 1344 1732
1524 3136 2075 696 2326 1819 389 2214 1941 1589 866 1448 2480 0 118 1701 1575
1493 3081 2051 741 2268 1773 447 2182 1993 1542 777 1436 2476 118 0 1760 1655
1262 2617 1383 1022 2049 1562 1315 1568 267 1488 1766 1014 1344 1701 1760 0 390
1518 2976 1728 972 2365 1848 1213 1916 625 1738 1833 1269 1732 1575 1655 390 0
