0 1360 247 1025 1028 952 477 1617 294 786 652 1716 251 299 1503 423 1723
1360 0 1448 953 996 1868 1383 2187 1236 2056 1610 698 1143 1658 1969 940 2749
247 1448 0 932 926 1168 723 1375 218 897 406 1704 315 310 1271 566 1888
1025 953 932 0 42 1914 1367 1233 744 1805 851 852 787 1239 1015 824 2739
1028 996 926 42 0 1927 1382 1191 743 1805 826 883 795 1234 973 844 2747
952 1868 1168 1914 1927 0 550 2530 1239 597 1563 2431 1141 942 2440 1108 881
477 1383 723 1367 1382 550 0 2093 732 706 1129 1899 612 616 1974 559 1412
1617 2187 1375 1233 1191 2530 2093 0 1385 2128 970 1947 1534 1594 231 1744 3142
294 1236 218 744 743 1239 732 1385 0 1061 471 1490 154 500 1249 404 2017
786 2056 897 1805 1805 597 706 2128 1061 0 1213 2490 1036 590 2082 1140 1017
652 1610 406 851 826 1563 1129 970 471 1213 0 1698 625 640 881 873 2228
1716 698 1704 852 883 2431 1899 1947 1490 2490 1698 0 1465 1984 1716 1360 3309
251 1143 315 787 795 1141 612 1534 154 1036 625 1465 0 528 1390 256 1952
299 1658 310 1239 1234 942 616 1594 500 590 640 1984 528 0 1521 722 1595
1503 1969 1271 1015 973 2440 1974 231 1249 2082 881 1716 1390 1521 0 1583 3100
423 940 566 824 844 1108 559 1744 404 1140 873 1360 256 722 1583 0 1967
1723 2749 1888 2739 2747 881 1412 3142 2017 1017 2228 3309 1952 1595 3100 1967 0
