0 390 104 1286 1388 240 983 1345 1684 1621 811 1727 568 1326 186 650
390 0 478 1198 1748 150 1036 985 1893 1502 456 1469 634 1096 530 871
104 478 0 1376 1343 328 1053 1406 1591 1602 910 1748 529 1343 88 564
1286 1198 1376 0 1825 1224 469 1825 2968 2679 989 2509 1797 2204 1464 1936
1388 1748 1343 1825 0 1610 1362 2729 2160 2830 2052 3078 1778 2669 1353 1578
240 150 328 1224 1610 0 1004 1119 1800 1531 590 1557 573 1170 385 765
983 1036 1053 469 1362 1004 0 1874 2615 2533 1021 2479 1543 2125 1138 1614
1345 985 1406 1825 2729 1119 1874 0 2287 1188 858 742 1178 628 1422 1511
1684 1893 1591 2968 2160 1800 2615 2287 0 1432 2329 2037 1272 1756 1503 1039
1621 1502 1602 2679 2830 1531 2533 1188 1432 0 1730 647 1081 564 1551 1255
811 456 910 989 2052 590 1021 858 2329 1730 0 1520 1056 1224 974 1322
1727 1469 1748 2509 3078 1557 2479 742 2037 647 1520 0 1317 408 1726 1597
568 634 529 1797 1778 573 1543 1178 1272 1081 1056 1317 0 910 470 332
1326 1096 1343 2204 2669 1170 2125 628 1756 564 1224 408 910 0 1319 1200
186 530 88 1464 1353 385 1138 1422 1503 1551 974 1726 470 1319 0 478
650 871 564 1936 1578 765 1614 1511 1039 1255 1322 1597 332 1200 478 0
