0 786 534 1085 1040 518 1250 887 317 988 1080 1135 1425 1265 767 1464 93
786 0 1259 514 1796 848 1620 639 978 1581 1797 1725 1763 652 1418 2045 695
534 1259 0 1416 540 982 917 1418 283 1128 548 645 1091 1793 269 961 619
1085 514 1416 0 1947 1313 1457 1151 1142 2011 1894 1707 1561 1041 1488 1994 1012
1040 1796 540 1947 0 1392 1089 1888 824 1245 200 610 1226 2303 499 780 1131
518 848 982 1313 1392 0 1769 539 827 743 1486 1620 1943 1034 1243 1942 490
1250 1620 917 1457 1089 1769 0 2054 948 2045 909 502 177 2268 686 624 1290
887 639 1418 1151 1888 539 2054 0 1194 1221 1955 2017 2218 511 1653 2346 811
317 978 283 1142 824 827 948 1194 0 1164 820 822 1125 1533 464 1152 382
988 1581 1128 2011 1245 743 2045 1221 1164 0 1416 1719 2219 1732 1378 1985 1031
1080 1797 548 1894 200 1486 909 1955 820 1416 0 417 1037 2342 406 583 1167
1135 1725 645 1707 610 1620 502 2017 822 1719 417 0 620 2331 377 329 1205
1425 1763 1091 1561 1226 1943 177 2218 1125 2219 1037 620 0 2414 852 658 1463
1265 652 1793 1041 2303 1034 2268 511 1533 1732 2342 2331 2414 0 1995 2658 1175
767 1418 269 1488 499 1243 686 1653 464 1378 406 377 852 1995 0 700 842
1464 2045 961 1994 780 1942 624 2346 1152 1985 583 329 658 2658 700 0 1535
93 695 619 1012 1131 490 1290 811 382 1031 1167 1205 1463 1175 842 1535 0
