0 316 248 1330 1207 1259 662 1604 54 1536 15 1433 1200 632 1642 1293 575
316 0 98 1126 950 1061 538 1625 262 1540 311 1746 1403 789 1795 1551 836
248 98 0 1221 971 1155 494 1552 193 1596 247 1680 1397 794 1808 1522 740
1330 1126 1221 0 1554 73 1566 2689 1300 1010 1317 2478 1630 1191 1719 1955 1906
1207 950 971 1554 0 1522 648 1390 1156 2331 1211 2589 2352 1734 2722 2494 1478
1259 1061 1155 73 1522 0 1510 2633 1229 982 1246 2407 1568 1120 1672 1890 1835
662 538 494 1566 648 1510 0 1123 623 2079 671 1955 1862 1277 2293 1942 830
1604 1625 1552 2689 1390 2633 1123 0 1593 3135 1619 2330 2695 2219 3185 2641 1305
54 262 193 1300 1156 1229 623 1593 0 1542 54 1487 1239 660 1673 1341 610
1536 1540 1596 1010 2331 982 2079 3135 1542 0 1521 2045 979 986 811 1344 2000
15 311 247 1317 1211 1246 671 1619 54 1521 0 1436 1191 620 1631 1288 589
1433 1746 1680 2478 2589 2407 1955 2330 1487 2045 1436 0 1080 1287 1494 742 1157
1200 1403 1397 1630 2352 1568 1862 2695 1239 979 1191 1080 0 620 508 365 1402
632 789 794 1191 1734 1120 1277 2219 660 986 620 1287 620 0 1016 836 1017
1642 1795 1808 1719 2722 1672 2293 3185 1673 811 1631 1494 508 1016 0 755 1903
1293 1551 1522 1955 2494 1890 1942 2641 1341 1344 1288 742 365 836 755 0 1338
575 836 740 1906 1478 1835 830 1305 610 2000 589 1157 1402 1017 1903 1338 0
