0 51 1368 1220 337 117 81 1576 906 690 163 44 1634 837 1139 1051
51 0 1326 1169 369 94 88 1627 934 642 154 92 1595 786 1092 1040
1368 1326 0 748 1415 1364 1402 2858 1607 714 1241 1412 294 900 1224 1987
1220 1169 748 0 1437 1153 1209 2794 1852 616 1173 1259 1004 401 509 1416
337 369 1415 1437 0 454 413 1443 570 839 276 336 1647 1088 1438 1372
117 94 1364 1153 454 0 58 1641 1023 664 246 131 1640 761 1037 945
81 88 1402 1209 413 58 0 1584 983 709 237 79 1674 818 1095 970
1576 1627 2858 2794 1443 1641 1584 0 1444 2250 1652 1535 3081 2401 2626 2014
906 934 1607 1852 570 1023 983 1444 0 1236 813 906 1764 1562 1952 1936
690 642 714 616 839 664 709 2250 1236 0 598 733 1001 378 805 1321
163 154 1241 1173 276 246 237 1652 813 598 0 198 1498 814 1162 1191
44 92 1412 1259 336 131 79 1535 906 733 198 0 1678 874 1166 1040
1634 1595 294 1004 1647 1640 1674 3081 1764 1001 1498 1678 0 1192 1498 2281
837 786 900 401 1088 761 818 2401 1562 378 814 874 1192 0 427 1097
1139 1092 1224 509 1438 1037 1095 2626 1952 805 1162 1166 1498 427 0 966
1051 1040 1987 1416 1372 945 970 2014 1936 1321 1191 1040 2281 1097 966 0
