0 1337 560 1323 469 972 1722 1127 46 1664 1421 1022 1401 207 1263 896
1337 0 1781 709 889 1385 2458 1882 1295 676 2559 2097 899 1308 2148 1051
560 1781 0 1562 994 1492 1264 1520 604 1949 1511 1244 1573 483 1569 1005
1323 709 1562 0 1045 1805 1886 2223 1298 399 2727 2294 191 1190 2448 579
469 889 994 1045 0 822 2001 1183 423 1320 1717 1267 1175 519 1402 824
972 1385 1492 1805 822 0 2694 521 940 1994 1331 893 1960 1155 806 1646
1722 2458 1264 1886 2001 2694 0 2782 1754 2251 2693 2494 1765 1543 2830 1406
1127 1882 1520 2223 1183 521 2782 0 1114 2456 854 487 2358 1334 286 1959
46 1295 604 1298 423 940 1754 1114 0 1633 1438 1031 1381 222 1260 887
1664 676 1949 399 1320 1994 2251 2456 1633 0 3034 2587 485 1553 2702 978
1421 2559 1511 2727 1717 1331 2693 854 1438 3034 0 464 2819 1598 596 2312
1022 2097 1244 2294 1267 893 2494 487 1031 2587 464 0 2398 1216 359 1918
1401 899 1573 191 1175 1960 1765 2358 1381 485 2819 2398 0 1247 2572 568
207 1308 483 1190 519 1155 1543 1334 222 1553 1598 1216 1247 0 1468 715
1263 2148 1569 2448 1402 806 2830 286 1260 2702 596 359 2572 1468 0 2137
896 1051 1005 579 824 1646 1406 1959 887 978 2312 1918 568 715 2137 0
