0 225 112 1586 1242 410 138 1126 1525 385 1103 1007 425 554 20 1310
225 0 208 1607 1387 330 120 905 1620 533 1068 1010 236 717 246 1184
112 208 0 1691 1188 301 184 1069 1446 329 1194 1107 440 511 124 1368
1586 1607 1691 0 2683 1937 1531 2120 3051 1927 609 599 1479 2042 1583 1009
1242 1387 1188 2683 0 1184 1367 2007 450 861 2306 2172 1623 689 1232 2552
410 330 301 1937 1184 0 411 875 1350 432 1397 1340 520 599 425 1474
138 120 184 1531 1367 411 0 1019 1631 506 1016 939 286 683 156 1185
1126 905 1069 2120 2007 875 1019 0 2063 1305 1511 1570 807 1475 1147 1266
1525 1620 1446 3051 450 1350 1631 2063 0 1145 2624 2509 1849 1009 1520 2805
385 533 329 1927 861 432 506 1305 1145 0 1479 1368 768 185 377 1691
1103 1068 1194 609 2306 1397 1016 1511 2624 1479 0 195 903 1626 1106 526
1007 1010 1107 599 2172 1340 939 1570 2509 1368 195 0 882 1502 1006 710
425 236 440 1479 1623 520 286 807 1849 768 903 882 0 951 443 958
554 717 511 2042 689 599 683 1475 1009 185 1626 1502 951 0 544 1864
20 246 124 1583 1232 425 156 1147 1520 377 1106 1006 443 544 0 1320
1310 1184 1368 1009 2552 1474 1185 1266 2805 1691 526 710 958 1864 1320 0
