0 328 1057 590 9 621 956 1184 1280 646 898 1283 646 257 410 1329
328 0 849 416 322 308 1280 933 1027 760 897 1132 909 246 649 1510
1057 849 0 467 1057 615 1940 210 1483 853 622 341 1703 800 1060 2355
590 416 467 0 589 324 1493 607 1293 562 546 719 1236 333 653 1897
9 322 1057 589 0 617 961 1183 1271 653 903 1284 646 258 419 1326
621 308 615 324 617 0 1578 654 970 855 870 938 1217 438 855 1793
956 1280 1940 1493 961 1578 0 2100 2056 1201 1546 2081 538 1176 900 1025
1184 933 210 607 1183 654 2100 0 1407 1053 833 465 1824 935 1239 2441
1280 1027 1483 1293 1271 970 2056 1407 0 1778 1840 1825 1536 1273 1666 1727
646 760 853 562 653 855 1201 1053 1778 0 344 902 1159 516 328 1897
898 897 622 546 903 870 1546 833 1840 344 0 579 1476 691 662 2204
1283 1132 341 719 1284 938 2081 465 1825 902 579 0 1920 1028 1181 2608
646 909 1703 1236 646 1217 538 1824 1536 1159 1476 1920 0 903 834 740
257 246 800 333 258 438 1176 935 1273 516 691 1028 903 0 423 1580
410 649 1060 653 419 855 900 1239 1666 328 662 1181 834 423 0 1573
1329 1510 2355 1897 1326 1793 1025 2441 1727 1897 2204 2608 740 1580 1573 0
