0 1673 326 1361 285 322 108 1020 1153 1654 471 122 988 305 1138 679 1609
1673 0 1790 3035 1881 1566 1751 2365 1683 2281 1565 1789 2303 1505 916 1726 152
326 1790 0 1319 532 646 236 1266 907 1349 797 357 1246 286 1097 1004 1701
1361 3035 1319 0 1178 1518 1290 1187 2076 2229 1585 1246 1238 1573 2416 1581 2970
285 1881 532 1178 0 342 308 744 1418 1881 434 183 718 589 1415 545 1832
322 1566 646 1518 342 0 426 879 1401 1944 151 353 831 535 1217 385 1529
108 1751 236 1290 308 426 0 1052 1110 1583 573 125 1027 309 1168 769 1680
1020 2365 1266 1187 744 879 1052 0 2162 2601 820 928 68 1323 2095 640 2355
1153 1683 907 2076 1418 1401 1110 2162 0 634 1540 1235 2137 869 766 1786 1543
1654 2281 1349 2229 1881 1944 1583 2601 634 0 2091 1706 2588 1413 1374 2325 2135
471 1565 797 1585 434 151 573 820 1540 2091 0 489 764 679 1305 250 1543
122 1789 357 1246 183 353 125 928 1235 1706 489 0 902 413 1258 663 1727
988 2303 1246 1238 718 831 1027 68 2137 2588 764 902 0 1289 2048 576 2295
305 1505 286 1573 589 535 309 1323 869 1413 679 413 1289 0 860 920 1419
1138 916 1097 2416 1415 1217 1168 2095 766 1374 1305 1258 2048 860 0 1546 777
679 1726 1004 1581 545 385 769 640 1786 2325 250 663 576 920 1546 0 1722
1609 152 1701 2970 1832 1529 1680 2355 1543 2135 1543 1727 2295 1419 777 1722 0
