0 625 435 914 1470 104 27 1153 350 1077 1128 1410 778 1470 1209 1444
625 0 808 823 1915 650 649 1487 778 454 1701 1363 1370 2032 1710 1084
435 808 0 1330 1804 536 446 1552 773 1194 1351 1031 655 1691 903 1237
914 823 1330 0 1381 834 914 878 689 1070 1443 2150 1609 1698 2102 1902
1470 1915 1804 1381 0 1379 1445 507 1163 2320 620 2836 1508 547 2022 2906
104 650 536 834 1379 0 90 1051 245 1104 1066 1514 813 1405 1273 1529
27 649 446 914 1445 90 0 1133 332 1102 1101 1430 763 1443 1202 1470
1153 1487 1552 878 507 1051 1133 0 808 1861 793 2563 1447 924 1993 2531
350 778 773 689 1163 245 332 808 0 1217 933 1759 921 1256 1429 1746
1077 454 1194 1070 2320 1104 1102 1861 1217 0 2148 1448 1802 2474 2090 944
1128 1701 1351 1443 620 1066 1101 793 933 2148 0 2361 925 344 1413 2552
1410 1363 1031 2150 2836 1514 1430 2563 1759 1448 2361 0 1515 2692 1365 713
778 1370 655 1609 1508 813 763 1447 921 1802 925 1515 0 1221 546 1871
1470 2032 1691 1698 547 1405 1443 924 1256 2474 344 2692 1221 0 1663 2897
1209 1710 903 2102 2022 1273 1202 1993 1429 2090 1413 1365 546 1663 0 1902
1444 1084 1237 1902 2906 1529 1470 2531 1746 944 2552 713 1871 2897 1902 0
