0 1649 711 363 1048 502 111 639 1655 40 1300 33 362 127 1314 759
1649 0 2172 1326 2584 1737 1747 1022 506 1622 818 1623 1498 1617 2103 892
711 2172 0 880 1211 441 701 1263 2031 706 1589 744 1070 649 893 1347
363 1326 880 0 1408 493 474 390 1295 327 938 349 484 295 1209 467
1048 2584 1211 1408 0 1385 937 1576 2677 1087 2347 1058 1086 1150 2095 1715
502 1737 441 493 1385 0 564 882 1592 473 1156 524 837 383 812 944
111 1747 701 474 937 564 0 729 1765 150 1412 127 379 222 1374 855
639 1022 1263 390 1576 882 729 0 1120 618 890 611 495 634 1546 139
1655 506 2031 1295 2677 1592 1765 1120 0 1621 463 1637 1613 1586 1769 983
40 1622 706 327 1087 473 150 618 1621 0 1262 50 375 92 1284 734
1300 818 1589 938 2347 1156 1412 890 463 1262 0 1288 1342 1211 1316 775
33 1623 744 349 1058 524 127 611 1637 50 1288 0 330 143 1335 732
362 1498 1070 484 1086 837 379 495 1613 375 1342 330 0 458 1636 634
127 1617 649 295 1150 383 222 634 1586 92 1211 143 458 0 1192 739
1314 2103 893 1209 2095 812 1374 1546 1769 1284 1316 1335 1636 1192 0 1550
759 892 1347 467 1715 944 855 139 983 734 775 732 634 739 1550 0
