0 501 743 301 8 28 248 646 505 156 774 313 388 802 734 464 427 785 763 246 806 164 405 355 624 355 792 678 122 77 234 865 385 168 36 25 829 679 54 860 783 29 514 305 495 370 425 435 450 423 207 636 590 491 177 534 617 443 618 522 847 274 326 287 152 26 205 425 633 493 328 21 714 328 402 699 213 419 321 296 839 730 49 802 260 84 817 463 143 849 548 454 401 566 676 12 118 334 800 721 711 243 577 142 212 111 311 645 834 51 467 270 620 21 307 431
501 0 1126 774 494 472 657 274 536 447 1274 551 170 1227 592 922 818 1285 1184 745 1013 648 686 377 1119 564 1281 1173 603 444 435 846 136 338 474 476 1027 1175 472 925 1117 510 74 806 992 588 129 512 114 602 706 803 913 16 378 904 764 915 1067 45 1347 568 314 779 581 491 647 423 412 337 173 505 412 781 783 1060 710 242 195 786 661 984 502 746 628 420 505 933 632 1049 870 917 236 1026 174 489 614 263 1092 275 361 521 308 480 550 584 427 957 1300 489 959 660 1100 484 697 622
743 1126 0 768 751 763 870 1103 1241 898 725 1027 1086 155 902 327 965 605 125 583 400 740 446 765 726 1068 854 755 751 747 975 1585 1061 834 743 756 1445 499 798 654 131 761 1172 626 674 1075 1108 667 1130 1131 673 477 233 1125 764 222 1302 373 227 1122 740 975 1064 526 597 769 537 1169 1370 1231 977 757 1069 822 968 1169 588 1142 1009 515 982 305 706 814 917 779 1546 358 615 424 1120 830 1122 280 1282 754 713 865 228 1220 1426 962 1303 877 587 633 704 216 342 715 710 899 360 744 446 535
301 774 768 0 304 325 150 945 560 332 521 337 630 768 1021 441 198 572 737 199 964 136 594 649 355 368 508 406 179 378 374 851 643 462 337 324 677 500 308 1081 852 280 770 142 239 364 673 705 699 415 129 839 702 761 478 614 550 397 573 802 598 284 516 249 354 298 347 541 779 655 607 287 1016 54 199 444 216 624 580 260 1126 868 331 1067 202 383 972 413 259 1007 353 152 612 512 945 309 187 635 901 1015 899 305 759 297 447 297 597 755 726 341 194 169 507 323 447 662
8 494 751 304 0 22 247 641 498 149 781 308 380 811 734 473 426 792 771 254 812 168 410 354 630 349 797 684 125 75 226 858 377 162 34 19 825 687 46 863 791 28 506 312 501 364 417 436 443 417 213 641 598 484 175 542 612 452 627 516 853 270 318 295 159 19 214 417 625 485 321 19 711 331 402 698 221 410 313 304 838 736 54 804 258 79 808 472 152 855 546 457 392 575 669 4 123 330 807 716 703 237 569 136 217 119 312 652 842 54 472 268 628 20 314 435
28 472 763 325 22 0 261 620 492 143 803 309 360 826 719 489 442 814 785 275 813 189 411 338 652 349 819 706 145 59 219 854 356 140 25 7 832 708 43 857 799 45 485 334 523 366 396 425 422 417 235 638 604 462 157 551 614 470 643 494 875 274 303 315 167 28 225 407 610 470 299 37 692 350 416 713 241 393 292 323 823 739 58 792 268 58 792 489 170 856 557 477 375 592 647 17 145 310 813 694 685 238 552 135 216 133 299 658 860 53 494 281 647 18 322 430
248 657 870 150 247 261 0 855 412 210 668 188 502 889 981 549 181 722 855 287 1014 135 622 600 499 221 642 548 144 320 234 721 522 378 282 264 603 648 228 1097 940 219 643 268 388 219 546 682 571 273 197 864 769 643 417 692 431 510 693 690 745 134 377 345 360 233 381 391 630 508 500 228 942 132 154 452 284 485 461 356 1084 926 293 1050 53 313 823 529 284 1058 302 265 474 633 822 250 178 559 977 912 753 158 613 178 444 299 559 824 864 298 342 29 643 268 491 668
646 274 1103 945 641 620 855 0 806 650 1403 789 430 1229 363 974 1031 1387 1185 863 896 809 662 357 1263 809 1435 1318 765 571 663 1120 385 483 611 621 1291 1266 638 747 1062 665 343 940 1134 833 396 436 386 856 849 692 872 290 476 893 1029 980 1100 228 1470 794 567 881 666 646 723 690 680 611 364 658 143 965 998 1289 825 513 422 884 409 895 626 534 839 562 741 996 744 924 1106 1096 504 1072 277 637 764 314 1015 119 600 745 576 678 600 693 426 904 1339 614 1110 865 1164 624 732 567
505 536 1241 560 498 492 412 806 0 349 1060 226 377 1282 1068 938 464 1129 1245 678 1299 517 900 723 891 191 1008 933 495 529 272 366 425 492 516 499 494 1060 451 1308 1289 484 480 678 793 197 410 854 422 155 592 1112 1096 520 572 1038 232 905 1088 582 1137 281 259 735 658 479 708 118 266 215 476 488 936 528 431 614 662 294 408 746 1156 1230 550 1190 359 499 444 924 626 1341 426 637 302 1030 642 496 531 621 1306 808 422 281 308 365 705 611 722 1151 1274 545 743 390 1052 510 812 900
156 447 898 332 149 143 210 650 349 0 849 176 297 951 812 609 380 882 912 365 955 223 554 434 686 213 841 738 183 186 77 711 313 192 167 150 710 788 102 988 940 137 437 397 564 232 341 543 367 280 295 776 746 433 255 690 479 582 762 479 925 155 193 416 308 130 361 271 489 352 290 140 746 335 348 640 340 298 251 426 912 882 201 904 188 160 678 602 287 998 465 470 283 708 614 147 211 368 956 703 585 109 446 35 358 265 411 801 968 196 524 216 748 161 463 566
774 1274 725 521 781 803 668 1403 1060 849 0 850 1144 620 1380 516 605 142 619 540 1084 630 859 1062 169 874 144 130 674 840 896 1289 1151 942 805 800 994 226 802 1293 853 764 1280 469 285 864 1185 1060 1211 906 568 1057 819 1264 929 723 983 481 508 1297 77 800 1037 525 739 783 688 1058 1296 1176 1102 769 1443 538 634 641 578 1145 1086 523 1483 977 782 1369 717 858 1489 476 659 1119 713 424 1132 476 1449 786 660 1090 942 1490 1421 826 1281 814 816 710 996 851 457 795 326 682 370 793 720 963
313 551 1027 337 308 309 188 789 226 176 850 0 382 1060 981 716 284 910 1024 454 1120 292 719 607 680 41 812 727 275 359 128 559 416 363 334 315 535 836 265 1163 1082 287 520 452 575 57 426 719 448 109 367 948 897 535 431 832 305 681 865 591 927 55 240 512 462 288 503 209 447 334 425 293 897 312 248 508 441 339 368 523 1080 1042 363 1079 135 336 639 701 414 1163 319 433 333 807 700 307 313 532 1108 823 580 70 442 173 525 408 587 953 1048 361 526 169 826 324 612 739
388 170 1086 630 380 360 502 430 377 297 1144 382 0 1168 704 843 655 1168 1127 634 1036 514 668 403 983 394 1139 1035 471 351 272 711 49 253 370 366 861 1067 348 990 1096 389 141 683 859 417 44 544 69 431 580 831 892 154 322 864 598 828 994 213 1219 403 144 676 502 372 568 259 319 202 127 387 558 631 619 891 602 90 77 684 786 989 405 841 468 321 467 847 530 1075 700 766 76 947 321 376 489 284 1087 446 340 357 227 333 498 489 429 941 1218 392 821 502 1007 376 641 629
802 1227 155 768 811 826 889 1229 1282 951 620 1060 1168 0 1049 344 956 489 43 605 554 767 566 881 653 1099 759 673 787 820 1026 1610 1149 915 809 819 1433 402 855 809 278 815 1267 626 628 1103 1195 796 1218 1159 694 629 375 1223 854 335 1316 378 195 1227 623 1006 1129 548 667 826 602 1221 1436 1296 1069 813 1205 818 964 1131 619 1216 1092 536 1132 461 772 967 939 852 1618 359 663 575 1108 801 1197 256 1389 814 751 971 376 1342 1505 1001 1376 925 677 692 816 368 195 782 672 916 288 807 530 665
734 592 902 1021 734 719 981 363 1068 812 1380 981 704 1049 0 883 1161 1328 1009 875 601 889 528 381 1272 1013 1447 1325 853 660 855 1415 654 620 699 716 1515 1199 754 401 825 762 666 964 1149 1035 684 324 685 1073 899 430 673 604 564 731 1266 907 971 553 1435 967 809 869 674 748 707 950 1002 905 591 753 240 1057 1135 1433 839 794 660 867 105 634 694 172 983 669 1091 916 770 619 1272 1170 780 962 640 731 835 452 755 467 947 920 898 828 583 726 424 686 1199 686 1142 1000 1071 713 659 420
464 922 327 441 473 489 549 974 938 609 516 716 843 344 883 0 637 445 307 263 591 424 354 617 455 756 614 497 443 492 683 1270 829 593 475 483 1118 317 516 780 420 475 953 298 371 761 874 575 898 817 353 541 316 916 543 216 980 48 153 930 561 663 791 205 342 487 276 878 1096 957 755 474 982 494 640 849 275 882 769 193 982 484 439 856 598 522 1281 42 322 629 792 509 864 104 1092 477 407 683 484 1078 1174 657 1042 582 379 356 548 358 378 451 398 578 192 472 242 462
427 818 965 198 426 442 181 1031 464 380 605 284 655 956 1161 637 0 691 927 397 1158 287 778 780 438 294 543 475 313 501 383 694 682 558 461 444 480 647 409 1261 1051 398 796 339 364 278 700 859 724 309 317 1023 899 803 598 812 385 592 763 854 681 252 518 448 524 413 531 488 718 617 670 407 1121 144 36 271 409 621 625 459 1265 1064 469 1226 192 494 906 608 436 1201 155 184 614 702 977 430 340 739 1100 1082 860 297 725 352 612 462 738 952 894 476 311 166 682 447 636 835
785 1285 605 572 792 814 722 1387 1129 882 142 910 1168 489 1328 445 691 0 492 539 981 658 800 1036 261 939 287 245 699 842 938 1384 1169 947 811 809 1111 128 820 1204 736 779 1299 486 336 932 1207 1015 1233 978 588 976 726 1276 922 635 1076 421 402 1303 135 856 1074 509 722 798 663 1113 1351 1223 1111 783 1413 600 716 764 575 1180 1105 504 1428 875 783 1300 774 864 1544 411 654 1013 815 507 1165 382 1460 797 679 1079 828 1482 1465 876 1325 847 789 704 968 752 316 796 386 740 270 801 674 907
763 1184 125 737 771 785 855 1185 1245 912 619 1024 1127 43 1009 307 927 492 0 570 526 732 523 837 641 1064 755 664 750 778 987 1576 1107 873 768 778 1406 397 816 778 254 776 1224 595 608 1068 1153 753 1176 1124 659 591 335 1181 811 292 1284 344 164 1184 628 970 1089 512 626 787 561 1183 1396 1256 1026 774 1162 789 935 1110 582 1175 1050 501 1093 430 731 930 905 810 1577 326 625 549 1081 777 1156 226 1346 774 714 928 352 1299 1464 964 1335 887 635 652 773 331 217 742 650 883 272 767 488 622
246 745 583 199 254 275 287 863 678 365 540 454 634 605 875 263 397 539 570 0 764 161 406 528 405 494 579 459 186 303 434 1006 632 407 271 270 872 433 287 892 658 244 760 89 277 498 671 551 697 554 90 647 502 736 388 416 719 227 411 764 609 400 556 57 204 262 169 627 854 717 572 247 908 253 393 641 38 656 567 69 980 668 244 899 335 324 1043 246 118 807 550 317 640 352 920 259 154 549 703 950 948 397 810 334 292 169 465 555 603 257 266 316 383 261 254 485
806 1013 400 964 812 813 1014 896 1299 955 1084 1120 1036 554 601 591 1158 981 526 764 0 881 401 640 1045 1161 1198 1086 871 770 1028 1665 997 817 788 806 1618 862 856 264 279 833 1077 840 959 1176 1042 501 1057 1229 840 210 275 1018 735 374 1423 637 579 994 1113 1079 1068 721 661 832 633 1200 1352 1221 910 826 817 1017 1149 1405 748 1113 963 712 655 107 757 468 1047 800 1499 633 730 43 1307 1072 1094 608 1134 812 836 761 183 1015 1362 1049 1263 948 596 719 606 234 743 760 980 1043 716 796 523 407
164 648 740 136 168 189 135 809 517 223 630 292 514 767 889 424 287 658 732 161 881 0 493 515 471 332 634 525 45 241 283 846 522 328 200 188 737 567 176 974 806 144 650 174 345 337 555 578 581 393 76 737 634 636 342 557 564 388 572 674 704 238 416 219 236 163 248 471 703 570 478 151 879 168 271 555 152 521 457 230 994 792 195 943 177 247 894 408 151 925 428 289 506 514 821 173 54 499 842 882 807 237 668 188 326 175 465 689 760 205 310 164 538 186 358 547
405 686 446 594 410 411 622 662 900 554 859 719 668 566 528 354 778 800 523 406 401 493 0 319 768 760 940 818 477 371 628 1265 636 429 387 405 1224 671 454 486 431 432 738 493 655 775 683 233 702 828 465 244 227 686 349 230 1022 380 450 679 911 678 678 379 262 430 248 805 974 838 549 425 646 644 765 1039 380 736 591 374 628 331 356 511 651 401 1135 389 342 444 921 724 717 435 837 411 444 423 419 777 1006 648 893 546 195 323 260 273 686 358 660 650 542 395 153 108
355 377 765 649 354 338 600 357 723 434 1062 607 403 881 381 617 780 1036 837 528 640 515 319 0 933 642 1108 988 476 279 485 1085 360 244 319 336 1143 913 373 591 744 382 437 613 806 663 404 141 418 705 535 432 543 380 183 547 902 624 744 364 1126 589 467 537 324 367 374 609 722 599 275 373 380 682 754 1052 491 487 336 539 484 607 319 472 602 287 859 639 414 677 891 802 469 715 518 351 462 121 715 464 721 543 628 448 247 365 69 583 983 309 790 619 808 334 375 245
624 1119 726 355 630 652 499 1263 891 686 169 680 983 653 1272 455 438 261 641 405 1045 471 768 933 0 704 175 55 516 693 730 1127 993 792 656 649 851 262 646 1230 846 610 1121 323 129 694 1025 948 1051 737 416 986 771 1108 787 672 819 411 499 1144 247 630 872 403 609 630 566 889 1127 1008 948 616 1314 369 466 508 442 980 928 404 1376 938 637 1278 548 708 1319 413 521 1083 555 255 967 451 1292 634 507 949 925 1345 1253 658 1113 650 694 571 870 812 527 650 161 512 369 644 619 864
355 564 1068 368 349 349 221 809 191 213 874 41 394 1099 1013 756 294 939 1064 494 1161 332 760 642 704 0 830 749 316 399 157 518 431 397 374 355 502 868 306 1202 1124 328 528 488 603 23 437 756 458 68 406 988 939 548 468 873 265 721 905 605 952 93 250 551 503 329 545 194 426 323 447 335 921 338 258 500 482 341 387 563 1110 1084 404 1114 167 374 616 740 456 1205 307 453 338 846 707 348 354 562 1150 838 566 112 431 214 566 450 623 995 1084 402 554 199 862 365 654 778
792 1281 854 508 797 819 642 1435 1008 841 144 812 1139 759 1447 614 543 287 755 579 1198 634 940 1108 175 830 0 122 679 864 877 1203 1152 959 825 817 883 358 811 1394 980 776 1278 496 302 817 1182 1123 1208 852 585 1153 927 1269 959 829 902 573 632 1308 186 766 1020 578 784 796 742 1021 1257 1145 1112 783 1488 510 576 526 617 1128 1088 579 1551 1091 808 1451 686 877 1446 572 695 1235 627 379 1117 592 1453 802 674 1120 1066 1514 1391 800 1253 805 869 745 1045 964 601 820 325 650 494 812 792 1038
678 1173 755 406 684 706 548 1318 933 738 130 727 1035 673 1325 497 475 245 664 459 1086 525 818 988 55 749 122 0 570 748 780 1159 1046 846 711 703 869 273 700 1275 878 665 1174 378 184 738 1078 1001 1104 779 471 1033 812 1161 842 713 852 455 529 1198 205 678 922 456 664 684 620 936 1174 1056 1002 671 1368 417 505 519 497 1031 982 457 1429 978 692 1329 596 763 1365 455 576 1123 583 296 1018 484 1346 689 561 1004 959 1400 1302 707 1162 703 748 626 924 851 534 704 214 560 395 698 670 916
122 603 751 179 125 145 144 765 495 183 674 275 471 787 853 443 313 699 750 186 871 45 477 476 516 316 679 570 0 199 248 834 477 283 158 145 747 605 131 952 810 100 606 213 389 324 511 546 537 380 111 719 632 591 300 560 560 411 594 628 748 223 377 241 216 119 239 440 669 534 432 107 837 206 293 584 167 481 412 252 958 786 158 913 176 203 860 430 144 915 446 332 465 537 776 129 38 455 841 836 769 213 630 150 300 154 428 687 789 166 356 172 569 144 350 524
77 444 747 378 75 59 320 571 529 186 840 359 351 820 660 492 501 842 778 303 770 241 371 279 693 399 864 748 199 0 258 894 339 105 41 56 887 731 98 804 774 103 465 372 564 416 382 367 407 466 278 590 574 435 100 529 664 478 643 461 911 328 318 335 152 87 218 436 624 484 271 94 637 406 475 773 266 396 277 342 763 701 59 734 327 32 800 497 188 813 616 531 377 596 618 71 192 258 781 651 685 289 557 186 176 141 240 628 868 45 539 341 660 55 300 379
234 435 975 374 226 219 234 663 272 77 896 128 272 1026 855 683 383 938 987 434 1028 283 628 485 730 157 877 780 248 258 0 636 299 241 243 226 659 850 179 1053 1017 214 414 457 612 179 317 603 341 219 358 846 823 420 315 768 417 655 836 473 973 133 142 487 386 207 438 195 420 287 299 218 769 366 347 627 411 251 245 497 953 958 277 957 196 229 611 675 363 1071 442 500 240 781 594 224 280 405 1033 703 527 85 387 100 433 342 470 878 1038 272 569 230 817 237 541 635
865 846 1585 851 858 854 721 1120 366 711 1289 559 711 1610 1415 1270 694 1384 1576 1006 1665 846 1265 1085 1127 518 1203 1159 834 894 636 0 760 858 878 861 397 1339 812 1673 1642 841 777 987 1057 510 734 1219 737 453 917 1479 1455 830 939 1391 308 1232 1415 891 1363 610 618 1064 1016 838 1062 476 451 512 826 846 1258 806 672 705 998 620 758 1076 1497 1594 911 1547 671 865 508 1250 974 1707 577 877 635 1354 902 857 872 978 1665 1095 587 627 549 722 1069 966 1088 1510 1577 907 1005 694 1358 872 1170 1267
385 136 1061 643 377 356 522 385 425 313 1151 416 49 1149 654 829 682 1169 1107 632 997 522 636 360 993 431 1152 1046 477 339 299 760 0 235 362 361 906 1065 349 945 1067 390 129 686 867 454 46 502 69 472 584 791 862 121 297 839 644 817 979 175 1225 432 183 671 487 371 554 307 363 251 87 386 510 648 647 924 598 140 64 678 737 954 395 792 492 311 502 836 523 1036 735 784 126 934 301 372 492 240 1054 407 369 384 267 347 474 479 391 910 1207 382 831 524 999 370 619 592
168 338 834 462 162 140 378 483 492 192 942 363 253 915 620 593 558 947 873 407 817 328 429 244 792 397 959 846 283 105 241 858 235 0 137 142 899 837 155 817 850 183 360 473 663 418 280 364 304 461 375 623 646 330 81 613 659 582 743 356 1013 347 251 441 251 164 318 385 546 409 165 176 563 482 528 825 372 310 177 448 720 758 164 716 370 83 713 600 294 858 655 613 290 698 513 157 285 181 848 554 592 300 470 210 247 247 231 697 971 151 634 392 765 148 388 411
36 474 743 337 34 25 282 611 516 167 805 334 370 809 699 475 461 811 768 271 788 200 387 319 656 374 825 711 158 41 243 878 362 137 0 19 856 703 68 833 777 63 491 336 527 391 404 402 429 442 239 613 581 465 141 530 639 458 628 493 876 299 321 308 146 50 207 429 628 488 300 54 678 365 437 733 236 407 299 315 803 715 37 770 291 53 809 477 160 831 580 490 388 579 649 32 152 298 790 689 699 263 567 160 191 119 277 635 848 29 500 303 637 14 301 405
25 476 756 324 19 7 264 621 499 150 800 315 366 819 716 483 444 809 778 270 806 188 405 336 649 355 817 703 145 56 226 861 361 142 19 0 837 703 49 852 792 46 490 331 520 372 401 421 427 424 232 632 597 466 156 544 620 463 636 497 872 279 310 310 160 31 218 414 617 477 303 37 692 350 419 716 236 399 297 318 820 732 51 789 272 59 799 483 164 850 561 477 381 586 651 15 143 310 806 696 691 244 558 141 210 127 295 651 854 46 492 284 641 11 315 425
829 1027 1445 677 825 832 603 1291 494 710 994 535 861 1433 1515 1118 480 1111 1406 872 1618 737 1224 1143 851 502 883 869 747 887 659 397 906 899 856 837 0 1097 790 1689 1529 800 973 819 818 480 898 1253 913 443 786 1463 1369 1010 966 1287 263 1072 1242 1072 1060 559 725 925 961 807 985 604 723 708 940 808 1413 624 479 357 878 784 874 936 1611 1529 879 1614 573 867 849 1088 888 1662 325 635 790 1181 1136 827 782 1063 1574 1301 882 601 792 702 1039 901 1121 1424 1356 880 769 575 1154 845 1095 1261
679 1175 499 500 687 708 648 1266 1060 788 226 836 1067 402 1199 317 647 128 397 433 862 567 671 913 262 868 358 273 605 731 850 1339 1065 837 703 703 1097 0 719 1079 627 677 1193 392 284 864 1104 888 1130 914 493 849 602 1167 807 508 1032 293 283 1191 252 781 982 396 604 694 543 1033 1268 1137 1002 680 1288 537 667 765 466 1085 1000 390 1299 755 673 1171 701 756 1461 283 543 895 785 467 1069 257 1350 692 580 961 716 1364 1374 795 1235 755 666 591 844 630 265 686 335 669 146 694 547 778
54 472 798 308 46 43 228 638 451 102 802 265 348 855 754 516 409 820 816 287 856 176 454 373 646 306 811 700 131 98 179 812 349 155 68 49 790 719 0 900 838 42 479 336 519 322 386 466 412 374 234 682 644 461 190 589 571 493 670 497 876 231 275 332 206 29 260 371 580 441 301 42 717 327 382 679 256 371 285 342 857 781 99 832 230 85 765 513 193 899 519 458 353 617 646 44 142 333 854 706 663 194 527 91 260 165 337 699 882 96 486 246 666 59 361 474
860 925 654 1081 863 857 1097 747 1308 988 1293 1163 990 809 401 780 1261 1204 778 892 264 974 486 591 1230 1202 1394 1275 952 804 1053 1673 945 817 833 852 1689 1079 900 0 540 889 997 977 1128 1220 985 454 995 1269 951 245 477 934 738 571 1468 820 805 896 1331 1132 1057 861 737 882 733 1198 1308 1190 864 881 639 1129 1245 1524 867 1077 927 854 426 348 810 237 1119 827 1429 821 825 260 1399 1210 1059 822 1012 862 922 706 447 860 1287 1093 1210 990 652 799 586 457 992 809 1138 1123 934 844 638 429
783 1117 131 852 791 799 940 1062 1289 940 853 1082 1096 278 825 420 1051 736 254 658 279 806 431 744 846 1124 980 878 810 774 1017 1642 1067 850 777 792 1529 627 838 540 0 804 1169 713 784 1134 1114 628 1134 1190 746 395 204 1117 774 250 1370 468 348 1108 871 1033 1091 604 631 810 580 1207 1395 1256 980 800 1012 906 1050 1269 656 1160 1019 592 897 198 741 720 983 806 1562 457 668 297 1206 929 1140 395 1262 793 772 853 98 1180 1436 1015 1319 923 603 677 689 160 471 748 816 969 486 781 476 501
29 510 761 280 28 45 219 665 484 137 764 287 389 815 762 475 398 779 776 244 833 144 432 382 610 328 776 665 100 103 214 841 390 183 63 46 800 677 42 889 804 0 519 296 482 342 427 464 453 396 195 665 614 500 202 554 590 451 628 533 837 246 317 290 175 19 224 408 621 482 338 9 738 304 374 670 214 413 325 299 866 755 78 832 231 103 807 471 152 876 518 432 396 575 685 31 103 355 824 738 705 216 570 118 240 128 340 669 840 81 451 240 624 48 329 460
514 74 1172 770 506 485 643 343 480 437 1280 520 141 1267 666 953 796 1299 1224 760 1077 650 738 437 1121 528 1278 1174 606 465 414 777 129 360 491 490 973 1193 479 997 1169 519 0 815 995 551 97 575 72 559 713 867 965 63 413 949 710 942 1101 116 1354 544 280 799 610 500 677 370 339 272 198 515 483 772 760 1027 726 191 194 806 735 1044 522 820 610 438 432 961 651 1114 835 907 190 1058 180 501 621 319 1149 328 290 498 234 472 589 606 482 1010 1331 509 959 643 1125 499 736 680
305 806 626 142 312 334 268 940 678 397 469 452 683 626 964 298 339 486 595 89 840 174 493 613 323 488 496 378 213 372 457 987 686 473 336 331 819 392 336 977 713 296 815 0 193 488 722 640 748 542 102 732 571 796 464 480 689 254 431 828 541 397 590 119 291 315 259 642 876 744 633 301 992 195 342 565 124 695 621 127 1069 740 314 989 321 389 1068 271 199 882 494 233 679 370 981 317 194 625 766 1023 982 405 842 363 380 249 552 623 596 327 177 294 374 324 340 575
495 992 674 239 501 523 388 1134 793 564 285 575 859 628 1149 371 364 336 608 277 959 345 655 806 129 603 302 184 389 564 612 1057 867 663 527 520 818 284 519 1128 784 482 995 193 0 596 900 825 927 642 287 882 684 981 658 585 749 323 451 1016 361 522 752 281 482 502 442 780 1019 895 820 488 1185 264 385 503 315 860 802 284 1254 854 507 1163 440 579 1211 331 392 999 502 184 847 394 1166 506 378 819 855 1216 1138 545 998 528 568 443 743 729 538 520 52 405 341 514 503 747
370 588 1075 364 364 366 219 833 197 232 864 57 417 1103 1035 761 278 932 1068 498 1176 337 775 663 694 23 817 738 324 416 179 510 454 418 391 372 480 864 322 1220 1134 342 551 488 596 0 460 776 481 56 409 1004 951 571 488 883 248 725 908 629 942 100 273 556 517 344 556 212 440 342 471 349 945 331 242 477 488 364 411 567 1132 1097 419 1135 166 393 629 744 465 1219 284 442 361 849 730 364 362 584 1161 862 583 127 450 230 581 462 643 1006 1084 417 546 195 862 381 666 796
425 129 1108 673 417 396 546 396 410 341 1185 426 44 1195 684 874 700 1207 1153 671 1042 555 683 404 1025 437 1182 1078 511 382 317 734 46 280 404 401 898 1104 386 985 1114 427 97 722 900 460 0 546 26 473 620 835 909 112 343 885 635 860 1024 173 1260 448 187 711 531 409 598 295 323 221 134 424 528 675 664 935 638 117 104 719 763 1000 437 827 513 353 456 879 565 1081 744 810 108 978 277 412 528 283 1101 405 323 402 225 376 521 522 437 957 1250 425 863 546 1041 411 665 637
435 512 667 705 436 425 682 436 854 543 1060 719 544 796 324 575 859 1015 753 551 501 578 233 141 948 756 1123 1001 546 367 603 1219 502 364 402 421 1253 888 466 454 628 464 575 640 825 776 546 0 559 822 580 292 436 516 288 461 1021 594 683 494 1117 694 602 545 353 453 383 743 864 739 417 455 412 745 837 1130 516 628 477 544 429 476 389 367 694 385 1000 605 450 538 982 852 609 664 640 434 523 262 590 553 862 652 770 551 261 408 133 469 919 384 818 705 767 416 341 131
450 114 1130 699 443 422 571 386 422 367 1211 448 69 1218 685 898 724 1233 1176 697 1057 581 702 418 1051 458 1208 1104 537 407 341 737 69 304 429 427 913 1130 412 995 1134 453 72 748 927 481 26 559 0 491 646 850 929 97 365 907 649 885 1048 160 1286 471 208 737 556 435 622 308 317 225 153 450 521 700 688 957 664 128 130 745 762 1017 463 831 537 378 441 904 590 1095 765 836 123 1003 252 438 554 297 1119 388 305 426 216 402 543 547 453 976 1275 450 890 571 1067 437 688 654
423 602 1131 415 417 417 273 856 155 280 906 109 431 1159 1073 817 309 978 1124 554 1229 393 828 705 737 68 852 779 380 466 219 453 472 461 442 424 443 914 374 1269 1190 396 559 542 642 56 473 822 491 0 465 1056 1006 585 533 939 199 780 964 645 983 156 289 611 571 397 612 199 413 329 498 403 972 379 276 480 544 368 435 623 1168 1152 472 1177 220 441 597 799 522 1273 287 482 368 904 735 417 418 621 1217 878 562 180 434 282 634 517 689 1062 1137 470 592 247 916 433 721 846
207 706 673 129 213 235 197 849 592 295 568 367 580 694 899 353 317 588 659 90 840 76 465 535 416 406 585 471 111 278 358 917 584 375 239 232 786 493 234 951 746 195 713 102 287 409 620 580 646 465 0 710 584 695 374 501 628 315 499 729 641 312 489 147 227 214 217 547 779 645 533 200 909 178 309 573 92 593 519 159 1005 747 223 940 245 292 970 334 130 883 468 271 577 439 880 218 92 535 788 928 881 314 742 262 320 173 478 638 683 235 260 225 462 227 319 532
636 803 477 839 641 638 864 692 1112 776 1057 948 831 629 430 541 1023 976 591 647 210 737 244 432 986 988 1153 1033 719 590 846 1479 791 623 613 632 1463 849 682 245 395 665 867 732 882 1004 835 292 850 1056 710 0 261 808 541 342 1253 579 585 783 1099 911 872 615 503 660 492 1008 1149 1020 704 657 625 888 1009 1283 623 911 760 609 505 207 587 339 890 617 1291 582 587 246 1165 965 892 594 924 641 687 553 329 812 1153 877 1058 774 425 564 403 261 795 587 893 891 707 623 393 211
590 913 233 702 598 604 769 872 1096 746 819 897 892 375 673 316 899 726 335 502 275 634 227 543 771 939 927 812 632 574 823 1455 862 646 581 597 1369 602 644 477 204 614 965 571 684 951 909 436 929 1006 584 261 0 913 570 99 1192 361 328 905 854 851 890 454 438 617 394 1010 1192 1054 775 608 835 755 893 1137 491 957 815 444 758 170 546 599 808 607 1358 358 488 315 1051 801 937 344 1061 599 595 650 210 989 1231 828 1115 732 401 489 486 55 533 552 705 798 456 586 285 305
491 16 1125 761 484 462 643 290 520 433 1264 535 154 1223 604 916 803 1276 1181 736 1018 636 686 380 1108 548 1269 1161 591 435 420 830 121 330 465 466 1010 1167 461 934 1117 500 63 796 981 571 112 516 97 585 695 808 913 0 373 902 747 908 1062 62 1337 553 298 771 575 480 641 406 398 321 164 495 427 768 768 1044 701 226 182 778 675 987 494 757 614 411 495 927 623 1054 854 904 220 1021 185 479 603 264 1094 292 352 506 294 467 546 576 428 957 1295 481 947 646 1093 474 693 624
177 378 764 478 175 157 417 476 572 255 929 431 322 854 564 543 598 922 811 388 735 342 349 183 787 468 959 842 300 100 315 939 297 81 141 156 966 807 190 738 774 202 413 464 658 488 343 288 365 533 374 541 570 373 0 542 732 537 689 387 998 408 332 412 204 186 269 467 624 489 215 194 537 506 572 869 350 387 245 417 667 677 151 648 419 104 788 555 270 776 708 631 367 647 549 171 292 161 769 561 662 364 545 266 177 219 155 620 921 139 635 436 723 156 323 329
534 904 222 614 542 551 692 893 1038 690 723 832 864 335 731 216 812 635 292 416 374 557 230 547 672 873 829 713 560 529 768 1391 839 613 530 544 1287 508 589 571 250 554 949 480 585 883 885 461 907 939 501 342 99 902 542 0 1120 262 244 901 760 783 848 364 383 560 330 959 1153 1014 754 550 872 668 809 1045 409 922 787 354 822 268 493 674 734 562 1326 258 417 414 966 707 902 252 1061 544 522 643 287 1007 1204 764 1083 673 365 427 484 144 468 501 608 721 365 532 229 330
617 764 1302 550 612 614 431 1029 232 479 983 305 598 1316 1266 980 385 1076 1284 719 1423 564 1022 902 819 265 902 852 560 664 417 308 644 659 639 620 263 1032 571 1468 1370 590 710 689 749 248 635 1021 649 199 628 1253 1192 747 732 1120 0 939 1120 809 1057 344 465 776 762 593 798 341 477 447 683 597 1153 502 364 433 715 521 616 788 1360 1343 667 1374 387 640 627 958 704 1467 275 569 527 1059 875 612 598 814 1402 1038 638 376 536 479 829 706 887 1248 1273 666 696 403 1056 629 909 1044
443 915 373 397 452 470 510 980 905 582 481 681 828 378 907 48 592 421 344 227 637 388 380 624 411 721 573 455 411 478 655 1232 817 582 458 463 1072 293 493 820 468 451 942 254 323 725 860 594 885 780 315 579 361 908 537 262 939 0 183 925 530 627 768 170 333 465 267 850 1072 933 745 451 996 449 596 800 244 863 755 158 1007 531 422 888 560 507 1259 19 300 676 747 460 845 125 1086 456 376 682 533 1082 1155 624 1021 554 381 338 555 405 390 435 350 538 186 453 254 486
618 1067 227 573 627 643 693 1100 1088 762 508 865 994 195 971 153 763 402 164 411 579 572 450 744 499 905 632 529 594 643 836 1415 979 743 628 636 1242 283 670 805 348 628 1101 431 451 908 1024 683 1048 964 499 585 328 1062 689 244 1120 183 0 1073 534 811 945 353 492 641 426 1031 1250 1111 903 627 1095 624 770 950 426 1036 920 342 1064 472 592 919 744 674 1435 164 476 612 917 615 1017 61 1235 630 559 821 434 1209 1327 807 1195 735 518 509 676 350 238 603 490 721 138 625 373 558
522 45 1122 802 516 494 690 228 582 479 1297 591 213 1227 553 930 854 1303 1184 764 994 674 679 364 1144 605 1308 1198 628 461 473 891 175 356 493 497 1072 1191 497 896 1108 533 116 828 1016 629 173 494 160 645 729 783 905 62 387 901 809 925 1073 0 1369 606 356 795 592 514 657 468 455 382 195 528 367 812 820 1099 727 288 229 801 620 969 520 711 663 439 539 943 648 1028 910 947 281 1034 162 511 637 257 1079 233 395 558 351 512 554 600 419 947 1307 506 984 694 1111 504 700 609
847 1347 740 598 853 875 745 1470 1137 925 77 927 1219 623 1435 561 681 135 628 609 1113 704 911 1126 247 952 186 205 748 911 973 1363 1225 1013 876 872 1060 252 876 1331 871 837 1354 541 361 942 1260 1117 1286 983 641 1099 854 1337 998 760 1057 530 534 1369 0 877 1113 590 805 856 751 1136 1374 1253 1174 842 1506 615 710 705 647 1221 1160 587 1537 1006 852 1417 794 930 1566 523 727 1146 786 501 1208 509 1522 858 734 1158 963 1560 1498 903 1358 889 879 778 1059 882 446 865 403 759 398 865 776 1016
274 568 975 284 270 274 134 794 281 155 800 55 403 1006 967 663 252 856 970 400 1079 238 678 589 630 93 766 678 223 328 133 610 432 347 299 279 559 781 231 1132 1033 246 544 397 522 100 448 694 471 156 312 911 851 553 408 783 344 627 811 606 877 0 266 458 418 250 456 258 496 379 430 254 896 261 216 495 388 370 378 469 1067 999 324 1057 82 308 689 647 365 1122 312 387 362 752 724 270 261 523 1061 836 625 49 486 142 487 363 563 906 993 324 475 118 771 288 566 704
326 314 1064 516 318 303 377 567 259 193 1037 240 144 1129 809 791 518 1074 1089 556 1068 416 678 467 872 250 1020 922 377 318 142 618 183 251 321 310 725 982 275 1057 1091 317 280 590 752 273 187 602 208 289 489 872 890 298 332 848 465 768 945 356 1113 266 0 605 467 303 528 142 307 167 218 317 687 509 482 748 529 108 151 615 899 1008 358 931 337 285 490 788 468 1109 556 642 97 892 460 314 403 362 1095 589 392 223 254 227 489 437 473 943 1157 349 711 372 939 321 618 662
287 779 526 249 295 315 345 881 735 416 525 512 676 548 869 205 448 509 512 57 721 219 379 537 403 551 578 456 241 335 487 1064 671 441 308 310 925 396 332 861 604 290 799 119 281 556 711 545 737 611 147 615 454 771 412 364 776 170 353 795 590 458 605 0 215 305 164 681 906 768 606 291 918 303 446 684 76 703 607 11 974 622 276 883 393 360 1094 189 147 763 602 352 686 295 954 300 207 570 652 973 995 454 859 387 292 195 471 506 551 290 281 373 333 300 225 467
152 581 597 354 159 167 360 666 658 308 739 462 502 667 674 342 524 722 626 204 661 236 262 324 609 503 784 664 216 152 386 1016 487 251 146 160 961 604 206 737 631 175 610 291 482 517 531 353 556 571 227 503 438 575 204 383 762 333 492 592 805 418 467 215 0 178 66 575 774 634 412 170 705 398 507 790 167 549 427 218 780 580 109 713 388 184 952 352 96 704 662 498 529 447 753 161 184 356 648 759 838 392 709 294 92 61 261 493 720 118 469 387 519 149 155 311
26 491 769 298 19 28 233 646 479 130 783 288 372 826 748 487 413 798 787 262 832 163 430 367 630 329 796 684 119 87 207 838 371 164 50 31 807 694 29 882 810 19 500 315 502 344 409 453 435 397 214 660 617 480 186 560 593 465 641 514 856 250 303 305 178 0 231 400 609 470 318 14 720 322 387 685 230 398 306 315 851 756 74 820 241 85 794 485 165 875 530 450 380 589 665 19 123 337 827 718 690 217 555 116 236 136 327 672 854 73 471 253 639 37 333 454
205 647 537 347 214 225 381 723 708 361 688 503 568 602 707 276 531 663 561 169 633 248 248 374 566 545 742 620 239 218 438 1062 554 318 207 218 985 543 260 733 580 224 677 259 442 556 598 383 622 612 217 492 394 641 269 330 798 267 426 657 751 456 528 164 66 231 0 631 836 695 479 220 755 396 518 791 137 613 494 165 812 546 169 730 415 249 1016 285 96 677 676 482 594 380 819 216 203 418 604 820 903 435 774 342 128 96 308 449 653 180 435 409 453 207 110 318
425 423 1169 541 417 407 391 690 118 271 1058 209 259 1221 950 878 488 1113 1183 627 1200 471 805 609 889 194 1021 936 440 436 195 476 307 385 429 414 604 1033 371 1198 1207 408 370 642 780 212 295 743 308 199 547 1008 1010 406 467 959 341 850 1031 468 1136 258 142 681 575 400 631 0 238 130 358 411 818 520 452 680 606 180 289 692 1037 1136 466 1074 341 404 431 870 558 1242 486 643 186 975 541 415 474 505 1217 697 371 237 237 295 612 535 613 1063 1230 458 733 376 1009 426 730 797
633 412 1370 779 625 610 630 680 266 489 1296 447 319 1436 1002 1096 718 1351 1396 854 1352 703 974 722 1127 426 1257 1174 669 624 420 451 363 546 628 617 723 1268 580 1308 1395 621 339 876 1019 440 323 864 317 413 779 1149 1192 398 624 1153 477 1072 1250 455 1374 496 307 906 774 609 836 238 0 140 446 623 822 758 683 881 829 238 389 916 1074 1301 666 1149 579 591 193 1092 773 1392 692 879 258 1197 451 621 699 603 1394 645 160 474 104 519 791 744 746 1244 1457 656 972 614 1238 629 925 944
493 337 1231 655 485 470 508 611 215 352 1176 334 202 1296 905 957 617 1223 1256 717 1221 570 838 599 1008 323 1145 1056 534 484 287 512 251 409 488 477 708 1137 441 1190 1256 482 272 744 895 342 221 739 225 329 645 1020 1054 321 489 1014 447 933 1111 382 1253 379 167 768 634 470 695 130 140 0 326 483 747 639 581 809 692 113 262 778 985 1166 526 1043 460 451 326 953 634 1261 616 766 130 1058 427 481 563 483 1257 600 245 349 108 383 653 604 617 1106 1320 516 850 496 1101 489 785 813
328 173 977 607 321 299 500 364 476 290 1102 425 127 1069 591 755 670 1111 1026 572 910 478 549 275 948 447 1112 1002 432 271 299 826 87 165 300 303 940 1002 301 864 980 338 198 633 820 471 134 417 153 498 533 704 775 164 215 754 683 745 903 195 1174 430 218 606 412 318 479 358 446 326 0 332 474 619 637 925 536 213 68 613 680 866 329 720 478 247 590 764 459 948 741 754 196 859 348 316 441 157 966 412 457 380 354 321 391 412 303 823 1133 316 788 507 929 310 538 504
21 505 757 287 19 37 228 658 488 140 769 293 387 813 753 474 407 783 774 247 826 151 425 373 616 335 783 671 107 94 218 846 386 176 54 37 808 680 42 881 800 9 515 301 488 349 424 455 450 403 200 657 608 495 194 550 597 451 627 528 842 254 317 291 170 14 220 411 623 483 332 0 729 312 383 679 215 412 321 300 857 749 70 823 239 96 808 471 151 869 527 440 395 575 680 22 109 347 818 731 705 223 569 124 232 124 331 663 840 72 458 249 625 39 324 452
714 412 1069 1016 711 692 942 143 936 746 1443 897 558 1205 240 982 1121 1413 1162 908 817 879 646 380 1314 921 1488 1368 837 637 769 1258 510 563 678 692 1413 1288 717 639 1012 738 483 992 1185 945 528 412 521 972 909 625 835 427 537 872 1153 996 1095 367 1506 896 687 918 705 720 755 818 822 747 474 729 0 1042 1091 1386 871 645 538 920 269 832 687 412 932 634 884 1009 792 840 1209 1168 634 1075 416 707 829 383 954 230 743 847 717 770 626 742 447 860 1332 676 1167 955 1175 693 742 541
328 781 822 54 331 350 132 965 528 335 538 312 631 818 1057 494 144 600 789 253 1017 168 644 682 369 338 510 417 206 406 366 806 648 482 365 350 624 537 327 1129 906 304 772 195 264 331 675 745 700 379 178 888 755 768 506 668 502 449 624 812 615 261 509 303 398 322 396 520 758 639 619 312 1042 0 146 395 268 617 586 314 1162 921 363 1109 179 407 951 466 304 1060 299 135 606 563 950 335 222 659 955 1030 885 290 745 300 489 338 633 809 770 372 215 143 553 350 498 708
402 783 968 199 402 416 154 998 431 348 634 248 619 964 1135 640 36 716 935 393 1149 271 765 754 466 258 576 505 293 475 347 672 647 528 437 419 479 667 382 1245 1050 374 760 342 385 242 664 837 688 276 309 1009 893 768 572 809 364 596 770 820 710 216 482 446 507 387 518 452 683 581 637 383 1091 146 0 297 402 585 591 457 1239 1056 447 1204 159 467 871 613 422 1192 158 210 578 709 941 405 322 709 1096 1048 824 262 689 321 594 445 714 947 910 453 333 136 695 423 626 817
699 1060 1169 444 698 713 452 1289 614 640 641 508 891 1131 1433 849 271 764 1110 641 1405 555 1039 1052 508 500 526 519 584 773 627 705 924 825 733 716 357 765 679 1524 1269 670 1027 565 503 477 935 1130 957 480 573 1283 1137 1044 869 1045 433 800 950 1099 705 495 748 684 790 685 791 680 881 809 925 679 1386 395 297 0 661 841 873 693 1536 1306 741 1497 454 765 1050 813 699 1448 193 340 838 892 1207 701 609 1006 1329 1331 1037 544 914 616 881 730 1010 1189 1030 748 460 434 844 719 891 1101
213 710 588 216 221 241 284 825 662 340 578 441 602 619 839 275 409 575 582 38 748 152 380 491 442 482 617 497 167 266 411 998 598 372 236 236 878 466 256 867 656 214 726 124 315 488 638 516 664 544 92 623 491 701 350 409 715 244 426 727 647 388 529 76 167 230 137 606 829 692 536 215 871 268 402 661 0 627 534 86 945 654 207 868 329 289 1018 264 80 792 560 345 610 370 884 225 132 511 696 912 919 381 783 311 256 131 428 545 628 221 302 313 410 227 230 455
419 242 1142 624 410 393 485 513 294 298 1145 339 90 1216 794 882 621 1180 1175 656 1113 521 736 487 980 341 1128 1031 481 396 251 620 140 310 407 399 784 1085 371 1077 1160 413 191 695 860 364 117 628 128 368 593 911 957 226 387 922 521 863 1036 288 1221 370 108 703 549 398 613 180 238 113 213 412 645 617 585 841 627 0 151 713 876 1063 444 931 444 364 404 882 562 1153 648 750 19 985 366 406 505 370 1156 516 292 330 161 333 557 526 508 1007 1253 433 819 480 1037 410 695 706
321 195 1009 580 313 292 461 422 408 251 1086 368 77 1092 660 769 625 1105 1050 567 963 457 591 336 928 387 1088 982 412 277 245 758 64 177 299 297 874 1000 285 927 1019 325 194 621 802 411 104 477 130 435 519 760 815 182 245 787 616 755 920 229 1160 378 151 607 427 306 494 289 389 262 68 321 538 586 591 873 534 151 0 615 748 914 333 788 434 248 543 774 460 1003 686 722 132 873 364 308 427 222 1011 458 417 330 302 285 421 417 357 864 1145 320 767 465 936 306 564 555
296 786 515 260 304 323 356 884 746 426 523 523 684 536 867 193 459 504 501 69 712 230 374 539 404 563 579 457 252 342 497 1076 678 448 315 318 936 390 342 854 592 299 806 127 284 567 719 544 745 623 159 609 444 778 417 354 788 158 342 801 587 469 615 11 218 315 165 692 916 778 613 300 920 314 457 693 86 713 615 0 972 613 284 879 405 368 1104 178 154 754 613 360 695 284 960 308 218 574 641 977 1005 465 869 397 293 201 473 496 541 297 286 385 324 308 220 463
839 661 982 1126 838 823 1084 409 1156 912 1483 1080 786 1132 105 982 1265 1428 1093 980 655 994 628 484 1376 1110 1551 1429 958 763 953 1497 737 720 803 820 1611 1299 857 426 897 866 735 1069 1254 1132 763 429 762 1168 1005 505 758 675 667 822 1360 1007 1064 620 1537 1067 899 974 780 851 812 1037 1074 985 680 857 269 1162 1239 1536 945 876 748 972 0 701 799 190 1086 771 1149 1016 876 667 1374 1276 863 1058 685 835 940 548 821 497 1007 1020 969 929 689 832 529 766 1288 791 1247 1103 1168 818 762 521
730 984 305 868 736 739 926 895 1230 882 977 1042 989 461 634 484 1064 875 430 668 107 792 331 607 938 1084 1091 978 786 701 958 1594 954 758 715 732 1529 755 781 348 198 755 1044 740 854 1097 1000 476 1017 1152 747 207 170 987 677 268 1343 531 472 969 1006 999 1008 622 580 756 546 1136 1301 1166 866 749 832 921 1056 1306 654 1063 914 613 701 0 682 522 962 732 1456 526 642 145 1215 971 1043 501 1116 737 749 724 121 1015 1323 972 1217 872 525 636 563 126 645 686 876 955 609 722 435 363
49 502 706 331 54 58 293 626 550 201 782 363 405 772 694 439 469 783 731 244 757 195 356 319 637 404 808 692 158 59 277 911 395 164 37 51 879 673 99 810 741 78 522 314 507 419 437 389 463 472 223 587 546 494 151 493 667 422 592 520 852 324 358 276 109 74 169 466 666 526 329 70 687 363 447 741 207 444 333 284 799 682 0 757 308 84 846 442 129 801 594 483 425 543 677 55 143 312 755 708 735 292 604 190 162 84 270 600 813 13 484 316 603 40 264 381
802 746 814 1067 804 792 1050 534 1190 904 1369 1079 841 967 172 856 1226 1300 930 899 468 943 511 472 1278 1114 1451 1329 913 734 957 1547 792 716 770 789 1614 1171 832 237 720 832 820 989 1163 1135 827 367 831 1177 940 339 599 757 648 674 1374 888 919 711 1417 1057 931 883 713 820 730 1074 1149 1043 720 823 412 1109 1204 1497 868 931 788 879 190 522 757 0 1061 749 1250 894 809 477 1350 1210 915 921 808 802 889 569 638 639 1106 1013 1047 914 620 771 494 599 1133 752 1163 1073 1034 783 659 415
