0 1688 452 411 1213 41 46 752 1261 779 596 689 218 1535 1479 937
1688 0 1244 1550 2861 1673 1734 1945 1995 2149 1577 2362 1904 3178 3070 1157
452 1244 0 514 1623 445 498 870 1363 1105 673 1140 670 1943 1911 737
411 1550 514 0 1535 370 424 1150 886 622 191 871 514 1852 1520 579
1213 2861 1623 1535 0 1240 1174 1089 2095 1363 1662 750 1030 322 1122 2113
41 1673 445 370 1240 0 66 792 1222 752 555 695 230 1562 1474 901
46 1734 498 424 1174 66 0 757 1256 751 604 643 172 1496 1434 965
752 1945 870 1150 1089 792 757 0 2013 1463 1340 1075 793 1360 1877 1586
1261 1995 1363 886 2095 1222 1256 2013 0 733 701 1345 1262 2370 1536 856
779 2149 1105 622 1363 752 751 1463 733 0 573 616 670 1637 955 1054
596 1577 673 191 1662 555 604 1340 701 573 0 958 669 1973 1518 498
689 2362 1140 871 750 695 643 1075 1345 616 958 0 471 1038 826 1443
218 1904 670 514 1030 230 172 793 1262 670 669 471 0 1351 1271 1086
1535 3178 1943 1852 322 1562 1496 1360 2370 1637 1973 1038 1351 0 1225 2431
1479 3070 1911 1520 1122 1474 1434 1877 1536 955 1518 826 1271 1225 0 2008
937 1157 737 579 2113 901 965 1586 856 1054 498 1443 1086 2431 2008 0
