0 3 749 90 604 550 231 709 15 530 161 159 393 698 608 295 554 44 251 148 21 602 514 445 8 583 102 152 164 6 806 174 332 640 250 233 707 332 638 226 387 324 408 91 578 490 167 780 591 66 219 407 469 318 25 627 177 393 412 242 541 588 504 172 751 529 26 644 679 537 67 240 277 372 263 290 764 139
3 0 747 90 601 553 234 708 13 532 164 156 396 702 608 297 557 42 255 145 25 606 518 449 8 585 104 149 167 10 802 173 329 641 251 236 710 330 642 222 388 325 409 88 577 489 166 783 587 69 219 407 468 314 26 624 175 390 414 245 543 591 500 175 749 528 22 646 677 540 68 238 276 373 266 293 763 136
749 747 0 664 1002 1271 900 196 734 654 743 731 1061 1163 1301 658 1276 777 831 620 749 1044 1103 1115 740 639 851 685 697 755 957 876 710 574 606 912 1104 420 1055 676 1119 1073 1153 672 221 309 583 1027 931 804 953 359 303 653 773 300 859 903 1160 975 1283 791 835 773 297 248 733 753 1224 721 709 509 485 1119 868 824 1423 619
90 90 664 0 646 619 269 618 78 464 145 192 439 701 697 235 624 130 254 107 85 596 540 494 82 513 190 161 121 95 818 257 343 562 175 276 696 253 628 231 478 410 498 78 488 399 80 747 622 140 309 318 380 314 115 563 255 444 496 314 620 538 527 169 687 440 85 585 748 480 49 161 186 461 277 281 849 87
604 601 1002 646 0 943 797 1078 601 1105 766 454 912 1280 529 882 942 568 850 566 626 1196 1067 948 607 1149 606 487 762 607 306 477 332 1180 816 790 1303 680 1234 430 556 668 634 569 952 905 662 1385 81 639 533 821 863 387 599 723 456 214 731 724 859 1185 167 776 806 904 585 1230 265 1126 661 651 743 635 853 892 548 586
550 553 1271 619 943 0 373 1187 566 810 529 658 235 534 561 646 7 541 458 699 542 535 325 195 557 869 458 680 575 543 1226 524 817 962 674 359 617 873 573 741 392 281 315 642 1072 977 698 798 974 485 437 912 972 829 530 1178 551 753 212 308 117 765 928 500 1302 1030 574 853 847 769 571 781 786 308 420 483 718 689
231 234 900 269 797 373 0 815 243 484 156 383 169 483 647 282 378 247 103 368 213 401 284 224 234 543 191 383 203 225 1026 320 559 627 302 16 509 514 441 456 403 265 378 317 698 603 341 621 797 171 289 540 599 548 221 831 341 582 321 126 406 485 720 127 954 657 257 563 813 461 221 425 417 339 76 146 818 352
709 708 196 618 1078 1187 815 0 695 487 662 734 963 1009 1301 545 1193 745 731 606 703 893 979 1015 700 462 808 685 617 714 1083 861 759 387 513 829 942 419 899 698 1095 1023 1116 649 134 219 543 848 1016 753 926 302 242 701 734 445 850 945 1105 908 1216 621 913 689 478 186 699 573 1274 554 656 490 432 1079 769 714 1439 598
15 13 734 78 601 566 243 695 0 526 165 152 407 707 619 292 570 52 259 132 30 610 526 459 9 578 117 141 163 22 798 182 323 633 243 246 714 316 645 215 400 339 422 76 564 477 153 784 586 81 231 394 455 306 39 611 182 392 428 258 556 588 497 178 736 515 15 642 682 535 63 224 263 386 272 296 772 123
530 532 654 464 1105 810 484 487 526 0 387 655 575 525 1112 235 817 574 380 538 511 411 537 617 524 59 589 618 367 531 1237 702 783 153 289 500 454 494 413 676 871 746 858 538 437 371 443 381 1072 531 722 389 404 738 547 760 708 908 804 608 874 138 971 397 853 431 540 131 1209 67 463 474 384 819 412 340 1277 518
161 164 743 145 766 529 156 662 165 387 0 316 320 556 726 155 534 201 110 252 140 452 401 375 158 443 202 297 46 159 957 321 481 513 150 169 554 366 486 370 487 378 484 215 543 448 198 619 750 145 335 384 443 456 171 687 331 555 451 250 554 430 660 30 808 501 180 491 833 384 109 281 262 445 138 136 890 232
159 156 731 192 454 658 383 734 152 655 316 0 535 858 571 428 661 136 411 133 181 762 668 584 160 702 208 48 307 164 646 153 175 744 365 383 866 318 798 82 396 394 444 116 599 525 222 933 434 212 243 436 493 172 162 550 131 252 484 362 624 730 345 330 672 548 136 777 567 672 208 246 324 416 422 449 705 147
393 396 1061 439 912 235 169 963 407 575 320 535 0 392 660 418 242 401 231 535 378 349 161 55 397 634 329 542 366 386 1163 440 709 727 456 162 449 684 391 613 432 278 378 482 853 758 510 605 923 328 379 701 758 705 379 1001 465 701 283 188 307 537 856 290 1124 815 419 623 884 536 390 595 582 347 194 251 831 521
698 702 1163 701 1280 534 483 1009 707 525 556 858 392 0 1049 537 541 725 449 808 677 119 232 382 699 562 674 848 585 694 1504 803 1031 658 613 489 101 885 112 922 824 671 768 770 941 858 743 298 1280 648 759 839 878 1011 696 1201 824 1065 667 567 645 404 1200 534 1313 921 723 482 1274 458 663 818 762 739 435 419 1218 788
608 608 1301 697 529 561 647 1301 619 1112 726 571 660 1049 0 881 557 566 744 695 621 1008 817 667 616 1169 527 619 753 605 834 441 620 1238 854 632 1110 889 1050 626 243 390 282 652 1167 1086 763 1256 594 586 393 999 1059 668 586 1089 451 445 382 523 447 1132 609 715 1202 1116 611 1206 326 1101 673 811 875 316 723 791 171 702
295 297 658 235 882 646 282 545 292 235 155 428 418 537 881 0 652 338 188 324 276 420 445 469 289 290 355 395 131 295 1040 466 572 358 80 298 507 350 444 460 643 529 638 313 442 349 235 523 856 296 489 309 357 534 311 664 472 679 598 396 688 303 758 171 777 409 306 350 974 245 229 293 226 598 226 169 1044 303
554 557 1276 624 942 7 378 1193 570 817 534 661 242 541 557 652 0 545 464 703 546 542 332 202 561 876 462 683 581 547 1226 526 819 969 680 365 624 878 580 744 391 282 314 645 1077 982 703 805 974 489 439 918 977 831 534 1182 553 753 211 312 112 772 929 506 1306 1036 577 860 844 776 575 786 791 307 426 490 714 693
44 42 777 130 568 541 247 745 52 574 201 136 401 725 566 338 545 0 283 163 63 632 532 451 51 627 83 142 208 43 779 130 311 684 294 247 738 357 669 211 350 299 376 106 613 526 202 818 558 76 181 443 504 304 30 640 133 355 389 236 522 630 475 208 764 563 45 687 635 580 111 267 313 341 290 324 720 159
251 255 831 254 850 458 103 731 259 380 110 411 231 449 744 188 464 283 0 360 230 350 291 285 251 440 253 398 149 247 1057 384 582 524 225 119 455 471 387 472 501 367 480 320 622 527 308 542 841 210 372 473 528 561 252 793 400 636 424 228 503 387 756 85 913 584 275 462 891 359 213 390 360 441 37 46 914 341
148 145 620 107 566 699 368 606 132 538 252 133 535 808 695 324 703 163 360 0 159 702 644 589 142 582 244 86 225 155 717 257 247 617 252 373 802 199 734 137 499 463 534 57 472 394 95 845 534 214 333 305 364 211 169 479 244 378 553 391 685 627 434 275 603 421 125 665 698 563 149 116 191 501 382 388 834 21
21 25 749 85 626 542 213 703 30 511 140 181 378 677 621 276 546 63 230 159 0 581 496 430 21 565 104 171 145 19 827 191 353 623 234 216 685 335 617 246 396 324 413 104 573 484 166 758 613 56 229 404 466 337 35 636 196 415 411 234 537 568 526 150 760 526 45 624 698 517 51 243 272 376 242 268 778 147
602 606 1044 596 1196 535 401 893 610 411 452 762 349 119 1008 420 542 632 350 702 581 0 210 356 602 453 590 748 477 598 1408 721 932 551 497 410 107 770 41 822 774 621 726 667 822 739 633 263 1190 558 688 720 759 909 602 1084 741 981 633 502 636 300 1106 433 1195 802 625 383 1210 346 561 705 646 693 343 315 1180 682
514 518 1103 540 1067 325 284 979 526 537 401 668 161 232 817 445 332 532 291 644 496 210 0 151 517 590 470 667 441 509 1308 591 843 689 504 285 298 763 248 741 593 439 536 597 885 793 599 473 1074 456 537 752 802 832 506 1085 614 854 436 344 426 462 1001 373 1204 854 540 551 1046 483 494 682 648 507 263 283 987 627
445 449 1115 494 948 195 224 1015 459 617 375 584 55 382 667 469 202 451 285 589 430 356 151 0 450 675 376 593 422 438 1205 482 757 770 510 217 449 739 396 663 448 297 387 535 907 812 565 617 963 380 415 756 812 755 430 1056 508 740 285 229 282 569 899 345 1179 869 471 657 906 574 445 650 638 360 247 301 836 575
8 8 740 82 607 557 234 700 9 524 158 160 397 699 616 289 561 51 251 142 21 602 517 450 0 577 110 150 159 14 805 181 331 633 243 237 706 324 638 224 396 332 417 85 569 481 159 778 592 72 227 399 461 315 33 620 184 397 420 249 548 584 505 171 744 521 23 639 685 532 60 232 268 381 264 289 771 132
583 585 639 513 1149 869 543 462 578 59 443 702 634 562 1169 290 876 627 440 582 565 453 590 675 577 0 645 663 421 584 1270 756 824 99 338 560 485 520 450 719 929 806 917 586 429 373 486 388 1113 587 779 404 411 777 600 769 761 955 864 668 934 160 1011 454 855 429 591 116 1260 108 516 509 417 878 471 400 1334 562
102 104 851 190 606 458 191 808 117 589 202 208 329 674 527 355 462 83 253 244 104 590 470 376 110 645 0 223 226 96 838 131 380 711 328 186 697 434 629 289 295 221 308 187 678 588 269 795 606 59 133 508 570 380 77 723 150 391 310 154 441 627 531 196 847 630 120 692 639 586 153 342 376 271 249 298 689 238
152 149 685 161 487 680 383 685 141 618 297 48 542 848 619 395 683 142 398 86 171 748 667 593 150 663 223 0 282 158 660 193 184 702 328 384 851 270 782 74 438 424 482 83 551 476 179 909 460 214 279 388 445 165 163 513 174 293 515 378 653 699 366 315 636 499 126 742 612 639 187 197 277 452 413 433 753 103
164 167 697 121 762 575 203 617 163 367 46 307 366 585 753 131 581 208 149 225 145 477 441 422 159 421 226 282 0 164 940 335 465 485 107 215 576 322 508 353 518 417 520 198 497 402 160 627 741 167 360 337 396 435 179 644 341 554 493 292 598 425 648 76 765 455 178 479 844 372 101 241 216 481 180 166 915 205
6 10 755 95 607 543 225 714 22 531 159 164 386 694 605 295 547 43 247 155 19 598 509 438 14 584 96 158 164 0 810 173 337 641 252 226 703 338 634 232 383 317 403 98 583 495 173 778 594 59 215 413 475 323 19 634 177 395 406 235 534 587 508 169 758 535 32 644 679 537 68 246 282 366 258 286 761 146
806 802 957 818 306 1226 1026 1083 798 1237 957 646 1163 1504 834 1040 1226 779 1057 717 827 1408 1308 1205 805 1270 838 660 940 810 0 723 475 1279 964 1023 1511 754 1443 587 850 946 927 742 977 958 805 1563 254 856 797 888 913 506 808 657 697 473 1017 976 1151 1340 306 975 697 937 782 1368 545 1272 848 763 853 923 1068 1093 838 739
174 173 876 257 477 524 320 861 182 702 321 153 440 803 441 466 526 130 384 257 191 721 591 482 181 756 131 193 335 173 723 0 293 814 425 313 829 456 761 232 244 248 290 211 727 645 322 926 483 177 91 558 619 311 155 703 27 263 336 253 477 752 417 322 826 677 172 813 511 706 241 373 433 263 381 429 591 262
332 329 710 343 332 817 559 759 323 783 481 175 709 1031 620 572 819 311 582 247 353 932 843 757 331 824 380 184 465 337 475 293 0 850 499 558 1035 350 967 112 503 541 567 267 629 575 340 1091 289 387 383 490 535 58 338 470 266 193 627 531 769 874 187 499 581 579 308 911 516 811 372 320 413 547 595 617 721 269
640 641 574 562 1180 962 627 387 633 153 513 744 727 658 1238 358 969 684 524 617 623 551 689 770 633 99 711 702 485 641 1279 814 850 0 389 643 578 524 546 751 1001 885 995 630 378 342 523 462 1139 652 845 393 384 799 659 737 816 995 948 748 1023 253 1034 528 812 390 645 189 1309 207 573 530 437 955 557 487 1400 599
250 251 606 175 816 674 302 513 243 289 150 365 456 613 854 80 680 294 225 252 234 497 504 510 243 338 328 328 107 252 964 425 499 389 0 316 586 272 522 389 623 524 627 249 398 303 159 601 786 268 460 248 302 459 270 590 426 618 600 400 704 375 686 176 705 359 255 414 923 311 183 213 149 588 262 221 1012 231
233 236 912 276 790 359 16 829 246 500 169 383 162 489 632 298 365 247 119 373 216 410 285 217 237 560 186 384 215 226 1023 313 558 643 316 0 518 524 451 457 389 249 362 321 712 617 349 634 792 171 278 553 612 549 222 839 334 576 304 110 390 501 716 140 962 671 259 578 802 477 227 434 428 324 91 162 803 358
707 710 1104 696 1303 617 509 942 714 454 554 866 449 101 1110 507 624 738 455 802 685 107 298 449 706 485 697 851 576 703 1511 829 1035 578 586 518 0 857 68 924 877 724 827 770 884 805 728 197 1296 664 795 796 829 1010 708 1166 848 1088 731 608 724 325 1211 536 1273 868 730 395 1317 387 663 797 733 795 449 418 1281 781
332 330 420 253 680 873 514 419 316 494 366 318 684 885 889 350 878 357 471 199 335 770 763 739 324 520 434 270 322 338 754 456 350 524 272 524 857 0 794 278 699 655 733 252 285 224 175 854 628 392 532 140 185 293 356 322 441 528 744 568 872 613 523 395 442 234 314 625 857 540 302 92 123 699 503 481 1022 198
638 642 1055 628 1234 573 441 899 645 413 486 798 391 112 1050 444 580 669 387 734 617 41 248 396 638 450 629 782 508 634 1443 761 967 546 522 451 68 794 0 856 815 662 767 701 834 753 662 226 1228 595 728 739 775 942 639 1106 780 1019 674 543 675 293 1143 468 1214 816 661 372 1251 347 595 732 670 735 381 349 1221 714
226 222 676 231 430 741 456 698 215 676 370 82 613 922 626 460 744 211 472 137 246 822 741 663 224 719 289 74 353 232 587 232 112 751 389 457 924 278 856 0 469 476 521 155 564 498 233 978 396 286 323 410 462 92 235 475 207 252 566 443 706 764 297 389 596 512 200 803 580 701 261 226 316 495 488 506 748 158
387 388 1119 478 556 392 403 1095 400 871 487 396 432 824 243 643 391 350 501 499 396 774 593 448 396 929 295 438 518 383 850 244 503 1001 623 389 877 699 815 469 0 153 78 449 963 877 552 1016 595 354 169 793 854 536 363 944 264 385 181 280 303 888 567 474 1065 913 396 962 462 858 447 613 663 89 480 547 414 502
324 325 1073 410 668 281 265 1023 339 746 378 394 278 671 390 529 282 299 367 463 324 621 439 297 332 806 221 424 417 317 946 248 541 885 524 249 724 655 662 476 153 0 113 406 896 805 490 866 695 270 158 727 789 559 299 936 275 472 90 139 230 750 647 358 1060 849 341 828 609 727 368 564 595 75 341 411 561 459
408 409 1153 498 634 315 378 1116 422 858 484 444 378 768 282 638 314 376 480 534 413 726 536 387 417 917 308 482 520 403 927 290 567 995 627 362 827 733 767 521 78 113 0 480 986 897 576 975 673 364 202 816 878 595 383 994 313 460 107 252 224 863 642 467 1116 938 421 941 534 839 461 643 685 39 454 524 454 534
91 88 672 78 569 642 317 649 76 538 215 116 482 770 652 313 645 106 320 57 104 667 597 535 85 586 187 83 198 98 742 211 267 630 249 321 770 252 701 155 449 406 480 0 516 434 113 825 544 157 281 347 407 241 111 536 202 369 496 334 628 616 449 235 661 465 67 661 679 557 107 164 223 447 338 352 798 53
578 577 221 488 952 1072 698 134 564 437 543 599 853 941 1167 442 1077 613 622 472 573 822 885 907 569 429 678 551 497 583 977 727 629 378 398 712 884 285 834 564 963 896 986 516 0 95 411 816 893 625 794 170 108 570 603 369 716 812 980 785 1094 576 788 571 434 51 567 545 1141 503 527 355 301 950 659 610 1305 464
490 489 309 399 905 977 603 219 477 371 448 525 758 858 1086 349 982 526 527 394 484 739 793 812 481 373 588 476 402 495 958 645 575 342 303 617 805 224 753 498 877 805 897 434 95 0 324 752 850 534 708 88 44 518 515 396 635 750 887 692 1000 508 745 476 482 63 481 489 1079 433 437 279 213 860 564 516 1229 384
167 166 583 80 662 698 341 543 153 443 198 222 510 743 763 235 703 202 308 95 166 633 599 565 159 486 269 179 160 173 805 322 340 523 159 349 728 175 662 233 552 490 576 113 411 324 0 759 628 221 383 240 302 299 192 491 314 472 577 394 701 535 528 227 613 362 156 570 789 470 127 84 111 540 336 326 911 76
780 783 1027 747 1385 798 621 848 784 381 619 933 605 298 1256 523 805 818 542 845 758 263 473 617 778 388 795 909 627 778 1563 926 1091 462 601 634 197 854 226 978 1016 866 975 825 816 752 759 0 1368 751 910 765 784 1056 787 1139 941 1173 888 737 899 245 1275 609 1234 812 799 275 1432 320 725 813 734 940 550 497 1428 824
591 587 931 622 81 974 797 1016 586 1072 750 434 923 1280 594 856 974 558 841 534 613 1190 1074 963 592 1113 606 460 741 594 254 483 289 1139 786 792 1296 628 1228 396 595 695 673 544 893 850 628 1368 0 633 549 769 808 339 588 647 459 223 764 735 897 1159 105 763 728 845 570 1199 346 1097 643 608 701 669 847 881 625 555
66 69 804 140 639 485 171 753 81 531 145 212 328 648 586 296 489 76 210 214 56 558 456 380 72 587 59 214 167 59 856 177 387 652 268 171 664 392 595 286 354 270 364 157 625 534 221 751 633 0 193 456 518 378 50 692 190 425 356 177 480 574 551 144 816 578 91 637 689 530 97 299 324 326 214 254 748 203
219 219 953 309 533 437 289 926 231 722 335 243 379 759 393 489 439 181 372 333 229 688 537 415 227 779 133 279 360 215 797 91 383 845 460 278 795 532 728 323 169 158 202 281 794 708 383 910 549 193 0 624 685 402 195 792 118 326 245 192 386 755 494 327 915 744 227 823 523 716 280 445 494 173 360 418 555 334
407 407 359 318 821 912 540 302 394 389 384 436 701 839 999 309 918 443 473 305 404 720 752 756 399 404 508 388 337 413 888 558 490 393 248 553 796 140 739 410 793 727 816 347 170 88 240 765 769 456 624 0 61 433 432 374 548 662 811 620 929 519 663 413 476 122 397 516 991 444 358 190 131 780 509 469 1140 296
469 468 303 380 863 972 599 242 455 404 443 493 758 878 1059 357 977 504 528 364 466 759 802 812 461 411 570 445 396 475 913 619 535 384 302 612 829 185 775 462 854 789 878 407 108 44 302 784 808 518 685 61 0 477 494 358 608 713 873 681 990 539 703 472 449 60 458 526 1042 464 420 248 193 842 565 521 1198 356
318 314 653 314 387 829 548 701 306 738 456 172 705 1011 668 534 831 304 561 211 337 909 832 755 315 777 380 165 435 323 506 311 58 799 459 549 1010 293 942 92 536 559 595 241 570 518 299 1056 339 378 402 433 477 0 327 420 284 250 647 534 789 835 235 477 535 521 292 868 575 769 348 269 362 572 578 593 775 232
25 26 773 115 599 530 221 734 39 547 171 162 379 696 586 311 534 30 252 169 35 602 506 430 33 600 77 163 179 19 808 155 338 659 270 222 708 356 639 235 363 299 383 111 603 515 192 787 588 50 195 432 494 327 0 648 161 386 388 222 517 600 504 177 773 554 43 658 664 552 87 264 302 347 260 293 742 161
627 624 300 563 723 1178 831 445 611 760 687 550 1001 1201 1089 664 1182 640 793 479 636 1084 1085 1056 620 769 723 513 644 634 657 703 470 737 590 839 1166 322 1106 475 944 936 994 536 369 396 491 1139 647 692 792 374 358 420 648 0 681 659 1027 870 1163 893 558 716 124 348 604 884 962 818 612 406 440 965 825 803 1190 488
177 175 859 255 456 551 341 850 182 708 331 131 465 824 451 472 553 133 400 244 196 741 614 508 184 761 150 174 341 177 697 27 266 816 426 334 848 441 780 207 264 275 313 202 716 635 314 941 459 190 118 548 608 284 161 681 0 241 363 279 504 762 391 334 803 665 171 820 502 713 244 360 425 288 399 444 596 251
393 390 903 444 214 753 582 945 392 908 555 252 701 1065 445 679 753 355 636 378 415 981 854 740 397 955 391 293 554 395 473 263 193 995 618 576 1088 528 1019 252 385 472 460 369 812 750 472 1173 223 425 326 662 713 250 386 659 241 0 545 513 681 979 182 563 765 761 376 1029 329 924 453 478 566 452 638 678 531 396
412 414 1160 496 731 212 321 1105 428 804 451 484 283 667 382 598 211 389 424 553 411 633 436 285 420 864 310 515 493 406 1017 336 627 948 600 304 731 744 674 566 181 90 107 496 980 887 577 888 764 356 245 811 873 647 388 1027 363 545 0 202 141 795 723 429 1151 933 430 877 641 779 453 653 680 95 393 464 550 548
242 245 975 314 724 308 126 908 258 608 250 362 188 567 523 396 312 236 228 391 234 502 344 229 249 668 154 378 292 235 976 253 531 748 400 110 608 568 543 443 280 139 252 334 785 692 394 737 735 177 192 620 681 534 222 870 279 513 202 0 309 612 670 227 994 741 266 689 708 587 267 475 490 213 202 272 694 381
541 543 1283 620 859 117 406 1216 556 874 554 624 307 645 447 688 112 522 503 685 537 636 426 282 548 934 441 653 598 534 1151 477 769 1023 704 390 724 872 675 706 303 230 224 628 1094 1000 701 899 897 480 386 929 990 789 517 1163 504 681 141 309 0 844 861 528 1287 1050 561 930 743 839 574 780 799 229 467 536 602 679
588 591 791 538 1185 765 485 621 588 138 430 730 537 404 1132 303 772 630 387 627 568 300 462 569 584 160 627 699 425 587 1340 752 874 253 375 501 325 613 293 764 888 750 863 616 576 508 535 245 1159 574 755 519 539 835 600 893 762 979 795 612 844 0 1061 430 989 568 603 88 1264 75 526 580 496 825 409 341 1301 605
504 500 835 527 167 928 720 913 497 971 660 345 856 1200 609 758 929 475 756 434 526 1106 1001 899 505 1011 531 366 648 508 306 417 187 1034 686 716 1211 523 1143 297 567 647 642 449 788 745 528 1275 105 551 494 663 703 235 504 558 391 182 723 670 861 1061 0 675 647 741 481 1099 410 998 551 504 597 632 765 794 667 456
172 175 773 169 776 500 127 689 178 397 30 330 290 534 715 171 506 208 85 275 150 433 373 345 171 454 196 315 76 169 975 322 499 528 176 140 536 395 468 389 474 358 467 235 571 476 227 609 763 144 327 413 472 477 177 716 334 563 429 227 528 430 675 0 838 530 194 496 834 389 128 310 292 427 109 118 880 256
751 749 297 687 806 1302 954 478 736 853 808 672 1124 1313 1202 777 1306 764 913 603 760 1195 1204 1179 744 855 847 636 765 758 697 826 581 812 705 962 1273 442 1214 596 1065 1060 1116 661 434 482 613 1234 728 816 915 476 449 535 773 124 803 765 1151 994 1287 989 647 838 0 425 729 971 1056 914 736 528 556 1088 945 921 1296 612
529 528 248 440 904 1030 657 186 515 431 501 548 815 921 1116 409 1036 563 584 421 526 802 854 869 521 429 630 499 455 535 937 677 579 390 359 671 868 234 816 512 913 849 938 465 51 63 362 812 845 578 744 122 60 521 554 348 665 761 933 741 1050 568 741 530 425 0 518 546 1090 494 480 304 253 901 622 576 1253 414
26 22 733 85 585 574 257 699 15 540 180 136 419 723 611 306 577 45 275 125 45 625 540 471 23 591 120 126 178 32 782 172 308 645 255 259 730 314 661 200 396 341 421 67 567 481 156 799 570 91 227 397 458 292 43 604 171 376 430 266 561 603 481 194 729 518 0 656 669 550 77 223 267 386 287 312 763 118
644 646 753 585 1230 853 563 573 642 131 491 777 623 482 1206 350 860 687 462 665 624 383 551 657 639 116 692 742 479 644 1368 813 911 189 414 578 395 625 372 803 962 828 941 661 545 489 570 275 1199 637 823 516 526 868 658 884 820 1029 877 689 930 88 1099 496 971 546 656 0 1323 107 579 604 515 902 487 417 1374 644
679 677 1224 748 265 847 813 1274 682 1209 833 567 884 1274 326 974 844 635 891 698 698 1210 1046 906 685 1260 639 612 844 679 545 511 516 1309 923 802 1317 857 1251 580 462 609 534 679 1141 1079 789 1432 346 689 523 991 1042 575 664 962 502 329 641 708 743 1264 410 834 1056 1090 669 1323 0 1216 745 805 889 551 882 937 293 714
537 540 721 480 1126 769 461 554 535 67 384 672 536 458 1101 245 776 580 359 563 517 346 483 574 532 108 586 639 372 537 1272 706 811 207 311 477 387 540 347 701 858 727 839 557 503 433 470 320 1097 530 716 444 464 769 552 818 713 924 779 587 839 75 998 389 914 494 550 107 1216 0 472 510 424 800 386 315 1268 542
67 68 709 49 661 571 221 656 63 463 109 208 390 663 673 229 575 111 213 149 51 561 494 445 60 516 153 187 101 68 848 241 372 573 183 227 663 302 595 261 447 368 461 107 527 437 127 725 643 97 280 358 420 348 87 612 244 453 453 267 574 526 551 128 736 480 77 579 745 472 0 210 227 423 233 245 829 132
240 238 509 161 651 781 425 490 224 474 281 246 595 818 811 293 786 267 390 116 243 705 682 650 232 509 342 197 241 246 763 373 320 530 213 434 797 92 732 226 613 564 643 164 355 279 84 813 608 299 445 190 248 269 264 406 360 478 653 475 780 580 504 310 528 304 223 604 805 510 210 0 92 609 420 405 950 110
277 276 485 186 743 786 417 432 263 384 262 324 582 762 875 226 791 313 360 191 272 646 648 638 268 417 376 277 216 282 853 433 413 437 149 428 733 123 670 316 663 595 685 223 301 213 111 734 701 324 494 131 193 362 302 440 425 566 680 490 799 496 597 292 556 253 267 515 889 424 227 92 0 648 395 365 1021 177
372 373 1119 461 635 308 339 1079 386 819 445 416 347 739 316 598 307 341 441 501 376 693 507 360 381 878 271 452 481 366 923 263 547 955 588 324 795 699 735 495 89 75 39 447 950 860 540 940 669 326 173 780 842 572 347 965 288 452 95 213 229 825 632 427 1088 901 386 902 551 800 423 609 648 0 416 485 487 500
263 266 868 277 853 420 76 769 272 412 138 422 194 435 723 226 426 290 37 382 242 343 263 247 264 471 249 413 180 258 1068 381 595 557 262 91 449 503 381 488 480 341 454 338 659 564 336 550 847 214 360 509 565 578 260 825 399 638 393 202 467 409 765 109 945 622 287 487 882 386 233 420 395 416 0 71 894 364
290 293 824 281 892 483 146 714 296 340 136 449 251 419 791 169 490 324 46 388 268 315 283 301 289 400 298 433 166 286 1093 429 617 487 221 162 418 481 349 506 547 411 524 352 610 516 326 497 881 254 418 469 521 593 293 803 444 678 464 272 536 341 794 118 921 576 312 417 937 315 245 405 365 485 71 0 960 368
764 763 1423 849 548 718 818 1439 772 1277 890 705 831 1218 171 1044 714 720 914 834 778 1180 987 836 771 1334 689 753 915 761 838 591 721 1400 1012 803 1281 1022 1221 748 414 561 454 798 1305 1229 911 1428 625 748 555 1140 1198 775 742 1190 596 531 550 694 602 1301 667 880 1296 1253 763 1374 293 1268 829 950 1021 487 894 960 0 845
139 136 619 87 586 689 352 598 123 518 232 147 521 788 702 303 693 159 341 21 147 682 627 575 132 562 238 103 205 146 739 262 269 599 231 358 781 198 714 158 502 459 534 53 464 384 76 824 555 203 334 296 356 232 161 488 251 396 548 381 679 605 456 256 612 414 118 644 714 542 132 110 177 500 364 368 845 0
