0 688 416 642 83 501 389 918 1422 1476 245 730 1660 122 677 179
688 0 956 1331 716 217 376 747 1258 988 914 1188 1389 640 1359 786
416 956 0 604 480 827 581 1331 1235 1487 259 1041 1514 539 528 236
642 1331 604 0 620 1135 1014 1381 1839 2054 447 719 2119 703 168 594
83 716 480 620 0 515 449 871 1504 1541 273 647 1740 85 675 247
501 217 827 1135 515 0 296 644 1362 1178 740 974 1527 434 1178 627
389 376 581 1014 449 296 0 924 1134 1093 573 1056 1336 403 1017 433
918 747 1331 1381 871 644 924 0 1996 1705 1143 847 2136 798 1491 1096
1422 1258 1235 1839 1504 1362 1134 1996 0 696 1448 2151 302 1494 1743 1326
1476 988 1487 2054 1541 1178 1093 1705 696 0 1609 2132 594 1494 2010 1463
245 914 259 447 273 740 573 1143 1448 1609 0 782 1712 352 446 146
730 1188 1041 719 647 974 1056 847 2151 2132 782 0 2381 661 879 855
1660 1389 1514 2119 1740 1527 1336 2136 302 594 1712 2381 0 1720 2031 1583
122 640 539 703 85 434 403 798 1494 1494 352 661 1720 0 760 302
677 1359 528 168 675 1178 1017 1491 1743 2010 446 879 2031 760 0 584
179 786 236 594 247 627 433 1096 1326 1463 146 855 1583 302 584 0
