0 300 20 45 274 264 145 732 408 750 736 568 743 807 581 354 460 39 511 271 570 770 2 329 696 651 596 118 92 557 741 339 785 333 860 486 238 572 785 190 833 787 487 182 57 538 288 128 830 600 174 773 337 793 239 548 32 106 766 171 143 55 224 57 273 74 445 824 327 456 91 207 691 818 804 723 767 107
300 0 294 319 568 302 445 1010 109 581 994 844 527 1103 643 502 228 336 773 173 870 1063 299 521 753 925 561 320 314 325 725 45 609 109 561 786 420 529 1068 336 533 745 766 423 260 382 559 347 1126 547 372 898 462 493 534 260 278 404 1064 168 430 260 520 259 557 320 369 587 342 177 365 198 990 1056 536 831 817 206
20 294 0 66 276 280 152 729 401 760 753 583 749 818 561 375 446 55 505 278 578 782 23 313 716 647 612 98 112 542 759 335 794 334 853 493 259 588 784 170 828 766 484 202 68 520 305 110 841 616 195 794 357 788 251 546 17 110 775 176 141 66 236 68 288 95 458 808 343 454 82 216 696 836 806 704 786 111
45 319 66 0 275 236 135 737 428 733 698 534 734 783 624 310 494 32 525 265 553 744 42 363 654 659 564 161 52 593 705 355 768 338 881 469 194 541 788 234 848 833 494 137 59 580 251 168 806 570 130 728 295 810 214 558 76 108 745 172 157 59 201 60 241 32 422 860 298 464 120 197 678 777 806 761 725 115
274 568 276 275 0 494 141 462 673 1001 615 423 1008 584 575 476 688 246 268 540 325 560 276 264 824 386 797 267 314 776 917 610 1037 608 1122 246 380 780 513 304 1101 842 223 292 327 713 252 243 606 810 344 832 486 1061 151 822 291 169 530 444 138 327 147 328 209 295 683 1028 549 730 204 472 428 725 1079 643 893 382
264 302 280 236 494 0 354 954 390 507 734 615 528 906 824 207 530 269 756 137 717 857 262 593 468 881 332 374 185 627 483 310 543 239 800 637 164 307 1000 438 744 993 717 223 212 669 354 390 929 335 159 596 163 710 384 444 277 340 884 164 392 215 377 213 373 207 189 889 63 356 354 110 852 777 637 981 536 196
145 445 152 135 141 354 0 604 553 859 627 446 867 667 603 361 594 110 403 400 425 632 145 304 715 528 664 188 173 688 792 484 895 473 1005 341 253 645 654 251 978 844 364 166 192 650 192 174 689 676 208 752 363 939 108 691 169 45 623 308 73 191 93 192 161 153 543 950 410 598 110 331 545 721 942 709 785 248
732 1010 729 737 462 954 604 0 1108 1461 761 610 1471 510 729 898 1081 707 248 1001 357 535 734 536 1218 89 1239 690 777 1151 1340 1055 1497 1063 1540 385 823 1225 65 693 1533 1008 245 740 787 1049 648 663 517 1256 798 1165 920 1493 577 1270 743 629 437 903 588 786 581 788 611 758 1142 1368 1006 1181 650 934 279 887 1536 656 1280 840
408 109 401 428 673 390 553 1108 0 567 1099 953 490 1212 680 596 178 445 867 253 979 1172 408 602 817 1021 604 417 422 258 767 81 589 157 452 894 522 572 1167 421 428 741 864 530 369 353 668 444 1235 584 477 976 553 388 643 180 384 511 1173 273 535 369 629 368 666 429 415 503 419 127 469 295 1097 1157 462 877 877 315
750 581 760 733 1001 507 859 1461 567 0 1122 1060 134 1364 1224 615 741 765 1258 486 1208 1309 748 1062 538 1387 307 837 687 799 381 544 37 476 679 1133 650 297 1507 882 581 1308 1224 725 693 918 843 860 1386 273 664 751 576 571 889 430 751 841 1355 589 890 694 882 693 869 708 320 977 457 440 842 543 1346 1118 329 1409 558 651
736 994 753 698 615 734 627 761 1099 1122 0 192 1199 330 1190 539 1191 698 764 863 413 274 735 880 657 755 819 814 686 1291 830 1019 1157 965 1533 428 580 825 758 878 1478 1456 684 573 750 1273 448 801 344 851 622 504 585 1444 519 1178 769 670 372 826 692 751 533 751 468 685 849 1559 740 1089 737 807 491 126 1349 1238 692 796
568 844 583 534 423 615 446 610 953 1060 192 0 1119 304 998 447 1028 529 580 732 253 249 567 688 667 589 773 634 531 1126 822 874 1097 831 1398 246 452 772 619 695 1352 1265 501 422 590 1096 285 619 326 802 480 568 490 1315 338 1051 599 491 306 679 507 591 353 591 294 526 760 1392 635 959 557 670 365 309 1250 1047 718 640
743 527 749 734 1008 528 867 1471 490 134 1199 1119 0 1419 1166 672 654 764 1254 471 1244 1367 741 1035 652 1393 408 815 694 701 507 485 131 433 546 1165 685 390 1520 850 447 1224 1228 751 686 829 879 840 1442 373 687 864 629 439 912 330 738 842 1404 573 886 687 903 686 901 713 358 858 490 364 832 537 1380 1207 196 1357 680 638
807 1103 818 783 584 906 667 510 1212 1364 330 304 1419 0 1108 749 1260 769 609 1012 264 58 807 821 957 536 1077 843 793 1353 1120 1137 1400 1106 1664 338 742 1076 486 888 1626 1391 536 696 842 1298 555 822 23 1106 759 827 791 1588 569 1329 835 712 74 946 708 843 583 843 548 784 1060 1610 932 1235 770 946 238 438 1543 1102 1001 897
581 643 561 624 575 824 603 729 680 1224 1190 998 1166 1108 0 934 548 599 514 762 848 1099 584 311 1277 649 1152 462 673 566 1308 682 1252 748 986 789 817 1124 793 391 1020 285 576 746 619 421 792 456 1125 1148 754 1347 919 983 695 857 557 573 1040 672 529 617 683 618 756 655 974 700 886 802 516 729 893 1300 1136 201 1347 628
354 502 375 310 476 207 361 898 596 615 539 447 672 749 934 0 725 334 742 343 604 696 352 658 354 838 346 472 264 824 444 515 651 446 1005 535 116 337 934 545 944 1139 685 195 327 850 250 477 772 368 180 421 46 911 329 646 382 374 740 344 426 330 330 329 287 280 314 1089 201 561 420 303 741 573 812 1063 424 345
460 228 446 494 688 530 594 1081 178 741 1191 1028 654 1260 548 725 0 499 833 401 1010 1226 460 548 980 992 777 420 506 100 941 234 761 322 465 927 634 745 1143 393 480 569 847 619 441 176 745 444 1282 760 578 1126 686 441 697 326 429 548 1213 381 554 439 682 439 733 505 586 369 570 301 490 423 1115 1263 593 749 1043 397
39 336 55 32 246 269 110 707 445 765 698 529 764 769 599 334 499 0 493 294 534 731 38 332 682 628 596 139 84 597 736 375 800 363 898 449 218 573 759 213 868 815 464 151 81 575 249 142 792 602 156 750 322 829 200 581 71 77 728 198 124 81 185 82 234 63 455 863 330 488 89 227 656 781 833 733 753 137
511 773 505 525 268 756 403 248 867 1258 764 580 1254 609 514 742 833 493 0 783 366 610 513 288 1086 159 1065 453 571 903 1185 818 1293 835 1294 336 648 1047 311 448 1290 799 80 560 568 803 505 426 624 1078 610 1075 754 1249 413 1033 517 417 537 681 368 567 411 568 463 550 944 1123 813 947 423 718 382 888 1305 493 1154 617
271 173 278 265 540 137 400 1001 253 486 863 732 471 1012 762 343 401 294 783 0 804 966 269 576 580 922 399 351 231 497 562 174 519 103 670 720 283 369 1053 398 619 900 758 316 215 553 456 374 1035 390 253 726 300 583 461 319 268 372 983 104 415 216 450 214 466 248 213 754 168 227 361 69 934 912 544 936 645 167
570 870 578 553 325 717 425 357 979 1208 413 253 1244 264 848 604 1010 534 366 804 0 250 571 557 888 342 950 590 574 1100 1027 909 1246 889 1431 84 560 942 367 630 1402 1130 288 494 612 1038 366 567 283 973 559 814 636 1363 342 1111 595 468 204 724 456 613 354 613 343 561 892 1353 756 1017 520 735 137 539 1346 857 946 669
770 1063 782 744 560 857 632 535 1172 1309 274 249 1367 58 1099 696 1226 731 610 966 250 0 770 805 898 552 1021 812 751 1321 1061 1096 1346 1061 1623 316 693 1021 517 861 1583 1380 534 651 802 1271 510 792 78 1050 713 768 738 1545 531 1284 799 678 104 903 678 803 546 804 506 743 1008 1580 881 1191 738 901 256 387 1494 1103 943 857
2 299 23 42 276 262 145 734 408 748 735 567 741 807 584 352 460 38 513 269 571 770 0 332 693 653 593 121 89 558 738 339 782 331 860 486 235 569 787 193 832 790 489 180 55 540 286 131 830 597 172 771 334 793 238 547 34 107 766 169 145 53 224 55 272 72 443 825 325 454 94 205 691 816 803 725 764 106
329 521 313 363 264 593 304 536 602 1062 880 688 1035 821 311 658 548 332 288 576 557 805 332 0 1011 447 925 224 416 615 1069 566 1094 602 1012 490 543 901 600 185 1015 579 319 463 381 515 487 204 840 929 486 1057 652 975 387 777 317 284 757 472 233 379 376 381 449 395 770 837 656 698 243 522 625 989 1057 405 1081 412
696 753 716 654 824 468 715 1218 817 538 657 667 652 957 1277 354 980 682 1086 580 888 898 693 1011 0 1168 250 814 604 1072 179 747 566 661 1132 836 467 276 1245 885 1049 1461 1024 549 658 1133 581 823 976 284 525 214 359 1026 674 791 719 727 972 632 780 661 677 659 623 622 409 1318 415 734 770 577 1019 618 840 1414 70 659
651 925 647 659 386 881 528 89 1021 1387 755 589 1393 536 649 838 992 628 159 922 342 552 653 447 1168 0 1175 605 701 1062 1282 970 1423 981 1452 350 756 1159 153 605 1446 930 164 671 707 960 590 578 546 1190 728 1129 857 1406 512 1185 661 550 462 823 507 706 514 708 551 681 1070 1280 935 1097 567 855 298 881 1453 589 1232 759
596 561 612 564 797 332 664 1239 604 307 819 773 408 1077 1152 346 777 596 1065 399 950 1021 593 925 250 1175 0 707 511 862 164 543 340 456 885 882 418 31 1277 769 799 1300 1017 505 545 942 594 722 1099 35 456 457 319 777 662 551 610 660 1076 480 714 547 660 546 628 532 191 1094 269 505 684 422 1087 810 591 1313 292 525
118 320 98 161 267 374 188 690 417 837 814 634 815 843 462 472 420 139 453 351 590 812 121 224 814 605 707 0 210 510 855 365 870 386 859 507 355 681 749 73 845 676 447 291 162 462 371 26 865 708 292 889 456 805 296 580 97 143 793 248 134 159 281 161 346 192 546 767 437 494 77 298 695 905 853 607 885 188
92 314 112 52 314 185 173 777 422 687 686 531 694 793 673 264 506 84 571 231 574 751 89 416 604 701 511 210 0 606 652 345 723 315 871 490 149 489 826 282 833 875 537 113 68 605 245 219 816 518 85 685 245 795 231 538 117 154 759 152 206 70 219 69 244 21 373 875 246 444 172 162 703 757 775 813 675 110
557 325 542 593 776 627 688 1151 258 799 1291 1126 701 1353 566 824 100 597 903 497 1100 1321 558 615 1072 1062 862 510 606 0 1025 325 816 411 421 1018 734 830 1215 475 456 536 924 719 541 149 844 533 1375 842 679 1223 785 420 793 370 526 642 1304 482 645 539 778 539 831 605 672 268 665 368 583 521 1201 1363 612 767 1133 498
741 725 759 705 917 483 792 1340 767 381 830 822 507 1120 1308 444 941 736 1185 562 1027 1061 738 1069 179 1282 164 855 652 1025 0 708 405 621 1022 968 539 195 1372 921 931 1462 1130 627 693 1106 692 869 1140 182 587 386 431 913 773 703 758 795 1129 638 849 696 773 694 730 673 356 1252 421 664 825 580 1162 796 701 1463 179 679
339 45 335 355 610 310 484 1055 81 544 1019 874 485 1137 682 515 234 375 818 174 909 1096 339 566 747 970 543 365 345 325 708 0 570 87 526 824 441 512 1112 381 493 773 810 451 296 399 590 392 1161 527 397 900 472 454 570 215 319 445 1101 194 473 296 556 295 590 353 352 580 342 131 408 214 1030 1076 490 872 809 240
785 609 794 768 1037 543 895 1497 589 37 1157 1097 131 1400 1252 651 761 800 1293 519 1246 1346 782 1094 566 1423 340 870 723 816 405 570 0 505 676 1170 687 332 1543 914 577 1330 1260 762 727 938 880 893 1423 307 700 780 613 570 926 446 785 876 1392 623 925 729 919 727 906 743 356 986 494 462 876 577 1383 1151 319 1438 583 685
333 109 334 338 608 239 473 1063 157 476 965 831 433 1106 748 446 322 363 835 103 889 1061 331 602 661 981 456 386 315 411 621 87 505 0 568 805 385 425 1118 417 521 855 818 410 281 486 551 411 1129 440 350 818 401 484 546 223 320 438 1074 165 475 281 534 280 557 328 265 661 262 129 414 161 1016 1015 472 932 722 225
860 561 853 881 1122 800 1005 1540 452 679 1533 1398 546 1664 986 1005 465 898 1294 670 1431 1623 860 1012 1132 1452 885 859 871 421 1022 526 676 568 0 1346 953 857 1601 847 101 914 1301 975 822 566 1115 885 1687 853 917 1326 958 108 1095 358 836 963 1626 719 983 821 1082 820 1116 880 738 398 806 444 917 728 1548 1578 366 1187 1177 766
486 786 493 469 246 637 341 385 894 1133 428 246 1165 338 789 535 927 449 336 720 84 316 486 490 836 350 882 507 490 1018 968 824 1170 805 1346 0 483 872 408 550 1317 1068 256 414 528 960 291 485 359 903 479 781 565 1278 259 1027 510 384 285 640 373 528 270 529 264 476 815 1273 678 933 437 651 214 551 1264 815 897 584
238 420 259 194 380 164 253 823 522 650 580 452 685 742 817 116 634 218 648 283 560 693 235 543 467 756 418 355 149 734 539 441 687 385 953 483 0 402 864 428 902 1025 598 88 215 747 194 360 765 434 64 535 109 867 245 601 266 261 721 254 314 217 242 217 219 163 331 1002 195 510 304 227 697 635 801 947 537 241
572 529 588 541 780 307 645 1225 572 297 825 772 390 1076 1124 337 745 573 1047 369 942 1021 569 901 276 1159 31 681 489 830 195 512 332 425 857 872 402 0 1264 743 773 1269 1000 488 520 911 583 698 1098 31 437 479 307 750 648 521 585 639 1073 451 693 522 644 521 615 510 160 1062 244 473 660 394 1079 821 569 1286 321 498
785 1068 784 788 513 1000 654 65 1167 1507 758 619 1520 486 793 934 1143 759 311 1053 367 517 787 600 1245 153 1277 749 826 1215 1372 1112 1543 1118 1601 408 864 1264 0 754 1593 1071 302 783 840 1113 684 722 490 1296 843 1181 958 1553 619 1327 798 681 415 957 643 839 625 840 649 807 1187 1433 1050 1237 705 985 267 883 1590 715 1306 893
190 336 170 234 304 438 251 693 421 882 878 695 850 888 391 545 393 213 448 398 630 861 193 185 885 605 769 73 282 475 921 381 914 417 847 550 428 743 754 0 842 602 455 364 228 409 440 78 910 769 365 963 528 801 359 594 166 209 835 298 187 226 344 227 412 265 602 723 501 513 143 352 726 972 872 543 956 244
833 533 828 848 1101 744 978 1533 428 581 1478 1352 447 1626 1020 944 480 868 1290 619 1402 1583 832 1015 1049 1446 799 845 833 456 931 493 577 521 101 1317 902 773 1593 842 0 974 1291 932 789 605 1073 871 1649 767 872 1247 897 40 1062 300 811 938 1592 680 963 789 1049 788 1077 844 663 482 743 392 897 682 1524 1517 265 1222 1090 733
787 745 766 833 842 993 844 1008 741 1308 1456 1265 1224 1391 285 1139 569 815 799 900 1130 1380 790 579 1461 930 1300 676 875 536 1462 773 1330 855 914 1068 1025 1269 1071 602 974 0 861 966 812 395 1036 679 1409 1289 960 1560 1115 942 946 895 758 807 1324 830 773 809 932 810 1004 861 1111 551 1050 868 744 887 1178 1560 1149 389 1530 803
487 766 484 494 223 717 364 245 864 1224 684 501 1228 536 576 685 847 464 80 758 288 534 489 319 1024 164 1017 447 537 924 1130 810 1260 818 1301 256 598 1000 302 455 1291 861 0 511 543 833 443 420 552 1031 566 1004 701 1251 356 1025 498 386 466 659 343 542 357 543 402 517 906 1155 772 936 404 691 316 807 1290 569 1090 595
182 423 202 137 292 223 166 740 530 725 573 422 751 696 746 195 619 151 560 316 494 651 180 463 549 671 505 291 113 719 627 451 762 410 975 414 88 488 783 364 932 966 511 0 179 715 140 291 719 519 64 600 196 895 163 633 214 179 668 257 231 181 158 181 151 116 405 988 268 539 229 250 629 644 853 868 620 223
57 260 68 59 327 212 192 787 369 693 750 590 686 842 619 327 441 81 568 215 612 802 55 381 658 707 545 162 68 541 693 296 727 281 822 528 215 520 840 228 789 812 543 179 0 537 305 177 865 548 151 748 304 750 273 500 64 158 804 116 200 2 260 1 298 64 390 809 276 406 148 150 736 824 751 769 728 56
538 382 520 580 713 669 650 1049 353 918 1273 1096 829 1298 421 850 176 575 803 553 1038 1271 540 515 1133 960 942 462 605 149 1106 399 938 486 566 960 747 911 1113 409 605 395 833 715 537 0 824 480 1319 927 687 1264 816 570 758 499 505 605 1243 509 595 535 743 535 805 599 750 321 717 478 539 559 1128 1356 756 621 1198 506
288 559 305 251 252 354 192 648 668 843 448 285 879 555 792 250 745 249 505 456 366 510 286 487 581 590 594 371 245 844 692 590 880 551 1115 291 194 583 684 440 1073 1036 443 140 305 824 0 362 579 614 203 580 275 1035 102 774 320 230 529 395 264 306 111 306 42 241 525 1111 390 680 296 390 503 534 990 886 648 355
128 347 110 168 243 390 174 663 444 860 801 619 840 822 456 477 444 142 426 374 567 792 131 204 823 578 722 26 219 533 869 392 893 411 885 485 360 698 722 78 871 679 420 291 177 480 362 0 843 725 298 891 463 831 282 607 112 131 771 270 114 175 267 176 334 200 565 788 453 520 65 318 671 894 879 594 894 208
830 1126 841 806 606 929 689 517 1235 1386 344 326 1442 23 1125 772 1282 792 624 1035 283 78 830 840 976 546 1099 865 816 1375 1140 1161 1423 1129 1687 359 765 1098 490 910 1649 1409 552 719 865 1319 579 843 0 1128 782 843 813 1612 592 1352 858 734 86 969 730 866 606 866 572 807 1083 1632 955 1258 792 969 248 449 1566 1116 1020 920
600 547 616 570 810 335 676 1256 584 273 851 802 373 1106 1148 368 760 602 1078 390 973 1050 597 929 284 1190 35 708 518 842 182 527 307 440 853 903 434 31 1296 769 767 1289 1031 519 548 927 614 725 1128 0 467 492 338 746 679 524 612 669 1103 476 723 550 676 548 647 539 178 1070 272 481 689 419 1110 844 556 1313 323 524
174 372 195 130 344 159 208 798 477 664 622 480 687 759 754 180 578 156 610 253 559 713 172 486 525 728 456 292 85 679 587 397 700 350 917 479 64 437 843 365 872 960 566 64 151 687 203 298 782 467 0 599 165 835 225 572 202 207 732 204 262 154 218 153 216 99 344 947 207 479 244 189 693 685 788 888 596 182
773 898 794 728 832 596 752 1165 976 751 504 568 864 827 1347 421 1126 750 1075 726 814 768 771 1057 214 1129 457 889 685 1223 386 900 780 818 1326 781 535 479 1181 963 1247 1560 1004 600 748 1264 580 891 843 492 599 0 449 1222 682 976 802 776 856 754 824 751 690 750 623 699 589 1479 557 909 830 705 933 437 1049 1461 213 764
337 462 357 295 486 163 363 920 553 576 585 490 629 791 919 46 686 322 754 300 636 738 334 652 359 857 319 456 245 785 431 472 613 401 958 565 109 307 958 528 897 1115 701 196 304 816 275 463 813 338 165 449 0 864 345 600 362 370 779 307 423 306 344 305 309 263 270 1049 154 516 410 263 774 619 766 1054 430 315
793 493 788 810 1061 710 939 1493 388 571 1444 1315 439 1588 983 911 441 829 1249 583 1363 1545 793 975 1026 1406 777 805 795 420 913 454 570 484 108 1278 867 750 1553 801 40 942 1251 895 750 570 1035 831 1612 746 835 1222 864 0 1023 265 772 898 1554 642 923 750 1010 749 1039 805 635 463 711 356 857 645 1484 1484 266 1184 1069 694
239 534 251 214 151 384 108 577 643 889 519 338 912 569 695 329 697 200 413 461 342 531 238 387 674 512 662 296 231 793 773 570 926 546 1095 259 245 648 619 359 1062 946 356 163 273 758 102 282 592 679 225 682 345 1023 0 769 268 153 530 382 174 274 15 274 61 218 569 1057 432 675 219 392 472 615 1005 783 742 329
548 260 546 558 822 444 691 1270 180 430 1178 1051 330 1329 857 646 326 581 1033 319 1111 1284 547 777 791 1185 551 580 538 370 703 215 446 223 358 1027 601 521 1327 594 300 895 1025 633 500 499 774 607 1352 524 572 976 600 265 769 0 530 654 1297 386 686 500 756 499 780 550 386 555 447 94 622 383 1236 1220 282 1055 842 443
32 278 17 76 291 277 169 743 384 751 769 599 738 835 557 382 429 71 517 268 595 799 34 317 719 661 610 97 117 526 758 319 785 320 836 510 266 585 798 166 811 758 498 214 64 505 320 112 858 612 202 802 362 772 268 530 0 127 792 164 155 62 253 64 305 103 453 792 341 439 94 208 713 851 792 704 790 100
106 404 110 108 169 340 45 629 511 841 670 491 842 712 573 374 548 77 417 372 468 678 107 284 727 550 660 143 154 642 795 445 876 438 963 384 261 639 681 209 938 807 386 179 158 605 230 131 734 669 207 776 370 898 153 654 127 0 667 275 54 157 138 159 203 133 528 905 399 562 66 305 585 763 909 689 798 213
766 1064 775 745 530 884 623 437 1173 1355 372 306 1404 74 1040 740 1213 728 537 983 204 104 766 757 972 462 1076 793 759 1304 1129 1101 1392 1074 1626 285 721 1073 415 835 1592 1324 466 668 804 1243 529 771 86 1103 732 856 779 1554 530 1297 792 667 0 911 658 805 544 805 517 748 1046 1558 914 1203 722 916 163 489 1520 1029 1020 860
171 168 176 172 444 164 308 903 273 589 826 679 573 946 672 344 381 198 681 104 724 903 169 472 632 823 480 248 152 482 638 194 623 165 719 640 254 451 957 298 680 830 659 257 116 509 395 270 969 476 204 754 307 642 382 386 164 275 911 0 315 117 369 116 397 163 304 748 220 293 258 57 850 888 634 839 700 64
143 430 141 157 138 392 73 588 535 890 692 507 886 708 529 426 554 124 368 415 456 678 145 233 780 507 714 134 206 645 849 473 925 475 983 373 314 693 643 187 963 773 343 231 200 595 264 114 730 723 262 824 423 923 174 686 155 54 658 315 0 199 160 200 231 184 579 902 452 595 66 350 565 790 947 638 851 251
55 260 66 59 327 215 191 786 369 694 751 591 687 843 617 330 439 81 567 216 613 803 53 379 661 706 547 159 70 539 696 296 729 281 821 528 217 522 839 226 789 809 542 181 2 535 306 175 866 550 154 751 306 750 274 500 62 157 805 117 199 0 260 1 299 66 392 807 278 406 147 151 736 826 752 767 731 56
224 520 236 201 147 377 93 581 629 882 533 353 903 583 683 330 682 185 411 450 354 546 224 376 677 514 660 281 219 778 773 556 919 534 1082 270 242 644 625 344 1049 932 357 158 260 743 111 267 606 676 218 690 344 1010 15 756 253 138 544 369 160 260 0 261 73 206 562 1042 425 662 204 381 483 629 994 774 746 316
57 259 68 60 328 213 192 788 368 693 751 591 686 843 618 329 439 82 568 214 613 804 55 381 659 708 546 161 69 539 694 295 727 280 820 529 217 521 840 227 788 810 543 181 1 535 306 176 866 548 153 750 305 749 274 499 64 159 805 116 200 1 261 0 299 66 390 808 276 406 148 150 737 825 750 768 730 55
273 557 288 241 209 373 161 611 666 869 468 294 901 548 756 287 733 234 463 466 343 506 272 449 623 551 628 346 244 831 730 590 906 557 1116 264 219 615 649 412 1077 1004 402 151 298 805 42 334 572 647 216 623 309 1039 61 780 305 203 517 397 231 299 73 299 0 236 550 1097 413 686 270 398 478 560 1005 845 690 351
74 320 95 32 295 207 153 758 429 708 685 526 713 784 655 280 505 63 550 248 561 743 72 395 622 681 532 192 21 605 673 353 743 328 880 476 163 510 807 265 844 861 517 116 64 599 241 200 807 539 99 699 263 805 218 550 103 133 748 163 184 66 206 66 236 0 394 874 268 456 152 179 688 760 791 794 693 114
445 369 458 422 683 189 543 1142 415 320 849 760 358 1060 974 314 586 455 944 213 892 1008 443 770 409 1070 191 546 373 672 356 352 356 265 738 815 331 160 1187 602 663 1111 906 405 390 750 525 565 1083 178 344 589 270 635 569 386 453 528 1046 304 579 392 562 390 550 394 0 911 137 325 537 249 1028 868 500 1144 465 358
824 587 808 860 1028 889 950 1368 503 977 1559 1392 858 1610 700 1089 369 863 1123 754 1353 1580 825 837 1318 1280 1094 767 875 268 1252 580 986 661 398 1273 1002 1062 1433 723 482 551 1155 988 809 321 1111 788 1632 1070 947 1479 1049 463 1057 555 792 905 1558 748 902 807 1042 808 1097 874 911 0 922 589 842 786 1447 1632 719 885 1376 766
327 342 343 298 549 63 410 1006 419 457 740 635 490 932 886 201 570 330 813 168 756 881 325 656 415 935 269 437 246 665 421 342 494 262 806 678 195 244 1050 501 743 1050 772 268 276 717 390 453 955 272 207 557 154 711 432 447 341 399 914 220 452 278 425 276 413 268 137 922 0 366 416 163 892 773 615 1044 482 258
456 177 454 464 730 356 598 1181 127 440 1089 959 364 1235 802 561 301 488 947 227 1017 1191 454 698 734 1097 505 494 444 368 664 131 462 129 444 933 510 473 1237 513 392 868 936 539 406 478 680 520 1258 481 479 909 516 356 675 94 439 562 1203 293 595 406 662 406 686 456 325 589 366 0 531 289 1143 1134 359 996 789 350
91 365 82 120 204 354 110 650 469 842 737 557 832 770 516 420 490 89 423 361 520 738 94 243 770 567 684 77 172 583 825 408 876 414 917 437 304 660 705 143 897 744 404 229 148 539 296 65 792 689 244 830 410 857 219 622 94 66 722 258 66 147 204 148 270 152 537 842 416 531 0 298 631 829 886 644 840 194
207 198 216 197 472 110 331 934 295 543 807 670 537 946 729 303 423 227 718 69 735 901 205 522 577 855 422 298 162 521 580 214 577 161 728 651 227 394 985 352 682 887 691 250 150 559 390 318 969 419 189 705 263 645 392 383 208 305 916 57 350 151 381 150 398 179 249 786 163 289 298 0 864 861 613 895 645 110
691 990 696 678 428 852 545 279 1097 1346 491 365 1380 238 893 741 1115 656 382 934 137 256 691 625 1019 298 1087 695 703 1201 1162 1030 1383 1016 1548 214 697 1079 267 726 1524 1178 316 629 736 1128 503 671 248 1110 693 933 774 1484 472 1236 713 585 163 850 565 736 483 737 478 688 1028 1447 892 1143 631 864 0 615 1478 870 1075 793
818 1056 836 777 725 777 721 887 1157 1118 126 309 1207 438 1300 573 1263 781 888 912 539 387 816 989 618 881 810 905 757 1363 796 1076 1151 1015 1578 551 635 821 883 972 1517 1560 807 644 824 1356 534 894 449 844 685 437 619 1484 615 1220 851 763 489 888 790 826 629 825 560 760 868 1632 773 1134 829 861 615 0 1368 1356 642 865
804 536 806 806 1079 637 942 1536 462 329 1349 1250 196 1543 1136 812 593 833 1305 544 1346 1494 803 1057 840 1453 591 853 775 612 701 490 319 472 366 1264 801 569 1590 872 265 1149 1290 853 751 756 990 879 1566 556 788 1049 766 266 1005 282 792 909 1520 634 947 752 994 750 1005 791 500 719 615 359 886 613 1478 1368 0 1335 871 697
723 831 704 761 643 981 709 656 877 1409 1238 1047 1357 1102 201 1063 749 733 493 936 857 1103 725 405 1414 589 1313 607 813 767 1463 872 1438 932 1187 815 947 1286 715 543 1222 389 569 868 769 621 886 594 1116 1313 888 1461 1054 1184 783 1055 704 689 1029 839 638 767 774 768 845 794 1144 885 1044 996 644 895 870 1356 1335 0 1485 788
767 817 786 725 893 536 785 1280 877 558 692 718 680 1001 1347 424 1043 753 1154 645 946 943 764 1081 70 1232 292 885 675 1133 179 809 583 722 1177 897 537 321 1306 956 1090 1530 1090 620 728 1198 648 894 1020 323 596 213 430 1069 742 842 790 798 1020 700 851 731 746 730 690 693 465 1376 482 789 840 645 1075 642 871 1485 0 728
107 206 111 115 382 196 248 840 315 651 796 640 638 897 628 345 397 137 617 167 669 857 106 412 659 759 525 188 110 498 679 240 685 225 766 584 241 498 893 244 733 803 595 223 56 506 355 208 920 524 182 764 315 694 329 443 100 213 860 64 251 56 316 55 351 114 358 766 258 350 194 110 793 865 697 788 728 0
