0 1440 1043 344 86 1663 1511 784 919 86 378 35 669 335 1513 874
1440 0 2069 1782 1468 2202 2682 2083 810 1365 1370 1415 2106 1457 2954 595
1043 2069 0 1016 1112 2660 2198 469 1272 1112 792 1075 1080 754 1490 1672
344 1782 1016 0 317 1651 1273 628 1243 417 613 367 324 527 1172 1207
86 1468 1112 317 0 1580 1432 826 985 108 464 77 639 420 1489 890
1663 2202 2660 1651 1580 0 1108 2272 2281 1623 2026 1639 1719 1998 2239 1750
1511 2682 2198 1273 1432 1108 0 1733 2401 1530 1866 1510 1117 1791 1255 2102
784 2083 469 628 826 2272 1733 0 1359 869 713 819 620 628 1087 1588
919 810 1272 1243 985 2281 2401 1359 0 879 677 910 1552 776 2350 624
86 1365 1112 417 108 1623 1530 869 879 0 403 53 741 381 1589 793
378 1370 792 613 464 2026 1866 713 677 403 0 394 896 99 1672 897
35 1415 1075 367 77 1639 1510 819 910 53 394 0 692 358 1538 845
669 2106 1080 324 639 1719 1117 620 1552 741 896 692 0 800 851 1528
335 1457 754 527 420 1998 1791 628 776 381 99 358 800 0 1573 966
1513 2954 1490 1172 1489 2239 1255 1087 2350 1589 1672 1538 851 1573 0 2379
874 595 1672 1207 890 1750 2102 1588 624 793 897 845 1528 966 2379 0
