0 1550 1097 228 782 248 1724 1159 668 834 669 1639 269 1582 672 1000
1550 0 2640 1638 2286 1400 1684 2302 1348 1795 897 2984 1284 2255 2104 720
1097 2640 0 1078 607 1248 2339 1339 1479 1244 1767 934 1367 1754 834 2027
228 1638 1078 0 647 467 1950 932 894 1050 741 1738 383 1797 488 1162
782 2286 607 647 0 1012 2393 755 1380 1336 1389 1495 1019 2011 239 1782
248 1400 1248 467 1012 0 1483 1400 427 676 582 1655 252 1410 918 789
1724 1684 2339 1950 2393 1483 0 2882 1056 1097 1638 2095 1653 879 2366 1154
1159 2302 1339 932 755 1400 2882 0 1826 1935 1488 2249 1263 2663 603 2011
668 1348 1479 894 1380 427 1056 1826 0 450 767 1642 625 1074 1322 634
834 1795 1244 1050 1336 676 1097 1935 450 0 1177 1217 927 747 1358 1076
669 897 1767 741 1389 582 1638 1488 767 1177 0 2237 400 1840 1212 552
1639 2984 934 1738 1495 1655 2095 2249 1642 1217 2237 0 1872 1274 1687 2276
269 1284 1367 383 1019 252 1653 1263 625 927 400 1872 0 1654 871 780
1582 2255 1754 1797 2011 1410 879 2663 1074 747 1840 1274 1654 0 2072 1564
672 2104 834 488 239 918 2366 603 1322 1358 1212 1687 871 2072 0 1650
1000 720 2027 1162 1782 789 1154 2011 634 1076 552 2276 780 1564 1650 0
