0 734 1457 748 1642 1431 1165 869 576 1388 678 14 615 498 1137 1649 608
734 0 2111 708 1706 2001 1435 1486 655 2037 1335 721 1324 416 656 1493 1218
1457 2111 0 2163 1664 364 1167 627 1993 1583 1397 1466 1220 1956 2594 2042 1512
748 708 2163 0 2263 2173 1862 1607 173 1560 963 745 1052 356 546 2141 814
1642 1706 1664 2263 0 1316 573 1326 2120 2773 2182 1636 2023 1909 2363 496 2182
1431 2001 364 2173 1316 0 860 565 1999 1850 1538 1436 1350 1917 2547 1720 1628
1165 1435 1167 1862 573 860 0 755 1702 2203 1635 1162 1468 1526 2073 875 1651
869 1486 627 1607 1326 565 755 0 1434 1485 1029 875 841 1361 1996 1593 1097
576 655 1993 173 2120 1999 1702 1434 0 1476 837 573 906 249 665 2024 691
1388 2037 1583 1560 2773 1850 2203 1485 1476 0 712 1402 797 1646 2106 2931 819
678 1335 1397 963 2182 1538 1635 1029 837 712 0 692 188 963 1500 2276 150
14 721 1466 745 1636 1436 1162 875 573 1402 692 0 629 490 1128 1638 621
615 1324 1220 1052 2023 1350 1468 841 906 797 188 629 0 987 1570 2143 292
498 416 1956 356 1909 1917 1526 1361 249 1646 963 490 987 0 638 1787 832
1137 656 2594 546 2363 2547 2073 1996 665 2106 1500 1128 1570 638 0 2127 1353
1649 1493 2042 2141 496 1720 875 1593 2024 2931 2276 1638 2143 1787 2127 0 2243
608 1218 1512 814 2182 1628 1651 1097 691 819 150 621 292 832 1353 2243 0
