0 327 163 920 1198 1076 678 533 980 1071 1699 1068 833 1037 1063 918 180
327 0 385 1136 1406 973 872 860 1059 1009 1855 743 1160 1077 840 669 148
163 385 0 776 1326 1232 525 536 817 1232 1840 1117 836 876 984 860 270
920 1136 776 0 1769 1992 266 762 484 1976 2323 1799 868 614 1328 1309 1044
1198 1406 1326 1769 0 1146 1651 1009 2060 1021 554 1945 969 2153 2239 2074 1293
1076 973 1232 1992 1146 0 1754 1400 2018 134 1313 1036 1603 2047 1679 1491 991
678 872 525 266 1651 1754 0 654 424 1747 2199 1534 847 539 1109 1069 787
533 860 536 762 1009 1400 654 0 1076 1348 1562 1600 302 1182 1510 1395 713
980 1059 817 484 2060 2018 424 1076 0 2034 2603 1572 1269 130 938 972 1028
1071 1009 1232 1976 1021 134 1747 1348 2034 0 1180 1148 1532 2071 1755 1566 1007
1699 1855 1840 2323 554 1313 2199 1562 2603 1180 0 2274 1515 2690 2695 2520 1763
1068 743 1117 1799 1945 1036 1534 1600 1572 1148 2274 0 1896 1534 827 672 888
833 1160 836 868 969 1603 847 302 1269 1532 1515 1896 0 1387 1799 1692 1011
1037 1077 876 614 2153 2047 539 1182 130 2071 2690 1534 1387 0 851 906 1064
1063 840 984 1328 2239 1679 1109 1510 938 1755 2695 827 1799 851 0 188 946
918 669 860 1309 2074 1491 1069 1395 972 1566 2520 672 1692 906 188 0 786
180 148 270 1044 1293 991 787 713 1028 1007 1763 888 1011 1064 946 786 0
