0 990 354 1128 1301 375 699 120 1195 668 1634 1344 1356 1472 726 364 669
990 0 951 177 515 1261 997 1089 1988 1262 1078 2106 2245 2090 1706 769 1043
354 951 0 1045 1374 716 1006 333 1047 372 1803 1679 1294 1228 830 614 989
1128 177 1045 0 590 1419 1175 1220 2059 1323 1171 2280 2335 2123 1831 936 1221
1301 515 1374 590 0 1462 994 1417 2420 1720 582 2131 2639 2569 2022 975 1059
375 1261 716 1419 1462 0 600 389 1314 967 1672 969 1375 1672 652 501 541
699 997 1006 1175 994 600 0 803 1865 1359 1088 1143 1966 2170 1251 405 69
120 1089 333 1220 1417 389 803 0 1077 591 1754 1346 1235 1367 617 484 767
1195 1988 1047 2059 2420 1314 1865 1077 0 737 2819 1962 372 462 749 1558 1820
668 1262 372 1323 1720 967 1359 591 737 0 2171 1875 1044 859 803 979 1334
1634 1078 1803 1171 582 1672 1088 1754 2819 2171 0 2088 2986 3030 2304 1270 1155
1344 2106 1679 2280 2131 969 1143 1346 1962 1875 2088 0 1839 2403 1221 1358 1084
1356 2245 1294 2335 2639 1375 1966 1235 372 1044 2986 1839 0 768 730 1716 1911
1472 2090 1228 2123 2569 1672 2170 1367 462 859 3030 2403 768 0 1182 1816 2135
726 1706 830 1831 2022 652 1251 617 749 803 2304 1221 730 1182 0 1055 1193
364 769 614 936 975 501 405 484 1558 979 1270 1358 1716 1816 1055 0 405
669 1043 989 1221 1059 541 69 767 1820 1334 1155 1084 1911 2135 1193 405 0
