0 336 430 631 531 206 578 225 433 349 584 695 290 352 644 76 106 10 477 608 735 565 806 291 542 130 335 168 419 762 552 514 669 705 381 625 783 429 764 471 219 736 340 117 510 299 40 661 770 756 90 519 158 411 214 74 497 292 840 405 103 254 600 848 219 242 745 429 418 185 121 488 206 740 212 687 453 36 757 473 236 614 724 153 13 394 383 438 404 755 141 394 274 7 243 610 786 728 290 768 717 495 375 104 681 799 33 690 213 509 649 203 96 499 496 685
336 0 243 300 749 345 833 124 770 357 689 369 232 382 691 411 427 347 753 755 905 232 934 49 353 460 580 192 614 750 292 845 689 1032 641 604 553 102 1098 257 536 447 469 397 182 138 301 547 1013 609 246 424 432 453 348 409 774 255 1172 282 426 508 745 1010 171 103 1080 765 753 406 245 196 206 1041 285 748 621 302 1013 742 436 538 821 401 347 731 112 774 613 803 325 467 561 332 448 538 1100 583 46 940 419 663 153 395 1013 744 331 986 391 841 947 242 246 462 392 676
430 243 0 315 643 304 998 239 826 207 514 493 149 609 486 502 537 439 697 967 751 282 753 269 119 513 746 267 805 992 138 930 471 1031 585 377 353 205 1167 495 650 623 676 422 345 375 412 303 1188 845 362 187 439 284 301 501 717 484 1184 525 477 474 958 845 215 237 1146 831 792 572 309 145 223 1171 486 545 497 395 918 681 387 299 1048 402 443 776 135 837 521 591 332 314 701 423 625 782 1071 342 254 785 587 866 396 430 1089 988 444 1121 572 923 1080 233 378 704 636 449
631 300 315 0 955 584 1124 406 1063 520 826 214 428 637 785 707 726 641 995 1012 1066 69 1061 349 333 747 874 470 895 924 212 1144 761 1307 882 659 392 201 1395 401 836 374 743 672 190 407 598 530 1297 694 542 471 700 600 584 705 1016 520 1453 489 712 759 1002 1157 430 388 1377 1060 1041 703 525 174 459 1340 574 844 811 595 1230 981 675 562 1052 665 643 1020 259 1069 829 881 588 630 861 626 741 702 1361 521 345 1100 336 934 367 674 1311 888 630 1284 683 1140 1246 487 545 666 570 727
531 749 643 955 0 404 926 632 510 436 244 1104 534 882 363 517 557 526 158 1072 222 911 329 727 678 437 767 570 877 1285 773 645 418 506 165 469 870 793 776 967 587 1196 851 414 925 788 564 622 1101 1282 581 550 372 368 400 518 162 817 659 924 442 276 1066 331 578 652 754 538 449 690 532 781 542 942 743 355 148 537 275 138 319 547 1209 384 532 458 713 531 136 413 440 332 673 527 739 1141 485 704 715 250 1168 958 858 426 730 1329 563 922 729 632 883 507 603 1030 1023 471
206 345 304 584 404 0 771 227 528 153 393 708 159 530 441 252 297 209 414 815 577 530 629 322 393 229 538 167 626 946 442 640 463 729 300 420 632 401 868 566 396 792 541 134 525 390 218 470 964 895 206 333 138 205 7 251 434 438 880 535 198 175 806 687 174 247 847 536 490 391 140 414 139 902 383 486 287 188 667 401 92 416 928 103 216 476 326 540 268 553 65 189 467 200 449 773 777 544 310 612 764 701 455 147 793 973 237 859 414 632 817 104 231 668 642 478
578 833 998 1124 926 771 0 766 448 922 1084 1097 866 515 1174 519 475 571 787 280 1146 1054 1253 784 1115 555 254 731 240 631 1105 351 1210 719 766 1186 1351 935 511 790 378 1054 393 641 951 717 587 1238 192 845 636 1097 658 970 778 520 797 610 758 681 578 716 282 1251 783 775 509 415 504 430 695 1023 779 268 550 1203 928 609 1022 800 759 1187 416 681 565 484 920 428 851 1273 710 944 304 585 384 663 855 1306 793 1171 1055 246 767 627 442 723 557 208 442 362 192 781 620 586 674 1236
225 124 239 406 632 227 766 0 656 272 594 493 152 380 613 301 325 235 629 729 799 342 838 94 358 341 512 68 566 782 339 740 618 910 518 545 587 205 989 344 438 565 437 273 306 175 195 523 953 685 139 386 308 366 231 300 650 260 1052 332 306 384 719 906 58 20 970 654 635 336 122 265 91 955 248 666 511 189 892 619 315 498 815 277 237 614 159 662 496 727 202 372 477 220 388 585 976 575 84 834 539 626 232 273 906 791 228 902 333 735 862 127 148 493 444 615
433 770 826 1063 510 528 448 656 0 671 713 1123 677 653 821 359 352 423 357 665 721 998 837 724 922 317 394 593 498 965 960 135 868 317 372 874 1160 861 340 868 269 1146 558 404 942 717 469 975 604 1076 523 850 389 678 533 361 362 666 423 778 353 389 662 819 638 674 320 33 61 445 539 912 614 433 575 835 557 468 573 374 467 909 813 425 422 56 809 21 474 901 494 642 314 437 456 899 438 1055 724 742 1132 568 791 397 265 1037 441 412 489 123 374 595 526 790 834 907
349 357 207 520 436 153 922 272 671 0 332 682 125 636 340 403 447 354 495 950 557 480 577 355 263 381 684 245 766 1048 340 789 347 842 386 283 492 373 1009 610 548 793 667 288 513 448 351 317 1115 956 322 181 286 95 146 402 514 527 997 605 351 291 941 658 216 286 988 682 628 528 250 346 190 1055 492 394 291 324 711 478 206 265 1055 254 360 617 290 685 314 454 212 113 618 342 586 857 871 391 339 592 761 839 499 300 936 1062 376 1012 544 780 970 166 346 761 717 349
584 689 514 826 244 393 1084 594 713 332 0 1006 456 923 119 603 649 584 391 1183 242 797 245 683 510 540 886 550 988 1339 623 848 174 750 340 238 663 702 1008 938 715 1124 924 475 843 769 606 403 1271 1279 599 368 444 237 386 603 399 830 903 921 527 369 1175 330 536 610 985 737 654 767 532 659 504 1144 776 122 157 575 474 369 349 330 1306 435 591 657 620 732 239 190 453 223 799 578 823 1165 726 481 668 275 1091 1067 826 491 954 1366 617 1115 797 836 1074 471 625 1061 1031 228
695 369 493 214 1104 708 1097 493 1123 682 1006 0 570 583 978 765 771 705 1120 937 1239 214 1247 406 537 823 864 561 858 782 418 1183 959 1398 1007 859 601 311 1438 310 871 164 703 765 186 410 656 741 1253 517 605 668 801 771 710 763 1141 493 1535 418 790 876 928 1336 536 472 1422 1115 1112 711 613 350 570 1339 571 1038 968 663 1374 1109 800 767 947 770 704 1089 393 1125 971 1080 694 795 874 692 734 567 1469 736 412 1273 127 879 341 763 1353 729 683 1279 680 1181 1245 604 599 563 461 930
290 232 149 428 534 159 866 152 677 125 456 570 0 528 464 359 396 298 567 862 676 379 702 229 253 364 618 143 688 934 284 781 467 889 453 393 494 259 1018 484 507 672 573 273 394 325 279 383 1058 832 235 242 290 221 157 357 587 412 1039 483 329 333 853 779 101 163 997 682 644 449 171 257 89 1027 389 519 398 257 806 552 247 350 957 254 303 627 178 687 403 577 183 234 565 283 506 738 935 444 214 711 641 755 373 281 939 944 309 979 458 774 937 87 256 645 595 463
352 382 609 637 882 530 515 380 653 636 923 583 528 0 967 371 342 356 814 376 1087 570 1154 343 726 454 301 391 275 415 675 666 982 967 727 918 936 475 914 274 385 542 122 469 452 245 322 903 671 427 324 766 510 721 538 370 833 127 1074 166 442 606 366 1199 427 376 902 632 667 214 394 577 446 766 147 1016 802 351 1096 814 583 877 439 503 350 640 491 646 756 1081 470 715 346 356 196 263 1073 951 358 1120 540 299 270 456 828 447 319 705 169 668 674 470 299 149 183 986
644 691 486 785 363 441 1174 613 821 340 119 978 464 967 0 675 721 646 509 1252 326 764 282 693 455 621 963 580 1059 1382 574 955 55 869 450 141 573 686 1123 947 799 1108 982 545 828 788 660 310 1363 1296 644 313 520 248 433 674 518 864 1022 945 603 458 1244 389 556 626 1100 843 764 830 573 628 528 1249 820 59 264 630 584 487 420 244 1369 504 653 765 607 840 346 114 506 253 881 638 888 1196 844 381 677 353 1073 1137 837 561 1068 1401 676 1218 855 944 1176 499 669 1098 1057 111
76 411 502 707 517 252 519 301 359 403 603 765 359 371 675 0 46 66 442 579 731 641 812 365 612 82 289 244 385 767 626 438 704 640 358 670 853 505 688 527 148 799 333 129 582 363 110 719 712 791 164 579 159 454 259 1 461 336 770 452 77 247 572 843 294 318 669 354 347 172 194 565 279 668 248 712 460 112 724 442 255 668 705 170 64 323 459 363 400 782 191 431 215 81 224 634 728 790 365 762 781 464 438 113 604 814 82 620 211 433 578 271 166 521 532 725
106 427 537 726 557 297 475 325 352 447 649 771 396 342 721 46 0 98 473 533 773 659 856 379 649 119 242 273 338 729 657 418 751 646 395 716 889 524 671 519 113 795 293 176 592 364 129 762 668 766 185 621 205 500 305 47 492 322 771 437 122 290 526 885 324 340 654 343 349 134 227 590 313 634 231 759 505 141 755 475 302 712 660 217 93 323 484 353 443 828 235 478 171 113 181 605 741 831 381 804 780 418 438 160 587 779 97 584 176 414 543 309 181 491 510 771
10 347 439 641 526 209 571 235 423 354 584 705 298 356 646 66 98 0 470 606 732 576 804 302 550 121 330 178 416 764 561 504 671 695 375 629 791 439 753 479 210 746 340 113 521 309 49 666 764 762 100 525 154 414 217 64 490 299 829 413 95 250 598 844 228 252 735 419 407 184 130 498 215 731 218 687 451 46 750 466 234 619 724 150 7 384 393 427 400 756 144 396 267 15 241 615 777 735 300 764 726 492 385 100 670 803 36 682 213 499 641 211 106 504 502 688
477 753 697 995 158 414 787 629 357 495 391 1120 567 814 509 442 473 470 0 957 364 944 481 722 756 359 654 562 766 1199 834 490 562 366 113 598 969 815 619 942 477 1192 763 370 935 764 515 736 957 1231 546 643 329 453 413 443 20 769 523 882 375 244 951 464 584 650 596 387 295 607 514 823 549 787 686 508 256 494 282 21 321 663 1099 354 474 308 740 378 190 569 427 413 559 476 649 1077 376 820 713 386 1167 846 838 378 572 1252 505 769 650 477 731 516 564 964 972 611
608 755 967 1012 1072 815 280 729 665 950 1183 937 862 376 1252 579 533 606 957 0 1293 946 1385 712 1086 646 305 719 196 352 1046 601 1278 967 906 1232 1306 850 789 630 484 860 291 708 825 619 599 1246 346 594 630 1105 738 1019 823 579 971 501 1025 527 655 820 9 1403 764 730 786 633 709 424 701 951 774 540 481 1291 1038 628 1220 965 834 1209 148 749 599 684 860 648 971 1361 749 1003 399 615 365 423 1097 1303 725 1322 869 115 646 692 717 447 578 483 406 610 471 788 607 378 479 1293
735 905 751 1066 222 577 1146 799 721 557 242 1239 676 1087 326 731 773 732 364 1293 0 1033 126 892 753 654 988 745 1098 1496 864 853 377 651 387 466 898 930 955 1143 809 1349 1065 618 1070 967 765 635 1320 1472 773 611 578 468 572 732 359 1011 789 1112 654 484 1287 112 742 817 933 751 660 903 715 896 707 1149 944 283 290 737 287 348 506 566 1429 583 738 673 848 743 332 308 627 444 895 731 954 1342 587 708 878 34 1317 1179 1031 632 920 1535 768 1133 941 841 1095 672 797 1233 1216 433
565 232 282 69 911 530 1054 342 998 480 797 214 379 570 764 641 659 576 944 946 1033 0 1036 281 324 683 805 408 827 870 207 1077 745 1248 830 645 425 136 1329 343 769 360 675 611 131 338 532 531 1229 654 476 454 641 565 530 639 964 451 1392 426 648 704 936 1128 370 323 1311 995 978 634 462 137 401 1271 505 824 770 530 1185 930 622 554 989 607 577 957 203 1003 782 866 529 592 792 561 672 647 1306 532 278 1067 322 867 300 612 1245 839 563 1215 614 1073 1177 430 478 605 512 716
806 934 753 1061 329 629 1253 838 837 577 245 1247 702 1154 282 812 856 804 481 1385 126 1036 0 927 735 739 1081 791 1188 1567 853 971 321 778 487 422 849 946 1081 1182 903 1368 1143 691 1088 1011 832 588 1430 1521 833 593 654 482 622 812 479 1067 915 1162 734 565 1378 116 780 855 1058 867 776 982 769 898 747 1268 1008 226 352 802 407 463 570 526 1516 653 811 787 864 859 413 223 685 468 989 801 1036 1402 711 652 913 125 1335 1269 1070 705 1044 1600 839 1250 1016 959 1211 713 857 1295 1270 372
291 49 269 349 727 322 784 94 724 355 683 406 229 343 693 365 379 302 722 712 892 281 927 0 384 417 531 160 567 724 334 797 695 991 611 615 594 152 1050 255 488 471 424 359 220 105 255 571 965 602 201 442 397 450 326 363 742 216 1130 260 384 477 702 999 150 75 1033 719 709 357 208 241 185 992 238 749 605 258 987 712 410 556 783 367 302 686 148 728 591 807 294 460 512 288 400 517 1063 612 16 927 445 618 143 357 966 724 285 936 342 794 898 221 199 434 372 686
542 353 119 333 678 393 1115 358 922 263 510 537 253 726 455 612 649 550 756 1086 753 324 735 384 0 614 864 383 924 1103 121 1031 428 1105 648 325 241 293 1262 593 761 683 795 521 419 488 528 209 1305 939 479 143 532 310 389 611 774 600 1260 634 580 552 1077 836 332 356 1241 929 883 690 422 200 336 1280 605 514 530 508 951 738 465 229 1166 496 555 870 241 933 570 548 433 347 816 536 744 889 1132 231 369 785 646 985 502 531 1186 1094 559 1232 691 1024 1191 341 496 816 743 394
130 460 513 747 437 229 555 341 317 381 540 823 364 454 621 82 119 121 359 646 654 683 739 417 614 0 346 276 450 848 644 417 655 575 276 631 855 547 656 600 178 867 413 94 637 430 171 698 747 873 217 562 102 417 235 84 378 415 712 530 35 174 639 766 320 360 636 319 294 252 222 594 297 673 328 654 391 159 641 359 203 641 776 129 123 273 491 326 325 724 181 389 260 132 301 717 655 773 414 685 847 530 506 83 576 896 152 630 293 410 588 279 227 604 614 681
335 580 746 874 767 538 254 512 394 684 886 864 618 301 963 289 242 330 654 305 988 805 1081 531 864 346 0 480 112 571 851 375 993 711 601 958 1099 683 616 565 179 841 184 417 707 469 339 995 441 700 384 854 443 742 545 289 669 371 798 459 359 519 298 1098 531 521 605 366 427 176 447 769 530 474 300 998 737 363 922 661 542 949 444 459 323 400 666 381 668 1068 474 720 94 342 133 517 831 1061 539 1017 836 192 526 402 531 643 310 415 190 379 380 534 367 415 480 1014
168 192 267 470 570 167 731 68 593 245 550 561 143 391 580 244 273 178 562 719 745 408 791 160 383 276 480 0 545 803 383 681 591 842 451 527 620 271 928 399 387 631 430 205 375 222 146 527 921 730 95 386 239 332 172 242 583 283 985 371 241 317 710 854 51 89 909 592 570 308 54 321 55 907 248 631 455 132 827 552 251 492 815 208 181 549 216 599 434 694 134 331 434 162 364 617 908 586 151 779 606 612 288 205 846 821 178 856 314 676 815 80 114 518 481 594
419 614 805 895 877 626 240 566 498 766 988 858 688 275 1059 385 338 416 766 196 1098 827 1188 567 924 450 112 545 0 468 898 461 1087 811 711 1045 1153 715 686 550 290 814 154 514 717 489 415 1070 401 628 452 928 543 831 634 385 781 376 889 441 460 624 189 1208 594 571 678 469 535 239 520 809 599 498 328 1097 842 442 1034 773 640 1029 332 555 409 508 710 484 775 1167 561 812 207 426 181 443 936 1132 578 1127 814 81 533 499 604 546 390 436 232 467 409 609 431 354 436 1104
762 750 992 924 1285 946 631 782 965 1048 1339 782 934 415 1382 767 729 764 1199 352 1496 870 1567 724 1103 848 571 803 468 0 1027 927 1395 1280 1125 1327 1283 820 1134 527 730 656 436 878 738 618 735 1295 681 306 740 1164 917 1135 953 766 1216 521 1355 468 843 1011 349 1608 834 773 1130 937 998 595 809 925 857 893 563 1431 1215 765 1478 1202 996 1278 248 915 758 971 862 952 1164 1496 885 1130 659 766 550 222 1403 1333 740 1528 678 407 602 864 1058 99 728 835 556 934 823 883 714 289 362 1396
552 292 138 212 773 442 1105 339 960 340 623 418 284 675 574 626 657 561 834 1046 864 207 853 334 121 644 851 383 898 1027 0 1060 549 1170 723 446 260 207 1300 505 771 567 758 556 314 430 529 323 1291 842 475 260 575 407 439 625 854 548 1322 562 609 613 1036 951 332 330 1280 964 928 674 431 102 349 1291 570 633 625 515 1048 818 525 350 1113 539 565 912 187 970 655 669 467 441 815 545 724 809 1209 328 321 897 530 952 427 563 1221 1010 561 1239 668 1054 1199 365 487 746 665 515
514 845 930 1144 645 640 351 740 135 789 848 1183 781 666 955 438 418 504 490 601 853 1077 971 797 1031 417 375 681 461 927 1060 0 1001 369 508 1004 1272 942 255 908 312 1188 557 509 1007 773 545 1098 485 1075 601 969 502 803 646 440 493 704 428 809 452 515 600 948 730 756 239 111 196 477 630 1002 711 298 616 970 691 551 687 507 588 1034 748 537 502 190 897 115 609 1037 598 768 321 520 472 893 503 1177 799 873 1178 520 843 500 169 1008 514 279 516 12 243 696 599 790 849 1039
669 689 471 761 418 463 1210 618 868 347 174 959 467 982 55 704 751 671 562 1278 377 745 321 695 428 655 993 591 1087 1395 549 1001 0 924 499 103 528 675 1174 946 833 1094 1003 575 816 793 681 266 1400 1297 662 291 553 261 455 704 572 874 1077 950 635 497 1269 433 563 630 1151 889 811 854 590 610 538 1293 836 96 314 652 639 540 452 206 1391 534 678 811 598 886 395 120 528 274 914 663 913 1204 900 333 678 403 1059 1164 838 590 1117 1410 700 1260 878 990 1219 511 687 1108 1063 56
705 1032 1031 1307 506 729 719 910 317 842 750 1398 889 967 869 640 646 695 366 967 651 1248 778 991 1105 575 711 842 811 1280 1170 369 924 0 460 965 1327 1112 328 1166 581 1439 876 637 1212 1003 745 1102 834 1393 792 1002 606 813 731 642 353 968 156 1082 607 557 965 717 878 930 308 344 300 755 788 1142 848 595 877 861 623 735 401 388 644 1029 1115 641 696 327 1047 329 554 916 719 773 632 707 772 1217 137 1185 987 658 1421 878 1079 637 327 1354 721 606 800 359 581 820 801 1107 1146 974
381 641 585 882 165 300 766 518 372 386 340 1007 453 727 450 358 395 375 113 906 387 830 487 611 648 276 601 451 711 1125 723 508 499 460 0 519 867 701 676 837 422 1083 689 268 823 659 417 645 946 1137 443 541 226 353 299 359 134 672 617 783 284 134 900 497 471 539 653 397 314 529 405 710 436 804 593 462 185 393 379 101 208 573 1043 247 380 317 626 392 104 529 317 313 508 378 576 989 485 728 602 415 1057 793 732 278 618 1172 411 778 570 496 738 403 462 877 877 542
625 604 377 659 469 420 1186 545 874 283 238 859 393 918 141 670 716 629 598 1232 466 645 422 615 325 631 958 527 1045 1327 446 1004 103 965 519 0 432 582 1194 861 808 997 950 544 722 716 632 169 1378 1213 605 191 529 216 412 669 611 805 1121 873 607 490 1223 531 492 555 1172 893 821 808 533 511 471 1289 775 196 342 604 712 577 429 103 1338 504 636 818 508 892 416 222 484 242 884 619 867 1130 955 243 598 494 961 1119 755 559 1132 1336 655 1253 827 994 1211 449 630 1038 986 73
783 553 353 392 870 632 1351 587 1160 492 663 601 494 936 573 853 889 791 969 1306 898 425 849 594 241 855 1099 620 1153 1283 260 1272 528 1327 867 432 0 466 1500 757 1001 765 1016 762 552 691 766 263 1540 1079 715 326 771 515 627 852 986 808 1483 821 821 783 1296 961 569 581 1478 1169 1120 923 661 361 576 1522 828 624 725 748 1132 949 698 333 1374 735 796 1107 445 1172 778 633 674 555 1055 776 975 1062 1343 199 580 927 727 1210 686 771 1425 1260 798 1473 921 1264 1432 582 731 1005 920 477
429 102 205 201 793 401 935 205 861 373 702 311 259 475 686 505 524 439 815 850 930 136 946 152 293 547 683 271 715 820 207 942 675 1112 701 582 466 0 1193 301 635 422 568 475 142 231 396 499 1115 646 340 393 506 465 402 503 835 349 1256 354 512 573 841 1030 235 187 1175 858 841 509 325 105 267 1144 387 745 657 393 1064 802 493 504 909 473 441 820 82 867 660 794 395 486 663 424 551 602 1173 522 145 965 389 762 219 476 1110 804 428 1088 493 938 1050 299 343 539 457 655
764 1098 1167 1395 776 868 511 989 340 1009 1008 1438 1018 914 1123 688 671 753 619 789 955 1329 1081 1050 1262 656 616 928 686 1134 1300 255 1174 328 676 1194 1500 1193 0 1162 567 1442 800 744 1262 1028 797 1307 566 1312 852 1186 730 1009 873 689 614 958 281 1062 692 722 790 1032 975 1006 22 336 380 732 875 1249 953 302 871 1127 860 800 726 640 803 1239 928 766 752 392 1145 330 781 1189 834 971 573 769 723 1128 452 1388 1051 966 1432 730 1099 737 86 1222 766 335 770 257 328 935 851 1030 1096 1219
471 257 495 401 967 566 790 344 868 610 938 310 484 274 947 527 519 479 942 630 1143 343 1182 255 593 600 565 399 550 527 505 908 946 1166 837 861 757 301 1162 0 602 280 396 571 212 178 430 797 943 351 395 680 612 705 571 525 962 203 1290 108 574 703 620 1251 402 327 1147 854 868 430 435 404 436 1037 293 1003 854 448 1217 935 648 794 654 590 476 842 359 866 831 1060 526 715 589 470 441 305 1255 824 270 1177 271 569 112 563 1075 504 448 977 392 908 944 471 378 266 169 934
219 536 650 836 587 396 378 438 269 548 715 871 507 385 799 148 113 210 477 484 809 769 903 488 761 178 179 387 290 730 771 312 833 581 422 808 1001 635 567 602 0 882 301 264 695 461 243 865 570 811 298 726 280 592 403 150 492 398 692 509 200 346 478 919 438 453 551 252 282 175 341 704 426 520 308 831 563 255 749 483 381 812 623 303 206 254 598 265 491 901 338 566 86 226 191 638 690 937 490 837 869 371 532 250 482 792 210 471 219 310 430 420 292 527 565 859
736 447 623 374 1196 792 1054 565 1146 793 1124 164 672 542 1108 799 795 746 1192 860 1349 360 1368 471 683 867 841 631 814 656 567 1188 1094 1439 1083 997 765 422 1442 280 882 0 665 824 280 436 696 891 1193 370 653 806 864 887 795 797 1213 484 1567 382 838 948 851 1451 617 545 1428 1133 1144 710 677 487 653 1309 573 1167 1068 709 1458 1183 881 910 847 837 744 1118 504 1145 1060 1214 765 906 869 735 721 457 1522 892 481 1384 38 820 360 819 1356 592 718 1248 672 1188 1217 689 640 482 384 1069
340 469 676 743 851 541 393 437 558 667 924 703 573 122 982 333 293 340 763 291 1065 675 1143 424 795 413 184 430 154 436 758 557 1003 876 689 950 1016 568 800 396 301 665 0 452 563 339 322 956 555 520 344 815 488 742 548 333 780 223 974 287 410 580 282 1177 474 439 789 535 581 161 416 665 485 643 189 1026 790 352 1042 766 575 922 388 491 333 553 571 549 733 1094 476 730 244 345 114 340 990 1012 436 1096 663 194 379 437 715 491 307 582 127 560 552 502 320 234 297 1014
117 397 422 672 414 134 641 273 404 288 475 765 273 469 545 129 176 113 370 708 618 611 691 359 521 94 417 205 514 878 556 509 575 637 268 544 762 475 744 571 264 824 452 0 579 393 150 605 834 870 175 468 42 328 141 129 391 404 781 515 63 138 700 730 241 294 724 409 373 292 152 512 214 768 329 583 338 125 647 365 126 549 831 41 120 355 413 414 286 653 89 304 340 113 348 727 703 679 353 651 802 593 468 15 666 917 150 724 325 502 682 191 194 616 610 597
510 182 345 190 925 525 951 306 942 513 843 186 394 452 828 582 592 521 935 825 1070 131 1088 220 419 637 707 375 717 738 314 1007 816 1212 823 722 552 142 1262 212 695 280 563 579 0 239 472 628 1119 529 421 531 614 606 527 581 956 341 1350 299 605 690 815 1171 351 285 1245 934 929 544 427 219 386 1180 407 887 792 478 1192 924 616 639 861 584 521 905 223 944 790 936 508 626 707 507 575 516 1282 642 225 1105 248 751 184 577 1177 708 501 1122 518 1005 1086 421 415 476 380 794
299 138 375 407 788 390 717 175 717 448 769 410 325 245 788 363 364 309 764 619 967 338 1011 105 488 430 469 222 489 618 430 773 793 1003 659 716 691 231 1028 178 461 436 339 393 239 0 259 676 890 510 218 546 434 542 395 361 785 118 1133 157 402 524 610 1076 233 162 1012 706 710 305 256 332 264 941 169 842 677 274 1038 758 469 660 682 411 307 685 249 717 653 902 348 547 468 298 336 414 1086 717 121 1002 418 532 75 387 942 620 281 883 279 771 846 298 204 329 270 787
40 301 412 598 564 218 587 195 469 351 606 656 279 322 660 110 129 49 515 599 765 532 832 255 528 171 339 146 415 735 529 545 681 745 417 632 766 396 797 430 243 696 322 150 472 259 0 657 779 719 56 515 193 421 226 108 536 254 879 366 144 289 590 878 198 211 779 464 456 176 107 461 191 762 178 704 480 30 795 512 261 614 709 182 48 432 355 473 435 772 154 407 288 40 234 577 827 722 254 798 676 487 335 139 713 769 32 710 196 541 669 195 57 467 460 694
661 547 303 530 622 470 1238 523 975 317 403 741 383 903 310 719 762 666 736 1246 635 531 588 571 209 698 995 527 1070 1295 323 1098 266 1102 645 169 263 499 1307 797 865 891 956 605 628 676 657 0 1430 1145 618 141 600 298 463 718 751 780 1259 829 668 586 1237 699 482 527 1285 989 927 831 550 409 472 1371 770 362 483 632 876 716 510 74 1338 569 673 919 438 990 547 377 528 336 933 653 888 1086 1104 83 555 663 853 1138 700 617 1239 1292 684 1329 841 1089 1286 461 640 1006 940 217
770 1013 1188 1297 1101 964 192 953 604 1115 1271 1253 1058 671 1363 712 668 764 957 346 1320 1229 1430 965 1305 747 441 921 401 681 1291 485 1400 834 946 1378 1540 1115 566 943 570 1193 555 834 1119 890 779 1430 0 940 826 1290 850 1163 971 713 964 778 840 835 771 905 353 1421 972 961 572 572 664 616 886 1206 970 266 727 1390 1114 801 1173 971 950 1380 436 873 758 648 1104 583 1035 1460 903 1136 497 777 566 768 971 1499 974 1342 1198 374 935 820 520 780 749 232 623 498 252 973 809 712 809 1428
756 609 845 694 1282 895 845 685 1076 956 1279 517 832 427 1296 791 766 762 1231 594 1472 654 1521 602 939 873 700 730 628 306 842 1075 1297 1393 1137 1213 1079 646 1312 351 811 370 520 870 529 510 719 1145 940 0 701 1031 912 1051 901 789 1251 465 1494 360 855 1008 587 1583 743 670 1303 1054 1094 642 756 743 775 1114 545 1351 1182 745 1513 1229 967 1145 534 897 757 1066 710 1068 1149 1409 846 1057 764 758 620 184 1501 1167 618 1506 398 599 459 859 1229 227 726 1053 596 1079 1031 808 678 286 259 1286
90 246 362 542 581 206 636 139 523 322 599 605 235 324 644 164 185 100 546 630 773 476 833 201 479 217 384 95 452 740 475 601 662 792 443 605 715 340 852 395 298 653 344 175 421 218 56 618 826 701 0 476 217 400 213 163 567 237 929 342 186 310 621 885 146 155 834 519 507 213 72 405 146 816 177 691 485 57 823 540 267 579 733 198 101 485 299 528 448 758 147 391 340 86 270 569 870 679 200 807 632 521 293 168 769 767 88 764 224 597 724 158 25 462 443 670
519 424 187 471 550 333 1097 386 850 181 368 668 242 766 313 579 621 525 643 1105 611 454 593 442 143 562 854 386 928 1164 260 969 291 1002 541 191 326 393 1186 680 726 806 815 468 531 546 515 141 1290 1031 476 0 468 189 327 578 660 646 1158 702 531 465 1096 693 342 392 1165 862 805 689 408 319 331 1236 631 373 402 490 818 623 383 114 1199 435 532 795 321 864 453 411 388 229 793 512 747 959 1017 210 425 643 770 997 577 480 1115 1166 543 1193 700 961 1150 320 498 874 814 263
158 432 439 700 372 138 658 308 389 286 444 801 290 510 520 159 205 154 329 738 578 641 654 397 532 102 443 239 543 917 575 502 553 606 226 529 771 506 730 612 280 864 488 42 614 434 193 600 850 912 217 468 0 315 143 159 350 447 753 557 83 96 731 691 271 329 709 398 353 328 188 537 241 770 371 555 302 167 605 323 100 541 864 36 160 338 441 401 246 625 112 286 361 155 382 769 668 677 389 610 841 623 509 54 654 957 191 729 363 494 687 214 236 658 652 578
411 453 284 600 368 205 970 366 678 95 237 771 221 721 248 454 500 414 453 1019 468 565 482 450 310 417 742 332 831 1135 407 803 261 813 353 216 515 465 1009 705 592 887 742 328 606 542 421 298 1163 1051 400 189 315 0 197 453 470 616 970 698 391 289 1011 565 308 380 987 693 629 595 328 429 280 1082 575 300 220 392 641 434 218 231 1130 289 421 622 383 694 263 362 270 40 668 405 654 948 828 379 435 502 854 906 594 343 941 1153 441 1043 617 794 1001 251 425 850 809 273
214 348 301 584 400 7 778 231 533 146 386 710 157 538 433 259 305 217 413 823 572 530 622 326 389 235 545 172 634 953 439 646 455 731 299 412 627 402 873 571 403 795 548 141 527 395 226 463 971 901 213 327 143 197 0 259 433 445 882 541 204 175 814 682 177 251 852 541 494 399 146 413 142 909 390 479 282 196 665 400 91 409 936 109 224 480 327 545 265 546 73 181 474 207 457 780 778 538 314 607 767 709 460 154 797 980 244 865 422 638 823 106 238 675 648 470
74 409 501 705 518 251 520 300 361 402 603 763 357 370 674 1 47 64 443 579 732 639 812 363 611 84 289 242 385 766 625 440 704 642 359 669 852 503 689 525 150 797 333 129 581 361 108 718 713 789 163 578 159 453 259 0 462 334 772 450 77 247 572 844 292 317 671 355 349 171 193 563 277 669 246 712 461 111 725 443 255 667 705 170 62 325 458 365 401 782 190 431 215 80 223 633 730 789 363 763 779 464 437 113 606 812 80 621 211 435 579 270 165 520 531 725
497 774 717 1016 162 434 797 650 362 514 399 1141 587 833 518 461 492 490 20 971 359 964 479 742 774 378 669 583 781 1216 854 493 572 353 134 611 986 835 614 962 492 1213 780 391 956 785 536 751 964 1251 567 660 350 470 433 462 0 789 509 902 395 265 965 457 605 671 591 393 301 625 535 844 570 789 706 515 270 514 263 36 342 677 1113 375 494 315 761 383 207 575 448 431 574 496 666 1096 358 835 734 379 1188 861 859 399 569 1270 525 773 668 481 736 537 585 982 991 622
292 255 484 520 817 438 610 260 666 527 830 493 412 127 864 336 322 299 769 501 1011 451 1067 216 600 415 371 283 376 521 548 704 874 968 672 805 808 349 958 203 398 484 223 404 341 118 254 780 778 465 237 646 447 616 445 334 789 0 1088 115 394 542 491 1122 312 254 944 651 669 226 298 451 336 845 91 915 722 279 1050 766 504 758 566 432 295 642 364 663 684 978 384 614 386 294 242 334 1063 826 231 1045 474 415 157 394 872 537 264 786 189 704 751 364 213 234 206 874
840 1172 1184 1453 659 880 758 1052 423 997 903 1535 1039 1074 1022 770 771 829 523 1025 789 1392 915 1130 1260 712 798 985 889 1355 1322 428 1077 156 617 1121 1483 1256 281 1290 692 1567 974 781 1350 1133 879 1259 840 1494 929 1158 753 970 882 772 509 1088 0 1201 746 709 1024 844 1023 1072 270 441 423 868 930 1291 994 581 997 1012 779 872 520 544 797 1185 1170 789 830 448 1194 428 711 1064 865 930 730 843 877 1314 211 1342 1127 791 1551 948 1208 780 321 1436 853 607 912 421 593 968 936 1208 1256 1129
405 282 525 489 924 535 681 332 778 605 921 418 483 166 945 452 437 413 882 527 1112 426 1162 260 634 530 459 371 441 468 562 809 950 1082 783 873 821 354 1062 108 509 382 287 515 299 157 366 829 835 360 342 702 557 698 541 450 902 115 1201 0 508 652 517 1222 389 319 1048 761 783 334 396 460 418 930 205 998 822 389 1162 878 608 816 563 540 409 756 393 774 790 1059 486 701 489 406 339 257 1178 865 276 1146 377 462 135 505 976 464 378 869 293 810 837 450 321 184 112 945
103 426 477 712 442 198 578 306 353 351 527 790 329 442 603 77 122 95 375 655 654 648 734 384 580 35 359 241 460 843 609 452 635 607 284 607 821 512 692 574 200 838 410 63 605 402 144 668 771 855 186 531 83 391 204 77 395 394 746 508 0 169 647 766 284 326 672 355 329 249 186 558 261 705 310 639 383 128 657 373 183 612 782 102 99 308 455 361 323 708 147 365 278 104 301 704 684 742 380 685 818 539 478 50 612 887 129 661 287 445 619 244 198 592 596 658
254 508 474 759 276 175 716 384 389 291 369 876 333 606 458 247 290 250 244 820 484 704 565 477 552 174 519 317 624 1011 613 515 497 557 134 490 783 573 722 703 346 948 580 138 690 524 289 586 905 1008 310 465 96 289 175 247 265 542 709 652 169 0 813 597 340 405 700 405 341 419 270 589 306 800 467 486 217 263 513 235 87 520 950 112 256 333 500 405 153 556 182 253 431 251 471 865 602 667 468 516 923 705 597 150 652 1053 287 764 456 506 722 273 330 754 748 530
600 745 958 1002 1066 806 282 719 662 941 1175 928 853 366 1244 572 526 598 951 9 1287 936 1378 702 1077 639 298 710 189 349 1036 600 1269 965 900 1223 1296 841 790 620 478 851 282 700 815 610 590 1237 353 587 621 1096 731 1011 814 572 965 491 1024 517 647 813 0 1397 755 720 787 630 706 415 692 941 765 544 471 1283 1030 619 1215 960 826 1200 151 741 591 680 850 645 964 1353 741 995 393 606 357 415 1095 1293 715 1316 860 108 636 685 717 443 569 486 397 608 474 779 598 369 470 1284
848 1010 845 1157 331 687 1251 906 819 658 330 1336 779 1199 389 843 885 844 464 1403 112 1128 116 999 836 766 1098 854 1208 1608 951 948 433 717 497 531 961 1030 1032 1251 919 1451 1177 730 1171 1076 878 699 1421 1583 885 693 691 565 682 844 457 1122 844 1222 766 597 1397 0 849 924 1010 850 758 1016 826 990 814 1241 1056 337 400 849 324 450 618 634 1540 695 851 772 948 840 444 339 738 545 1005 843 1067 1454 635 765 985 81 1419 1290 1139 744 1004 1647 881 1228 1053 936 1192 779 909 1345 1327 486
219 171 215 430 578 174 783 58 638 216 536 536 101 427 556 294 324 228 584 764 742 370 780 150 332 320 531 51 594 834 332 730 563 878 471 492 569 235 975 402 438 617 474 241 351 233 198 482 972 743 146 342 271 308 177 292 605 312 1023 389 284 340 755 849 0 75 955 638 612 358 99 274 35 959 289 609 454 183 842 573 265 451 857 238 232 592 171 645 443 670 160 313 486 213 413 641 938 538 137 776 590 659 290 244 894 846 230 908 362 724 867 71 164 546 500 562
242 103 237 388 652 247 775 20 674 286 610 472 163 376 626 318 340 252 650 730 817 323 855 75 356 360 521 89 571 773 330 756 630 930 539 555 581 187 1006 327 453 545 439 294 285 162 211 527 961 670 155 392 329 380 251 317 671 254 1072 319 326 405 720 924 75 0 988 671 654 344 142 252 110 968 249 681 530 206 913 640 336 504 813 298 254 633 146 680 516 740 223 388 488 237 394 574 997 576 63 852 518 629 215 293 923 781 243 914 339 752 874 146 161 484 432 626
745 1080 1146 1377 754 847 509 970 320 988 985 1422 997 902 1100 669 654 735 596 786 933 1311 1058 1033 1241 636 605 909 678 1130 1280 239 1151 308 653 1172 1478 1175 22 1147 551 1428 789 724 1245 1012 779 1285 572 1303 834 1165 709 987 852 671 591 944 270 1048 672 700 787 1010 955 988 0 317 359 717 856 1230 933 310 856 1104 837 781 705 617 782 1216 926 745 733 371 1126 310 758 1166 814 949 559 750 710 1119 435 1366 1034 944 1418 724 1083 717 73 1217 748 340 756 241 330 915 834 1020 1084 1196
429 765 831 1060 538 536 415 654 33 682 737 1115 682 632 843 354 343 419 387 633 751 995 867 719 929 319 366 592 469 937 964 111 889 344 397 893 1169 858 336 854 252 1133 535 409 934 706 464 989 572 1054 519 862 398 693 541 355 393 651 441 761 355 405 630 850 638 671 317 0 91 427 539 912 616 407 560 859 580 465 606 403 479 925 782 433 417 80 808 15 498 926 498 658 290 434 435 876 467 1069 719 772 1119 538 779 401 257 1010 434 383 470 101 344 599 520 768 814 927
418 753 792 1041 449 490 504 635 61 628 654 1112 644 667 764 347 349 407 295 709 660 978 776 709 883 294 427 570 535 998 928 196 811 300 314 821 1120 841 380 868 282 1144 581 373 929 710 456 927 664 1094 507 805 353 629 494 349 301 669 423 783 329 341 706 758 612 654 359 91 0 455 515 885 586 494 578 776 499 451 519 312 422 860 857 390 408 27 784 82 417 842 462 592 340 421 474 920 408 1008 707 681 1128 609 785 368 311 1067 429 473 500 184 435 564 513 809 846 852
185 406 572 703 690 391 430 336 445 528 767 711 449 214 830 172 134 184 607 424 903 634 982 357 690 252 176 308 239 595 674 477 854 755 529 808 923 509 732 430 175 710 161 292 544 305 176 831 616 642 213 689 328 595 399 171 625 226 868 334 249 419 415 1016 358 344 717 427 455 0 281 593 360 637 140 871 630 204 888 609 417 790 540 332 177 427 490 440 572 940 325 579 163 191 58 474 859 893 364 935 700 311 370 277 646 645 154 580 45 477 543 369 194 361 391 869
121 245 309 525 532 140 695 122 539 250 532 613 171 394 573 194 227 130 514 701 715 462 769 208 422 222 447 54 520 809 431 630 590 788 405 533 661 325 875 435 341 677 416 152 427 256 107 550 886 756 72 408 188 328 146 193 535 298 930 396 186 270 692 826 99 142 856 539 515 281 0 373 85 862 247 621 425 86 784 506 213 509 805 159 134 495 269 546 396 687 91 321 394 114 339 633 855 614 201 750 653 590 327 151 794 833 137 812 294 624 771 88 96 529 502 598
488 196 145 174 781 414 1023 265 912 346 659 350 257 577 628 565 590 498 823 951 896 137 898 241 200 594 769 321 809 925 102 1002 610 1142 710 511 361 105 1249 404 704 487 665 512 219 332 461 409 1206 743 405 319 537 429 413 563 844 451 1291 460 558 589 941 990 274 252 1230 912 885 593 373 0 298 1220 480 687 638 452 1056 809 504 423 1013 501 501 866 105 919 655 730 425 457 741 483 639 706 1192 424 231 930 450 860 325 516 1167 908 493 1166 582 997 1127 322 413 644 562 583
206 206 223 459 542 139 779 91 614 190 504 570 89 446 528 279 313 215 549 774 707 401 747 185 336 297 530 55 599 857 349 711 538 848 436 471 576 267 953 436 426 653 485 214 386 264 191 472 970 775 146 331 241 280 142 277 570 336 994 418 261 306 765 814 35 110 933 616 586 360 85 298 0 947 304 580 419 172 806 538 230 436 871 206 220 568 199 623 407 643 129 282 479 200 417 668 906 533 173 742 625 666 324 217 873 872 222 897 369 705 856 35 167 570 529 539
740 1041 1171 1340 942 902 268 955 433 1055 1144 1339 1027 766 1249 668 634 731 787 540 1149 1271 1268 992 1280 673 474 907 498 893 1291 298 1293 595 804 1289 1522 1144 302 1037 520 1309 643 768 1180 941 762 1371 266 1114 816 1236 770 1082 909 669 789 845 581 930 705 800 544 1241 959 968 310 407 494 637 862 1220 947 0 772 1266 986 776 964 805 864 1311 664 801 727 487 1114 412 904 1333 851 1049 480 747 605 931 730 1447 998 1167 1307 514 1000 756 269 988 729 61 662 310 94 939 806 851 934 1329
212 285 486 574 743 383 550 248 575 492 776 571 389 147 820 248 231 218 686 481 944 505 1008 238 605 328 300 248 328 563 570 616 836 877 593 775 828 387 871 293 308 573 189 329 407 169 178 770 727 545 177 631 371 575 390 246 706 91 997 205 310 467 471 1056 289 249 856 560 578 140 247 480 304 772 0 868 657 207 968 684 438 739 568 361 213 551 383 572 614 934 323 568 303 215 167 398 972 823 249 977 561 381 230 317 785 592 181 714 110 616 678 326 151 288 285 842
687 748 545 844 355 486 1203 666 835 394 122 1038 519 1016 59 712 759 687 508 1291 283 824 226 749 514 654 998 631 1097 1431 633 970 96 861 462 196 624 745 1127 1003 831 1167 1026 583 887 842 704 362 1390 1351 691 373 555 300 479 712 515 915 1012 998 639 486 1283 337 609 681 1104 859 776 871 621 687 580 1266 868 0 279 674 554 487 457 299 1411 542 694 779 666 854 361 69 550 301 914 680 929 1248 827 429 733 308 1132 1176 893 598 1075 1452 719 1237 899 959 1196 551 717 1148 1110 150
453 621 497 811 148 287 928 511 557 291 157 968 398 802 264 460 505 451 256 1038 290 770 352 605 530 391 737 455 842 1215 625 691 314 623 185 342 725 657 860 854 563 1068 790 338 792 677 480 483 1114 1182 485 402 302 220 282 461 270 722 779 822 383 217 1030 400 454 530 837 580 499 630 425 638 419 986 657 279 0 451 422 235 219 409 1166 300 458 501 575 576 82 348 337 184 648 448 684 1054 620 566 592 324 1038 922 742 353 803 1249 487 958 664 680 917 384 509 946 927 358
36 302 395 595 537 188 609 189 468 324 575 663 257 351 630 112 141 46 494 628 737 530 802 258 508 159 363 132 442 765 515 551 652 735 393 604 748 393 800 448 255 709 352 125 478 274 30 632 801 745 57 490 167 392 196 111 514 279 872 389 128 263 619 849 183 206 781 465 451 204 86 452 172 776 207 674 451 0 772 489 231 587 739 154 49 428 346 473 407 741 123 377 307 31 263 605 813 698 256 770 689 515 349 115 717 798 52 725 226 546 684 171 70 496 485 665
757 1013 918 1230 275 667 1022 892 573 711 474 1374 806 1096 584 724 755 750 282 1220 287 1185 407 987 951 641 922 827 1034 1478 1048 687 639 401 379 712 1132 1064 726 1217 749 1458 1042 647 1192 1038 795 876 1173 1513 823 818 605 641 665 725 263 1050 520 1162 657 513 1215 324 842 913 705 606 519 888 784 1056 806 964 968 554 422 772 0 283 577 802 1365 626 755 540 984 594 403 591 693 606 828 756 928 1359 310 955 976 281 1432 1113 1111 656 710 1533 786 961 932 675 929 771 842 1246 1253 696
473 742 681 981 138 401 800 619 374 478 369 1109 552 814 487 442 475 466 21 965 348 930 463 712 738 359 661 552 773 1202 818 507 540 388 101 577 949 802 640 935 483 1183 766 365 924 758 512 716 971 1229 540 623 323 434 400 443 36 766 544 878 373 235 960 450 573 640 617 403 312 609 506 809 538 805 684 487 235 489 283 0 309 642 1106 346 471 324 727 395 170 548 418 394 566 472 652 1077 394 799 703 371 1158 854 831 373 592 1254 502 786 651 495 748 504 559 963 969 589
236 436 387 675 319 92 759 315 467 206 349 800 247 583 420 255 302 234 321 834 506 622 570 410 465 203 542 251 640 996 525 588 452 644 208 429 698 493 803 648 381 881 575 126 616 469 261 510 950 967 267 383 100 218 91 255 342 504 797 608 183 87 826 618 265 336 782 479 422 417 213 504 230 864 438 457 219 231 577 309 0 447 957 85 241 412 419 481 183 526 122 187 461 230 473 835 687 589 399 540 854 719 538 141 731 1030 269 825 448 579 783 195 290 727 710 477
614 538 299 562 547 416 1187 498 909 265 330 767 350 877 244 668 712 619 663 1209 566 554 526 556 229 641 949 492 1029 1278 350 1034 206 1029 573 103 333 504 1239 794 812 910 922 549 639 660 614 74 1380 1145 579 114 541 231 409 667 677 758 1185 816 612 520 1200 634 451 504 1216 925 860 790 509 423 436 1311 739 299 409 587 802 642 447 0 1308 512 625 853 435 925 474 323 477 267 883 607 848 1074 1029 157 539 595 874 1100 692 562 1172 1280 640 1270 803 1025 1228 421 602 988 928 165
724 821 1048 1052 1209 928 416 815 813 1055 1306 947 957 439 1369 705 660 724 1099 148 1429 989 1516 783 1166 776 444 815 332 248 1113 748 1391 1115 1043 1338 1374 909 928 654 623 847 388 831 861 682 709 1338 436 534 733 1199 864 1130 936 705 1113 566 1170 563 782 950 151 1540 857 813 926 782 857 540 805 1013 871 664 568 1411 1166 739 1365 1106 957 1308 0 871 717 831 931 796 1102 1480 863 1117 539 730 483 391 1245 1389 798 1458 862 252 693 816 858 347 692 610 513 757 604 889 708 387 488 1402
153 401 402 665 384 103 681 277 425 254 435 770 254 503 504 170 217 150 354 749 583 607 653 367 496 129 459 208 555 915 539 537 534 641 247 504 735 473 766 590 303 837 491 41 584 411 182 569 873 897 198 435 36 289 109 170 375 432 789 540 102 112 741 695 238 298 745 433 390 332 159 501 206 801 361 542 300 154 626 346 85 512 871 0 157 374 406 437 253 611 77 263 380 148 388 759 700 645 359 616 813 634 484 56 690 951 186 759 364 529 717 179 219 649 639 556
