0 599 910 767 26 959 979 584 1102 1391 1519 211 744 842 665 1500
599 0 819 1097 572 360 1514 1111 1369 1966 2030 581 1339 1234 1184 979
910 819 0 647 900 955 1270 1469 1995 2155 2375 706 1491 812 1000 969
767 1097 647 0 777 1382 630 1139 1811 1630 1928 596 1012 167 415 1597
26 572 900 777 0 933 1002 603 1107 1416 1539 208 770 856 687 1477
959 360 955 1382 933 0 1853 1456 1622 2319 2360 926 1698 1533 1523 722
979 1514 1270 630 1002 1853 0 993 1713 1129 1510 932 681 480 330 2191
584 1111 1469 1139 603 1456 993 0 722 869 936 767 378 1132 817 2066
1102 1369 1995 1811 1107 1622 1713 722 0 1219 978 1314 1058 1830 1532 2331
1391 1966 2155 1630 1416 2319 1129 869 1219 0 450 1521 668 1535 1215 2890
1519 2030 2375 1928 1539 2360 1510 936 978 450 0 1690 916 1860 1525 2998
211 581 706 596 208 926 932 767 1314 1521 1690 0 856 699 602 1379
744 1339 1491 1012 770 1698 681 378 1058 668 916 856 0 951 614 2232
842 1234 812 167 856 1533 480 1132 1830 1535 1860 699 951 0 336 1764
665 1184 1000 415 687 1523 330 817 1532 1215 1525 602 614 336 0 1885
1500 979 969 1597 1477 722 2191 2066 2331 2890 2998 1379 2232 1764 1885 0
