0 1094 633 1673 1343 1268 1500 99 173 464 1670 29 1344 1099 1354 1084
1094 0 1708 2723 2328 668 2488 1064 1222 1413 579 1117 2436 964 2247 1822
633 1708 0 1243 1080 1889 906 644 486 663 2276 616 740 1445 860 818
1673 2723 1243 0 485 2642 1453 1739 1611 1313 3299 1644 745 2674 1714 1951
1343 2328 1080 485 0 2186 1592 1425 1325 921 2896 1314 907 2415 1765 1881
1268 668 1889 2642 2186 0 2768 1293 1438 1377 941 1280 2541 1589 2600 2247
1500 2488 906 1453 1592 2768 0 1480 1331 1555 3021 1490 713 1929 373 838
99 1064 644 1739 1425 1293 1480 0 158 560 1636 124 1373 1005 1311 1014
173 1222 486 1611 1325 1438 1331 158 0 523 1792 171 1217 1090 1181 924
464 1413 663 1313 921 1377 1555 560 523 0 1987 436 1179 1563 1519 1382
1670 579 2276 3299 2896 941 3021 1636 1792 1987 0 1695 3009 1280 2753 2300
29 1117 616 1644 1314 1280 1490 124 171 436 1695 0 1322 1127 1351 1091
1344 2436 740 745 907 2541 713 1373 1217 1179 3009 1322 0 2150 972 1262
1099 964 1445 2674 2415 1589 1929 1005 1090 1563 1280 1127 2150 0 1601 1115
1354 2247 860 1714 1765 2600 373 1311 1181 1519 2753 1351 972 1601 0 488
1084 1822 818 1951 1881 2247 838 1014 924 1382 2300 1091 1262 1115 488 0
