0 683 476 934 547 575 830 575 220 1405 808 856 489 685 1111 833
683 0 829 363 1197 260 1486 806 647 1372 153 1452 788 530 1122 1124
476 829 0 1175 876 591 1106 1046 688 957 982 671 58 1076 668 362
934 363 1175 0 1373 624 1653 818 818 1715 221 1763 1139 445 1477 1484
547 1197 876 1373 0 1121 288 675 560 1828 1299 808 917 997 1542 1154
575 260 591 624 1121 0 1405 886 626 1138 410 1241 544 705 875 866
830 1486 1106 1653 288 1405 0 911 846 2034 1585 863 1153 1260 1758 1338
575 806 1046 818 675 886 911 0 357 1932 836 1349 1051 378 1642 1406
220 647 688 818 560 626 846 357 0 1589 739 1050 694 495 1296 1049
1405 1372 957 1715 1828 1138 2034 1932 1589 0 1494 1339 926 1835 294 706
808 153 982 221 1299 410 1585 836 739 1494 0 1599 942 508 1255 1276
856 1452 671 1763 808 1241 863 1349 1050 1339 1599 0 728 1539 1116 655
489 788 58 1139 917 544 1153 1051 694 926 942 728 0 1060 633 370
685 530 1076 445 997 705 1260 378 495 1835 508 1539 1060 0 1560 1431
1111 1122 668 1477 1542 875 1758 1642 1296 294 1255 1116 633 1560 0 461
833 1124 362 1484 1154 866 1338 1406 1049 706 1276 655 370 1431 461 0
