0 423 262 568 463 1045 1704 1658 423 52 642 565 1031 223 531 1246
423 0 615 354 466 1419 2067 2067 470 376 1055 844 1434 443 865 1446
262 615 0 824 415 1064 1459 1591 682 276 461 309 823 473 650 1411
568 354 824 0 803 1339 2271 2036 284 547 1189 1106 1582 428 784 1193
463 466 415 803 0 1464 1706 2006 806 422 855 470 1172 656 989 1708
1045 1419 1064 1339 1464 0 1620 715 1054 1098 797 1243 941 979 562 755
1704 2067 1459 2271 1706 1620 0 1453 2072 1731 1109 1241 741 1867 1740 2350
1658 2067 1591 2036 2006 715 1453 0 1752 1710 1177 1659 1053 1646 1251 1354
423 470 682 284 806 1054 2072 1752 0 430 967 988 1358 211 500 976
52 376 276 547 422 1098 1731 1710 430 0 682 568 1067 243 580 1285
642 1055 461 1189 855 797 1109 1177 967 682 0 485 393 768 657 1370
565 844 309 1106 470 1243 1241 1659 988 568 485 0 724 782 921 1687
1031 1434 823 1582 1172 941 741 1053 1358 1067 393 724 0 1161 999 1633
223 443 473 428 656 979 1867 1646 211 243 768 782 1161 0 421 1058
531 865 650 784 989 562 1740 1251 500 580 657 921 999 421 0 766
1246 1446 1411 1193 1708 755 2350 1354 976 1285 1370 1687 1633 1058 766 0
