0 1317 514 735 1724 411 167 899 1628 1416 1228 152 470 312 1264 115
1317 0 1032 792 1250 1078 1337 1592 668 2505 1820 1272 1753 1597 793 1333
514 1032 0 807 1209 677 651 1320 1528 1475 935 378 968 664 1298 609
735 792 807 0 1727 355 672 806 907 2135 1741 780 1065 1047 532 692
1724 1250 1209 1727 0 1794 1854 2452 1912 2166 1220 1585 2170 1828 1989 1816
411 1078 677 355 1794 0 320 660 1262 1828 1558 499 711 715 864 346
167 1337 651 672 1854 320 0 732 1579 1537 1395 316 415 413 1183 52
899 1592 1320 806 2452 660 732 0 1514 2166 2127 1044 817 1087 1035 784
1628 668 1528 907 1912 1262 1579 1514 0 2979 2412 1643 1969 1939 478 1597
1416 2505 1475 2135 2166 1828 1537 2166 2979 0 955 1354 1354 1123 2667 1495
1228 1820 935 1741 1220 1558 1395 2127 2412 955 0 1087 1485 1103 2230 1342
152 1272 378 780 1585 499 316 1044 1643 1354 1087 0 590 325 1313 266
470 1753 968 1065 2170 711 415 817 1969 1354 1485 590 0 386 1546 422
312 1597 664 1047 1828 715 413 1087 1939 1123 1103 325 386 0 1575 373
1264 793 1298 532 1989 864 1183 1035 478 2667 2230 1313 1546 1575 0 1210
115 1333 609 692 1816 346 52 784 1597 1495 1342 266 422 373 1210 0
