0 196 1269 198 1247 106 851 1438 1372 1488 448 1618 1085 854 35 955
196 0 1084 394 1062 213 891 1308 1416 1541 377 1478 1213 941 161 855
1269 1084 0 1457 23 1296 1790 658 1710 2396 957 684 2248 1556 1236 1344
198 394 1457 0 1436 236 861 1579 1350 1465 578 1766 983 801 233 1086
1247 1062 23 1436 0 1274 1767 668 1704 2373 939 700 2225 1543 1215 1322
106 213 1296 236 1274 0 747 1509 1479 1387 535 1683 1009 957 107 864
851 891 1790 861 1767 747 0 2167 2207 650 1264 2318 574 1662 853 638
1438 1308 658 1579 668 1509 2167 0 1262 2811 1001 202 2518 1324 1415 1861
1372 1416 1710 1350 1704 1479 2207 1262 0 2812 1085 1439 2265 562 1380 2267
1488 1541 2396 1465 2373 1387 650 2811 2812 0 1912 2956 680 2255 1494 1100
448 377 957 578 939 535 1264 1001 1085 1912 0 1188 1532 693 431 1191
1618 1478 684 1766 700 1683 2318 202 1439 2956 1188 0 2691 1526 1593 1970
1085 1213 2248 983 2225 1009 574 2518 2265 680 1532 2691 0 1703 1104 1212
854 941 1556 801 1543 957 1662 1324 562 2255 693 1526 1703 0 869 1794
35 161 1236 233 1215 107 853 1415 1380 1494 431 1593 1104 869 0 933
955 855 1344 1086 1322 864 638 1861 2267 1100 1191 1970 1212 1794 933 0
