0 1310 111 72 150 1566 1254 503 505 610 1704 1729 794 666 121 68
1310 0 1400 1240 1446 2263 2270 1606 845 1920 2901 1414 733 1047 1223 1249
111 1400 0 165 143 1480 1266 403 574 529 1593 1837 843 674 178 179
72 1240 165 0 221 1564 1311 522 432 680 1754 1704 723 609 64 51
150 1446 143 221 0 1607 1125 522 654 477 1630 1761 944 804 268 198
1566 2263 1480 1564 1607 0 2580 1085 1604 1566 1253 3228 1546 1258 1511 1611
1254 2270 1266 1311 1125 2580 0 1554 1684 1014 2066 1779 1999 1920 1372 1265
503 1606 403 522 522 1085 1554 0 768 601 1297 2227 925 644 486 560
505 845 574 432 654 1604 1684 768 0 1104 2065 1641 314 377 397 459
610 1920 529 680 477 1566 1014 601 1104 0 1246 2134 1364 1155 707 670
1704 2901 1593 1754 1630 1253 2066 1297 2065 1246 0 3373 2198 1891 1742 1772
1729 1414 1837 1704 1761 3228 1779 2227 1641 2134 3373 0 1811 2015 1744 1668
794 733 843 723 944 1546 1999 925 314 1364 2198 1811 0 315 676 758
666 1047 674 609 804 1258 1920 644 377 1155 1891 2015 315 0 547 657
121 1223 178 64 268 1511 1372 486 397 707 1742 1744 676 547 0 116
68 1249 179 51 198 1611 1265 560 459 670 1772 1668 758 657 116 0
