0 388 107 270 859 573 451 671 204 62 160 773 830 510 54 455 640 100 79 208 582 31 260 618 131 80 99 746 279 343 644 101 195 242 237 182 497 205 601 825 840 853 337 162 577 158 71 109 440 450 596 327 538 700 703 36 815 436 31 444 4 616 559 138 499 775 278 564 332 830 296 407 387 538 689 518 209 722
388 0 358 635 824 326 254 391 185 372 229 1043 628 241 376 95 271 472 310 438 961 406 331 511 312 434 357 423 319 715 1029 374 254 258 622 270 163 586 947 697 741 922 131 254 240 500 400 496 168 67 941 586 926 398 559 420 742 167 379 600 386 648 801 250 732 1130 626 947 173 941 478 706 416 586 975 348 231 789
107 358 0 277 752 486 363 587 197 159 145 879 876 431 54 440 626 201 115 309 605 94 331 513 199 88 188 669 175 358 708 197 117 152 312 100 494 290 696 719 733 754 345 104 576 142 56 192 450 411 690 260 586 619 598 111 890 365 76 350 111 510 494 142 429 864 268 595 259 737 395 363 465 627 644 561 245 818
270 635 277 0 841 731 614 834 462 321 411 804 1093 691 261 713 899 251 344 419 327 241 516 689 398 203 357 926 403 80 471 351 392 415 188 374 761 212 550 874 868 761 604 382 842 135 235 202 708 688 545 207 328 871 780 234 1049 634 265 372 274 591 370 397 331 684 46 320 529 709 499 193 630 752 448 785 479 908
859 824 752 841 0 544 571 565 836 910 812 1616 1449 611 805 907 1010 944 849 1058 1049 840 1043 316 929 808 934 653 599 887 1289 946 713 664 1000 713 976 999 1388 212 145 235 929 753 1033 781 793 917 993 806 1383 633 1131 604 302 854 1559 662 828 469 863 251 584 835 566 1524 796 1074 668 329 1141 698 1172 1347 738 1170 924 1549
573 326 486 731 544 0 122 102 431 591 440 1321 920 85 533 388 466 673 516 707 1047 574 632 235 564 574 595 199 328 809 1190 612 378 334 798 391 451 775 1175 383 436 697 455 412 497 605 542 675 486 285 1169 589 1058 141 249 591 1064 165 548 512 574 442 735 470 673 1348 703 1048 245 745 768 714 736 909 927 669 513 1114
451 254 363 614 571 122 0 223 320 470 323 1204 878 83 410 336 459 551 396 591 933 451 527 257 449 452 476 311 211 692 1069 493 256 211 676 269 405 652 1053 447 488 686 369 290 467 485 419 553 422 236 1047 485 939 258 308 469 995 92 426 432 452 415 653 352 588 1225 588 933 129 718 657 612 640 816 843 602 406 1021
671 391 587 834 565 102 223 0 519 686 533 1411 944 165 633 435 473 771 612 796 1148 674 712 282 655 675 688 107 430 911 1292 705 477 434 899 491 490 874 1273 377 438 743 523 510 522 707 643 775 538 337 1267 688 1160 46 262 691 1109 247 648 602 672 506 824 563 763 1447 805 1150 340 801 852 812 807 977 1016 718 597 1180
204 185 197 462 836 431 320 519 0 187 52 891 690 354 200 252 438 286 125 276 783 225 211 547 136 258 176 576 247 540 843 193 136 176 436 145 299 400 770 753 783 886 148 107 381 332 227 311 252 250 764 452 742 539 617 238 736 272 198 511 202 620 682 66 615 951 460 767 191 886 337 561 335 511 840 376 89 715
62 372 159 321 910 591 470 686 187 0 155 738 773 522 110 429 610 100 74 150 622 93 199 657 78 142 37 754 319 390 658 39 219 271 253 211 464 215 588 865 884 911 302 181 541 218 133 134 400 437 583 390 564 712 739 92 752 444 88 504 57 669 622 127 561 767 334 600 346 891 237 467 325 475 749 464 166 661
160 229 145 411 812 440 323 533 52 155 0 881 738 368 150 302 488 249 84 269 734 177 231 534 127 208 154 598 215 490 803 171 100 148 396 104 351 362 744 741 767 850 200 63 433 280 175 269 305 290 738 401 697 557 609 191 773 289 150 467 158 588 632 29 566 923 408 719 194 846 340 508 362 535 788 424 117 737
773 1043 879 804 1616 1321 1204 1411 891 738 881 0 1010 1245 824 1051 1181 678 811 615 816 785 713 1391 757 810 728 1463 1052 792 570 712 958 1009 623 949 1044 617 299 1598 1611 1563 921 918 1088 836 830 699 966 1110 300 1001 667 1430 1475 769 784 1163 803 1160 770 1365 1166 852 1134 351 849 768 1076 1513 565 991 667 574 1185 871 817 508
830 628 876 1093 1449 920 878 944 690 773 738 1010 0 842 858 542 476 846 769 692 1367 861 576 1133 698 908 736 915 923 1157 1307 741 823 852 975 834 473 932 1098 1303 1354 1549 551 798 423 987 886 894 464 643 1093 1137 1273 927 1168 864 271 786 844 1199 825 1275 1370 734 1304 1268 1107 1336 798 1563 637 1234 478 454 1517 315 632 522
510 241 431 691 611 85 83 165 354 522 368 1245 842 0 474 306 400 608 447 630 1013 514 550 296 489 520 522 238 290 770 1140 539 317 279 741 332 370 714 1109 463 512 747 370 347 422 560 486 615 402 202 1103 568 1013 190 326 531 980 82 487 515 510 481 737 397 671 1285 667 1011 177 786 688 695 651 824 926 585 433 1029
54 376 54 261 805 533 410 633 200 110 150 824 858 474 0 452 638 147 89 260 584 41 298 567 165 58 144 712 228 340 669 150 156 199 266 141 500 241 644 773 787 801 344 131 581 133 28 142 448 434 639 285 553 664 652 58 856 404 23 393 57 562 519 136 457 815 261 571 298 780 347 376 429 585 658 544 228 772
455 95 440 713 907 388 336 435 252 429 302 1051 542 306 452 0 186 529 376 466 1036 477 342 591 359 510 407 445 415 792 1086 423 343 351 682 359 69 643 982 769 817 1014 136 337 144 580 477 560 103 103 976 677 992 433 631 490 676 244 451 696 453 740 895 318 826 1167 708 1020 268 1035 490 795 398 555 1067 283 270 753
640 271 626 899 1010 466 459 473 438 610 488 1181 476 400 638 186 0 710 561 629 1222 663 495 696 537 696 586 439 584 978 1264 601 525 527 863 542 149 823 1142 844 900 1145 309 522 93 766 664 743 224 239 1137 857 1175 452 715 675 676 371 636 861 637 875 1068 504 1000 1328 894 1205 430 1178 636 977 513 639 1245 328 446 817
100 472 201 251 944 673 551 771 286 100 249 678 846 608 147 529 710 0 165 168 530 106 271 714 174 135 125 844 376 310 558 113 294 342 152 282 563 114 502 920 932 920 401 261 639 187 151 49 498 536 496 370 465 799 800 91 799 533 127 508 98 696 590 223 536 676 275 506 431 889 252 422 379 505 696 545 264 674
79 310 115 344 849 516 396 612 125 74 84 811 769 447 89 376 561 165 0 210 661 103 216 587 85 143 86 680 252 420 720 100 147 199 312 140 419 278 662 796 817 864 260 107 499 221 118 186 363 372 656 371 617 637 667 114 775 370 79 464 76 614 605 59 541 840 348 644 271 850 292 465 350 514 747 455 138 708
208 438 309 419 1058 707 591 796 276 150 269 615 692 630 260 466 629 168 210 0 675 235 137 797 142 280 124 851 463 473 647 112 355 408 283 351 480 240 515 1005 1027 1061 330 314 547 347 279 217 406 506 509 528 587 815 876 227 630 548 237 652 203 819 755 240 698 700 444 645 462 1038 88 590 216 338 865 406 206 515
582 961 605 327 1049 1047 933 1148 783 622 734 816 1367 1013 584 1036 1222 530 661 675 0 558 798 968 700 526 654 1244 722 247 283 643 719 741 392 702 1080 435 516 1131 1110 904 920 709 1160 463 560 488 1021 1016 515 468 148 1188 1058 547 1278 960 585 606 586 820 472 718 483 562 346 47 855 824 736 361 890 972 402 1074 788 1085
31 406 94 241 840 574 451 674 225 93 177 785 861 514 41 477 663 106 103 235 558 0 291 607 163 48 130 751 269 317 631 132 196 240 227 182 522 200 603 813 826 828 363 169 602 126 46 101 466 466 597 297 520 704 693 17 846 443 28 417 36 595 528 159 468 773 248 542 338 803 323 375 419 567 657 549 237 750
260 331 331 516 1043 632 527 712 211 199 231 713 576 550 298 342 495 271 216 137 798 291 0 758 132 340 161 754 446 580 785 165 331 379 409 333 347 366 647 964 994 1076 208 291 410 417 325 317 271 397 641 583 719 725 828 292 558 467 280 681 255 818 817 210 755 832 533 771 400 1066 148 667 134 304 948 275 121 506
618 511 513 689 316 235 257 282 547 657 534 1391 1133 296 567 591 696 714 587 797 968 607 758 0 658 588 674 386 339 755 1160 688 441 389 806 447 659 794 1200 208 236 464 622 482 717 588 564 700 679 489 1195 501 1012 328 91 623 1251 347 588 372 621 226 578 560 527 1358 650 980 365 519 873 610 881 1057 768 859 637 1262
131 312 199 398 929 564 449 655 136 78 127 757 698 489 165 359 537 174 85 142 700 163 132 658 0 210 48 713 330 469 727 63 218 269 326 215 389 285 635 866 891 949 228 176 465 289 193 212 324 379 630 451 639 676 735 166 691 408 148 550 127 697 685 98 622 818 410 678 320 936 214 538 266 429 820 387 91 624
80 434 88 203 808 574 452 675 258 142 208 810 908 520 58 510 696 135 143 280 526 48 340 588 210 0 179 758 257 281 620 180 204 241 225 188 558 207 613 792 801 787 401 185 639 79 34 112 505 490 608 249 499 708 676 52 895 453 64 375 85 560 480 194 420 778 204 514 347 759 369 327 467 615 609 595 281 795
99 357 188 357 934 595 476 688 176 37 154 728 736 522 144 407 586 125 86 124 654 130 161 674 48 179 0 750 338 425 679 17 232 285 277 227 438 237 594 882 903 942 276 192 513 256 168 165 372 423 588 426 591 711 753 130 715 442 123 537 94 696 659 124 598 775 371 631 349 924 208 505 288 441 787 428 139 629
746 423 669 926 653 199 311 107 576 754 598 1463 915 238 712 445 439 844 680 851 1244 751 754 386 713 758 750 0 522 1004 1378 768 555 517 978 570 488 951 1342 453 518 842 553 583 504 796 724 852 548 360 1337 789 1250 60 355 768 1102 310 724 708 746 611 930 627 870 1520 899 1244 413 904 899 914 836 999 1123 720 646 1198
279 319 175 403 599 328 211 430 247 319 215 1052 923 290 228 415 584 376 252 463 722 269 446 339 330 257 338 522 0 481 864 352 115 72 481 114 481 463 870 546 565 638 372 155 559 278 229 366 463 347 864 284 729 468 423 286 983 247 249 281 281 373 483 237 415 1035 377 721 156 641 543 411 578 751 663 616 331 951
343 715 358 80 887 809 692 911 540 390 490 792 1157 770 340 792 978 310 420 473 247 317 580 755 469 281 425 1004 481 0 408 417 472 496 210 455 838 245 521 935 924 788 680 462 919 216 314 262 783 769 517 259 257 949 846 307 1100 715 342 419 347 641 374 475 348 639 106 240 609 727 548 202 688 798 416 853 552 942
644 1029 708 471 1289 1190 1069 1292 843 658 803 570 1307 1140 669 1086 1264 558 720 647 283 631 785 1160 727 620 679 1378 864 408 0 663 824 860 407 808 1115 443 279 1343 1332 1167 954 800 1187 586 653 534 1045 1093 280 667 159 1327 1251 615 1166 1073 659 825 645 1047 735 779 731 280 510 240 967 1094 677 591 838 869 685 1049 817 933
101 374 197 351 946 612 493 705 193 39 171 712 741 539 150 423 601 113 100 112 643 132 165 688 63 180 17 768 352 417 663 0 247 300 263 241 452 222 576 896 917 950 291 207 528 255 172 155 386 441 570 429 577 728 768 129 715 459 128 543 96 706 660 142 600 758 367 619 366 930 198 504 288 436 784 435 154 622
195 254 117 392 713 378 256 477 136 219 100 958 823 317 156 343 525 294 147 355 719 196 331 441 218 204 232 555 115 472 824 247 0 52 423 17 403 397 796 649 673 751 273 41 485 256 170 298 372 300 791 334 703 507 520 213 871 249 170 376 196 488 557 122 489 969 378 711 142 750 432 452 462 635 724 511 216 836
242 258 152 415 664 334 211 434 176 271 148 1009 852 279 199 351 527 342 199 408 741 240 379 389 269 241 285 517 72 496 860 300 52 0 464 60 416 441 843 597 621 710 300 93 496 282 208 341 393 293 838 330 734 467 468 258 912 219 216 349 244 443 543 172 474 1014 396 736 114 713 484 453 509 683 717 544 262 885
237 622 312 188 1000 798 676 899 436 253 396 623 975 741 266 682 863 152 312 283 392 227 409 806 326 225 277 978 481 210 407 263 423 464 0 408 715 43 394 1005 1009 940 554 396 791 221 256 127 649 685 389 377 313 931 896 210 898 670 254 537 238 748 559 372 518 554 231 362 565 893 348 381 498 593 625 685 417 733
182 270 100 374 713 391 269 491 145 211 104 949 834 332 141 359 542 282 140 351 702 182 333 447 215 188 227 570 114 455 808 241 17 60 408 0 418 383 784 655 676 746 285 41 500 239 154 284 385 317 778 318 686 522 527 199 877 265 157 366 184 485 543 123 475 956 360 694 158 742 429 436 465 637 709 521 221 837
497 163 494 761 976 451 405 490 299 464 351 1044 473 370 500 69 149 563 419 480 1080 522 347 659 389 558 438 488 481 838 1115 452 403 416 715 418 0 675 994 833 882 1083 161 393 82 631 526 597 77 169 989 737 1028 483 697 533 619 313 496 762 494 809 959 363 890 1180 759 1062 337 1105 491 853 379 523 1128 231 298 715
205 586 290 212 999 775 652 874 400 215 362 617 932 714 241 643 823 114 278 240 435 200 366 794 285 207 237 951 463 245 443 222 397 441 43 383 675 0 406 996 1002 950 514 367 750 218 235 99 608 650 401 387 356 905 883 183 857 642 226 543 206 748 581 337 536 573 251 406 537 907 306 404 456 554 656 641 376 699
601 947 696 550 1388 1175 1053 1273 770 588 744 299 1098 1109 644 982 1142 502 662 515 516 603 647 1200 635 613 594 1342 870 521 279 576 796 843 394 784 994 406 0 1400 1403 1308 845 763 1056 615 641 504 918 1015 5 756 368 1300 1289 586 924 1032 627 920 601 1137 893 715 870 185 595 469 932 1249 510 724 659 645 894 878 717 673
825 697 719 874 212 383 447 377 753 865 741 1598 1303 463 773 769 844 920 796 1005 1131 813 964 208 866 792 882 453 546 935 1343 896 649 597 1005 655 833 996 1400 0 67 436 817 691 880 785 769 904 863 665 1395 675 1190 411 138 829 1440 530 795 524 828 317 698 768 661 1553 833 1148 566 521 1081 769 1083 1260 874 1046 842 1465
840 741 733 868 145 436 488 438 783 884 767 1611 1354 512 787 817 900 932 817 1027 1110 826 994 236 891 801 903 518 565 924 1332 917 673 621 1009 676 882 1002 1403 67 0 375 857 714 933 788 781 913 909 713 1398 665 1177 474 186 841 1484 574 809 508 843 290 665 793 633 1551 825 1130 601 463 1106 750 1117 1294 835 1090 872 1498
853 922 754 761 235 697 686 743 886 911 850 1563 1549 747 801 1014 1145 920 864 1061 904 828 1076 464 949 787 942 842 638 788 1167 950 751 710 940 746 1083 950 1308 436 375 0 1004 787 1151 739 782 884 1085 920 1304 563 1009 787 489 838 1622 777 823 412 858 274 433 867 440 1423 715 936 751 99 1149 586 1210 1379 547 1250 968 1572
337 131 345 604 929 455 369 523 148 302 200 921 551 370 344 136 309 401 260 330 920 363 208 622 228 401 276 553 372 680 954 291 273 300 554 285 161 514 845 817 857 1004 0 253 240 477 372 435 104 192 839 599 866 530 678 373 629 291 338 648 334 732 828 207 761 1030 605 900 260 1013 356 709 284 455 988 245 137 659
162 254 104 382 753 412 290 510 107 181 63 918 798 347 131 337 522 261 107 314 709 169 291 482 176 185 192 583 155 462 800 207 41 93 396 41 393 367 763 691 714 787 253 0 475 246 150 269 355 306 757 347 684 538 561 185 836 274 141 404 162 526 575 82 508 938 372 698 170 782 391 460 424 596 736 484 180 796
577 240 576 842 1033 497 467 522 381 541 433 1088 423 422 581 144 93 639 499 547 1160 602 410 717 465 639 513 504 559 919 1187 528 485 496 791 500 82 750 1056 880 933 1151 240 475 0 713 608 675 142 231 1051 819 1105 508 746 613 599 375 577 840 574 878 1039 444 970 1242 841 1141 412 1176 548 935 421 546 1209 236 375 726
158 500 142 135 781 605 485 707 332 218 280 836 987 560 133 580 766 187 221 347 463 126 417 588 289 79 256 796 278 216 586 255 256 282 221 239 631 218 615 785 788 739 477 246 713 0 105 146 582 553 610 183 453 743 679 126 970 500 143 328 162 530 407 269 350 769 128 455 394 703 435 249 543 685 531 674 360 860
71 400 56 235 793 542 419 643 227 133 175 830 886 486 28 477 664 151 118 279 560 46 325 564 193 34 168 724 229 314 653 172 170 208 256 154 526 235 641 769 781 782 372 150 608 105 0 137 476 456 635 258 534 675 651 60 883 419 45 372 76 548 492 164 430 808 233 548 313 758 368 347 455 609 630 573 256 794
109 496 192 202 917 675 553 775 311 134 269 699 894 615 142 560 743 49 186 217 488 101 317 700 212 112 165 852 366 262 534 155 298 341 127 284 597 99 504 904 913 884 435 269 675 146 137 0 535 559 498 328 432 805 787 84 848 544 128 472 110 668 544 245 491 672 226 466 439 849 301 375 428 554 647 591 301 720
440 168 450 708 993 486 422 538 252 400 305 966 464 402 448 103 224 498 363 406 1021 466 271 679 324 505 372 548 463 783 1045 386 372 393 649 385 77 608 918 863 909 1085 104 355 142 582 476 535 0 202 913 702 963 536 725 476 577 334 442 743 436 811 929 312 861 1104 710 1001 334 1099 414 813 304 454 1091 182 234 650
450 67 411 688 806 285 236 337 250 437 290 1110 643 202 434 103 239 536 372 506 1016 466 397 489 379 490 423 360 347 769 1093 441 300 293 685 317 169 650 1015 665 713 920 192 306 231 553 456 559 202 0 1009 624 986 340 528 481 779 144 438 622 448 646 830 313 762 1198 677 1004 191 946 544 747 475 641 1009 384 299 843
596 941 690 545 1383 1169 1047 1267 764 583 738 300 1093 1103 639 976 1137 496 656 509 515 597 641 1195 630 608 588 1337 864 517 280 570 791 838 389 778 989 401 5 1395 1398 1304 839 757 1051 610 635 498 913 1009 0 752 366 1294 1284 580 921 1026 622 916 595 1132 890 709 866 191 591 468 927 1245 504 720 654 640 891 873 711 670
327 586 260 207 633 589 485 688 452 390 401 1001 1137 568 285 677 857 370 371 528 468 297 583 501 451 249 426 789 284 259 667 429 334 330 377 318 737 387 756 675 665 563 599 347 819 183 258 328 702 624 752 0 514 730 592 301 1141 531 304 164 332 384 234 402 171 891 162 478 437 522 616 127 714 864 390 821 505 1042
538 926 586 328 1131 1058 939 1160 742 564 697 667 1273 1013 553 992 1175 465 617 587 148 520 719 1012 639 499 591 1250 729 257 159 577 703 734 313 686 1028 356 368 1190 1177 1009 866 684 1105 453 534 432 963 986 366 514 0 1197 1103 505 1163 951 548 670 540 891 577 676 572 425 362 101 844 936 636 433 795 858 538 993 730 955
700 398 619 871 604 141 258 46 539 712 557 1430 927 190 664 433 452 799 637 815 1188 704 725 328 676 708 711 60 468 949 1327 728 507 467 931 522 483 905 1300 411 474 787 530 538 508 743 675 805 536 340 1294 730 1197 0 303 721 1102 268 678 648 701 552 870 586 809 1476 844 1189 367 847 868 855 815 982 1062 713 613 1183
703 559 598 780 302 249 308 262 617 739 609 1475 1168 326 652 631 715 800 667 876 1058 693 828 91 735 676 753 355 423 846 1251 768 520 468 896 527 697 883 1289 138 186 489 678 561 746 679 651 787 725 528 1284 592 1103 303 0 709 1302 391 673 458 705 288 658 636 610 1448 741 1070 429 557 949 699 946 1123 845 907 706 1328
36 420 111 234 854 591 469 691 238 92 191 769 864 531 58 490 675 91 114 227 547 17 292 623 166 52 130 768 286 307 615 129 213 258 210 199 533 183 586 829 841 838 373 185 613 126 60 84 476 481 580 301 505 721 709 0 844 460 44 427 40 608 531 171 472 756 243 530 355 811 316 375 417 562 656 553 245 742
815 742 890 1049 1559 1064 995 1109 736 752 773 784 271 980 856 676 676 799 775 630 1278 846 558 1251 691 895 715 1102 983 1100 1166 715 871 912 898 877 619 857 924 1440 1484 1622 629 836 599 970 883 848 577 779 921 1141 1163 1102 1302 844 0 910 837 1237 810 1355 1374 759 1313 1079 1074 1241 890 1619 552 1217 427 306 1495 394 656 277
436 167 365 634 662 165 92 247 272 444 289 1163 786 82 404 244 371 533 370 548 960 443 467 347 408 453 442 310 247 715 1073 459 249 219 670 265 313 642 1032 530 574 777 291 274 375 500 419 544 334 144 1026 531 951 268 391 460 910 0 416 502 436 505 719 318 652 1210 614 955 106 807 605 658 570 744 905 516 350 949
31 379 76 265 828 548 426 648 198 88 150 803 844 487 23 451 636 127 79 237 585 28 280 588 148 64 123 724 249 342 659 128 170 216 254 157 496 226 627 795 809 823 338 141 577 143 45 128 442 438 622 304 548 678 673 44 837 416 0 415 34 585 537 133 475 799 269 569 311 802 325 390 410 564 672 531 216 750
444 600 350 372 469 512 432 602 511 504 467 1160 1199 515 393 696 861 508 464 652 606 417 681 372 550 375 537 708 281 419 825 543 376 349 537 366 762 543 920 524 508 412 648 404 840 328 372 472 743 622 916 164 670 648 458 427 1237 502 415 0 448 221 222 478 161 1055 327 623 431 386 740 244 815 977 414 887 582 1166
4 386 111 274 863 574 452 672 202 57 158 770 825 510 57 453 637 98 76 203 586 36 255 621 127 85 94 746 281 347 645 96 196 244 238 184 494 206 601 828 843 858 334 162 574 162 76 110 436 448 595 332 540 701 705 40 810 436 34 448 0 620 564 136 504 775 283 567 333 835 291 412 383 533 694 514 205 717
616 648 510 591 251 442 415 506 620 669 588 1365 1275 481 562 740 875 696 614 819 820 595 818 226 697 560 696 611 373 641 1047 706 488 443 748 485 809 748 1137 317 290 274 732 526 878 530 548 668 811 646 1132 384 891 552 288 608 1355 505 585 221 620 0 381 608 344 1275 547 840 477 304 904 461 951 1123 561 978 705 1321
559 801 494 370 584 735 653 824 682 622 632 1166 1370 737 519 895 1068 590 605 755 472 528 817 578 685 480 659 930 483 374 735 660 557 543 559 543 959 581 893 698 665 433 828 575 1039 407 492 544 929 830 890 234 577 870 658 531 1374 719 537 222 564 381 0 636 68 996 329 503 639 359 842 177 947 1092 192 1055 739 1264
138 250 142 397 835 470 352 563 66 127 29 852 734 397 136 318 504 223 59 240 718 159 210 560 98 194 124 627 237 475 779 142 122 172 372 123 363 337 715 768 793 867 207 82 444 269 164 245 312 313 709 402 676 586 636 171 759 318 133 478 136 608 636 0 570 894 397 701 224 860 312 505 343 514 787 419 104 714
499 732 429 331 566 673 588 763 615 561 566 1134 1304 671 457 826 1000 536 541 698 483 468 755 527 622 420 598 870 415 348 731 600 489 474 518 475 890 536 870 661 633 440 761 508 970 350 430 491 861 762 866 171 572 809 610 472 1313 652 475 161 504 344 68 570 0 983 287 508 571 379 786 146 886 1035 255 989 673 1210
775 1130 864 684 1524 1348 1225 1447 951 767 923 351 1268 1285 815 1167 1328 676 840 700 562 773 832 1358 818 778 775 1520 1035 639 280 758 969 1014 554 956 1180 573 185 1553 1551 1423 1030 938 1242 769 808 672 1104 1198 191 891 425 1476 1448 756 1079 1210 799 1055 775 1275 996 894 983 0 728 517 1108 1355 694 838 842 814 962 1061 901 814
278 626 268 46 796 703 588 805 460 334 408 849 1107 667 261 708 894 275 348 444 346 248 533 650 410 204 371 899 377 106 510 367 378 396 231 360 759 251 595 833 825 715 605 372 841 128 233 226 710 677 591 162 362 844 741 243 1074 614 269 327 283 547 329 397 287 728 0 344 510 664 527 153 652 780 420 797 485 942
564 947 595 320 1074 1048 933 1150 767 600 719 768 1336 1011 571 1020 1205 506 644 645 47 542 771 980 678 514 631 1244 721 240 240 619 711 736 362 694 1062 406 469 1148 1130 936 900 698 1141 455 548 466 1001 1004 468 478 101 1189 1070 530 1241 955 569 623 567 840 503 701 508 517 344 0 849 859 703 379 859 935 445 1047 767 1043
332 173 259 529 668 245 129 340 191 346 194 1076 798 177 298 268 430 431 271 462 855 338 400 365 320 347 349 413 156 609 967 366 142 114 565 158 337 537 932 566 601 751 260 170 412 394 313 439 334 191 927 437 844 367 429 355 890 106 311 431 333 477 639 224 571 1108 510 849 0 768 527 563 517 693 819 504 278 899
830 941 737 709 329 745 718 801 886 891 846 1513 1563 786 780 1035 1178 889 850 1038 824 803 1066 519 936 759 924 904 641 727 1094 930 750 713 893 742 1105 907 1249 521 463 99 1013 782 1176 703 758 849 1099 946 1245 522 936 847 557 811 1619 807 802 386 835 304 359 860 379 1355 664 859 768 0 1126 525 1200 1364 454 1257 963 1552
296 478 395 499 1141 768 657 852 337 237 340 565 637 688 347 490 636 252 292 88 736 323 148 873 214 369 208 899 543 548 677 198 432 484 348 429 491 306 510 1081 1106 1149 356 391 548 435 368 301 414 544 504 616 636 868 949 316 552 605 325 740 291 904 842 312 786 694 527 703 527 1126 0 675 161 253 947 374 255 426
407 706 363 193 698 714 612 812 561 467 508 991 1234 695 376 795 977 422 465 590 361 375 667 610 538 327 505 914 411 202 591 504 452 453 381 436 853 404 724 769 750 586 709 460 935 249 347 375 813 747 720 127 433 855 699 375 1217 658 390 244 412 461 177 505 146 838 153 379 563 525 675 0 792 928 282 920 603 1093
387 416 465 630 1172 736 640 807 335 325 362 667 478 651 429 398 513 379 350 216 890 419 134 881 266 467 288 836 578 688 838 288 462 509 498 465 379 456 659 1083 1117 1210 284 424 421 543 455 428 304 475 654 714 795 815 946 417 427 570 410 815 383 951 947 343 886 842 652 859 517 1200 161 792 0 176 1071 219 247 382
538 586 627 752 1347 909 816 977 511 475 535 574 454 824 585 555 639 505 514 338 972 567 304 1057 429 615 441 999 751 798 869 436 635 683 593 637 523 554 645 1260 1294 1379 455 596 546 685 609 554 454 641 640 864 858 982 1123 562 306 744 564 977 533 1123 1092 514 1035 814 780 935 693 1364 253 928 176 0 1201 312 423 205
689 975 644 448 738 927 843 1016 840 749 788 1185 1517 926 658 1067 1245 696 747 865 402 657 948 768 820 609 787 1123 663 416 685 784 724 717 625 709 1128 656 894 874 835 547 988 736 1209 531 630 647 1091 1009 891 390 538 1062 845 656 1495 905 672 414 694 561 192 787 255 962 420 445 819 454 947 282 1071 1201 0 1202 885 1355
518 348 561 785 1170 669 602 718 376 464 424 871 315 585 544 283 328 545 455 406 1074 549 275 859 387 595 428 720 616 853 1049 435 511 544 685 521 231 641 878 1046 1090 1250 245 484 236 674 573 591 182 384 873 821 993 713 907 553 394 516 531 887 514 978 1055 419 989 1061 797 1047 504 1257 374 920 219 312 1202 0 317 490
209 231 245 479 924 513 406 597 89 166 117 817 632 433 228 270 446 264 138 206 788 237 121 637 91 281 139 646 331 552 817 154 216 262 417 221 298 376 717 842 872 968 137 180 375 360 256 301 234 299 711 505 730 613 706 245 656 350 216 582 205 705 739 104 673 901 485 767 278 963 255 603 247 423 885 317 0 626
722 789 818 908 1549 1114 1021 1180 715 661 737 508 522 1029 772 753 817 674 708 515 1085 750 506 1262 624 795 629 1198 951 942 933 622 836 885 733 837 715 699 673 1465 1498 1572 659 796 726 860 794 720 650 843 670 1042 955 1183 1328 742 277 949 750 1166 717 1321 1264 714 1210 814 942 1043 899 1552 426 1093 382 205 1355 490 626 0
