0 487 437 220 1623 379 647 1250 1418 1308 938 1017 289 863 969 1466
487 0 639 539 2058 554 885 1426 1510 1474 671 1416 631 852 1194 1954
437 639 0 657 1899 810 1081 1684 982 887 1266 1363 187 1281 569 1545
220 539 657 0 1519 171 432 1033 1638 1525 807 879 504 658 1182 1481
1623 2058 1899 1519 0 1542 1282 1225 2625 2416 2090 662 1719 1660 2099 848
379 554 810 171 1542 0 333 911 1792 1688 666 884 667 487 1347 1591
647 885 1081 432 1282 333 0 603 2053 1925 815 622 913 435 1573 1487
1250 1426 1684 1033 1225 911 603 0 2652 2515 1094 743 1513 645 2161 1748
1418 1510 982 1638 2625 1792 2053 2652 0 234 2181 2223 1140 2259 530 2001
1308 1474 887 1525 2416 1688 1925 2515 234 0 2135 2043 1021 2167 354 1772
938 671 1266 807 2090 666 815 1094 2181 2135 0 1436 1195 458 1835 2250
1017 1416 1363 879 662 884 622 743 2223 2043 1436 0 1175 1022 1696 1005
289 631 187 504 1719 667 913 1513 1140 1021 1195 1175 0 1152 680 1410
863 852 1281 658 1660 487 435 645 2259 2167 458 1022 1152 0 1831 1923
969 1194 569 1182 2099 1347 1573 2161 530 354 1835 1696 680 1831 0 1518
1466 1954 1545 1481 848 1591 1487 1748 2001 1772 2250 1005 1410 1923 1518 0
