0 74 607 1375 373 1208 371 1541 1701 245 702 396 1452 1373 910 532
74 0 589 1375 340 1279 335 1483 1765 310 632 444 1447 1447 984 506
607 589 0 1961 263 1640 272 1098 1663 813 949 490 2028 1633 1190 102
1375 1375 1961 0 1700 1531 1693 2609 2698 1259 1302 1714 120 2010 1738 1870
373 340 263 1700 0 1515 10 1197 1747 606 723 432 1765 1588 1126 169
1208 1279 1640 1531 1515 0 1519 2711 1304 973 1812 1151 1652 510 535 1619
371 335 272 1693 10 1519 0 1195 1756 605 712 440 1758 1594 1131 176
1541 1483 1098 2609 1197 2711 1195 0 2672 1786 1308 1581 2632 2731 2287 1098
1701 1765 1663 2698 1747 1304 1756 2672 0 1612 2394 1343 2812 814 961 1721
245 310 813 1259 606 973 605 1786 1612 0 871 456 1350 1185 737 752
702 632 949 1302 723 1812 712 1308 2394 871 0 1055 1323 2055 1601 847
396 444 490 1714 432 1151 440 1581 1343 456 1055 0 1802 1163 707 484
1452 1447 2028 120 1765 1652 1758 2632 2812 1350 1323 1802 0 2129 1851 1934
1373 1447 1633 2010 1588 510 1594 2731 814 1185 2055 1163 2129 0 466 1644
910 984 1190 1738 1126 535 1131 2287 961 737 1601 707 1851 466 0 1191
532 506 102 1870 169 1619 176 1098 1721 752 847 484 1934 1644 1191 0
