0 1170 1504 1647 1576 10 102 552 1478 1223 370 588 453 620 1730 366
1170 0 2505 2509 2363 1171 1119 757 582 1840 1196 1167 1620 1688 2566 844
1504 2505 0 2349 2417 1510 1603 2051 2543 932 1319 1349 1265 884 2445 1855
1647 2509 2349 0 210 1638 1610 1768 2995 2653 1977 2208 1370 1820 96 1761
1576 2363 2417 210 0 1567 1528 1637 2868 2646 1923 2153 1351 1820 217 1650
10 1171 1510 1638 1567 0 95 547 1483 1233 381 598 451 626 1721 363
102 1119 1603 1610 1528 95 0 462 1463 1319 457 662 502 719 1689 287
552 757 2051 1768 1637 547 462 0 1230 1645 791 915 943 1168 1831 198
1478 582 2543 2995 2868 1483 1463 1230 0 1725 1353 1223 1924 1847 3061 1244
1223 1840 932 2653 2646 1233 1319 1645 1725 0 871 736 1295 833 2747 1456
370 1196 1319 1977 1923 381 457 791 1353 871 0 231 652 501 2064 595
588 1167 1349 2208 2153 598 662 915 1223 736 231 0 877 639 2295 734
453 1620 1265 1370 1351 451 502 943 1924 1295 652 877 0 480 1462 788
620 1688 884 1820 1820 626 719 1168 1847 833 501 639 480 0 1914 974
1730 2566 2445 96 217 1721 1689 1831 3061 2747 2064 2295 1462 1914 0 1832
366 844 1855 1761 1650 363 287 198 1244 1456 595 734 788 974 1832 0
