0 594 486 930 1047 721 981 1123 1087 1530 1407 168 409 427 953 846
594 0 1009 944 1449 472 1429 1209 1375 2021 2001 581 381 555 434 1084
486 1009 0 1371 597 1207 508 931 722 1045 1103 630 895 897 1264 584
930 944 1371 0 1962 499 1879 2010 2017 2369 1888 763 630 513 1349 1769
1047 1449 597 1962 0 1747 139 713 290 627 1260 1207 1440 1473 1564 460
721 472 1207 499 1747 0 1695 1639 1735 2252 2002 595 312 366 853 1458
981 1429 508 1879 139 1695 0 818 415 598 1127 1135 1384 1403 1583 526
1123 1209 931 2010 713 1639 818 0 436 1302 1916 1283 1388 1499 1120 351
1087 1375 722 2017 290 1735 415 436 0 867 1542 1255 1443 1509 1412 292
1530 2021 1045 2369 627 2252 598 1302 867 0 1048 1668 1940 1931 2180 1087
1407 2001 1103 1888 1260 2002 1127 1916 1542 1048 0 1449 1737 1636 2334 1579
168 581 630 763 1207 595 1135 1283 1255 1668 1449 0 295 267 985 1014
409 381 895 630 1440 312 1384 1388 1443 1940 1737 295 0 174 815 1174
427 555 897 513 1473 366 1403 1499 1509 1931 1636 267 174 0 989 1256
953 434 1264 1349 1564 853 1583 1120 1412 2180 2334 985 815 989 0 1128
846 1084 584 1769 460 1458 526 351 292 1087 1579 1014 1174 1256 1128 0
