0 491 430 1674 943 758 296 1416 1277 1578 328 715 24 834 395 1051
491 0 675 2140 1395 1170 451 1590 1766 1744 750 320 513 1291 328 1342
430 675 0 1542 1188 539 226 1834 1366 1996 701 710 440 715 365 1440
1674 2140 1542 0 1279 1004 1723 2359 801 2479 1589 2250 1657 849 1889 1895
943 1395 1188 1279 0 993 1195 1082 533 1209 644 1656 918 831 1331 616
758 1170 539 1004 993 0 731 1913 962 2068 829 1249 749 221 893 1455
296 451 226 1723 1195 731 0 1705 1456 1867 619 535 315 878 167 1347
1416 1590 1834 2359 1082 1913 1705 0 1580 162 1142 1910 1401 1822 1749 474
1277 1766 1366 801 533 962 1456 1580 0 1691 1056 1976 1254 743 1617 1134
1578 1744 1996 2479 1209 2068 1867 162 1691 0 1303 2063 1563 1970 1909 618
328 750 701 1589 644 829 619 1142 1056 1303 0 1020 306 816 722 739
715 320 710 2250 1656 1249 535 1910 1976 2063 1020 0 739 1410 367 1655
24 513 440 1657 918 749 315 1401 1254 1563 306 739 0 819 418 1032
834 1291 715 849 831 221 878 1822 743 1970 816 1410 819 0 1045 1352
395 328 365 1889 1331 893 167 1749 1617 1909 722 367 418 1045 0 1425
1051 1342 1440 1895 616 1455 1347 474 1134 618 739 1655 1032 1352 1425 0
