0 952 158 19 216 46 1731 813 530 1358 1276 627 773 448 1344 92
952 0 843 969 786 928 2310 587 1252 2310 2047 487 1448 1130 1929 860
158 843 0 165 242 174 1881 804 678 1482 1285 476 921 389 1491 115
19 969 165 0 236 64 1733 833 533 1342 1257 637 775 435 1347 109
216 786 242 236 0 174 1708 597 524 1535 1489 562 758 624 1315 148
46 928 174 64 174 0 1707 770 504 1381 1321 625 747 492 1318 76
1731 2310 1881 1733 1708 1707 0 1752 1202 1622 2496 2264 959 2106 393 1770
813 587 804 833 597 770 1752 0 842 2049 2083 791 976 1190 1384 740
530 1252 678 533 524 504 1202 842 0 1237 1574 1086 243 937 814 567
1358 2310 1482 1342 1535 1381 1622 2049 1237 0 1101 1945 1234 1361 1443 1450
1276 2047 1285 1257 1489 1321 2496 2083 1574 1101 0 1567 1734 923 2196 1343
627 487 476 637 562 625 2264 791 1086 1945 1567 0 1320 664 1871 549
773 1448 921 775 758 747 959 976 243 1234 1734 1320 0 1168 571 811
448 1130 389 435 624 492 2106 1190 937 1361 923 664 1168 0 1732 479
1344 1929 1491 1347 1315 1318 393 1384 814 1443 2196 1871 571 1732 0 1379
92 860 115 109 148 76 1770 740 567 1450 1343 549 811 479 1379 0
