0 283 1096 1126 161 525 567 133 1409 423 1516 855 736 743 1176 1544
283 0 898 930 383 347 283 376 1659 530 1754 571 949 460 1459 1725
1096 898 0 1441 1069 572 762 1094 2498 1428 2611 718 1343 736 2131 2621
1126 930 1441 0 1277 1144 783 1256 2060 943 2084 723 1859 719 2162 1827
161 383 1069 1277 0 517 656 37 1431 568 1552 940 581 832 1112 1626
525 347 572 1144 517 0 361 536 1931 870 2041 552 936 477 1621 2053
567 283 762 783 656 361 0 654 1915 733 2000 288 1196 176 1743 1926
133 376 1094 1256 37 536 654 0 1405 532 1523 940 603 831 1103 1592
1409 1659 2498 2060 1431 1931 1915 1405 0 1209 167 2183 1458 2073 739 612
423 530 1428 943 568 870 733 532 1209 0 1278 982 1069 875 1218 1199
1516 1754 2611 2084 1552 2041 2000 1523 167 1278 0 2259 1613 2151 907 487
855 571 718 723 940 552 288 940 2183 982 2259 0 1460 112 2031 2150
736 949 1343 1859 581 936 1196 603 1458 1069 1613 1460 0 1362 865 1846
743 460 736 719 832 477 176 831 2073 875 2151 112 1362 0 1919 2052
1176 1459 2131 2162 1112 1621 1743 1103 739 1218 907 2031 865 1919 0 1297
1544 1725 2621 1827 1626 2053 1926 1592 612 1199 487 2150 1846 2052 1297 0
