0 475 1686 1595 1201 583 1561 1371 1665 635 60 392 1217 1336 1033 104
475 0 1284 1967 1326 1012 1626 1761 1950 223 417 793 1424 863 1283 518
1686 1284 0 3250 2537 2028 2767 3040 3222 1304 1642 2059 2676 901 1875 1674
1595 1967 3250 0 1066 1580 1262 243 458 1992 1628 1204 821 2678 2209 1641
1201 1326 2537 1066 0 1576 380 1007 787 1239 1193 920 245 1795 2180 1298
583 1012 2028 1580 1576 0 1956 1337 1802 1204 640 659 1506 1865 645 504
1561 1626 2767 1262 380 1956 0 1268 872 1503 1547 1299 529 1959 2556 1660
1371 1761 3040 243 1007 1337 1268 0 592 1803 1407 983 769 2505 1967 1412
1665 1950 3222 458 787 1802 872 592 0 1922 1683 1283 572 2550 2447 1735
635 223 1304 1992 1239 1204 1503 1803 1922 0 575 879 1371 725 1506 701
60 417 1642 1628 1193 640 1547 1407 1683 575 0 424 1221 1276 1069 145
392 793 2059 1204 920 659 1299 983 1283 879 424 0 880 1604 1262 453
1217 1424 2676 821 245 1506 529 769 572 1371 1221 880 0 1979 2135 1304
1336 863 901 2678 1795 1865 1959 2505 2550 725 1276 1604 1979 0 2011 1380
1033 1283 1875 2209 2180 645 2556 1967 2447 1506 1069 1262 2135 2011 0 929
104 518 1674 1641 1298 504 1660 1412 1735 701 145 453 1304 1380 929 0
