0 132 1443 1549 54 1340 798 105 70 1689 879 578 316 374 466 948
132 0 1395 1651 152 1212 918 238 183 1556 760 702 447 473 396 1079
1443 1395 0 2924 1497 1219 2126 1487 1512 1710 1701 1551 1652 1332 1707 1914
1549 1651 2924 0 1506 2809 799 1473 1480 3033 2067 1414 1280 1593 1599 1204
54 152 1497 1506 0 1364 766 111 32 1699 867 594 299 410 432 949
1340 1212 1219 2809 1364 0 2126 1443 1396 503 859 1828 1657 1548 1221 2241
798 918 2126 799 766 2126 0 707 736 2428 1508 632 498 794 1003 570
105 238 1487 1473 111 1443 707 0 86 1795 977 483 215 312 541 843
70 183 1512 1480 32 1396 736 86 0 1732 896 568 267 394 454 918
1689 1556 1710 3033 1699 503 2428 1795 1732 0 968 2227 1999 1955 1444 2628
879 760 1701 2067 867 859 1508 977 896 968 0 1458 1147 1231 504 1811
578 702 1551 1414 594 1828 632 483 568 2227 1458 0 378 281 1017 415
316 447 1652 1280 299 1657 498 215 267 1999 1147 378 0 355 669 666
374 473 1332 1593 410 1548 794 312 394 1955 1231 281 355 0 840 697
466 396 1707 1599 432 1221 1003 541 454 1444 504 1017 669 840 0 1334
948 1079 1914 1204 949 2241 570 843 918 2628 1811 415 666 697 1334 0
