0 1553 4 472 1461 541 1296 911 1361 1332 280 1155 1544 450 1595 1031
1553 0 1555 2024 2951 2094 1589 951 413 608 1811 1794 3035 1980 1106 1096
4 1555 0 471 1461 540 1293 914 1363 1335 280 1151 1541 451 1598 1035
472 2024 471 0 1018 120 1584 1305 1810 1759 225 1358 1159 119 1944 1376
1461 2951 1461 1018 0 1015 2562 2093 2668 2568 1181 2294 1197 1010 2583 2076
541 2094 540 120 1015 0 1555 1407 1897 1854 328 1310 1046 238 2055 1486
1296 1589 1293 1584 2562 1555 0 1724 1736 1855 1516 338 2010 1643 2348 1933
911 951 914 1305 2093 1407 1724 0 591 475 1080 1755 2445 1223 699 214
1361 413 1363 1810 2668 1897 1736 591 0 195 1587 1875 2897 1746 717 701
1332 608 1335 1759 2568 1854 1855 475 195 0 1534 1966 2876 1685 534 539
280 1811 280 225 1181 328 1516 1080 1587 1534 0 1331 1374 172 1727 1157
1155 1794 1151 1358 2294 1310 338 1755 1875 1966 1331 0 1676 1434 2422 1952
1544 3035 1541 1159 1197 1046 2010 2445 2897 2876 1374 1676 0 1264 3101 2532
450 1980 451 119 1010 238 1643 1223 1746 1685 172 1434 1264 0 1847 1282
1595 1106 1598 1944 2583 2055 2348 699 717 534 1727 2422 3101 1847 0 569
1031 1096 1035 1376 2076 1486 1933 214 701 539 1157 1952 2532 1282 569 0
