0 1236 443 95 1198 100 1094 1268 1603 1301 1298 1087 645 1246 263 1494
1236 0 1678 1326 60 1336 1313 2426 2514 1536 1942 150 1356 696 973 1580
443 1678 0 360 1640 345 1286 939 1360 1441 1249 1528 843 1616 705 1736
95 1326 360 0 1286 25 1160 1173 1584 1359 1319 1177 624 1340 355 1496
1198 60 1640 1286 0 1297 1324 2377 2506 1552 1943 123 1300 732 935 1521
100 1336 345 25 1297 0 1143 1176 1558 1340 1294 1187 649 1337 363 1522
1094 1313 1286 1160 1324 1143 0 2224 1340 244 682 1216 1699 731 1015 2422
1268 2426 939 1173 2377 1176 2224 0 1950 2367 2086 2284 1155 2513 1509 1806
1603 2514 1360 1584 2506 1558 1340 1950 0 1248 675 2383 2185 2056 1756 3074
1301 1536 1441 1359 1552 1340 244 2367 1248 0 573 1447 1922 912 1245 2662
1298 1942 1249 1319 1943 1294 682 2086 675 573 0 1825 1941 1412 1358 2781
1087 150 1528 1177 123 1187 1216 2284 2383 1447 1825 0 1231 663 823 1525
645 1356 843 624 1300 649 1699 1155 2185 1922 1941 1231 0 1657 691 892
1246 696 1616 1340 732 1337 731 2513 2056 912 1412 663 1657 0 1027 2144
263 973 705 355 935 363 1015 1509 1756 1245 1358 823 691 1027 0 1436
1494 1580 1736 1496 1521 1522 2422 1806 3074 2662 2781 1525 892 2144 1436 0
