0 777 1601 476 1199 911 1602 1155 700 123 346 329 745 547 637 594
777 0 1706 1102 1766 1329 2341 410 1285 758 1022 455 1094 949 230 750
1601 1706 0 1255 1056 2507 2741 1704 1120 1478 1906 1653 2345 2145 1496 1058
476 1102 1255 0 725 1293 1594 1402 224 397 685 734 1173 985 896 517
1199 1766 1056 725 0 1924 1760 1994 503 1121 1346 1449 1848 1675 1541 1045
911 1329 2507 1293 1924 0 1306 1731 1494 1034 608 991 235 401 1339 1498
1602 2341 2741 1594 1760 1306 0 2742 1645 1675 1319 1891 1470 1489 2236 2077
1155 410 1704 1402 1994 1731 2742 0 1552 1113 1426 850 1495 1358 523 949
700 1285 1120 224 503 1494 1645 1552 0 617 892 946 1387 1203 1067 615
123 758 1478 397 1121 1034 1675 1113 617 0 461 344 866 667 589 474
346 1022 1906 685 1346 608 1319 1426 892 461 0 577 501 340 934 936
329 455 1653 734 1449 991 1891 850 946 344 577 0 775 590 363 595
745 1094 2345 1173 1848 235 1470 1495 1387 866 501 775 0 199 1113 1312
547 949 2145 985 1675 401 1489 1358 1203 667 340 590 199 0 941 1113
637 230 1496 896 1541 1339 2236 523 1067 589 934 363 1113 941 0 519
594 750 1058 517 1045 1498 2077 949 615 474 936 595 1312 1113 519 0
