0 1111 1212 672 803 734 213 1693 614 805 26 1247 831 1391 1271 1089
1111 0 982 1552 719 1514 1257 2330 1573 530 1108 981 507 1855 1740 1875
1212 982 0 1157 1453 1041 1192 1529 1827 570 1230 1863 570 2482 928 2286
672 1552 1157 0 1450 141 464 1032 1068 1070 697 1909 1099 1985 722 1570
803 719 1453 1450 0 1480 1013 2426 1001 883 783 468 885 1137 1916 1194
734 1514 1041 141 1480 0 540 959 1184 1011 761 1945 1040 2086 592 1688
213 1257 1192 464 1013 540 0 1492 690 877 236 1460 906 1551 1105 1192
1693 2330 1529 1032 2426 959 1492 0 2072 1799 1719 2894 1823 3008 606 2558
614 1573 1827 1068 1001 1184 690 2072 0 1388 596 1294 1410 947 1773 505
805 530 570 1070 883 1011 877 1799 1388 0 814 1300 30 1937 1211 1800
26 1108 1230 697 783 761 236 1719 596 814 0 1224 839 1365 1298 1067
1247 981 1863 1909 468 1945 1460 2894 1294 1300 1224 0 1296 1044 2383 1314
831 507 570 1099 885 1040 906 1823 1410 30 839 1296 0 1948 1233 1818
1391 1855 2482 1985 1137 2086 1551 3008 947 1937 1365 1044 1948 0 2655 555
1271 1740 928 722 1916 592 1105 606 1773 1211 1298 2383 1233 2655 0 2278
1089 1875 2286 1570 1194 1688 1192 2558 505 1800 1067 1314 1818 555 2278 0
