0 1592 1354 310 472 1286 944 1499 1545 832 1169 712 1522 1469 487 1250
1592 0 2867 1702 1693 2632 1057 3092 3002 2211 860 2143 419 1410 1613 1710
1354 2867 0 1446 1595 1602 1934 679 1469 1434 2520 728 2861 2142 1670 1683
310 1702 1446 0 178 1017 1213 1446 1324 560 1122 913 1555 1765 230 1560
472 1693 1595 178 0 958 1317 1537 1308 518 1037 1089 1504 1889 88 1713
1286 2632 1602 1017 958 0 2225 1144 433 457 1884 1522 2394 2751 1028 2476
944 1057 1934 1213 1317 2225 0 2307 2486 1768 1252 1214 1251 606 1280 688
1499 3092 679 1446 1537 1144 2307 0 881 1171 2566 1141 2994 2640 1625 2220
1545 3002 1469 1324 1308 433 2486 881 0 791 2289 1594 2790 2965 1388 2636
832 2211 1434 560 518 457 1768 1171 791 0 1514 1170 2005 2301 597 2047
1169 860 2520 1122 1037 1884 1252 2566 2289 1514 0 1866 522 1822 949 1916
712 2143 728 913 1089 1522 1214 1141 1594 1170 1866 0 2161 1499 1141 1089
1522 419 2861 1555 1504 2394 1251 2994 2790 2005 522 2161 0 1715 1417 1937
1469 1410 2142 1765 1889 2751 606 2640 2965 2301 1822 1499 1715 0 1862 481
487 1613 1670 230 88 1028 1280 1625 1388 597 949 1141 1417 1862 0 1709
1250 1710 1683 1560 1713 2476 688 2220 2636 2047 1916 1089 1937 481 1709 0
