0 155 201 877 288 1121 159 1643 1424 148 204 1604 1165 1416 799 788
155 0 303 797 335 971 6 1586 1503 239 308 1452 1015 1357 936 634
201 303 0 800 473 1182 303 1522 1223 64 362 1733 1223 1299 837 907
877 797 800 0 1132 743 792 800 1290 788 1080 1477 763 574 1637 825
288 335 473 1132 0 1236 341 1916 1677 431 131 1594 1281 1687 682 836
1121 971 1182 743 1236 0 966 1310 2021 1133 1265 741 44 1136 1900 440
159 6 303 792 341 966 0 1580 1501 239 314 1450 1010 1352 942 631
1643 1586 1522 800 1916 1310 1580 0 1358 1529 1848 2016 1305 228 2338 1563
1424 1503 1223 1290 1677 2021 1501 1358 0 1281 1550 2731 2046 1264 1660 1961
148 239 64 788 431 1133 239 1529 1281 0 330 1672 1174 1304 852 847
204 308 362 1080 131 1265 314 1848 1550 330 0 1675 1309 1620 635 889
1604 1452 1733 1477 1594 741 1450 2016 2731 1672 1675 0 731 1862 2269 826
1165 1015 1223 763 1281 44 1010 1305 2046 1174 1309 731 0 1137 1945 482
1416 1357 1299 574 1687 1136 1352 228 1264 1304 1620 1862 1137 0 2121 1355
799 936 837 1637 682 1900 942 2338 1660 852 635 2269 1945 2121 0 1517
788 634 907 825 836 440 631 1563 1961 847 889 826 482 1355 1517 0
