0 4 1523 638 1250 396 1631 1489 1627 456 437 1420 1057 1534 1168 441
4 0 1519 641 1251 398 1628 1493 1624 455 441 1415 1055 1531 1171 438
1523 1519 0 1665 2578 1497 247 2983 132 1789 1940 834 2011 2244 2680 1081
638 641 1665 0 1744 265 1679 1433 1731 1057 632 1854 1687 2170 1210 780
1250 1251 2578 1744 0 1590 2748 1377 2703 827 1122 2104 730 1034 1101 1603
396 398 1497 265 1590 0 1546 1508 1578 842 546 1608 1454 1928 1238 529
1631 1628 247 1679 2748 1546 0 3051 146 1940 2028 1082 2213 2470 2763 1194
1489 1493 2983 1433 1377 1508 3051 0 3074 1457 1053 2879 1904 2344 346 1916
1627 1624 132 1731 2703 1578 146 3074 0 1908 2038 954 2142 2376 2777 1186
456 455 1789 1057 827 842 1940 1457 1908 0 578 1462 639 1134 1111 776
437 441 1940 632 1122 546 2028 1053 2038 578 0 1848 1204 1701 739 865
1420 1415 834 1854 2104 1608 1082 2879 954 1462 1848 0 1420 1519 2540 1078
1057 1055 2011 1687 730 1454 2213 1904 2142 639 1204 1420 0 497 1571 1224
1534 1531 2244 2170 1034 1928 2470 2344 2376 1134 1701 1519 497 0 2024 1633
1168 1171 2680 1210 1101 1238 2763 346 2777 1111 739 2540 1571 2024 0 1603
441 438 1081 780 1603 529 1194 1916 1186 776 865 1078 1224 1633 1603 0
