0 1038 972 1382 1056 33 884 1411 412 1143 888 1679 448 480 1539 1067
1038 0 1345 2396 736 1047 384 755 658 1232 1508 2357 702 1201 785 34
972 1345 0 1540 744 941 1474 1124 888 329 315 1036 776 518 2102 1351
1382 2396 1540 0 2144 1364 2264 2553 1738 1868 1226 1207 1711 1263 2907 2421
1056 736 744 2144 0 1043 1015 409 697 529 1007 1776 617 888 1520 728
33 1047 941 1364 1043 0 904 1402 412 1116 855 1646 440 447 1562 1075
884 384 1474 2264 1015 904 0 1122 621 1442 1565 2421 716 1193 668 416
1411 755 1124 2553 409 1402 1122 0 1015 852 1406 2135 962 1295 1461 730
412 658 888 1738 697 412 621 1015 0 937 945 1800 114 575 1285 682
1143 1232 329 1868 529 1116 1442 852 937 0 644 1284 824 760 2015 1230
888 1508 315 1226 1007 855 1565 1406 945 644 0 857 850 412 2221 1521
1679 2357 1036 1207 1776 1646 2421 2135 1800 1284 857 0 1707 1241 3079 2368
448 702 776 1711 617 440 716 962 114 824 850 1707 0 502 1372 723
480 1201 518 1263 888 447 1193 1295 575 760 412 1241 502 0 1860 1220
1539 785 2102 2907 1520 1562 668 1461 1285 2015 2221 3079 1372 1860 0 792
1067 34 1351 2421 728 1075 416 730 682 1230 1521 2368 723 1220 792 0
