0 1321 813 1448 1560 756 983 458 134 200 920 222 77 462 391 1492
1321 0 696 127 2504 813 2261 1470 1454 1359 930 1105 1245 1460 1102 2229
813 696 0 813 1808 792 1796 1145 941 768 1013 657 738 1141 807 1545
1448 127 813 0 2619 917 2383 1587 1581 1487 1016 1231 1371 1577 1222 2336
1560 2504 1808 2619 0 2266 1730 1934 1513 1379 2461 1721 1589 1943 1946 425
756 813 792 917 2266 0 1534 705 861 900 226 554 702 693 390 2119
983 2261 1796 2383 1730 1534 0 832 854 1056 1583 1171 1059 845 1169 1900
458 1470 1145 1587 1934 705 832 0 437 653 756 498 490 13 371 1919
134 1454 941 1581 1513 861 854 437 0 243 1007 351 212 444 479 1482
200 1359 768 1487 1379 900 1056 653 243 0 1084 346 210 657 568 1294
920 930 1013 1016 2461 226 1583 756 1007 1084 0 739 877 743 530 2331
222 1105 657 1231 1721 554 1171 498 351 346 739 0 154 495 247 1607
77 1245 738 1371 1589 702 1059 490 212 210 877 154 0 492 357 1500
462 1460 1141 1577 1943 693 845 13 444 657 743 495 492 0 362 1926
391 1102 807 1222 1946 390 1169 371 479 568 530 247 357 362 0 1850
1492 2229 1545 2336 425 2119 1900 1919 1482 1294 2331 1607 1500 1926 1850 0
