0 259 1471 175 807 1279 764 958 944 519 847 1619 471 398 893 581
259 0 1696 194 956 1046 589 958 938 734 826 1845 281 358 772 657
1471 1696 0 1640 874 2429 2231 2214 2214 962 2161 148 1736 1828 1764 1211
175 194 1640 0 979 1236 591 818 801 693 697 1788 471 231 948 730
807 956 874 979 0 1555 1542 1741 1731 372 1643 1011 910 1206 891 350
1279 1046 2429 1236 1555 0 1164 1797 1770 1567 1655 2566 813 1311 683 1221
764 589 2231 591 1542 1164 0 646 618 1283 511 2379 754 422 1219 1245
958 958 2214 818 1741 1797 646 0 28 1394 142 2352 1222 601 1721 1540
944 938 2214 801 1731 1770 618 28 0 1387 117 2352 1200 581 1699 1525
519 734 962 693 372 1567 1283 1394 1387 0 1307 1111 799 903 985 411
847 826 2161 697 1643 1655 511 142 117 1307 0 2302 1085 472 1584 1425
1619 1845 148 1788 1011 2566 2379 2352 2352 1111 2302 0 1881 1974 1897 1352
471 281 1736 471 910 813 754 1222 1200 799 1085 1881 0 631 499 566
398 358 1828 231 1206 1311 422 601 581 903 472 1974 631 0 1128 960
893 772 1764 948 891 683 1219 1721 1699 985 1584 1897 499 1128 0 588
581 657 1211 730 350 1221 1245 1540 1525 411 1425 1352 566 960 588 0
