0 808 153 635 601 304 832 622 50 780 35 286 28 555 755 214 212 299 207 308 117 600 671 838 516 728 41 427 680 439 837 424 305 843 443 622 160 135 363 609 825 783 405 268 2 457 627 524 829 621 791 354 234 229 555 257 221 541 505 856 89 36 201 25 671 458 734 138 368 365 691 437 136 76 4 281 543 374
808 0 658 1426 1065 1110 1446 1411 831 1314 775 933 795 1293 1042 1019 617 703 869 504 720 1292 347 1216 743 384 770 397 263 899 964 1232 518 1337 798 976 790 673 1121 1124 1633 458 961 653 805 838 1285 927 1566 438 129 599 574 580 1361 582 1026 547 539 1162 796 819 1006 820 925 1121 819 669 978 834 909 785 937 847 805 820 1348 612
153 658 0 787 610 457 902 774 173 822 118 338 137 695 724 367 69 286 256 155 72 692 523 836 499 617 120 274 528 428 774 574 178 875 394 656 173 43 480 689 976 683 480 168 150 420 707 505 972 521 649 238 84 77 702 113 375 466 380 836 146 173 348 170 624 533 653 36 459 402 637 385 288 210 151 274 690 319
635 1426 787 0 952 339 897 19 629 972 670 699 655 220 1169 423 847 761 693 940 746 664 1303 1156 875 1255 667 1061 1315 891 1315 286 908 1052 960 785 728 762 515 605 294 1281 577 879 637 951 734 965 282 1137 1387 968 864 861 262 891 414 1019 1118 1222 682 615 469 616 1136 684 1260 767 526 682 1169 962 499 582 636 797 272 867
601 1065 610 952 0 678 399 950 553 249 593 323 577 1005 221 651 581 883 394 672 549 368 750 238 1102 1182 622 711 819 185 390 667 766 278 268 1223 452 642 439 1190 958 1260 997 477 601 228 314 137 1225 1106 1120 486 657 646 715 580 660 1071 528 276 517 635 570 622 233 269 401 638 950 967 271 281 646 665 605 336 702 929
304 1110 457 339 678 0 751 328 292 768 338 382 321 327 882 90 513 502 361 612 409 494 966 905 676 989 340 731 981 580 1009 141 597 845 635 678 389 437 258 569 526 1031 428 540 306 631 551 661 572 875 1085 628 538 533 271 556 84 771 778 954 343 291 132 289 831 434 939 441 368 479 860 635 173 266 306 466 262 605
832 1446 902 897 399 751 0 903 781 177 839 563 818 1032 550 774 897 1131 647 1005 830 257 1145 411 1346 1514 866 1070 1210 547 731 665 1078 227 650 1409 728 922 505 1321 779 1583 1161 815 833 611 207 531 1178 1422 1488 850 969 959 634 911 779 1363 918 511 770 856 704 844 615 373 785 920 1104 1174 651 663 811 870 836 647 626 1203
622 1411 774 19 950 328 903 0 617 976 657 693 643 202 1167 411 834 743 685 926 733 668 1291 1157 856 1237 654 1047 1302 886 1311 283 893 1056 954 765 718 748 512 586 313 1263 558 869 624 945 738 961 279 1120 1371 957 850 847 269 878 402 1001 1107 1222 670 601 460 603 1132 683 1254 753 507 664 1165 955 486 568 623 789 278 849
50 831 173 629 553 292 781 617 0 730 63 236 40 567 713 206 221 349 159 327 117 551 674 791 567 769 85 443 689 395 802 401 340 793 408 669 125 167 318 648 804 827 447 255 51 419 578 482 837 665 821 343 257 251 529 264 215 588 495 812 57 81 175 68 633 408 704 168 406 414 655 403 140 113 55 241 516 423
780 1314 822 972 249 768 177 976 730 0 781 496 762 1076 373 770 805 1077 578 905 755 309 998 238 1296 1417 809 955 1068 423 554 711 990 79 516 1388 652 849 510 1324 901 1492 1147 710 781 476 238 386 1255 1334 1367 730 880 870 712 811 776 1289 777 335 706 810 692 797 445 340 613 846 1094 1140 480 529 790 832 785 551 701 1137
35 775 118 670 593 338 839 657 63 781 0 285 23 589 739 249 177 296 202 273 83 613 635 828 515 705 29 392 644 425 814 456 277 841 421 634 143 105 382 631 858 764 425 236 33 438 637 509 864 601 761 321 200 195 586 221 257 526 472 842 76 65 231 58 651 466 708 107 391 375 670 415 172 106 35 265 574 363
286 933 338 699 323 382 563 693 236 496 285 0 266 708 506 338 339 581 84 453 267 363 692 561 800 953 313 538 735 197 626 418 515 557 263 904 165 359 215 866 789 1021 673 280 286 252 370 280 952 859 953 345 409 399 511 360 347 800 470 592 211 317 259 304 448 196 561 356 626 650 478 265 323 344 290 121 497 643
28 795 137 655 577 321 818 643 40 762 23 266 0 581 728 233 191 315 185 292 91 590 648 814 534 729 48 410 660 413 809 436 300 823 415 647 133 127 359 637 838 787 433 240 27 429 615 498 854 624 783 328 220 215 565 235 241 549 479 830 62 65 210 54 643 444 705 129 396 389 663 409 158 105 31 254 553 385
555 1293 695 220 1005 327 1032 202 567 1076 589 708 581 0 1210 376 763 598 676 836 672 781 1219 1229 678 1080 577 957 1217 905 1334 367 781 1155 953 567 685 662 574 384 515 1097 378 821 557 952 846 987 277 963 1239 909 761 760 418 807 367 839 1060 1281 624 526 449 531 1156 753 1256 667 335 496 1185 951 426 486 555 780 422 701
755 1042 724 1169 221 882 550 1167 713 373 739 506 728 1210 0 844 677 1010 560 742 678 582 700 181 1223 1229 767 746 780 318 182 884 852 351 330 1371 595 763 654 1362 1179 1312 1160 564 755 304 521 231 1440 1170 1119 537 749 739 936 662 853 1159 514 122 666 792 765 779 117 490 254 757 1120 1112 134 340 826 827 759 474 923 1036
214 1019 367 423 651 90 774 411 206 770 249 338 233 376 844 0 425 423 299 522 322 519 880 885 609 904 250 642 893 533 960 223 507 843 576 637 313 347 268 554 616 949 387 459 216 577 568 617 638 790 995 548 447 443 356 468 9 691 699 926 260 200 81 199 783 430 880 350 330 417 810 574 83 176 216 404 346 523
212 617 69 847 581 513 897 834 221 805 177 339 191 763 677 425 0 341 263 116 104 702 458 800 547 616 185 223 468 396 716 622 185 853 347 716 179 111 506 756 1025 688 548 113 210 377 709 467 1039 529 620 171 75 65 748 44 433 490 310 793 180 237 396 233 573 536 591 104 528 465 583 336 349 276 212 253 735 358
299 703 286 761 883 502 1131 743 349 1077 296 581 315 598 1010 423 341 0 498 335 335 895 706 1115 219 495 267 432 679 707 1058 643 231 1137 681 376 431 246 649 450 1012 530 261 452 297 706 926 788 866 378 641 510 284 291 774 371 425 268 631 1120 370 275 459 286 910 758 932 252 274 142 923 671 350 268 294 548 765 106
207 869 256 693 394 361 647 685 159 578 202 84 185 676 560 299 263 498 0 378 184 439 649 632 718 872 231 472 684 242 662 424 434 639 276 829 84 275 255 803 814 939 604 221 207 278 451 328 932 777 882 298 329 319 533 289 309 717 438 654 127 241 229 228 488 277 580 273 561 573 513 275 267 271 211 105 519 559
308 504 155 940 672 612 1005 926 327 905 273 453 292 836 742 522 116 335 378 0 215 816 388 880 511 512 272 121 381 487 755 729 116 949 419 707 295 177 622 778 1131 587 576 195 305 454 821 549 1114 434 504 205 75 78 856 94 529 417 299 862 292 324 502 323 631 649 618 173 568 473 634 407 442 358 305 358 844 316
117 720 72 746 549 409 830 733 117 755 83 267 91 672 678 322 104 335 184 215 0 620 557 780 553 690 102 327 572 372 742 517 251 810 353 693 102 94 409 706 920 755 498 153 115 374 635 453 946 593 717 238 152 144 643 146 331 534 388 786 77 148 291 141 584 461 630 90 468 435 600 345 250 190 117 213 630 382
600 1292 692 664 368 494 257 668 551 309 613 363 590 781 582 519 702 895 439 816 620 0 1027 515 1105 1310 637 900 1080 430 757 413 871 389 538 1156 523 705 252 1063 606 1373 907 640 601 505 71 456 947 1211 1316 695 768 759 403 724 524 1140 797 597 551 620 452 609 598 171 762 704 849 926 636 548 562 629 604 472 392 974
671 347 523 1303 750 966 1145 1291 674 998 635 692 648 1219 700 880 458 706 649 388 557 1027 0 878 839 630 643 274 84 605 617 1063 475 1012 496 1060 588 557 902 1157 1461 717 960 432 668 534 1006 614 1496 623 445 350 460 459 1180 414 889 681 230 818 623 695 841 692 586 858 471 551 955 849 566 485 807 734 670 571 1166 656
838 1216 836 1156 238 905 411 1157 791 238 828 561 814 1229 181 885 800 1115 632 880 780 515 878 0 1333 1381 857 899 956 408 340 878 982 189 460 1460 686 871 656 1428 1120 1462 1235 691 838 425 445 333 1436 1313 1288 681 875 865 905 793 893 1290 681 100 753 873 804 860 291 477 435 867 1188 1203 314 473 884 903 842 567 893 1155
516 743 499 875 1102 676 1346 856 567 1296 515 800 534 678 1223 609 547 219 718 511 553 1105 839 1333 0 429 487 580 793 925 1260 816 395 1357 892 233 650 462 855 397 1151 428 300 660 515 919 1139 1004 915 323 648 706 480 488 940 568 608 198 809 1335 590 489 658 502 1120 974 1127 467 349 199 1130 882 547 476 511 767 934 195
728 384 617 1255 1182 989 1514 1237 769 1417 705 953 729 1080 1229 904 616 495 872 512 690 1310 630 1381 429 0 687 483 554 998 1202 1128 438 1460 922 647 788 606 1088 826 1506 86 708 707 725 960 1323 1055 1333 117 260 700 544 554 1260 606 907 241 724 1351 760 721 922 728 1112 1149 1054 606 744 584 1107 909 824 731 723 869 1250 389
41 770 120 667 622 340 866 654 85 809 29 313 48 577 767 250 185 267 231 272 102 637 643 857 487 687 0 393 649 454 841 464 264 870 448 605 172 96 403 605 864 743 398 255 38 465 663 538 853 580 751 339 197 193 595 230 257 502 487 871 105 52 242 51 678 492 732 100 366 346 696 441 169 91 37 294 583 337
427 397 274 1061 711 731 1070 1047 443 955 392 538 410 957 746 642 223 432 472 121 327 900 274 899 580 483 393 0 260 532 728 845 201 990 445 793 393 299 723 882 1247 566 685 259 425 484 898 579 1235 430 418 224 197 200 971 185 649 449 249 868 403 446 618 444 629 730 583 294 681 574 625 432 562 480 426 429 958 389
680 263 528 1315 819 981 1210 1302 689 1068 644 735 660 1217 780 893 468 679 684 381 572 1080 84 956 793 554 649 260 0 665 701 1086 452 1086 559 1019 616 557 939 1128 1487 640 938 463 678 598 1063 682 1495 556 360 389 456 458 1207 425 901 624 292 900 642 701 861 699 665 909 555 552 938 821 647 547 816 737 679 615 1194 617
439 899 428 891 185 580 547 886 395 423 425 197 413 905 318 533 396 707 242 487 372 430 605 408 925 998 454 532 665 0 429 606 581 462 109 1059 281 463 386 1044 954 1075 843 292 439 75 402 86 1149 920 945 307 472 461 685 395 542 887 374 417 351 475 455 462 251 272 372 458 801 800 280 120 509 509 443 159 671 748
837 964 774 1315 390 1009 731 1311 802 554 814 626 809 1334 182 960 716 1058 662 755 742 757 617 340 1260 1202 841 728 701 429 0 1029 871 524 394 1430 678 816 802 1446 1346 1288 1239 605 836 385 700 350 1577 1159 1057 553 779 771 1094 691 969 1168 479 247 749 874 884 863 179 650 148 810 1205 1175 149 399 929 913 840 563 1080 1066
424 1232 574 286 667 141 665 283 401 711 456 418 436 367 884 223 622 643 424 729 517 413 1063 878 816 1128 464 845 1086 606 1029 0 726 790 681 805 474 560 229 677 402 1171 558 630 427 669 478 679 558 1014 1214 716 657 651 132 663 220 912 861 940 444 418 226 414 850 402 978 563 497 618 884 684 305 398 427 524 122 745
305 518 178 908 766 597 1078 893 340 990 277 515 300 781 852 507 185 231 434 116 251 871 475 982 395 438 264 201 452 581 871 726 0 1039 525 596 350 172 655 681 1123 505 486 291 302 557 885 649 1057 345 488 319 110 120 858 189 513 307 415 970 323 308 506 312 742 711 735 171 486 373 747 513 424 332 301 438 847 199
843 1337 875 1052 278 845 227 1056 793 79 841 557 823 1155 351 843 853 1137 639 949 810 389 1012 189 1357 1460 870 990 1086 462 524 790 1039 0 545 1456 709 904 587 1397 978 1536 1218 753 844 506 318 412 1335 1381 1396 765 929 918 792 856 850 1341 798 289 766 874 765 861 440 414 602 901 1165 1206 471 559 860 898 848 602 781 1193
443 798 394 960 268 635 650 954 408 516 421 263 415 953 330 576 347 681 276 419 353 538 496 460 892 922 448 445 559 109 394 681 525 545 0 1046 283 434 471 1052 1045 1002 847 235 442 39 511 133 1207 853 851 222 420 410 771 335 585 832 267 445 355 480 505 469 231 377 304 428 811 788 248 13 538 519 446 172 757 706
622 976 656 785 1223 678 1409 765 669 1388 634 904 647 567 1371 637 716 376 829 707 693 1156 1060 1460 233 647 605 793 1019 1059 1430 805 596 1456 1046 0 777 614 904 204 1077 629 250 825 622 1067 1202 1143 757 550 879 886 661 668 913 747 633 429 1006 1476 708 588 705 600 1277 1051 1307 620 310 258 1292 1038 600 559 618 899 910 404
160 790 173 728 452 389 728 718 125 652 143 165 133 685 595 313 179 431 84 295 102 523 588 686 650 788 172 393 616 281 678 474 350 709 283 777 0 196 330 770 872 855 566 155 160 296 535 366 951 694 799 241 245 235 592 208 323 637 389 698 71 197 258 185 510 361 580 193 528 519 531 278 260 235 164 122 578 484
135 673 43 762 642 437 922 748 167 849 105 359 127 662 763 347 111 246 275 177 94 705 557 871 462 606 96 299 557 463 816 560 172 904 434 614 196 0 483 646 960 668 437 211 133 459 724 542 939 505 656 281 102 99 690 152 353 441 421 874 154 147 336 147 665 550 696 6 417 359 678 425 265 180 132 306 678 288
363 1121 480 515 439 258 505 512 318 510 382 215 359 574 654 268 506 649 255 622 409 252 902 656 855 1088 403 723 939 386 802 229 655 587 471 904 330 483 0 819 574 1146 656 477 365 453 299 453 786 983 1126 552 562 554 300 538 273 903 684 713 333 377 199 367 624 179 758 484 599 674 658 476 310 381 367 334 286 735
609 1124 689 605 1190 569 1321 586 648 1324 631 866 637 384 1362 554 756 450 803 778 706 1063 1157 1428 397 826 605 882 1128 1044 1446 677 681 1397 1052 204 770 646 819 0 900 818 208 853 610 1067 1118 1130 553 720 1039 927 717 722 769 794 547 593 1064 1457 698 572 632 584 1280 984 1336 652 242 308 1301 1046 543 535 606 890 768 518
825 1633 976 294 958 526 779 313 804 901 858 789 838 515 1179 616 1025 1012 814 1131 920 606 1461 1120 1151 1506 864 1247 1487 954 1346 402 1123 978 1045 1077 872 960 574 900 0 1542 859 1028 828 1025 675 1011 486 1390 1611 1111 1059 1053 281 1065 610 1279 1251 1203 846 816 629 813 1175 697 1323 964 804 954 1211 1050 699 792 828 905 294 1118
783 458 683 1281 1260 1031 1583 1263 827 1492 764 1021 787 1097 1312 949 688 530 939 587 755 1373 717 1462 428 86 743 566 640 1075 1288 1171 505 1536 1002 629 855 668 1146 818 1542 0 720 783 781 1039 1390 1134 1342 162 330 780 614 624 1303 681 951 263 809 1434 822 773 973 781 1195 1216 1140 669 762 601 1191 989 871 780 779 941 1294 426
405 961 480 577 997 428 1161 558 447 1147 425 673 433 378 1160 387 548 261 604 576 498 907 960 1235 300 708 398 685 938 843 1239 558 486 1218 847 250 566 437 656 208 859 720 0 645 405 862 955 929 625 593 890 719 512 516 671 587 383 466 857 1259 494 368 458 380 1076 808 1128 444 60 128 1095 840 357 333 401 687 667 349
268 653 168 879 477 540 815 869 255 710 236 280 240 821 564 459 113 452 221 195 153 640 432 691 660 707 255 259 463 292 605 630 291 753 235 825 155 211 477 853 1028 783 645 0 266 266 638 358 1093 628 677 88 185 175 747 102 468 599 240 680 199 301 412 293 460 470 485 205 619 570 470 224 395 343 269 170 733 471
2 805 150 637 601 306 833 624 51 781 33 286 27 557 755 216 210 297 207 305 115 601 668 838 515 725 38 425 678 439 836 427 302 844 442 622 160 133 365 610 828 781 405 266 0 457 629 524 831 619 788 353 231 226 557 254 224 539 503 856 88 37 203 27 670 460 733 136 368 365 691 437 138 78 3 281 545 373
457 838 420 951 228 631 611 945 419 476 438 252 429 952 304 577 377 706 278 454 374 505 534 425 919 960 465 484 598 75 385 669 557 506 39 1067 296 459 453 1067 1025 1039 862 266 457 0 476 95 1203 889 891 260 451 441 754 367 586 865 306 416 368 494 503 482 213 347 309 453 825 809 236 53 543 531 460 178 740 735
627 1285 707 734 314 551 207 738 578 238 637 370 615 846 521 568 709 926 451 821 635 71 1006 445 1139 1323 663 898 1063 402 700 478 885 318 511 1202 535 724 299 1118 675 1390 955 638 629 476 0 416 1017 1228 1316 685 779 769 474 728 573 1163 775 530 570 650 497 639 547 173 714 722 898 966 585 522 604 664 632 468 463 1000
524 927 505 965 137 661 531 961 482 386 509 280 498 987 231 617 467 788 328 549 453 456 614 333 1004 1055 538 579 682 86 350 679 649 412 133 1143 366 542 453 1130 1011 1134 929 358 524 95 416 0 1227 983 984 355 542 531 750 460 626 957 390 333 436 561 539 548 171 316 312 537 888 884 204 146 595 596 528 243 736 823
829 1566 972 282 1225 572 1178 279 837 1255 864 952 854 277 1440 638 1039 866 932 1114 946 947 1496 1436 915 1333 853 1235 1495 1149 1577 558 1057 1335 1207 757 951 939 786 553 486 1342 625 1093 831 1203 1017 1227 0 1218 1507 1181 1039 1038 545 1083 628 1092 1333 1499 894 801 702 806 1398 960 1511 945 594 751 1429 1207 697 762 829 1037 555 966
621 438 521 1137 1106 875 1422 1120 665 1334 601 859 624 963 1170 790 529 378 777 434 593 1211 623 1313 323 117 580 430 556 920 1159 1014 345 1381 853 550 694 505 983 720 1390 162 593 628 619 889 1228 983 1218 0 330 633 454 465 1146 525 794 128 679 1291 659 611 812 619 1055 1054 1013 506 628 468 1054 840 711 620 616 783 1137 272
791 129 649 1387 1120 1085 1488 1371 821 1367 761 953 783 1239 1119 995 620 641 882 504 717 1316 445 1288 648 260 751 418 360 945 1057 1214 488 1396 851 879 799 656 1126 1039 1611 330 890 677 788 891 1316 984 1507 330 0 638 565 573 1346 593 1001 449 607 1241 794 796 992 800 1002 1147 910 653 913 761 988 838 912 819 788 848 1334 542
354 599 238 968 486 628 850 957 343 730 321 345 328 909 537 548 171 510 298 205 238 695 350 681 706 700 339 224 389 307 553 716 319 765 222 886 241 281 552 927 1111 780 719 88 353 260 685 355 1181 633 638 0 227 219 830 139 557 622 151 658 288 387 499 379 425 524 422 275 697 636 429 209 483 428 355 226 816 513
234 574 84 864 657 538 969 850 257 880 200 409 220 761 749 447 75 284 329 75 152 768 460 875 480 544 197 197 456 472 779 657 110 929 420 661 245 102 562 717 1059 614 512 185 231 451 779 542 1039 454 565 227 0 10 786 88 454 415 348 866 228 249 431 248 642 605 649 97 500 417 650 408 367 282 231 328 774 288
229 580 77 861 646 533 959 847 251 870 195 399 215 760 739 443 65 291 319 78 144 759 459 865 488 554 193 200 458 461 771 651 120 918 410 668 235 99 554 722 1053 624 516 175 226 441 769 531 1038 465 573 219 10 0 780 80 450 425 342 856 220 245 425 245 633 595 641 94 503 422 641 399 363 280 227 318 768 297
555 1361 702 262 715 271 634 269 529 712 586 511 565 418 936 356 748 774 533 856 643 403 1180 905 940 1260 595 971 1207 685 1094 132 858 792 771 913 592 690 300 769 281 1303 671 747 557 754 474 750 545 1146 1346 830 786 780 0 787 352 1043 971 978 568 550 354 546 918 446 1058 693 611 742 953 775 438 531 558 626 14 876
257 582 113 891 580 556 911 878 264 811 221 360 235 807 662 468 44 371 289 94 146 724 414 793 568 606 230 185 425 395 691 663 189 856 335 747 208 152 538 794 1065 681 587 102 254 367 728 460 1083 525 593 139 88 80 787 0 476 497 269 780 219 282 437 278 555 556 561 146 569 499 562 323 393 321 256 264 774 376
221 1026 375 414 660 84 779 402 215 776 257 347 241 367 853 9 433 425 309 529 331 524 889 893 608 907 257 649 901 542 969 220 513 850 585 633 323 353 273 547 610 951 383 468 224 586 573 626 628 794 1001 557 454 450 352 476 0 693 708 934 269 206 89 206 792 436 889 357 325 416 820 584 88 181 223 413 343 525
541 547 466 1019 1071 771 1363 1001 588 1289 526 800 549 839 1159 691 490 268 717 417 534 1140 681 1290 198 241 502 449 624 887 1168 912 307 1341 832 429 637 441 903 593 1279 263 466 599 539 865 1163 957 1092 128 449 622 415 425 1043 497 693 0 696 1277 593 525 721 535 1048 990 1027 444 503 343 1051 821 615 527 536 739 1034 169
505 539 380 1118 528 778 918 1107 495 777 472 470 479 1060 514 699 310 631 438 299 388 797 230 681 809 724 487 249 292 374 479 861 415 798 267 1006 389 421 684 1064 1251 809 857 240 503 306 775 390 1333 679 607 151 348 342 971 269 708 696 0 636 439 537 648 530 396 629 334 415 839 765 386 255 635 578 506 349 957 614
856 1162 836 1222 276 954 511 1222 812 335 842 592 830 1281 122 926 793 1120 654 862 786 597 818 100 1335 1351 871 868 900 417 247 940 970 289 445 1476 698 874 713 1457 1203 1434 1259 680 856 416 530 333 1499 1291 1241 658 866 856 978 780 934 1277 636 0 768 892 845 879 240 538 359 869 1215 1218 253 457 916 925 860 576 965 1151
89 796 146 682 517 343 770 670 57 706 76 211 62 624 666 260 180 370 127 292 77 551 623 753 590 760 105 403 642 351 749 444 323 766 355 708 71 154 333 698 846 822 494 199 88 368 570 436 894 659 794 288 228 220 568 219 269 593 439 768 0 126 219 114 582 397 649 153 456 451 602 349 197 164 92 192 555 433
36 819 173 615 635 291 856 601 81 810 65 317 65 526 792 200 237 275 241 324 148 620 695 873 489 721 52 446 701 475 874 418 308 874 480 588 197 147 377 572 816 773 368 301 37 494 650 561 801 611 796 387 249 245 550 282 206 525 537 892 126 0 201 12 708 484 770 151 331 332 728 474 118 41 34 318 539 357
201 1006 348 469 570 132 704 460 175 692 231 259 210 449 765 81 396 459 229 502 291 452 841 804 658 922 242 618 861 455 884 226 506 765 505 705 258 336 199 632 629 973 458 412 203 503 497 539 702 812 992 499 431 425 354 437 89 721 648 845 219 201 0 195 706 351 809 339 403 474 735 504 111 193 204 335 342 552
25 820 170 616 622 289 844 603 68 797 58 304 54 531 779 199 233 286 228 323 141 609 692 860 502 728 51 444 699 462 863 414 312 861 469 600 185 147 367 584 813 781 380 293 27 482 639 548 806 619 800 379 248 245 546 278 206 535 530 879 114 12 195 0 696 472 760 151 342 345 717 463 118 50 24 306 534 367
671 925 624 1136 233 831 615 1132 633 445 651 448 643 1156 117 783 573 910 488 631 584 598 586 291 1120 1112 678 629 665 251 179 850 742 440 231 1277 510 665 624 1280 1175 1195 1076 460 670 213 547 171 1398 1055 1002 425 642 633 918 555 792 1048 396 240 582 708 706 696 0 477 170 659 1039 1019 38 239 755 745 674 392 904 931
458 1121 533 684 269 434 373 683 408 340 466 196 444 753 490 430 536 758 277 649 461 171 858 477 974 1149 492 730 909 272 650 402 711 414 377 1051 361 550 179 984 697 1216 808 470 460 347 173 316 960 1054 1147 524 605 595 446 556 436 990 629 538 397 484 351 472 477 0 628 549 754 808 514 385 451 501 463 301 433 829
734 819 653 1260 401 939 785 1254 704 613 708 561 705 1256 254 880 591 932 580 618 630 762 471 435 1127 1054 732 583 555 372 148 978 735 602 304 1307 580 696 758 1336 1323 1140 1128 485 733 309 714 312 1511 1013 910 422 649 641 1058 561 889 1027 334 359 649 770 809 760 170 628 0 689 1099 1055 134 305 838 811 737 476 1043 933
138 669 36 767 638 441 920 753 168 846 107 356 129 667 757 350 104 252 273 173 90 704 551 867 467 606 100 294 552 458 810 563 171 901 428 620 193 6 484 652 964 669 444 205 136 453 722 537 945 506 653 275 97 94 693 146 357 444 415 869 153 151 339 151 659 549 689 0 424 365 672 419 269 185 135 302 681 291
368 978 459 526 950 368 1104 507 406 1094 391 626 396 335 1120 330 528 274 561 568 468 849 955 1188 349 744 366 681 938 801 1205 497 486 1165 811 310 528 417 599 242 804 762 60 619 368 825 898 888 594 628 913 697 500 503 611 569 325 503 839 1215 456 331 403 342 1039 754 1099 424 0 160 1059 805 306 293 365 647 607 371
365 834 402 682 967 479 1174 664 414 1140 375 650 389 496 1112 417 465 142 573 473 435 926 849 1203 199 584 346 574 821 800 1175 618 373 1206 788 258 519 359 674 308 954 601 128 570 365 809 966 884 751 468 761 636 417 422 742 499 416 343 765 1218 451 332 474 345 1019 808 1055 365 160 0 1035 780 363 308 361 641 735 221
691 909 637 1169 271 860 651 1165 655 480 670 478 663 1185 134 810 583 923 513 634 600 636 566 314 1130 1107 696 625 647 280 149 884 747 471 248 1292 531 678 658 1301 1211 1191 1095 470 691 236 585 204 1429 1054 988 429 650 641 953 562 820 1051 386 253 602 728 735 717 38 514 134 672 1059 1035 0 255 780 766 694 415 939 939
437 785 385 962 281 635 663 955 403 529 415 265 409 951 340 574 336 671 275 407 345 548 485 473 882 909 441 432 547 120 399 684 513 559 13 1038 278 425 476 1046 1050 989 840 224 437 53 522 146 1207 840 838 209 408 399 775 323 584 821 255 457 349 474 504 463 239 385 305 419 805 780 255 0 534 513 440 170 761 695
136 937 288 499 646 173 811 486 140 790 172 323 158 426 826 83 349 350 267 442 250 562 807 884 547 824 169 562 816 509 929 305 424 860 538 600 260 265 310 543 699 871 357 395 138 543 604 595 697 711 912 483 367 363 438 393 88 615 635 916 197 118 111 118 755 451 838 269 306 363 780 534 0 93 137 366 427 446
76 847 210 582 665 266 870 568 113 832 106 344 105 486 827 176 276 268 271 358 190 629 734 903 476 731 91 480 737 509 913 398 332 898 519 559 235 180 381 535 792 780 333 343 78 531 664 596 762 620 819 428 282 280 531 321 181 527 578 925 164 41 193 50 745 501 811 185 293 308 766 513 93 0 74 354 521 358
4 805 151 636 605 306 836 623 55 785 35 290 31 555 759 216 212 294 211 305 117 604 670 842 511 723 37 426 679 443 840 427 301 848 446 618 164 132 367 606 828 779 401 269 3 460 632 528 829 616 788 355 231 227 558 256 223 536 506 860 92 34 204 24 674 463 737 135 365 361 694 440 137 74 0 285 546 370
281 820 274 797 336 466 647 789 241 551 265 121 254 780 474 404 253 548 105 358 213 472 571 567 767 869 294 429 615 159 563 524 438 602 172 899 122 306 334 890 905 941 687 170 281 178 468 243 1037 783 848 226 328 318 626 264 413 739 349 576 192 318 335 306 392 301 476 302 647 641 415 170 366 354 285 0 611 593
543 1348 690 272 702 262 626 278 516 701 574 497 553 422 923 346 735 765 519 844 630 392 1166 893 934 1250 583 958 1194 671 1080 122 847 781 757 910 578 678 286 768 294 1294 667 733 545 740 463 736 555 1137 1334 816 774 768 14 774 343 1034 957 965 555 539 342 534 904 433 1043 681 607 735 939 761 427 521 546 611 0 867
374 612 319 867 929 605 1203 849 423 1137 363 643 385 701 1036 523 358 106 559 316 382 974 656 1155 195 389 337 389 617 748 1066 745 199 1193 706 404 484 288 735 518 1118 426 349 471 373 735 1000 823 966 272 542 513 288 297 876 376 525 169 614 1151 433 357 552 367 931 829 933 291 371 221 939 695 446 358 370 593 867 0
