0 1116 1207 88 1185 1534 339 1684 670 1204 1313 522 1507 1360 174 1429
1116 0 1427 1052 1073 1793 939 2084 1269 1073 871 956 2184 2392 1187 468
1207 1427 0 1135 419 376 1435 2880 1857 2191 2146 1616 890 1552 1067 1896
88 1052 1135 0 1099 1469 354 1748 728 1217 1304 544 1480 1390 163 1383
1185 1073 419 1099 0 741 1321 2771 1763 1963 1866 1478 1302 1869 1092 1538
1534 1793 376 1469 741 0 1788 3218 2197 2563 2523 1973 742 1586 1379 2262
339 939 1435 354 1321 1788 0 1455 442 866 980 191 1834 1682 507 1167
1684 2084 2880 1748 2771 3218 1455 0 1023 1065 1376 1293 3112 2592 1846 1971
670 1269 1857 728 1763 2197 442 1023 0 727 972 322 2153 1818 839 1365
1204 1073 2191 1217 1963 2563 866 1065 727 0 322 684 2694 2506 1374 905
1313 871 2146 1304 1866 2523 980 1376 972 322 0 831 2742 2662 1468 608
522 956 1616 544 1478 1973 191 1293 322 684 831 0 2024 1836 694 1105
1507 2184 890 1480 1302 742 1834 3112 2153 2694 2742 2024 0 941 1333 2636
1360 2392 1552 1390 1869 1586 1682 2592 1818 2506 2662 1836 941 0 1232 2768
174 1187 1067 163 1092 1379 507 1846 839 1374 1468 694 1333 1232 0 1537
1429 468 1896 1383 1538 2262 1167 1971 1365 905 608 1105 2636 2768 1537 0
