0 1408 1120 1687 1366 1046 606 1508 1290 1113 1469 1594 567 535 1619 1369
1408 0 742 3089 2524 2168 1209 2823 690 1649 885 1192 1001 1871 2823 2032
1120 742 0 2650 2458 2115 642 2628 177 1856 360 583 1039 1656 2208 1308
1687 3089 2650 0 1481 1555 2008 1028 2826 2279 2932 2923 2206 1348 985 1941
1366 2524 2458 1481 0 356 1966 515 2617 1076 2816 2960 1529 854 2145 2526
1046 2168 2115 1555 356 0 1652 754 2271 788 2475 2630 1172 579 2061 2289
606 1209 642 2008 1966 1652 0 2057 818 1622 940 1010 858 1119 1616 943
1508 2823 2628 1028 515 754 2057 0 2799 1540 2972 3068 1825 977 1831 2429
1290 690 177 2826 2617 2271 818 2799 0 1972 237 522 1166 1824 2366 1427
1113 1649 1856 2279 1076 788 1622 1540 1972 0 2204 2433 821 1000 2587 2480
1469 885 360 2932 2816 2475 940 2972 237 2204 0 307 1393 2005 2398 1385
1594 1192 583 2923 2960 2630 1010 3068 522 2433 307 0 1612 2123 2298 1218
567 1001 1039 2206 1529 1172 858 1825 1166 821 1393 1612 0 899 2183 1783
535 1871 1656 1348 854 579 1119 977 1824 1000 2005 2123 899 0 1595 1710
1619 2823 2208 985 2145 2061 1616 1831 2366 2587 2398 2298 2183 1595 0 1131
1369 2032 1308 1941 2526 2289 943 2429 1427 2480 1385 1218 1783 1710 1131 0
