0 882 39 304 856 1204 677 1337 985 450 1130 463 1328 145 854 1370
882 0 897 663 820 1528 1101 2095 1404 990 2009 679 607 962 1031 2252
39 897 0 339 895 1240 715 1350 1020 413 1120 501 1356 105 823 1357
304 663 339 0 578 1065 547 1441 878 677 1369 180 1037 441 998 1620
856 820 895 578 0 726 463 1514 658 1256 1705 399 787 1001 1545 1964
1204 1528 1240 1065 726 0 530 1034 235 1654 1517 924 1473 1328 2043 1752
677 1101 715 547 463 530 0 1060 330 1128 1266 434 1232 807 1513 1523
1337 2095 1350 1441 1514 1034 1060 0 914 1660 735 1424 2293 1368 2103 877
985 1404 1020 878 658 235 330 914 0 1433 1314 757 1442 1104 1833 1557
450 990 413 677 1256 1654 1128 1660 1433 0 1260 857 1553 333 444 1455
1130 2009 1120 1369 1705 1517 1266 735 1314 1260 0 1444 2386 1079 1664 258
463 679 501 180 399 924 434 1424 757 857 1444 0 942 607 1170 1700
1328 607 1356 1037 787 1473 1232 2293 1442 1553 2386 942 0 1445 1638 2642
145 962 105 441 1001 1328 807 1368 1104 333 1079 607 1445 0 763 1307
854 1031 823 998 1545 2043 1513 2103 1833 444 1664 1170 1638 763 0 1833
1370 2252 1357 1620 1964 1752 1523 877 1557 1455 258 1700 2642 1307 1833 0
