0 820 430 342 945 342 1433 1511 1551 1049 1046 43 1586 1287 1404 1510 1344
820 0 1132 1090 675 766 684 2053 777 794 1619 857 2406 996 584 2275 1692
430 1132 0 105 1372 382 1636 1084 1767 1051 1279 390 1366 1718 1690 1142 1669
342 1090 105 0 1287 374 1627 1183 1755 1086 1181 299 1360 1628 1659 1190 1565
945 675 1372 1287 0 1124 1269 2436 1317 1445 1222 987 2363 364 1006 2426 1125
342 766 382 374 1124 0 1256 1326 1385 738 1385 336 1734 1486 1311 1518 1681
1433 684 1636 1627 1269 1256 0 2326 136 782 2303 1462 2986 1503 363 2744 2357
1511 2053 1084 1183 2436 1326 2326 0 2462 1552 2224 1472 1520 2791 2512 865 2681
1551 777 1767 1755 1317 1385 136 2462 0 915 2393 1582 3113 1524 342 2879 2423
1049 794 1051 1086 1445 738 782 1552 915 0 2085 1057 2406 1785 1030 2054 2305
1046 1619 1279 1181 1222 1385 2303 2224 2393 2085 0 1049 1414 1339 2143 1782 507
43 857 390 299 987 336 1462 1472 1582 1057 1049 0 1549 1329 1440 1466 1362
1586 2406 1366 1360 2363 1734 2986 1520 3113 2406 1414 1549 0 2609 2989 684 1910
1287 996 1718 1628 364 1486 1503 2791 1524 1785 1339 1329 2609 0 1187 2735 1098
1404 584 1690 1659 1006 1311 363 2512 342 1030 2143 1440 2989 1187 0 2829 2127
1510 2275 1142 1190 2426 1518 2744 865 2879 2054 1782 1466 684 2735 2829 0 2286
1344 1692 1669 1565 1125 1681 2357 2681 2423 2305 507 1362 1910 1098 2127 2286 0
