0 1468 687 1498 1489 1258 1073 1711 698 1150 1109 364 1644 502 1283 728
1468 0 830 2838 2937 2204 2491 417 1893 1711 1024 1625 1293 1407 1390 1935
687 830 0 2010 2114 1449 1758 1026 1274 1054 596 947 1490 847 922 1312
1498 2838 2010 0 535 935 1286 2954 1725 1461 2041 1629 3117 1914 1900 1714
1489 2937 2114 535 0 1369 895 3121 1484 1818 2286 1495 2985 1794 2224 1461
1258 2204 1449 935 1369 0 1733 2217 1821 572 1252 1565 2843 1761 1021 1832
1073 2491 1758 1286 895 1733 0 2772 694 1951 2147 869 2224 1133 2236 659
1711 417 1026 2954 3121 2217 2772 0 2222 1673 966 1927 1704 1745 1278 2263
698 1893 1274 1725 1484 1821 694 2222 0 1828 1785 341 1534 486 1981 41
1150 1711 1054 1461 1818 572 1951 1673 1828 0 708 1511 2535 1616 449 1851
1109 1024 596 2041 2286 1252 2147 966 1785 708 0 1445 2029 1412 376 1820
364 1625 947 1629 1495 1565 869 1927 341 1511 1445 0 1499 299 1643 375
1644 1293 1490 3117 2985 2843 2224 1704 1534 2535 2029 1499 0 1205 2392 1566
502 1407 847 1914 1794 1761 1133 1745 486 1616 1412 299 1205 0 1669 528
1283 1390 922 1900 2224 1021 2236 1278 1981 449 376 1643 2392 1669 0 2011
728 1935 1312 1714 1461 1832 659 2263 41 1851 1820 375 1566 528 2011 0
