0 64 338 37 1015 1474 240 6 753 1429 877 231 985 1397 1305 1729
64 0 286 27 1079 1537 296 62 759 1366 941 169 955 1457 1353 1672
338 286 0 304 1296 1728 579 333 987 1215 1170 142 709 1624 1437 1575
37 27 304 0 1051 1509 275 34 762 1394 914 194 962 1429 1329 1699
1015 1079 1296 1051 0 482 843 1016 1307 2440 149 1235 1656 479 749 2710
1474 1537 1728 1509 482 0 1320 1475 1780 2904 631 1685 1972 192 692 3187
240 296 579 275 843 1320 0 245 646 1605 697 464 1200 1268 1261 1867
6 62 333 34 1016 1475 245 0 760 1428 879 228 978 1397 1302 1730
753 759 987 762 1307 1780 646 760 0 1487 1163 845 1695 1781 1874 1593
1429 1366 1215 1394 2440 2904 1605 1428 1487 0 2298 1225 1507 2820 2651 452
877 941 1170 914 149 631 697 879 1163 2298 0 1101 1574 618 823 2562
231 169 142 194 1235 1685 464 228 845 1225 1101 0 849 1595 1451 1555
985 955 709 962 1656 1972 1200 978 1695 1507 1574 849 0 1815 1445 1946
1397 1457 1624 1429 479 192 1268 1397 1781 2820 618 1595 1815 0 499 3124
1305 1353 1437 1329 749 692 1261 1302 1874 2651 823 1451 1445 499 0 3006
1729 1672 1575 1699 2710 3187 1867 1730 1593 452 2562 1555 1946 3124 3006 0
