0 709 934 1421 290 804 1481 460 33 1446 1688 1540 1008 981 854 1003
709 0 1348 798 863 1508 971 1074 737 1717 1066 1060 559 1496 1543 959
934 1348 0 2145 1166 893 2297 1221 943 548 1888 1546 1836 241 1256 727
1421 798 2145 0 1460 2215 327 1647 1440 2490 1165 1426 479 2291 2151 1684
290 863 1166 1460 0 789 1455 211 262 1698 1904 1796 1000 1168 698 1293
804 1508 893 2215 789 0 2240 674 780 1406 2411 2178 1776 732 401 1441
1481 971 2297 327 1455 2240 0 1618 1494 2688 1492 1737 473 2416 2117 1914
460 1074 1221 1647 211 674 1618 0 428 1767 2113 1995 1178 1181 504 1448
33 737 943 1440 262 780 1494 428 0 1461 1721 1574 1022 982 822 1031
1446 1717 548 2490 1698 1406 2688 1767 1461 0 1973 1566 2252 676 1788 838
1688 1066 1888 1165 1904 2411 1492 2113 1721 1973 0 431 1378 2113 2541 1179
1540 1060 1546 1426 1796 2178 1737 1995 1574 1566 431 0 1511 1781 2367 819
1008 559 1836 479 1000 1776 473 1178 1022 2252 1378 1511 0 1947 1682 1518
981 1496 241 2291 1168 732 2416 1181 982 676 2113 1781 1947 0 1121 963
854 1543 1256 2151 698 401 2117 504 822 1788 2541 2367 1682 1121 0 1704
1003 959 727 1684 1293 1441 1914 1448 1031 838 1179 819 1518 963 1704 0
