0 1730 318 1261 1216 449 733 791 1540 1699 1247 990 614 386 749 1616
1730 0 1501 473 1782 1524 1344 2492 2368 3011 2114 2707 1428 1653 2032 243
318 1501 0 1050 1370 579 418 1093 1368 2006 1470 1213 700 203 1022 1359
1261 473 1050 0 1414 1057 964 2019 2074 2578 1719 2244 973 1217 1579 430
1216 1782 1370 1414 0 794 1699 1442 2732 1323 363 1908 677 1546 689 1836
449 1524 579 1057 794 0 943 1009 1938 1578 904 1348 170 752 551 1469
733 1344 418 964 1699 943 0 1477 1150 2425 1847 1508 1024 416 1432 1152
791 2492 1093 2019 1442 1009 1477 0 1916 1187 1258 500 1156 1066 754 2397
1540 2368 1368 2074 2732 1938 1150 1916 0 3086 2787 1616 2069 1186 2271 2137
1699 3011 2006 2578 1323 1578 2425 1187 3086 0 960 1624 1613 2074 1027 3007
1247 2114 1470 1719 363 904 1847 1258 2787 960 0 1751 848 1617 549 2148
990 2707 1213 2244 1908 1348 1508 500 1616 1624 1751 0 1514 1102 1226 2573
614 1428 700 973 677 170 1024 1156 2069 1613 848 1514 0 888 605 1398
386 1653 203 1217 1546 752 416 1066 1186 2074 1617 1102 888 0 1134 1493
749 2032 1022 1579 689 551 1432 754 2271 1027 549 1226 605 1134 0 2002
1616 243 1359 430 1836 1469 1152 2397 2137 3007 2148 2573 1398 1493 2002 0
