0 517 172 429 604 268 48 730 815 853 652 32 26 368 618 529 594 508 731 76 807 630 139 842 737 352 195 529 25 408 34 168 734 355 409 227 502 139 748 849 145 15 170 779 191 844 226 402 102 462 370 215 369 469 649 742 512 823 589 231 65 458 633 856 605 0 82 201 671 695 533 790 599 825 116 218 339 688
517 0 552 352 310 719 472 1104 1179 373 301 487 544 495 562 1028 310 900 1219 557 1180 1003 411 873 1253 332 337 972 541 660 546 678 699 274 453 670 1007 417 920 803 484 502 377 746 707 389 734 120 448 940 593 429 750 443 1126 980 1020 1157 985 306 493 440 1131 702 1112 517 439 565 977 947 952 1097 87 514 627 322 838 1141
172 552 0 344 543 167 195 875 672 835 601 166 173 229 485 610 532 657 813 241 667 778 152 1011 731 484 301 655 184 580 193 189 895 315 564 118 573 283 576 697 313 170 299 942 227 919 321 431 255 568 542 371 219 618 574 572 485 671 455 333 234 343 585 727 574 171 171 373 833 862 670 631 639 741 163 232 434 801
429 352 344 0 202 494 409 1151 856 516 264 399 449 169 238 944 191 929 1148 501 860 1049 291 1111 1069 515 373 958 454 766 463 528 956 112 640 452 910 429 568 492 499 416 408 1005 566 738 643 271 432 887 708 502 472 665 876 632 821 824 686 373 453 88 908 447 906 428 356 589 1070 1072 960 759 428 400 490 240 759 1116
604 310 543 202 0 696 575 1302 1030 325 65 572 627 365 292 1131 11 1083 1333 671 1038 1199 465 1169 1271 588 498 1126 630 887 639 722 1000 248 718 654 1099 570 692 506 644 590 539 1048 759 644 827 302 584 1066 823 625 671 726 1077 778 1024 991 877 484 614 249 1110 392 1109 603 524 736 1202 1190 1122 920 353 232 680 391 942 1290
268 719 167 494 696 0 311 848 549 997 757 282 253 348 588 518 685 644 714 306 540 761 312 1091 575 618 445 610 263 638 268 149 996 479 676 49 475 405 561 763 409 276 432 1040 173 1081 285 598 370 506 615 483 130 737 407 522 327 563 322 480 332 473 419 825 412 268 310 438 841 888 639 540 806 879 175 397 374 732
48 472 195 409 575 311 0 743 854 814 620 30 73 368 611 566 565 521 765 95 847 641 118 816 784 307 147 552 68 394 73 217 700 326 371 267 541 94 767 848 118 36 123 747 239 796 265 359 60 492 350 177 405 429 697 768 560 860 630 183 46 447 681 845 653 47 52 192 672 689 551 824 553 799 164 185 374 714
730 1104 875 1151 1302 848 743 0 1295 1478 1336 756 715 1096 1349 417 1293 222 392 654 1275 103 861 645 766 777 805 244 708 449 698 710 713 1060 679 846 460 731 1410 1573 657 741 763 720 678 1251 567 1028 721 359 514 683 978 723 954 1364 758 1340 1091 823 698 1188 860 1586 797 730 795 566 177 271 209 1345 1155 1532 716 916 477 230
815 1179 672 856 1030 549 854 1295 0 1355 1095 824 802 690 780 887 1020 1127 1022 855 25 1227 822 1636 669 1156 974 1052 813 1179 817 688 1546 905 1224 588 841 948 427 779 958 821 969 1590 698 1566 794 1066 915 936 1162 1030 453 1284 372 306 543 77 228 1005 880 784 477 932 536 815 842 986 1334 1398 1098 149 1264 1119 723 888 837 1115
853 373 835 516 325 997 814 1478 1355 0 259 821 879 685 596 1380 335 1272 1576 906 1362 1376 724 1198 1565 703 695 1339 878 1033 886 997 1018 520 820 952 1355 776 1003 756 847 838 738 1060 1030 478 1078 461 802 1299 966 800 988 800 1391 1096 1320 1314 1200 668 843 574 1416 596 1409 852 770 933 1349 1315 1323 1242 333 329 949 636 1188 1508
652 301 601 264 65 757 620 1336 1095 259 0 620 676 430 348 1181 76 1120 1383 716 1103 1233 514 1172 1331 603 531 1168 678 913 686 777 999 297 732 714 1151 607 752 547 681 637 573 1047 813 603 876 319 623 1112 848 655 735 734 1140 840 1084 1055 942 514 657 315 1172 417 1170 651 571 772 1230 1213 1161 984 328 214 733 435 991 1334
32 487 166 399 572 282 30 756 824 821 620 0 58 347 594 562 562 534 763 102 817 655 108 845 767 336 170 558 58 419 66 195 731 324 401 237 534 124 739 828 147 17 150 777 220 818 258 370 91 493 377 208 374 459 671 738 539 829 600 206 69 432 658 830 632 31 50 215 691 711 561 794 569 794 142 186 371 718
26 544 173 449 627 253 73 715 802 879 676 58 0 381 633 505 617 494 706 67 793 616 162 848 711 373 220 509 11 408 19 144 745 379 423 214 477 160 748 860 156 41 194 790 165 869 200 428 122 439 374 231 360 485 627 738 487 812 575 256 80 475 608 872 580 26 108 201 662 689 516 781 626 847 92 244 314 667
368 495 229 169 365 348 368 1096 690 685 430 347 381 0 256 838 354 875 1040 445 694 997 259 1153 921 571 397 882 389 759 399 417 1014 220 682 313 799 424 446 480 481 360 418 1063 455 884 550 392 412 797 710 511 306 722 712 489 673 663 516 412 414 125 750 497 754 368 320 561 1039 1057 894 602 578 531 391 263 663 1030
618 562 485 238 292 588 611 1349 780 596 348 594 633 256 0 1092 285 1127 1294 695 791 1249 494 1349 1145 753 604 1138 641 991 651 672 1195 350 877 560 1052 650 406 253 716 608 635 1244 710 928 806 502 646 1054 935 730 512 904 902 502 900 730 666 608 657 167 959 241 973 618 560 801 1283 1294 1149 655 625 340 648 466 919 1286
529 1028 610 944 1131 518 566 417 887 1380 1181 562 505 838 1092 0 1120 314 203 473 866 372 666 930 373 763 690 196 503 531 495 420 923 883 726 535 47 610 1059 1281 547 544 650 950 382 1292 304 921 580 112 566 616 634 791 537 994 344 938 697 722 536 953 443 1333 380 530 612 479 504 593 254 952 1102 1344 454 748 191 229
594 310 532 191 11 685 565 1293 1020 335 76 562 617 354 285 1120 0 1075 1323 661 1027 1190 455 1165 1260 583 490 1117 620 880 629 711 997 239 713 643 1089 562 684 502 636 580 531 1045 748 648 816 298 575 1056 816 617 660 722 1065 769 1012 981 866 477 605 238 1099 392 1098 593 515 727 1194 1184 1113 910 355 239 670 381 932 1280
508 900 657 929 1083 644 521 222 1127 1272 1120 534 494 875 1127 314 1075 0 403 432 1109 121 639 618 687 583 589 126 486 273 476 500 627 840 502 636 341 513 1203 1353 439 519 546 649 471 1086 359 816 500 213 330 472 775 557 812 1165 613 1164 911 609 476 966 731 1364 671 509 573 347 208 284 72 1161 958 1313 500 696 289 267
731 1219 813 1148 1333 714 765 392 1022 1576 1383 763 706 1040 1294 203 1323 403 0 671 999 399 868 1003 402 937 883 282 705 666 696 624 1030 1085 882 735 241 802 1239 1477 735 745 842 1049 586 1461 506 1116 775 279 713 797 824 944 653 1165 487 1081 854 913 733 1156 548 1534 487 731 812 659 537 636 331 1105 1290 1548 657 949 391 163
76 557 241 501 671 306 95 654 855 906 716 102 67 445 695 473 661 432 671 0 845 553 210 787 713 345 221 457 57 342 48 175 690 422 377 272 450 146 815 925 111 87 186 734 183 860 177 448 111 397 311 193 420 442 658 803 502 869 627 256 64 534 628 932 594 76 146 135 595 621 458 841 635 895 132 281 282 619
807 1180 667 860 1038 540 847 1275 25 1362 1103 817 793 694 791 866 1027 1109 999 845 0 1209 818 1624 644 1150 969 1033 803 1166 808 676 1536 907 1216 580 820 941 445 797 949 813 963 1579 685 1566 779 1066 907 917 1150 1022 447 1276 348 325 522 101 217 1001 872 790 454 948 512 807 836 974 1317 1382 1080 170 1266 1131 713 885 820 1093
630 1003 778 1049 1199 761 641 103 1227 1376 1233 655 616 997 1249 372 1190 121 399 553 1209 0 759 606 739 678 702 179 608 353 598 619 650 957 584 755 409 628 1321 1475 554 640 660 663 588 1161 476 925 618 293 417 581 891 632 898 1280 700 1269 1017 720 596 1087 810 1485 748 630 693 463 139 237 129 1269 1056 1429 621 814 396 239
139 411 152 291 465 312 118 861 822 724 514 108 162 259 494 666 455 639 868 210 818 759 0 900 847 341 156 667 165 501 174 274 770 217 436 263 637 166 681 735 223 125 165 818 306 769 362 290 153 601 450 254 371 484 719 697 609 817 608 184 163 329 720 727 701 138 66 307 789 801 668 773 497 685 225 90 476 827
842 873 1011 1111 1169 1091 816 645 1636 1198 1172 845 848 1153 1349 930 1165 618 1003 787 1624 606 900 0 1301 596 756 743 837 458 830 948 179 999 472 1060 952 736 1580 1603 698 841 736 142 938 807 852 869 758 823 475 646 1208 446 1381 1583 1188 1655 1408 745 777 1185 1316 1544 1262 842 849 653 473 374 685 1629 875 1386 916 893 850 845
737 1253 731 1069 1271 575 784 766 669 1565 1331 767 711 921 1145 373 1260 687 402 713 644 739 847 1301 0 1051 929 569 715 881 711 574 1282 1045 1045 617 348 858 975 1273 815 752 897 1313 546 1573 543 1135 822 478 904 896 633 1113 304 877 248 738 557 965 773 1047 206 1370 173 737 814 776 875 966 627 779 1336 1453 626 937 480 543
352 332 484 515 588 618 307 777 1156 703 603 336 373 571 753 763 583 583 937 345 1150 678 341 596 1051 0 185 670 364 329 363 515 444 403 130 573 753 213 1014 1007 236 343 187 493 528 529 508 285 250 661 263 155 703 151 1000 1037 848 1156 935 161 294 591 974 951 939 352 313 284 645 616 642 1114 378 816 464 308 586 838
195 337 301 373 498 445 147 805 974 695 531 170 220 397 604 690 490 589 883 221 969 702 156 756 929 185 0 645 214 395 218 364 618 267 285 398 670 81 833 854 152 182 42 667 386 649 399 234 110 605 335 129 521 329 841 853 707 972 755 36 158 436 828 820 800 195 135 241 705 701 633 929 413 729 311 138 500 813
529 972 655 958 1126 610 552 244 1052 1339 1168 558 509 882 1138 196 1117 126 282 457 1033 179 667 743 569 670 645 0 504 384 494 479 753 878 604 612 231 565 1171 1351 492 542 602 775 444 1187 336 878 545 116 433 542 739 664 719 1121 521 1096 846 670 511 984 631 1379 569 529 603 406 308 396 58 1100 1036 1352 492 735 236 169
25 541 184 454 630 263 68 708 813 878 678 58 11 389 641 503 620 486 705 57 803 608 165 837 715 364 214 504 0 397 10 151 734 381 412 225 476 152 759 869 145 40 187 779 171 863 200 426 114 436 363 221 371 474 636 749 493 823 586 250 70 482 615 879 586 26 108 190 653 679 509 793 622 850 100 244 313 662
408 660 580 766 887 638 394 449 1179 1033 913 419 408 759 991 531 880 273 666 342 1166 353 501 458 881 329 395 384 397 0 389 492 402 662 231 611 540 340 1156 1236 278 411 358 436 481 813 395 596 347 419 66 265 760 284 927 1145 739 1200 952 403 350 823 869 1214 818 408 439 207 318 306 342 1178 707 1119 464 527 407 540
34 546 193 463 639 268 73 698 817 886 686 66 19 399 651 495 629 476 696 48 808 598 174 830 711 363 218 494 10 389 0 151 728 390 409 231 469 152 767 879 141 49 188 773 169 865 192 432 114 427 356 218 377 471 636 757 491 829 590 254 68 492 614 889 584 35 116 181 643 670 499 799 627 860 101 252 304 653
168 678 189 528 722 149 217 710 688 997 777 195 144 417 672 420 711 500 624 175 676 619 274 948 574 515 364 479 151 492 151 0 861 481 553 136 383 304 703 874 286 182 338 904 37 1013 143 560 266 384 473 367 279 617 485 671 344 708 460 400 220 532 464 914 437 169 240 298 693 738 501 688 762 928 52 364 249 616
734 699 895 956 1000 996 700 713 1546 1018 999 731 745 1014 1195 923 997 627 1030 690 1536 650 770 179 1282 444 618 753 734 402 728 861 0 844 334 959 937 613 1451 1448 589 730 605 49 859 634 788 704 640 811 394 524 1104 292 1322 1465 1138 1557 1318 601 668 1034 1269 1381 1219 734 726 563 536 448 699 1524 697 1213 822 750 809 882
355 274 315 112 248 479 326 1060 905 520 297 324 379 220 350 883 239 840 1085 422 907 957 217 999 1045 403 267 878 381 662 390 481 844 0 528 433 853 330 657 604 403 341 304 893 516 664 579 173 339 817 602 397 487 553 880 709 800 882 717 264 367 192 899 555 889 355 276 495 970 968 876 822 359 473 436 144 694 1041
409 453 564 640 718 676 371 679 1224 820 732 401 423 682 877 726 713 502 882 377 1216 584 436 472 1045 130 285 604 412 231 409 553 334 528 0 636 724 280 1117 1130 267 403 270 382 558 583 511 415 310 617 172 194 776 67 1032 1131 864 1231 998 272 343 712 994 1079 952 408 393 272 533 495 568 1195 488 945 508 420 567 767
227 670 118 452 654 49 267 846 588 952 714 237 214 313 560 535 643 636 735 272 580 755 263 1060 617 573 398 612 225 611 231 136 959 433 636 0 493 362 567 747 370 233 386 1004 167 1032 279 549 327 512 584 442 149 696 456 539 370 598 362 432 292 437 466 800 457 227 263 407 828 870 637 569 757 842 147 348 378 742
502 1007 573 910 1099 475 541 460 841 1355 1151 534 477 799 1052 47 1089 341 241 450 820 409 637 952 348 753 670 231 476 540 469 383 937 853 724 493 0 590 1012 1238 531 517 631 966 345 1283 276 898 559 129 570 603 589 790 493 947 299 891 649 703 514 916 401 1293 339 502 584 469 538 624 287 904 1083 1310 420 721 170 277
139 417 283 429 570 405 94 731 948 776 607 124 160 424 650 610 562 513 802 146 941 628 166 736 858 213 81 565 152 340 152 304 613 330 280 362 590 0 844 896 74 129 40 660 321 714 322 315 37 523 286 90 497 336 788 852 643 952 724 112 85 483 767 876 736 139 113 165 640 644 554 915 492 801 252 189 420 733
748 920 576 568 692 561 767 1410 427 1003 752 739 748 446 406 1059 684 1203 1239 815 445 1321 681 1580 975 1014 833 1171 759 1156 767 703 1451 657 1117 567 1012 844 0 352 886 745 847 1500 733 1305 845 830 822 1063 1117 934 432 1162 680 120 766 360 419 853 808 481 769 511 807 747 731 949 1395 1433 1200 281 995 726 709 707 934 1283
849 803 697 492 506 763 848 1573 779 756 547 828 860 480 253 1281 502 1353 1477 925 797 1475 735 1603 1273 1007 854 1351 869 1236 879 874 1448 604 1130 747 1238 896 352 0 958 840 883 1498 910 1149 1015 753 889 1258 1182 979 658 1158 997 473 1042 713 738 860 894 418 1073 177 1100 849 799 1041 1520 1537 1368 633 857 437 859 716 1123 1489
145 484 313 499 644 409 118 657 958 847 681 147 156 481 716 547 636 439 735 111 949 554 223 698 815 236 152 492 145 278 141 286 589 403 267 370 531 74 886 958 0 143 109 634 295 759 273 385 69 456 231 82 515 331 770 885 612 968 731 178 79 549 739 944 703 145 160 91 570 578 481 936 555 874 240 261 361 661
15 502 170 416 590 276 36 741 821 838 637 17 41 360 608 544 580 519 745 87 813 640 125 841 752 343 182 542 40 411 49 182 730 341 403 233 517 129 745 840 143 0 159 776 205 831 241 387 94 476 371 209 373 462 661 742 526 828 596 218 63 447 645 845 619 14 67 205 679 701 545 794 584 811 129 203 353 701
170 377 299 408 539 432 123 763 969 738 573 150 194 418 635 650 531 546 842 186 963 660 165 736 897 187 42 602 187 358 188 338 605 304 270 386 631 40 847 883 109 159 0 653 357 676 362 276 75 563 300 95 517 321 820 861 680 970 747 71 124 467 802 855 773 170 127 199 666 664 590 930 452 770 286 169 461 771
779 746 942 1005 1048 1040 747 720 1590 1060 1047 777 790 1063 1244 950 1045 649 1049 734 1579 663 818 142 1313 493 667 775 779 436 773 904 49 893 382 1004 966 660 1500 1498 634 776 653 0 900 665 827 753 687 839 433 571 1149 341 1360 1512 1175 1602 1362 650 714 1083 1305 1429 1255 779 774 606 543 451 720 1570 742 1260 866 799 843 898
191 707 227 566 759 173 239 678 698 1030 813 220 165 455 710 382 748 471 586 183 685 588 306 938 546 528 386 444 171 481 169 37 859 516 558 167 345 321 733 910 295 205 357 900 0 1034 112 589 283 347 467 377 304 623 474 696 322 722 471 422 235 570 446 952 415 192 268 295 667 716 469 706 790 965 81 395 212 579
844 389 919 738 644 1081 796 1251 1566 478 603 818 869 884 928 1292 648 1086 1461 860 1566 1161 769 807 1573 529 649 1187 863 813 865 1013 634 664 583 1032 1283 714 1305 1149 759 831 676 665 1034 0 1032 499 752 1189 755 681 1129 530 1485 1369 1356 1546 1366 612 800 824 1476 1018 1449 844 778 814 1090 1028 1152 1486 309 774 960 688 1116 1351
226 734 321 643 827 285 265 567 794 1078 876 258 200 550 806 304 816 359 506 177 779 476 362 852 543 508 399 336 200 395 192 143 788 579 511 279 276 322 845 1015 273 241 362 827 112 1032 0 623 288 247 394 353 416 578 533 807 354 822 570 433 241 658 484 1048 441 226 308 238 557 609 358 811 813 1043 158 445 115 479
402 120 431 271 302 598 359 1028 1066 461 319 370 428 392 502 921 298 816 1116 448 1066 925 290 869 1135 285 234 878 426 596 432 560 704 173 415 549 898 315 830 753 385 387 276 753 589 499 623 0 341 838 530 344 632 424 1005 881 900 1048 868 208 384 358 1010 676 992 401 321 473 913 895 864 990 207 530 508 201 730 1047
102 448 255 432 584 370 60 721 915 802 623 91 122 412 646 580 575 500 775 111 907 618 153 758 822 250 110 545 114 347 114 266 640 339 310 327 559 37 822 889 69 94 75 687 283 752 288 341 0 497 298 116 465 368 750 826 606 920 690 145 48 480 729 876 698 102 92 157 638 648 538 884 524 812 215 195 390 711
462 940 568 887 1066 506 492 359 936 1299 1112 493 439 797 1054 112 1056 213 279 397 917 293 601 823 478 661 605 116 436 419 427 384 811 817 617 512 129 523 1063 1258 456 476 563 839 347 1189 247 838 497 0 455 519 632 681 606 1010 406 980 731 634 457 906 520 1295 459 462 541 381 414 497 165 985 1011 1286 406 677 134 232
370 593 542 708 823 615 350 514 1162 966 848 377 374 710 935 566 816 330 713 311 1150 417 450 475 904 263 335 433 363 66 356 473 394 602 172 584 570 286 1117 1182 231 371 300 433 467 755 394 530 298 455 0 205 732 230 927 1112 745 1179 934 340 308 767 876 1155 828 370 391 177 384 367 396 1153 641 1055 440 469 424 595
215 429 371 502 625 483 177 683 1030 800 655 208 231 511 730 616 617 472 797 193 1022 581 254 646 896 155 129 542 221 265 218 367 524 397 194 442 603 90 934 979 82 209 95 571 377 681 353 344 116 519 205 0 582 253 851 941 695 1037 805 140 151 562 822 950 786 215 203 138 577 571 523 1001 494 857 319 264 435 712
369 750 219 472 671 130 405 978 453 988 735 374 360 306 512 634 660 775 824 420 447 891 371 1208 633 703 521 739 371 760 377 279 1104 487 776 149 589 497 432 658 515 373 517 1149 304 1129 416 632 465 632 732 582 0 834 405 392 390 454 237 553 435 428 449 739 461 369 390 556 971 1017 769 421 837 828 296 442 502 855
469 443 618 665 726 737 429 723 1284 800 734 459 485 722 904 791 722 557 944 442 1276 632 484 446 1113 151 329 664 474 284 471 617 292 553 67 696 790 336 1162 1158 331 462 321 341 623 530 578 424 368 681 230 253 834 0 1098 1181 931 1288 1059 310 405 742 1061 1097 1020 469 447 340 569 521 625 1250 467 948 571 458 634 824
649 1126 574 876 1077 407 697 954 372 1391 1140 671 627 712 902 537 1065 812 653 658 348 898 719 1381 304 1000 841 719 636 927 636 485 1322 880 1032 456 493 788 680 997 770 661 820 1360 474 1485 533 1005 750 606 927 851 405 1098 0 578 199 437 262 877 705 834 105 1112 165 650 708 764 1019 1095 771 476 1213 1230 535 805 535 757
742 980 572 632 778 522 768 1364 306 1096 840 738 738 489 502 994 769 1165 1165 803 325 1280 697 1583 877 1037 853 1121 749 1145 757 671 1465 709 1131 539 947 852 120 473 885 742 861 1512 696 1369 807 881 826 1010 1112 941 392 1181 578 0 683 241 321 877 806 549 671 629 715 741 738 938 1363 1409 1155 161 1060 833 686 736 886 1222
512 1020 485 821 1024 327 560 758 543 1320 1084 539 487 673 900 344 1012 613 487 502 522 700 609 1188 248 848 707 521 493 739 491 344 1138 800 864 370 299 643 766 1042 612 526 680 1175 322 1356 354 900 606 406 745 695 390 931 199 683 0 597 368 744 558 798 130 1129 92 512 583 592 819 896 572 618 1105 1204 397 700 339 571
823 1157 671 824 991 563 860 1340 77 1314 1055 829 812 663 730 938 981 1164 1081 869 101 1269 817 1655 738 1156 972 1096 823 1200 829 708 1557 882 1231 598 891 952 360 713 968 828 970 1602 722 1546 822 1048 920 980 1179 1037 454 1288 437 241 597 0 253 1001 889 748 542 870 598 823 843 1002 1371 1431 1140 79 1241 1067 739 877 875 1167
589 985 455 686 877 322 630 1091 228 1200 942 600 575 516 666 697 866 911 854 627 217 1017 608 1408 557 935 755 846 586 952 590 460 1318 717 998 362 649 724 419 738 731 596 747 1362 471 1366 570 868 690 731 934 805 237 1059 262 321 368 253 0 788 654 627 350 861 393 589 621 757 1118 1178 889 255 1072 1003 495 680 622 927
231 306 333 373 484 480 183 823 1005 668 514 206 256 412 608 722 477 609 913 256 1001 720 184 745 965 161 36 670 250 403 254 400 601 264 272 432 703 112 853 860 178 218 71 650 422 612 433 208 145 634 340 140 553 310 877 877 744 1001 788 0 193 442 864 819 837 231 169 264 717 708 656 957 380 716 347 149 533 839
65 493 234 453 614 332 46 698 880 843 657 69 80 414 657 536 605 476 733 64 872 596 163 777 773 294 158 511 70 350 68 220 668 367 343 292 514 85 808 894 79 63 124 714 235 800 241 384 48 457 308 151 435 405 705 806 558 889 654 193 0 493 682 891 650 65 97 146 626 643 509 856 571 841 170 223 345 676
458 440 343 88 249 473 447 1188 784 574 315 432 475 125 167 953 238 966 1156 534 790 1087 329 1185 1047 591 436 984 482 823 492 532 1034 192 712 437 916 483 481 418 549 447 467 1083 570 824 658 358 480 906 767 562 428 742 834 549 798 748 627 442 493 0 875 398 879 458 395 636 1118 1127 991 680 514 406 501 298 773 1137
633 1131 585 908 1110 419 681 860 477 1416 1172 658 608 750 959 443 1099 731 548 628 454 810 720 1316 206 974 828 631 615 869 614 464 1269 899 994 466 401 767 769 1073 739 645 802 1305 446 1476 484 1010 729 520 876 822 449 1061 105 671 130 542 350 864 682 875 0 1177 63 633 700 722 935 1015 685 578 1217 1277 516 809 466 657
856 702 727 447 392 825 845 1586 932 596 417 830 872 497 241 1333 392 1364 1534 932 948 1485 727 1544 1370 951 820 1379 879 1214 889 914 1381 555 1079 800 1293 876 511 177 944 845 855 1429 952 1018 1048 676 876 1295 1155 950 739 1097 1112 629 1129 870 861 819 891 398 1177 0 1197 856 793 1033 1514 1520 1388 790 743 269 889 687 1161 1528
605 1112 574 906 1109 412 653 797 536 1409 1170 632 580 754 973 380 1098 671 487 594 512 748 701 1262 173 939 800 569 586 818 584 437 1219 889 952 457 339 736 807 1100 703 619 773 1255 415 1449 441 992 698 459 828 786 461 1020 165 715 92 598 393 837 650 879 63 1197 0 605 676 679 874 956 624 630 1197 1284 490 792 412 594
0 517 171 428 603 268 47 730 815 852 651 31 26 368 618 530 593 509 731 76 807 630 138 842 737 352 195 529 26 408 35 169 734 355 408 227 502 139 747 849 145 14 170 779 192 844 226 401 102 462 370 215 369 469 650 741 512 823 589 231 65 458 633 856 605 0 82 201 671 695 533 790 599 824 116 218 339 688
82 439 171 356 524 310 52 795 842 770 571 50 108 320 560 612 515 573 812 146 836 693 66 849 814 313 135 603 108 439 116 240 726 276 393 263 584 113 731 799 160 67 127 774 268 778 308 321 92 541 391 203 390 447 708 738 583 843 621 169 97 395 700 793 676 82 0 241 723 737 603 803 522 748 188 136 421 765
201 565 373 589 736 438 192 566 986 933 772 215 201 561 801 479 727 347 659 135 974 463 307 653 776 284 241 406 190 207 181 298 563 495 272 407 469 165 949 1041 91 205 199 606 295 814 238 473 157 381 177 138 556 340 764 938 592 1002 757 264 146 636 722 1033 679 201 241 0 482 496 391 976 632 966 263 351 303 576
671 977 833 1070 1202 841 672 177 1334 1349 1230 691 662 1039 1283 504 1194 208 537 595 1317 139 789 473 875 645 705 308 653 318 643 693 536 970 533 828 538 640 1395 1520 570 679 666 543 667 1090 557 913 638 414 384 577 971 569 1019 1363 819 1371 1118 717 626 1118 935 1514 874 671 723 482 0 99 251 1365 1020 1434 685 830 497 375
695 947 862 1072 1190 888 689 271 1398 1315 1213 711 689 1057 1294 593 1184 284 636 621 1382 237 801 374 966 616 701 396 679 306 670 738 448 968 495 870 624 644 1433 1537 578 701 664 451 716 1028 609 895 648 497 367 571 1017 521 1095 1409 896 1431 1178 708 643 1127 1015 1520 956 695 737 496 99 0 338 1421 983 1422 724 832 564 474
533 952 670 960 1122 639 551 209 1098 1323 1161 561 516 894 1149 254 1113 72 331 458 1080 129 668 685 627 642 633 58 509 342 499 501 699 876 568 637 287 554 1200 1368 481 545 590 720 469 1152 358 864 538 165 396 523 769 625 771 1155 572 1140 889 656 509 991 685 1388 624 533 603 391 251 338 0 1141 1013 1349 509 732 269 199
790 1097 631 759 920 540 824 1345 149 1242 984 794 781 602 655 952 910 1161 1105 841 170 1269 773 1629 779 1114 929 1100 793 1178 799 688 1524 822 1195 569 904 915 281 633 936 794 930 1570 706 1486 811 990 884 985 1153 1001 421 1250 476 161 618 79 255 957 856 680 578 790 630 790 803 976 1365 1421 1141 0 1180 989 714 826 873 1181
599 87 639 428 353 806 553 1155 1264 333 328 569 626 578 625 1102 355 958 1290 635 1266 1056 497 875 1336 378 413 1036 622 707 627 762 697 359 488 757 1083 492 995 857 555 584 452 742 790 309 813 207 524 1011 641 494 837 467 1213 1060 1105 1241 1072 380 571 514 1217 743 1197 599 522 632 1020 983 1013 1180 0 530 710 408 913 1205
825 514 741 400 232 879 799 1532 1119 329 214 794 847 531 340 1344 239 1313 1548 895 1131 1429 685 1386 1453 816 729 1352 850 1119 860 928 1213 473 945 842 1310 801 726 437 874 811 770 1260 965 774 1043 530 812 1286 1055 857 828 948 1230 833 1204 1067 1003 716 841 406 1277 269 1284 824 748 966 1434 1422 1349 989 530 0 890 617 1158 1513
116 627 163 490 680 175 164 716 723 949 733 142 92 391 648 454 670 500 657 132 713 621 225 916 626 464 311 492 100 464 101 52 822 436 508 147 420 252 709 859 240 129 286 866 81 960 158 508 215 406 440 319 296 571 535 686 397 739 495 347 170 501 516 889 490 116 188 263 685 724 509 714 710 890 0 314 272 638
218 322 232 240 391 397 185 916 888 636 435 186 244 263 466 748 381 696 949 281 885 814 90 893 937 308 138 735 244 527 252 364 750 144 420 348 721 189 707 716 261 203 169 799 395 688 445 201 195 677 469 264 442 458 805 736 700 877 680 149 223 298 809 687 792 218 136 351 830 832 732 826 408 617 314 0 557 899
339 838 434 759 942 374 374 477 837 1188 991 371 314 663 919 191 932 289 391 282 820 396 476 850 480 586 500 236 313 407 304 249 809 694 567 378 170 420 934 1123 361 353 461 843 212 1116 115 730 390 134 424 435 502 634 535 886 339 875 622 533 345 773 466 1161 412 339 421 303 497 564 269 873 913 1158 272 557 0 367
688 1141 801 1116 1290 732 714 230 1115 1508 1334 718 667 1030 1286 229 1280 267 163 619 1093 239 827 845 543 838 813 169 662 540 653 616 882 1041 767 742 277 733 1283 1489 661 701 771 898 579 1351 479 1047 711 232 595 712 855 824 757 1222 571 1167 927 839 676 1137 657 1528 594 688 765 576 375 474 199 1181 1205 1513 638 899 367 0
