0 879 168 611 1700 782 989 1598 1335 1408 697 1330 1164 275 951 876
879 0 1047 666 2386 437 1190 848 1581 761 756 2185 1255 1150 457 1595
168 1047 0 741 1601 938 1048 1760 1336 1552 814 1166 1233 108 1096 766
611 666 741 0 1741 288 549 1091 1835 1410 115 1877 664 844 1016 1488
1700 2386 1601 1741 0 2024 1372 2716 2843 3067 1684 1649 1473 1573 2619 2002
782 437 938 288 2024 0 759 830 1841 1199 344 2101 818 1046 858 1635
989 1190 1048 549 1372 759 0 1345 2311 1948 441 2000 194 1122 1565 1805
1598 848 1760 1091 2716 830 1345 0 2416 1292 1092 2927 1281 1869 1235 2410
1335 1581 1336 1835 2843 1841 2311 2416 0 1376 1946 1605 2472 1318 1191 899
1408 761 1552 1410 3067 1199 1948 1292 1376 0 1509 2523 2017 1630 457 1808
697 756 814 115 1684 344 441 1092 1946 1509 0 1925 549 913 1124 1572
1330 2185 1166 1877 1649 2101 2000 2927 1605 2523 1925 0 2193 1057 2106 750
1164 1255 1233 664 1473 818 194 1281 2472 2017 549 2193 0 1310 1660 1994
275 1150 108 844 1573 1046 1122 1869 1318 1630 913 1057 1310 0 1176 683
951 457 1096 1016 2619 858 1565 1235 1191 457 1124 2106 1660 1176 0 1420
876 1595 766 1488 2002 1635 1805 2410 899 1808 1572 750 1994 683 1420 0
