0 286 1438 207 551 1575 1640 819 1691 1220 290 514 828 253 209 126
286 0 1171 122 724 1549 1391 581 1503 1234 351 796 1029 239 175 326
1438 1171 0 1289 1869 1523 290 1061 1679 2116 1298 1949 2180 1234 1241 1498
207 122 1289 0 602 1629 1512 613 1502 1145 377 695 907 281 206 212
551 724 1869 602 0 2111 2106 973 1596 791 838 469 310 801 744 434
1575 1549 1523 1629 2111 0 1428 1979 2895 2774 1285 1832 2342 1354 1427 1701
1640 1391 290 1512 2106 1428 0 1343 1961 2397 1462 2141 2415 1415 1435 1713
819 581 1061 613 973 1979 1343 0 942 1055 928 1259 1263 814 755 783
1691 1503 1679 1502 1596 2895 1961 942 0 1108 1855 2017 1784 1742 1677 1615
1220 1234 2116 1145 791 2774 2397 1055 1108 0 1498 1256 814 1420 1347 1096
290 351 1298 377 838 1285 1462 928 1855 1498 0 695 1102 113 178 416
514 796 1949 695 469 1832 2141 1259 2017 1256 695 0 549 726 708 488
828 1029 2180 907 310 2342 2415 1263 1784 814 1102 549 0 1082 1032 723
253 239 1234 281 801 1354 1415 814 1742 1420 113 726 1082 0 74 367
209 175 1241 206 744 1427 1435 755 1677 1347 178 708 1032 74 0 310
126 326 1498 212 434 1701 1713 783 1615 1096 416 488 723 367 310 0
