0 1578 1503 695 311 1317 1425 270 1255 1381 1646 176 1051 1227 1377 980 476
1578 0 2790 2140 1470 2895 1575 1688 1216 1319 3210 1583 1705 2752 2914 2378 1947
1503 2790 0 1691 1807 1226 1610 1253 1792 1803 1068 1375 2483 1637 1646 1864 1614
695 2140 1691 0 672 928 2092 840 1948 2070 1358 829 914 623 791 286 219
311 1470 1807 672 0 1476 1633 581 1409 1547 1849 475 752 1282 1446 927 478
1317 2895 1226 928 1476 0 2347 1256 2345 2429 445 1336 1838 491 437 914 1027
1425 1575 1610 2092 1633 2347 0 1254 364 263 2457 1268 2339 2490 2600 2376 1883
270 1688 1253 840 581 1256 1254 0 1145 1255 1527 123 1320 1270 1402 1122 639
1255 1216 1792 1948 1409 2345 364 1145 0 146 2518 1123 2068 2416 2543 2234 1730
1381 1319 1803 2070 1547 2429 263 1255 146 0 2580 1242 2213 2521 2644 2356 1854
1646 3210 1068 1358 1849 445 2457 1527 2518 2580 0 1627 2272 921 828 1359 1430
176 1583 1375 829 475 1336 1268 123 1123 1242 1627 0 1224 1310 1450 1115 616
1051 1705 2483 914 752 1838 2339 1320 2068 2213 2272 1224 0 1461 1624 976 891
1227 2752 1637 623 1282 491 2490 1270 2416 2521 921 1310 1461 0 168 486 805
1377 2914 1646 791 1446 437 2600 1402 2543 2644 828 1450 1624 168 0 647 968
980 2378 1864 286 927 914 2376 1122 2234 2356 1359 1115 976 486 647 0 504
476 1947 1614 219 478 1027 1883 639 1730 1854 1430 616 891 805 968 504 0
