0 1076 1080 822 730 702 1523 841 704 768 1533 1047 453 1257 561 287
1076 0 479 1444 1806 1025 508 874 945 1769 1725 1786 1054 860 1601 943
1080 479 0 1683 1772 716 553 1226 636 1845 2110 2000 857 382 1641 843
822 1444 1683 0 1003 1511 1953 645 1499 653 789 346 1274 1963 692 1087
730 1806 1772 1003 0 1208 2247 1401 1252 414 1786 979 963 1872 314 929
702 1025 716 1511 1208 0 1268 1333 81 1410 2158 1750 262 680 1184 424
1523 508 553 1953 2247 1268 0 1371 1187 2252 2190 2294 1387 797 2071 1334
841 874 1226 645 1401 1333 1371 0 1287 1178 885 988 1174 1572 1104 969
704 945 636 1499 1252 81 1187 1287 0 1434 2125 1750 291 623 1209 418
768 1769 1845 653 414 1410 2252 1178 1434 0 1406 568 1148 2020 227 1040
1533 1725 2110 789 1786 2158 2190 885 2125 1406 0 883 1956 2457 1480 1752
1047 1786 2000 346 979 1750 2294 988 1750 568 883 0 1497 2258 716 1331
453 1054 857 1274 963 262 1387 1174 291 1148 1956 1497 0 909 922 206
1257 860 382 1963 1872 680 797 1572 623 2020 2457 2258 909 0 1801 980
561 1601 1641 692 314 1184 2071 1104 1209 227 1480 716 922 1801 0 822
287 943 843 1087 929 424 1334 969 418 1040 1752 1331 206 980 822 0
