0 766 1608 198 1085 755 1650 1628 370 531 79 1002 901 139 1121 1289 304
766 0 842 684 1839 1266 906 1577 771 1246 787 628 1052 626 1851 675 946
1608 842 0 1515 2676 2022 292 1910 1568 2076 1628 1041 1672 1469 2676 692 1770
198 684 1515 0 1161 658 1590 1436 531 715 275 1047 1055 180 1166 1130 263
1085 1839 2676 1161 0 885 2735 2023 1293 811 1089 2036 1683 1223 188 2245 915
755 1266 2022 658 885 0 2155 1159 1123 996 821 1704 1650 825 785 1470 453
1650 906 292 1590 2735 2155 0 2162 1543 2073 1656 910 1553 1512 2755 944 1852
1628 1577 1910 1436 2023 1159 2162 0 1957 2065 1708 2200 2453 1599 1888 1219 1431
370 771 1568 531 1293 1123 1543 1957 0 536 301 746 530 358 1372 1412 669
531 1246 2076 715 811 996 2073 2065 536 0 478 1275 872 650 930 1817 634
79 787 1628 275 1089 821 1656 1708 301 478 0 969 830 171 1138 1338 368
1002 628 1041 1047 2036 1704 910 2200 746 1275 969 0 643 893 2103 1231 1287
901 1052 1672 1055 1683 1650 1553 2453 530 872 830 643 0 875 1797 1727 1197
139 626 1469 180 1223 825 1512 1599 358 650 171 893 875 0 1253 1167 394
1121 1851 2676 1166 188 785 2755 1888 1372 930 1138 2103 1797 1253 0 2205 906
1289 675 692 1130 2245 1470 944 1219 1412 1817 1338 1231 1727 1167 2205 0 1339
304 946 1770 263 915 453 1852 1431 669 634 368 1287 1197 394 906 1339 0
