0 184 232 1022 455 1078 798 675 1105 1406 450 1480 1191 762 874 1
184 0 399 1076 606 1140 961 545 1235 1268 561 1297 1353 844 705 182
232 399 0 1129 453 915 728 775 1100 1492 269 1690 959 590 1102 233
1022 1076 1129 0 712 2041 759 1605 541 2293 1398 1871 1799 1716 1233 1023
455 606 453 712 0 1340 360 1130 657 1861 710 1816 1133 1017 1158 456
1078 1140 915 2041 1340 0 1502 1012 1925 1385 645 2134 862 325 1745 1078
798 961 728 759 360 1502 0 1469 428 2200 936 2168 1066 1199 1504 800
675 545 775 1605 1130 1012 1469 0 1775 731 733 1124 1559 837 799 673
1105 1235 1100 541 657 1925 428 1775 0 2503 1335 2292 1468 1616 1626 1107
1406 1268 1492 2293 1861 1385 2200 731 2503 0 1391 1128 2139 1367 1233 1405
450 561 269 1398 710 645 936 733 1335 1391 0 1776 842 321 1250 451
1480 1297 1690 1871 1816 2134 2168 1124 2292 1128 1776 0 2616 1949 668 1478
1191 1353 959 1799 1133 862 1066 1559 1468 2139 842 2616 0 771 2059 1192
762 844 590 1716 1017 325 1199 837 1616 1367 321 1949 771 0 1493 762
874 705 1102 1233 1158 1745 1504 799 1626 1233 1250 668 2059 1493 0 873
1 182 233 1023 456 1078 800 673 1107 1405 451 1478 1192 762 873 0
