0 1437 278 1224 572 1554 1176 357 464 564 1346 474 336 443 297 1056
1437 0 1205 2492 931 1106 387 1760 1321 1634 2038 1887 1399 1003 1371 1687
278 1205 0 1338 299 1284 991 636 568 536 1248 750 496 207 202 1197
1224 2492 1338 0 1568 2070 2326 1148 1656 858 982 1088 1511 1542 1143 2127
572 931 299 1568 0 1041 776 928 726 717 1291 1046 707 167 440 1330
1554 1106 1284 2070 1041 0 1321 1902 1765 1334 1261 2001 1747 1209 1300 2346
1176 387 991 2326 776 1321 0 1465 976 1489 2027 1592 1073 784 1182 1300
357 1760 636 1148 928 1902 1465 0 563 755 1527 127 422 790 609 981
464 1321 568 1656 726 1765 976 563 0 1021 1790 678 146 559 712 628
564 1634 536 858 717 1334 1489 755 1021 0 787 802 900 720 336 1620
1346 2038 1248 982 1291 1261 2027 1527 1790 787 0 1552 1679 1375 1078 2402
474 1887 750 1088 1046 2001 1592 127 678 802 1552 0 542 912 702 1042
336 1399 496 1511 707 1747 1073 422 146 900 1679 542 0 540 609 723
443 1003 207 1542 167 1209 784 790 559 720 1375 912 540 0 399 1170
297 1371 202 1143 440 1300 1182 609 712 336 1078 702 609 399 0 1332
1056 1687 1197 2127 1330 2346 1300 981 628 1620 2402 1042 723 1170 1332 0
