0 779 890 1285 1255 296 892 1564 406 46 523 1105 125 1213 527 1119
779 0 904 1241 823 498 1667 890 644 736 1221 1328 898 1667 251 1894
890 904 0 401 1715 889 1437 1101 1153 889 1386 1941 909 2103 808 1622
1285 1241 401 0 2064 1288 1729 1167 1553 1287 1766 2341 1293 2499 1187 1889
1255 823 1715 2064 0 993 2064 1468 871 1210 1431 971 1374 1451 926 2282
296 498 889 1288 993 0 1186 1339 265 250 730 1056 421 1282 257 1414
892 1667 1437 1729 2064 1186 0 2383 1201 937 674 1530 770 1316 1415 227
1564 890 1101 1167 1468 1339 2383 0 1529 1531 2065 2199 1660 2557 1085 2597
406 644 1153 1553 871 265 1201 1529 0 368 621 790 514 1042 460 1424
46 736 889 1287 1210 250 937 1531 368 0 545 1086 172 1214 485 1164
523 1221 1386 1766 1431 730 674 2065 621 545 0 872 477 782 988 872
1105 1328 1941 2341 971 1056 1530 2199 790 1086 872 0 1158 491 1219 1702
125 898 909 1293 1374 421 770 1660 514 172 477 1158 0 1217 646 997
1213 1667 2103 2499 1451 1282 1316 2557 1042 1214 782 491 1217 0 1502 1438
527 251 808 1187 926 257 1415 1085 460 485 988 1219 646 1502 0 1642
1119 1894 1622 1889 2282 1414 227 2597 1424 1164 872 1702 997 1438 1642 0
