0 180 3 1634 663 427 1682 1100 371 715 1612 818 1723 22 34 684
180 0 177 1806 611 261 1817 1017 465 887 1742 723 1543 199 155 781
3 177 0 1636 661 424 1684 1100 371 717 1615 815 1720 25 32 687
1634 1806 1636 0 1826 2061 729 2577 1432 918 1736 2050 3319 1619 1666 1686
663 611 661 1826 0 745 1591 1570 476 1016 2249 225 1581 682 672 1348
427 261 424 2061 745 0 2074 825 717 1142 1841 785 1319 442 395 858
1682 1817 1684 729 1591 2074 0 2762 1359 1071 2330 1785 3171 1677 1716 2001
1100 1017 1100 2577 1570 825 2762 0 1466 1717 1709 1589 1460 1101 1068 935
371 465 371 1432 476 717 1359 1466 0 557 1806 692 1889 376 400 979
715 887 717 918 1016 1142 1071 1717 557 0 1470 1240 2412 701 747 932
1612 1742 1615 1736 2249 1841 2330 1709 1806 1470 0 2426 3057 1590 1615 982
818 723 815 2050 225 785 1785 1589 692 1240 2426 0 1404 839 819 1495
1723 1543 1720 3319 1581 1319 3171 1460 1889 2412 3057 1404 0 1742 1696 2106
22 199 25 1619 682 442 1677 1101 376 701 1590 839 1742 0 46 666
34 155 32 1666 672 395 1716 1068 400 747 1615 819 1696 46 0 677
684 781 687 1686 1348 858 2001 935 979 932 982 1495 2106 666 677 0
