0 1520 1656 89 1572 245 355 397 1430 153 1710 992 1601 488 1635 719
1520 0 1815 1579 2639 1315 1812 1163 2725 1507 2310 1237 3050 1557 2926 1704
1656 1815 0 1615 3223 1474 1969 1414 3017 1793 3319 747 3009 1193 1803 1028
89 1579 1615 0 1607 275 363 433 1440 233 1778 975 1578 430 1546 652
1572 2639 3223 1607 0 1783 1257 1893 482 1448 752 2557 1041 2032 2576 2228
245 1315 1474 275 1783 0 599 158 1668 335 1851 774 1845 400 1717 639
355 1812 1969 363 1257 599 0 746 1078 307 1509 1337 1258 776 1626 973
397 1163 1414 433 1893 158 746 0 1804 461 1906 685 1998 466 1829 687
1430 2725 3017 1440 482 1668 1078 1804 0 1342 1198 2415 567 1832 2157 1993
153 1507 1793 233 1448 335 307 461 1342 0 1558 1108 1563 639 1758 872
1710 2310 3319 1778 752 1851 1509 1906 1198 1558 0 2588 1765 2198 3067 2429
992 1237 747 975 2557 774 1337 685 2415 1108 2588 0 2512 626 1788 611
1601 3050 3009 1578 1041 1845 1258 1998 567 1563 1765 2512 0 1889 1823 1991
488 1557 1193 430 2032 400 776 466 1832 639 2198 626 1889 0 1379 240
1635 2926 1803 1546 2576 1717 1626 1829 2157 1758 3067 1788 1823 1379 0 1225
719 1704 1028 652 2228 639 973 687 1993 872 2429 611 1991 240 1225 0
