0 219 596 216 358 668 1316 1114 1361 1613 1138 485 1667 554 541 1632 1198
219 0 652 334 576 450 1162 1281 1578 1516 1326 647 1675 677 419 1439 1047
596 652 0 382 703 963 1067 1560 1362 1172 900 1004 1076 1112 1071 2007 1685
216 334 382 0 404 752 1217 1246 1310 1454 1000 647 1456 741 730 1770 1377
358 576 703 404 0 1022 1620 858 1016 1846 891 340 1751 480 812 1943 1461
668 450 963 752 1022 0 981 1637 2028 1456 1752 1027 1826 1007 445 1043 788
1316 1162 1067 1217 1620 981 0 2430 2430 549 1945 1798 1221 1839 1404 1677 1689
1114 1281 1560 1246 858 1637 2430 0 1097 2700 1405 634 2580 630 1241 2266 1691
1361 1578 1362 1310 1016 2028 2430 1097 0 2471 596 1180 2035 1308 1817 2954 2444
1613 1516 1172 1454 1846 1456 549 2700 2471 0 1915 2094 803 2166 1838 2226 2208
1138 1326 900 1000 891 1752 1945 1405 596 1915 0 1190 1438 1337 1670 2765 2330
485 647 1004 647 340 1027 1798 634 1180 2094 1190 0 2072 147 685 1804 1270
1667 1675 1076 1456 1751 1826 1221 2580 2035 803 1438 2072 0 2186 2081 2781 2613
554 677 1112 741 480 1007 1839 630 1308 2166 1337 147 2186 0 621 1710 1160
541 419 1071 730 812 445 1404 1241 1817 1838 1670 685 2081 621 0 1136 659
1632 1439 2007 1770 1943 1043 1677 2266 2954 2226 2765 1804 2781 1710 1136 0 581
1198 1047 1685 1377 1461 788 1689 1691 2444 2208 2330 1270 2613 1160 659 581 0
