0 1700 991 280 458 112 783 1525 263 171 75 1379 1054 58 220 556
1700 0 1746 1421 1254 1609 2169 3218 1538 1866 1648 3079 2239 1757 1479 1171
991 1746 0 935 890 1038 1764 2106 767 1004 1034 1903 542 1014 951 1146
280 1421 935 0 183 208 963 1805 199 444 241 1659 1140 338 60 311
458 1254 890 183 0 391 1129 1983 292 616 424 1832 1181 516 243 257
112 1609 1038 208 391 0 774 1609 275 279 41 1471 1145 160 149 452
783 2169 1764 963 1129 774 0 1259 1040 765 761 1222 1711 752 912 1048
1525 3218 2106 1805 1983 1609 1259 0 1733 1368 1571 215 1718 1467 1745 2050
263 1538 767 199 292 275 1040 1733 0 373 280 1571 941 309 192 499
171 1866 1004 444 616 279 765 1368 373 0 238 1216 977 119 387 728
75 1648 1034 241 424 41 761 1571 280 238 0 1431 1122 119 180 493
1379 3079 1903 1659 1832 1471 1222 215 1571 1216 1431 0 1505 1322 1600 1920
1054 2239 542 1140 1181 1145 1711 1718 941 977 1122 1505 0 1047 1126 1427
58 1757 1014 338 516 160 752 1467 309 119 119 1322 1047 0 278 610
220 1479 951 60 243 149 912 1745 192 387 180 1600 1126 278 0 353
556 1171 1146 311 257 452 1048 2050 499 728 493 1920 1427 610 353 0
