0 1679 724 772 141 72 506 159 1664 1356 387 1718 1406 971 11 803
1679 0 1354 1332 1782 1669 1575 1819 1101 1534 1750 186 2250 1058 1668 1656
724 1354 0 49 721 661 288 875 973 1753 510 1315 2041 1185 715 1361
772 1332 49 0 770 709 334 923 924 1778 558 1288 2081 1205 763 1398
141 1782 721 770 0 115 465 184 1686 1494 294 1810 1505 1111 147 929
72 1669 661 709 115 0 435 214 1611 1413 316 1700 1479 1005 69 869
506 1575 288 334 465 435 0 638 1258 1721 223 1558 1896 1209 500 1248
159 1819 875 923 184 214 638 0 1823 1366 479 1866 1325 1046 170 778
1664 1101 973 924 1686 1611 1258 1823 0 2289 1481 941 2803 1685 1654 2110
1356 1534 1753 1778 1494 1413 1721 1366 2289 0 1712 1696 800 608 1353 615
387 1750 510 558 294 316 223 479 1481 1712 0 1747 1791 1255 385 1185
1718 186 1315 1288 1810 1700 1558 1866 941 1696 1747 0 2391 1190 1707 1774
1406 2250 2041 2081 1505 1479 1896 1325 2803 800 1791 2391 0 1202 1410 695
971 1058 1185 1205 1111 1005 1209 1046 1685 608 1255 1190 1202 0 964 607
11 1668 715 763 147 69 500 170 1654 1353 385 1707 1410 964 0 802
803 1656 1361 1398 929 869 1248 778 2110 615 1185 1774 695 607 802 0
