0 95 986 1320 202 1444 1092 1275 877 474 1308 910 471 92 855 603
95 0 1077 1227 200 1444 997 1240 808 564 1386 833 527 185 778 674
986 1077 0 2232 999 1997 2065 2059 1628 512 491 1877 702 910 1667 876
1320 1227 2232 0 1241 2125 409 1645 695 1740 2400 947 1543 1412 604 1859
202 200 999 1241 0 1639 1072 1439 718 499 1250 994 364 262 717 784
1444 1444 1997 2125 1639 0 1719 538 2112 1679 2473 1178 1867 1423 2026 1128
1092 997 2065 409 1072 1719 0 1236 782 1554 2309 540 1421 1179 661 1559
1275 1240 2059 1645 1439 538 1236 0 1752 1639 2493 709 1743 1290 1650 1202
877 808 1628 695 718 2112 782 1752 0 1182 1731 1085 926 962 121 1480
474 564 512 1740 499 1679 1554 1639 1182 0 862 1376 309 404 1201 584
1308 1386 491 2400 1250 2473 2309 2493 1731 862 0 2219 890 1254 1800 1345
910 833 1877 947 994 1178 540 709 1085 1376 2219 0 1353 972 973 1192
471 527 702 1543 364 1867 1421 1743 926 309 890 1353 0 455 966 842
92 185 910 1412 262 1423 1179 1290 962 404 1254 972 455 0 944 523
855 778 1667 604 717 2026 661 1650 121 1201 1800 973 966 944 0 1452
603 674 876 1859 784 1128 1559 1202 1480 584 1345 1192 842 523 1452 0
