0 1243 1087 409 289 88 929 1547 759 87 125 1005 526 681 457 1636
1243 0 1414 983 1435 1311 316 2417 1319 1330 1361 1073 1305 1084 833 2332
1087 1414 0 769 1361 1053 1195 1099 1796 1103 1082 1898 578 456 891 2724
409 983 769 0 695 428 673 1507 1032 470 477 1140 352 316 168 2002
289 1435 1361 695 0 308 1133 1684 606 257 283 950 787 969 719 1367
88 1311 1053 428 308 0 995 1464 831 50 51 1090 479 669 504 1674
929 316 1195 673 1133 995 0 2141 1098 1015 1045 939 1007 814 519 2135
1547 2417 1099 1507 1684 1464 2141 0 2281 1496 1452 2550 1155 1333 1676 2920
759 1319 1796 1032 606 831 1098 2281 0 791 834 420 1271 1348 949 1040
87 1330 1103 470 257 50 1015 1496 791 0 45 1064 530 719 535 1623
125 1361 1082 477 283 51 1045 1452 834 45 0 1110 505 710 556 1650
1005 1073 1898 1140 950 1090 939 2550 420 1064 1110 0 1450 1442 1006 1281
526 1305 578 352 787 479 1007 1155 1271 530 505 1450 0 296 521 2153
681 1084 456 316 969 669 814 1333 1348 719 710 1442 296 0 436 2307
457 833 891 168 719 504 519 1676 949 535 556 1006 521 436 0 1955
1636 2332 2724 2002 1367 1674 2135 2920 1040 1623 1650 1281 2153 2307 1955 0
