0 1408 1670 1658 1442 716 1616 1217 553 775 454 904 1491 725 1516 685
1408 0 3011 2919 34 878 2984 2624 1925 1844 1403 1194 899 754 2803 1121
1670 3011 0 339 3042 2382 1205 683 1371 1234 1961 2014 2737 2393 293 1954
1658 2919 339 0 2947 2372 1505 907 1468 1083 2009 1844 2551 2360 161 1820
1442 34 3042 2947 0 912 3019 2658 1959 1872 1437 1214 899 788 2833 1147
716 878 2382 2372 912 0 2147 1880 1123 1415 539 1139 1382 163 2232 928
1616 2984 1205 1505 3019 2147 0 673 1067 1754 1610 2392 3073 2239 1375 2223
1217 2624 683 907 2658 1880 673 0 775 1127 1394 1837 2551 1928 757 1704
553 1925 1371 1468 1959 1123 1067 775 0 974 619 1403 2037 1192 1308 1205
775 1844 1234 1083 1872 1415 1754 1127 974 0 1223 779 1504 1361 985 737
454 1403 1961 2009 1437 539 1610 1394 619 1223 0 1276 1739 649 1856 1044
904 1194 2014 1844 1214 1139 2392 1837 1403 779 1276 0 726 1008 1759 231
1491 899 2737 2551 899 1382 3073 2551 2037 1504 1739 726 0 1218 2476 851
725 754 2393 2360 788 163 2239 1928 1192 1361 649 1008 1218 0 2225 809
1516 2803 293 161 2833 2232 1375 757 1308 985 1856 1759 2476 2225 0 1718
685 1121 1954 1820 1147 928 2223 1704 1205 737 1044 231 851 809 1718 0
