0 921 629 686 599 606 1071 287 1438 1510 1454 675 1631 913 408 302
921 0 1194 366 343 452 1779 782 2121 1508 910 847 873 1622 779 717
629 1194 0 834 867 742 1579 476 1931 990 1283 417 1590 1438 423 539
686 366 834 0 152 96 1687 470 2048 1211 821 481 947 1526 434 414
599 343 867 152 0 167 1556 439 1914 1347 967 569 1063 1395 445 373
606 452 742 96 167 0 1630 376 1993 1182 870 408 1025 1468 338 324
1071 1779 1579 1687 1556 1630 0 1359 366 2549 2500 1742 2616 161 1479 1367
287 782 476 470 439 376 1359 0 1726 1241 1180 393 1387 1201 122 67
1438 2121 1931 2048 1914 1993 366 1726 0 2909 2864 2108 2969 526 1846 1734
1510 1508 990 1211 1347 1182 2549 1241 2909 0 892 854 1288 2400 1120 1263
1454 910 1283 821 967 870 2500 1180 2864 892 0 886 397 2338 1079 1152
675 847 417 481 569 408 1742 393 2108 854 886 0 1175 1586 270 409
1631 873 1590 947 1063 1025 2616 1387 2969 1288 397 1175 0 2455 1309 1344
913 1622 1438 1526 1395 1468 161 1201 526 2400 2338 1586 2455 0 1321 1207
408 779 423 434 445 338 1479 122 1846 1120 1079 270 1309 1321 0 148
302 717 539 414 373 324 1367 67 1734 1263 1152 409 1344 1207 148 0
