0 310 109 821 409 548 53 761 694 846 171 115 374 534 61 624 723 614 307 507 197 309 623 612 135 414 551 748 828 657 96 751 444 702 806 255 624 577 771 356 229 462 359 208 734 34 425 374 1 128 487 522 784 241 545 482 485 760 29 731 527 314 626 396 280 554 316 313 651 700 777 64 427 712 721 788 828 367
310 0 399 625 357 817 317 1032 468 1054 226 426 622 327 342 623 608 880 567 817 479 603 409 545 393 719 321 438 670 924 283 981 687 540 958 320 414 874 1058 336 101 713 483 296 943 313 630 64 311 312 793 676 875 549 598 538 277 1021 298 420 364 188 905 669 338 575 336 550 747 796 1076 288 721 425 958 1083 1139 351
109 399 0 840 515 538 148 653 802 741 208 79 391 571 138 717 717 603 198 428 88 205 732 715 192 320 595 837 937 644 123 644 459 811 852 356 657 536 666 461 305 353 436 203 629 133 326 463 108 225 431 578 851 195 629 431 593 651 106 814 550 356 518 391 261 509 418 345 576 624 677 111 397 774 613 744 750 471
821 625 840 0 977 1369 859 1242 935 1097 649 910 1193 301 878 1240 214 1434 883 1237 870 974 912 1142 949 1104 305 609 1183 1477 733 1095 1263 1072 1579 940 211 1377 1314 961 630 954 1101 637 1020 845 820 604 820 893 1268 1293 1501 1036 1224 550 833 1206 793 542 293 510 1165 1217 587 493 962 1128 677 700 1375 761 1237 342 1093 1583 1542 976
409 357 515 977 0 654 367 1149 360 1256 479 481 465 682 381 265 965 704 713 811 601 694 291 207 362 766 671 608 427 745 468 1158 506 309 643 164 766 768 1143 55 397 867 232 553 1144 381 833 372 410 293 735 393 531 544 254 838 209 1155 424 630 721 528 1010 541 620 893 104 402 1033 1083 1127 446 627 724 1127 955 1100 50
548 817 538 1369 654 0 515 790 1013 1034 719 462 198 1082 494 650 1256 65 601 358 542 502 946 745 429 440 1097 1217 1016 108 636 910 148 931 451 539 1173 160 728 613 763 678 422 738 945 528 753 873 549 505 233 338 563 348 533 953 848 824 575 1219 1075 863 669 152 800 1035 571 271 1052 1091 662 607 158 1241 871 302 510 608
53 317 148 859 367 515 0 791 668 890 214 125 333 567 24 573 770 580 346 509 234 335 596 567 90 428 581 749 790 624 147 791 403 666 755 208 659 558 795 312 248 500 305 258 778 19 472 380 54 77 476 470 731 234 492 535 461 792 80 737 566 349 653 364 331 606 270 269 704 753 794 115 405 732 760 768 826 322
761 1032 653 1242 1149 790 791 0 1455 306 809 669 813 1077 772 1299 1043 821 465 431 565 456 1385 1333 788 397 1117 1454 1576 834 751 201 843 1455 1240 985 1136 649 104 1093 931 322 1001 750 282 781 437 1094 760 858 557 1053 1325 618 1190 692 1246 53 758 1419 1020 919 140 745 744 752 1046 828 607 612 205 755 660 1324 177 727 484 1101
694 468 802 935 360 1013 668 1455 0 1513 683 792 826 697 689 474 1002 1061 996 1156 890 1002 72 336 694 1093 666 381 249 1102 715 1431 865 162 931 503 752 1128 1463 407 562 1149 590 758 1401 676 1084 428 695 609 1090 728 774 881 543 1004 208 1452 697 434 763 650 1319 901 806 1034 454 761 1214 1263 1460 705 985 607 1404 1315 1455 408
846 1054 741 1097 1256 1034 890 306 1513 0 830 787 1011 1003 878 1450 885 1076 545 682 658 593 1447 1456 917 599 1046 1432 1673 1096 801 125 1056 1545 1470 1098 1040 912 410 1202 954 397 1155 757 112 875 428 1107 845 966 803 1248 1528 784 1351 585 1306 253 833 1386 933 899 376 957 722 615 1159 1007 420 402 512 817 887 1254 163 1019 789 1212
171 226 208 649 479 719 214 809 683 830 0 265 545 367 230 728 555 784 346 636 271 396 618 686 304 521 388 648 861 828 87 755 616 730 965 360 456 738 840 435 124 488 499 77 719 198 404 285 171 266 638 678 926 395 667 359 479 796 144 619 356 148 685 567 141 419 409 483 556 606 865 112 592 566 731 948 957 449
115 426 79 910 481 462 125 669 792 787 265 0 312 633 103 663 793 528 242 391 132 213 721 673 130 303 654 863 908 569 178 682 380 786 774 317 721 472 670 426 342 391 373 275 676 119 386 490 115 189 375 504 780 130 569 510 586 673 131 846 618 414 530 314 338 589 380 268 650 697 669 155 327 822 649 682 712 434
374 622 391 1193 465 198 333 813 826 1011 545 312 0 900 315 512 1096 258 509 401 422 427 756 584 243 420 912 1018 853 303 467 892 70 756 473 341 992 304 774 420 574 623 241 576 910 348 665 676 375 311 294 240 517 237 395 822 653 836 402 1020 900 683 677 81 644 901 376 72 951 995 730 437 176 1048 855 491 647 418
534 327 571 301 682 1082 567 1077 697 1003 367 633 900 0 588 947 305 1147 657 990 617 734 660 859 656 865 44 458 935 1191 454 967 969 814 1277 638 92 1105 1132 663 330 763 800 375 906 554 640 314 533 595 1003 992 1202 762 925 418 559 1051 508 400 76 219 976 930 346 405 661 833 612 652 1177 478 959 251 955 1314 1307 678
61 342 138 878 381 494 24 772 689 878 230 103 315 588 0 580 784 559 333 484 220 316 617 578 74 405 603 774 806 603 157 777 385 683 745 220 679 534 774 326 272 486 304 269 766 33 464 404 62 88 451 462 727 209 494 540 483 775 90 762 585 369 634 342 341 613 282 253 704 752 772 125 381 755 746 744 802 336
624 623 717 1240 265 650 573 1299 474 1450 728 663 512 947 580 0 1231 680 906 909 794 862 431 137 533 902 935 814 380 713 701 1342 517 333 459 372 1030 798 1274 296 659 1053 298 798 1340 591 1044 635 626 496 806 315 301 682 118 1086 427 1314 646 849 987 791 1160 592 869 1147 319 476 1271 1321 1239 675 688 970 1308 945 1151 281
723 608 717 214 965 1256 770 1043 1002 885 555 793 1096 305 784 1231 0 1321 720 1080 728 819 965 1152 858 944 337 731 1240 1362 628 887 1166 1118 1519 893 259 1243 1120 938 578 770 1046 520 810 753 635 609 722 819 1127 1231 1466 911 1194 360 861 1004 694 667 246 445 975 1107 455 291 927 1037 464 486 1187 659 1113 476 888 1443 1373 953
614 880 603 1434 704 65 580 821 1061 1076 784 528 258 1147 559 680 1321 0 660 395 605 559 995 783 493 489 1162 1275 1052 44 701 952 201 972 433 596 1238 174 753 665 827 730 471 803 991 593 810 935 614 568 273 365 563 412 565 1016 902 858 640 1279 1141 928 706 217 865 1098 625 331 1110 1149 681 673 217 1305 913 265 504 660
307 567 198 883 713 601 346 465 996 545 346 242 509 657 333 906 720 660 0 360 112 103 926 911 373 223 691 994 1135 694 286 445 568 1009 983 553 732 544 493 659 466 155 615 296 434 332 156 629 306 421 421 729 1010 272 811 374 787 457 299 963 615 470 339 478 311 457 615 486 451 491 524 291 442 890 414 731 659 669
507 817 428 1237 811 358 509 431 1156 682 636 391 401 990 484 909 1080 395 360 0 372 262 1084 967 463 137 1018 1255 1228 413 552 557 419 1119 808 654 1072 230 377 758 730 368 620 615 601 508 479 882 506 551 125 635 899 277 794 733 957 465 520 1238 958 781 311 325 652 815 709 434 773 804 329 537 233 1202 519 380 322 761
197 479 88 870 601 542 234 565 890 658 271 132 422 617 220 794 728 605 112 372 0 125 820 799 262 250 646 914 1024 643 196 557 486 899 894 440 699 514 581 546 381 266 506 242 547 221 254 542 196 309 399 631 909 195 701 410 682 562 193 888 587 411 431 405 282 492 502 390 528 573 597 192 390 834 526 716 690 556
309 603 205 974 694 502 335 456 1002 593 396 213 427 734 316 862 819 559 103 262 125 0 931 883 336 130 765 1039 1121 592 320 480 481 999 899 530 813 440 462 638 506 197 565 362 487 326 251 667 308 402 317 658 939 193 760 477 794 460 311 1013 699 534 318 387 392 560 592 415 550 589 472 315 343 957 445 628 572 646
623 409 732 912 291 946 596 1385 72 1447 618 721 756 660 617 431 965 995 926 1084 820 931 0 296 622 1021 631 392 275 1036 647 1363 797 160 882 432 722 1058 1391 336 500 1080 523 695 1335 604 1018 375 624 537 1018 668 733 809 489 947 140 1382 627 438 722 594 1248 831 745 981 383 691 1156 1205 1387 636 914 595 1336 1246 1383 338
612 545 715 1142 207 745 567 1333 336 1456 686 673 584 859 578 137 1152 783 911 967 799 883 296 0 547 941 841 684 270 819 675 1355 603 200 596 358 936 883 1318 257 599 1064 347 761 1345 582 1037 545 614 490 875 424 438 717 223 1045 312 1342 629 723 906 725 1193 665 827 1098 297 535 1240 1290 1292 653 758 856 1323 1046 1231 245
135 393 192 949 362 429 90 788 694 917 304 130 243 656 74 533 858 493 373 463 262 336 622 547 0 404 669 814 789 537 231 811 313 671 672 198 748 482 780 306 334 520 245 343 807 105 514 452 136 89 412 391 660 187 439 610 494 795 164 807 656 439 648 278 414 685 258 179 767 815 768 200 329 814 777 691 772 313
414 719 320 1104 766 440 428 397 1093 599 521 303 420 865 405 902 944 489 223 137 250 130 1021 941 404 0 895 1157 1192 516 441 477 458 1075 871 602 944 345 377 711 625 242 604 491 505 423 344 783 413 484 222 660 937 223 792 595 889 416 421 1134 829 662 259 359 522 677 662 430 641 674 366 431 288 1085 438 515 442 716
551 321 595 305 671 1097 581 1117 666 1046 388 654 912 44 603 935 337 1162 691 1018 646 765 631 841 669 895 0 415 906 1206 475 1009 980 787 1277 638 95 1126 1170 655 338 801 801 403 949 569 679 299 550 604 1027 994 1196 784 918 462 537 1091 526 356 120 240 1014 945 381 450 657 843 656 696 1213 499 978 209 997 1336 1337 670
748 438 837 609 608 1217 749 1454 381 1432 648 863 1018 458 774 814 731 1275 994 1255 914 1039 392 684 814 1157 415 0 623 1320 718 1378 1075 541 1247 679 473 1295 1488 628 532 1131 822 703 1328 747 1030 374 748 726 1224 1000 1113 984 851 859 400 1437 736 66 535 538 1333 1078 718 860 659 946 1063 1106 1511 725 1142 266 1360 1501 1575 638
828 670 937 1183 427 1016 790 1576 249 1673 861 908 853 935 806 380 1240 1052 1135 1228 1024 1121 275 270 789 1192 906 623 0 1087 873 1580 874 130 822 591 996 1153 1569 482 751 1290 613 939 1560 803 1246 644 830 719 1141 690 643 969 488 1205 392 1581 840 680 997 858 1437 934 996 1245 530 801 1412 1461 1550 856 1026 857 1550 1316 1500 475
657 924 644 1477 745 108 624 834 1102 1096 828 569 303 1191 603 713 1362 44 694 413 643 592 1036 819 537 516 1206 1320 1087 0 744 971 244 1010 439 640 1282 184 761 707 871 758 513 845 1013 636 843 980 658 613 295 398 580 451 600 1053 945 872 684 1323 1184 971 723 260 906 1136 668 376 1143 1181 684 716 253 1349 932 235 491 702
96 283 123 733 468 636 147 751 715 801 87 178 467 454 157 701 628 701 286 552 196 320 647 675 231 441 475 718 873 744 0 716 538 744 902 329 542 651 774 419 185 436 449 111 689 128 373 347 95 214 551 618 876 308 629 391 506 743 67 693 440 235 622 484 184 460 385 409 570 619 793 31 505 650 689 861 874 432
751 981 644 1095 1158 910 791 201 1431 125 755 682 892 967 777 1342 887 952 445 557 557 480 1363 1355 811 477 1009 1378 1580 971 716 0 935 1453 1348 997 1014 787 304 1104 880 291 1046 685 84 777 351 1038 750 866 679 1131 1410 669 1241 557 1223 148 741 1336 902 840 252 836 660 602 1060 891 431 427 404 728 764 1218 38 897 676 1113
444 687 459 1263 506 148 403 843 865 1056 616 380 70 969 385 517 1166 201 568 419 486 481 797 603 313 458 980 1075 874 244 538 935 0 785 418 396 1061 281 796 465 642 674 274 646 957 418 724 740 445 378 301 218 482 296 399 889 701 869 473 1080 970 752 711 99 714 969 424 137 1013 1057 745 507 185 1113 897 450 634 460
702 540 811 1072 309 931 666 1455 162 1545 730 786 756 814 683 333 1118 972 1009 1119 899 999 160 200 671 1075 787 541 130 1010 744 1453 785 0 792 472 879 1060 1451 364 621 1165 515 808 1432 678 1117 517 703 596 1038 620 626 854 422 1075 263 1458 712 592 874 729 1316 836 865 1116 413 699 1281 1331 1436 727 926 755 1424 1233 1401 359
806 958 852 1579 643 451 755 1240 931 1470 965 774 473 1277 745 459 1519 433 983 808 894 899 882 596 672 871 1277 1247 822 439 902 1348 418 792 0 639 1368 605 1180 637 950 1092 477 1014 1374 773 1139 993 807 699 682 287 187 710 396 1281 847 1272 835 1273 1297 1079 1114 514 1086 1357 624 506 1422 1467 1112 870 584 1362 1309 656 930 624
255 320 356 940 164 539 208 985 503 1098 360 317 341 638 220 372 893 596 553 654 440 530 432 358 198 602 638 679 591 640 329 997 396 472 639 0 728 634 978 108 315 706 163 428 986 224 680 361 257 131 587 356 572 382 307 715 315 990 275 685 661 447 845 408 499 779 62 270 899 948 965 302 485 737 965 831 951 116
624 414 657 211 766 1173 659 1136 752 1040 456 721 992 92 679 1030 259 1238 732 1072 699 813 722 936 748 944 95 473 996 1282 542 1014 1061 879 1368 728 0 1193 1196 750 422 827 891 458 948 646 700 394 624 687 1089 1083 1290 850 1012 457 631 1107 598 409 117 310 1041 1021 422 428 750 925 634 670 1246 568 1048 228 1005 1402 1386 765
577 874 536 1377 768 160 558 649 1128 912 738 472 304 1105 534 798 1243 174 544 230 514 440 1058 883 482 345 1126 1295 1153 184 651 787 281 1060 605 634 1193 0 579 721 805 587 545 740 832 565 684 935 578 569 123 492 723 342 680 915 949 688 600 1290 1087 886 538 227 793 998 676 367 983 1018 507 627 153 1289 749 210 354 720
771 1058 666 1314 1143 728 795 104 1463 410 840 670 774 1132 774 1274 1120 753 493 377 581 462 1391 1318 780 377 1170 1488 1569 761 774 304 796 1451 1180 978 1196 579 0 1087 959 369 978 788 384 787 497 1121 771 857 500 1012 1276 600 1161 764 1256 157 773 1457 1079 960 156 701 791 828 1039 797 697 705 102 774 611 1374 278 637 382 1093
356 336 461 961 55 613 312 1093 407 1202 435 426 420 663 326 296 938 665 659 758 546 638 336 257 306 711 655 628 482 707 419 1104 465 364 637 108 750 721 1087 0 363 812 196 508 1090 327 781 360 357 237 684 373 540 489 262 795 238 1099 372 644 697 496 954 494 577 852 49 354 986 1036 1072 396 578 724 1072 911 1049 15
229 101 305 630 397 763 248 931 562 954 124 342 574 330 272 659 578 827 466 730 381 506 500 599 334 625 338 532 751 871 185 880 642 621 950 315 422 805 959 363 0 611 473 197 843 239 529 162 228 265 716 663 887 470 616 454 363 919 210 509 346 133 805 612 245 501 349 505 660 710 978 194 653 484 856 1015 1052 378
462 713 353 954 867 678 500 322 1149 397 488 391 623 763 486 1053 770 730 155 368 266 197 1080 1064 520 242 801 1131 1290 758 436 291 674 1165 1092 706 827 587 369 812 611 0 758 428 290 487 134 774 461 575 465 856 1137 390 953 410 941 307 454 1096 710 597 214 578 423 483 768 613 407 437 421 444 521 1006 259 747 612 822
359 483 436 1101 232 422 305 1001 590 1155 499 373 241 800 304 298 1046 471 615 620 506 565 523 347 245 604 801 822 613 513 449 1046 274 515 477 163 891 545 978 196 473 758 0 558 1047 324 759 523 360 236 528 193 427 383 195 840 434 1015 385 835 820 603 861 321 631 910 164 188 1008 1057 948 419 413 898 1011 724 887 189
208 296 203 637 553 738 258 750 758 757 77 275 576 375 269 798 520 803 296 615 242 362 695 761 343 491 403 703 939 845 111 685 646 808 1014 428 458 740 788 508 197 428 558 0 646 240 334 352 207 322 632 729 985 399 733 287 556 734 179 669 348 174 632 588 73 352 479 520 479 529 820 143 600 596 663 947 933 522
734 943 629 1020 1144 945 778 282 1401 112 719 676 910 906 766 1340 810 991 434 601 547 487 1335 1345 807 505 949 1328 1560 1013 689 84 957 1432 1374 986 948 832 384 1090 843 290 1047 646 0 763 316 997 733 854 718 1145 1426 680 1243 490 1194 230 721 1283 838 792 309 859 614 529 1048 902 350 344 481 704 794 1157 106 955 747 1101
34 313 133 845 381 528 19 781 676 875 198 119 348 554 33 591 753 593 332 508 221 326 604 582 105 423 569 747 803 636 128 777 418 678 773 224 646 565 787 327 239 487 324 240 763 0 455 376 35 95 480 489 750 236 511 516 468 781 61 734 552 335 644 376 312 587 285 285 685 734 788 96 413 723 747 775 827 338
425 630 326 820 833 753 472 437 1084 428 404 386 665 640 464 1044 635 810 156 479 254 251 1018 1037 514 344 679 1030 1246 843 373 351 724 1117 1139 680 700 684 497 781 529 134 759 334 316 455 0 686 423 550 560 883 1163 429 954 275 878 412 409 990 583 491 345 634 312 349 741 640 300 338 555 390 594 887 330 858 744 792
374 64 463 604 372 873 380 1094 428 1107 285 490 676 314 404 635 609 935 629 882 542 667 375 545 452 783 299 374 644 980 347 1038 740 517 993 361 394 935 1121 360 162 774 523 352 997 376 686 0 375 369 856 715 900 613 622 576 254 1082 362 357 363 221 968 727 387 606 368 604 787 835 1139 352 781 376 1015 1143 1202 375
1 311 108 820 410 549 54 760 695 845 171 115 375 533 62 626 722 614 306 506 196 308 624 614 136 413 550 748 830 658 95 750 445 703 807 257 624 578 771 357 228 461 360 207 733 35 423 375 0 130 487 524 785 241 546 480 486 759 28 731 527 313 625 397 279 552 317 315 649 698 776 63 428 711 720 788 827 368
128 312 225 893 293 505 77 858 609 966 266 189 311 595 88 496 819 568 421 551 309 402 537 490 89 484 604 726 719 613 214 866 378 596 699 131 687 569 857 237 265 575 236 322 854 95 550 369 130 0 501 412 663 273 417 605 407 862 152 721 604 384 719 358 395 673 193 240 779 828 850 184 415 736 834 776 861 247
487 793 431 1268 735 233 476 557 1090 803 638 375 294 1003 451 806 1127 273 421 125 399 317 1018 875 412 222 1027 1224 1141 295 551 679 301 1038 682 587 1089 123 500 684 716 465 528 632 718 480 560 856 487 501 0 520 777 245 689 794 899 590 506 1213 981 786 435 214 681 877 636 340 860 895 443 530 119 1198 640 316 364 685
522 676 578 1293 393 338 470 1053 728 1248 678 504 240 992 462 315 1231 365 729 635 631 658 668 424 391 660 994 1000 690 398 618 1131 218 620 287 356 1083 492 1012 373 663 856 193 729 1145 489 883 715 524 412 520 0 281 465 202 1002 603 1077 551 1018 1009 791 918 310 802 1076 350 243 1154 1201 963 586 403 1089 1093 630 846 362
784 875 851 1501 531 563 731 1325 774 1528 926 780 517 1202 727 301 1466 563 1010 899 909 939 733 438 660 937 1196 1113 643 580 876 1410 482 626 187 572 1290 723 1276 540 887 1137 427 985 1426 750 1163 900 785 663 777 281 0 746 278 1266 720 1351 811 1146 1231 1020 1192 580 1058 1336 541 524 1428 1475 1219 845 666 1255 1372 810 1067 525
241 549 195 1036 544 348 234 618 881 784 395 130 237 762 209 682 911 412 272 277 195 193 809 717 187 223 784 984 969 451 308 669 296 854 710 382 850 342 600 489 470 390 383 399 680 236 429 613 241 273 245 465 746 0 575 605 681 632 261 970 745 544 478 210 456 687 441 222 718 761 582 285 201 952 633 552 592 494
545 598 629 1224 254 533 492 1190 543 1351 667 569 395 925 494 118 1194 565 811 794 701 760 489 223 439 792 918 851 488 600 629 1241 399 422 396 307 1012 680 1161 262 616 953 195 733 1243 511 954 622 546 417 689 202 278 575 0 1020 452 1206 569 878 957 750 1051 475 805 1085 267 363 1196 1245 1123 600 570 979 1205 831 1033 247
482 538 431 550 838 953 535 692 1004 585 359 510 822 418 540 1086 360 1016 374 733 410 477 947 1045 610 595 462 859 1205 1053 391 557 889 1075 1281 715 457 915 764 795 454 410 840 287 490 516 275 576 480 605 794 1002 1266 605 1020 0 814 658 454 808 348 354 616 814 217 82 767 776 210 258 828 421 800 669 550 1106 1016 809
485 277 593 833 209 848 461 1246 208 1306 479 586 653 559 483 427 861 902 787 957 682 794 140 312 494 889 537 400 392 945 506 1223 701 263 847 315 631 949 1256 238 363 941 434 556 1194 468 878 254 486 407 899 603 720 681 452 814 0 1243 488 426 615 466 1111 723 608 853 277 584 1022 1072 1255 496 800 544 1196 1144 1263 245
760 1021 651 1206 1155 824 792 53 1452 253 796 673 836 1051 775 1314 1004 858 457 465 562 460 1382 1342 795 416 1091 1437 1581 872 743 148 869 1458 1272 990 1107 688 157 1099 919 307 1015 734 230 781 412 1082 759 862 590 1077 1351 632 1206 658 1243 0 755 1400 991 900 158 771 723 714 1052 847 561 564 259 749 689 1299 126 774 536 1107
29 298 106 793 424 575 80 758 697 833 144 131 402 508 90 646 694 640 299 520 193 311 627 629 164 421 526 736 840 684 67 741 473 712 835 275 598 600 773 372 210 454 385 179 721 61 409 362 28 152 506 551 811 261 569 454 488 755 0 717 500 288 624 423 251 525 334 343 627 676 782 35 451 691 712 810 842 384
731 420 814 542 630 1219 737 1419 434 1386 619 846 1020 400 762 849 667 1279 963 1238 888 1013 438 723 807 1134 356 66 680 1323 693 1336 1080 592 1273 685 409 1290 1457 644 509 1096 835 669 1283 734 990 357 731 721 1213 1018 1146 970 878 808 426 1400 717 0 477 500 1301 1077 678 805 671 948 1009 1051 1484 703 1136 199 1319 1497 1559 655
527 364 550 293 721 1075 566 1020 763 933 356 618 900 76 585 987 246 1141 615 958 587 699 722 906 656 829 120 535 997 1184 440 902 970 874 1297 661 117 1087 1079 697 346 710 820 348 838 552 583 363 527 604 981 1009 1231 745 957 348 615 991 500 477 0 219 924 923 307 330 690 835 537 577 1128 468 945 321 892 1295 1271 713
314 188 356 510 528 863 349 919 650 899 148 414 683 219 369 791 445 928 470 781 411 534 594 725 439 662 240 538 858 971 235 840 752 729 1079 447 310 886 960 496 133 597 603 174 792 335 491 221 313 384 786 791 1020 544 750 354 466 900 288 500 219 0 804 710 179 387 482 617 565 613 994 259 739 423 821 1096 1101 511
626 905 518 1165 1010 669 653 140 1319 376 685 530 677 976 634 1160 975 706 339 311 431 318 1248 1193 648 259 1014 1333 1437 723 622 252 711 1316 1114 845 1041 538 156 954 805 214 861 632 309 644 345 968 625 719 435 918 1192 478 1051 616 1111 158 624 1301 924 804 0 612 634 685 906 689 572 588 212 623 531 1218 214 646 446 961
396 669 391 1217 541 152 364 745 901 957 567 314 81 930 342 592 1107 217 478 325 405 387 831 665 278 359 945 1078 934 260 484 836 99 836 514 408 1021 227 701 494 612 578 321 588 859 376 634 727 397 358 214 310 580 210 475 814 723 771 423 1077 923 710 612 0 652 895 448 140 927 969 653 455 95 1092 798 423 566 493
280 338 261 587 620 800 331 744 806 722 141 338 644 346 341 869 455 865 311 652 282 392 745 827 414 522 381 718 996 906 184 660 714 865 1086 499 422 793 791 577 245 423 631 73 614 312 312 387 279 395 681 802 1058 456 805 217 608 723 251 678 307 179 634 652 0 279 550 590 416 466 831 216 658 583 642 997 964 591
554 575 509 493 893 1035 606 752 1034 615 419 589 901 405 613 1147 291 1098 457 815 492 560 981 1098 685 677 450 860 1245 1136 460 602 969 1116 1357 779 428 998 828 852 501 483 910 352 529 587 349 606 552 673 877 1076 1336 687 1085 82 853 714 525 805 330 387 685 895 279 0 828 854 206 246 897 491 882 650 600 1188 1093 867
316 336 418 962 104 571 270 1046 454 1159 409 380 376 661 282 319 927 625 615 709 502 592 383 297 258 662 657 659 530 668 385 1060 424 413 624 62 750 676 1039 49 349 768 164 479 1048 285 741 368 317 193 636 350 541 441 267 767 277 1052 334 671 690 482 906 448 550 828 0 308 954 1004 1023 360 530 739 1028 868 1001 54
313 550 345 1128 402 271 269 828 761 1007 483 268 72 833 253 476 1037 331 486 434 390 415 691 535 179 430 843 946 801 376 409 891 137 699 506 270 925 367 797 354 505 613 188 520 902 285 640 604 315 240 340 243 524 222 363 776 584 847 343 948 835 617 689 140 590 854 308 0 917 962 762 378 226 976 855 560 701 353
651 747 576 677 1033 1052 704 607 1214 420 556 650 951 612 704 1271 464 1110 451 773 528 550 1156 1240 767 641 656 1063 1412 1143 570 431 1013 1281 1422 899 634 983 697 986 660 407 1008 479 350 685 300 787 649 779 860 1154 1428 718 1196 210 1022 561 627 1009 537 565 572 927 416 206 954 917 0 49 779 597 893 857 438 1153 1010 1000
700 796 624 700 1083 1091 753 612 1263 402 606 697 995 652 752 1321 486 1149 491 804 573 589 1205 1290 815 674 696 1106 1461 1181 619 427 1057 1331 1467 948 670 1018 705 1036 710 437 1057 529 344 734 338 835 698 828 895 1201 1475 761 1245 258 1072 564 676 1051 577 613 588 969 466 246 1004 962 49 0 792 646 933 895 438 1184 1031 1050
777 1076 677 1375 1127 662 794 205 1460 512 865 669 730 1177 772 1239 1187 681 524 329 597 472 1387 1292 768 366 1213 1511 1550 684 793 404 745 1436 1112 965 1246 507 102 1072 978 421 948 820 481 788 555 1139 776 850 443 963 1219 582 1123 828 1255 259 782 1484 1128 994 212 653 831 897 1023 762 779 792 0 788 560 1414 375 543 280 1077
64 288 111 761 446 607 115 755 705 817 112 155 437 478 125 675 659 673 291 537 192 315 636 653 200 431 499 725 856 716 31 728 507 727 870 302 568 627 774 396 194 444 419 143 704 96 390 352 63 184 530 586 845 285 600 421 496 749 35 703 468 259 623 455 216 491 360 378 597 646 788 0 480 668 700 837 859 408
427 721 397 1237 627 158 405 660 985 887 592 327 176 959 381 688 1113 217 442 233 390 343 914 758 329 288 978 1142 1026 253 505 764 185 926 584 485 1048 153 611 578 653 521 413 600 794 413 594 781 428 415 119 403 666 201 570 800 800 689 451 1136 945 739 531 95 658 882 530 226 893 933 560 480 0 1137 725 362 474 577
712 425 774 342 724 1241 732 1324 607 1254 566 822 1048 251 755 970 476 1305 890 1202 834 957 595 856 814 1085 209 266 857 1349 650 1218 1113 755 1362 737 228 1289 1374 724 484 1006 898 596 1157 723 887 376 711 736 1198 1089 1255 952 979 669 544 1299 691 199 321 423 1218 1092 583 650 739 976 857 895 1414 668 1137 0 1206 1499 1523 738
721 958 613 1093 1127 871 760 177 1404 163 731 649 855 955 746 1308 888 913 414 519 526 445 1336 1323 777 438 997 1360 1550 932 689 38 897 1424 1309 965 1005 749 278 1072 856 259 1011 663 106 747 330 1015 720 834 640 1093 1372 633 1205 550 1196 126 712 1319 892 821 214 798 642 600 1028 855 438 438 375 700 725 1206 0 860 644 1082
788 1083 744 1583 955 302 768 727 1315 1019 948 682 491 1314 744 945 1443 265 731 380 716 628 1246 1046 691 515 1336 1501 1316 235 861 897 450 1233 656 831 1402 210 637 911 1015 747 724 947 955 775 858 1143 788 776 316 630 810 552 831 1106 1144 774 810 1497 1295 1096 646 423 997 1188 868 560 1153 1184 543 837 362 1499 860 0 294 908
828 1139 750 1542 1100 510 826 484 1455 789 957 712 647 1307 802 1151 1373 504 659 322 690 572 1383 1231 772 442 1337 1575 1500 491 874 676 634 1401 930 951 1386 354 382 1049 1052 612 887 933 747 827 744 1202 827 861 364 846 1067 592 1033 1016 1263 536 842 1559 1271 1101 446 566 964 1093 1001 701 1010 1031 280 859 474 1523 644 294 0 1050
367 351 471 976 50 608 322 1101 408 1212 449 434 418 678 336 281 953 660 669 761 556 646 338 245 313 716 670 638 475 702 432 1113 460 359 624 116 765 720 1093 15 378 822 189 522 1101 338 792 375 368 247 685 362 525 494 247 809 245 1107 384 655 713 511 961 493 591 867 54 353 1000 1050 1077 408 577 738 1082 908 1050 0
