0 169 735 1713 631 1363 696 745 942 1010 984 1116 709 20 605 311
169 0 738 1719 642 1204 739 649 1043 973 842 1215 678 149 587 308
735 738 0 982 1362 1259 1431 1364 1631 328 1455 698 150 728 1321 433
1713 1719 982 0 2343 1806 2405 2328 2561 800 2362 983 1052 1708 2303 1416
631 642 1362 2343 0 1638 154 442 577 1615 814 1700 1318 635 109 929
1363 1204 1259 1806 1638 0 1786 1287 2179 1125 1031 1956 1110 1342 1534 1211
696 739 1431 2405 154 1786 0 593 423 1701 965 1708 1401 704 264 1005
745 649 1364 2328 442 1287 593 0 1016 1543 372 1857 1275 736 337 952
942 1043 1631 2561 577 2179 423 1016 0 1936 1388 1741 1637 957 686 1245
1010 973 328 800 1615 1125 1701 1543 1936 0 1561 896 301 1000 1559 698
984 842 1455 2362 814 1031 965 372 1388 1561 0 2041 1338 969 708 1100
1116 1215 698 983 1700 1956 1708 1857 1741 896 2041 0 848 1123 1701 941
709 678 150 1052 1318 1110 1401 1275 1637 301 1338 848 0 699 1266 397
20 149 728 1708 635 1342 704 736 957 1000 969 1123 699 0 605 301
605 587 1321 2303 109 1534 264 337 686 1559 708 1701 1266 605 0 887
311 308 433 1416 929 1211 1005 952 1245 698 1100 941 397 301 887 0
