0 70 816 412 677 852 605 820 342 449 786 704 634 402 290 225 321 445 759 91 215 796 586 846 635 349 708 35 227 421 608 249 202 337 395 469 839 585 126 127 444 388 828 227 586 297 449 551 856 1 307 710 425 29 142 66 843 371 47 225 423 533 280 60 552 96 472 440 490 393 597 470 621 665 468 83 381 161 167 317 781 573 412 863 507 553 747 201 509 91 84 237 739 152 22 525 831 149 839 545 491 820 754 298 18 189 152 136 215 497 752 657 157 667 723 15
70 0 852 377 684 916 546 809 397 505 840 739 601 376 312 164 290 374 817 44 279 748 555 916 581 315 718 81 292 353 636 224 247 406 413 399 834 570 90 84 495 356 758 179 620 367 492 595 804 72 336 756 357 57 107 136 911 386 69 273 461 603 348 109 482 157 540 370 475 402 628 440 559 602 522 145 413 208 198 260 726 637 416 932 560 538 700 257 577 125 78 242 784 218 52 468 824 212 832 586 536 809 741 280 74 138 216 127 158 528 822 588 225 673 679 84
816 852 0 729 362 1142 1373 551 960 433 1248 1346 1450 1218 545 856 1137 1090 357 894 645 1595 704 874 939 726 328 846 645 1134 1302 711 932 646 1152 1096 1627 1392 937 934 1041 1203 1384 1031 231 670 1101 278 1056 814 516 1274 1151 844 782 793 1030 1137 863 936 392 671 637 855 1132 728 569 1067 582 1173 1273 690 1043 1070 1034 836 439 655 943 859 1562 968 501 1011 365 568 923 885 568 889 900 1037 1305 695 815 1305 1622 690 1628 1182 335 1617 563 661 799 989 690 951 838 326 778 1180 813 1430 1530 802
412 377 729 0 428 1226 713 472 750 583 1190 1114 889 703 296 243 617 386 857 413 484 960 180 1141 266 62 470 443 500 460 1013 166 614 623 789 385 1180 906 451 440 854 670 657 489 525 599 862 568 471 412 334 1122 483 422 272 459 1189 762 441 638 435 813 558 472 406 417 708 359 162 773 1005 70 327 363 875 494 378 381 573 176 900 952 236 1199 600 211 346 610 741 497 455 615 1151 458 392 666 1167 445 1177 958 528 1147 399 142 398 455 450 500 236 438 1034 452 551 1039 919 413
677 684 362 428 0 1275 1132 224 937 504 1319 1336 1273 1058 393 624 971 814 633 729 595 1374 354 1079 593 450 42 713 604 881 1262 481 852 673 1067 813 1516 1254 775 767 1036 1033 1058 848 271 676 1075 373 694 676 391 1300 902 702 586 686 1193 1045 723 866 348 794 631 733 830 619 673 787 266 1071 1242 371 709 730 1042 732 343 544 838 591 1322 1041 267 1187 467 228 563 821 691 767 753 915 1332 617 667 1077 1507 606 1515 1168 384 1493 211 421 659 807 609 807 609 267 970 857 745 1343 1324 668
852 916 1142 1226 1275 0 1290 1489 537 772 236 525 1112 949 962 1077 944 1273 816 909 745 1353 1370 339 1476 1166 1281 835 729 1217 604 1063 691 619 706 1301 996 951 905 916 466 978 1652 971 1026 633 525 922 1694 851 938 385 1209 858 986 789 143 723 850 664 930 485 678 808 1390 813 604 1276 1232 762 566 1263 1474 1517 429 771 951 845 754 1168 1400 279 1098 185 819 1282 1572 663 591 802 863 801 394 767 874 1208 1006 780 1006 492 895 1032 1446 1086 859 961 775 856 1067 1008 388 1501 694 807 1258 844
605 546 1373 713 1132 1290 0 1177 772 1052 1129 894 300 343 830 518 351 337 1363 514 820 251 859 1392 713 683 1173 590 832 252 768 666 640 931 589 351 663 438 482 479 824 312 482 381 1143 889 767 1134 878 607 863 988 230 578 593 659 1334 568 568 662 994 1112 882 599 395 701 1071 367 872 534 790 780 593 617 863 637 939 754 583 541 189 1039 887 1365 1106 924 855 689 1107 579 533 503 1004 758 595 85 644 754 654 821 1076 607 1103 722 616 416 758 502 536 1048 1314 474 711 647 237 621
820 809 551 472 224 1489 1177 0 1115 723 1518 1509 1361 1166 562 709 1079 841 853 852 781 1427 319 1303 529 518 237 855 793 926 1425 586 1011 877 1215 832 1639 1369 896 886 1217 1136 1006 952 496 874 1247 598 558 819 572 1486 951 839 703 842 1412 1191 861 1029 558 1012 828 879 824 780 890 812 335 1210 1408 401 662 671 1228 887 541 712 987 648 1360 1246 419 1407 690 272 448 988 910 911 885 1050 1518 791 805 1136 1628 779 1637 1343 605 1610 73 529 802 914 783 937 698 485 1194 821 915 1483 1390 814
342 397 960 750 937 537 772 1115 0 527 444 399 654 446 553 561 420 738 768 381 342 879 918 629 977 688 958 317 335 680 341 584 156 317 240 767 696 524 371 382 104 465 1115 434 761 290 141 684 1199 342 547 375 672 340 485 291 563 242 327 129 609 405 325 288 856 341 431 743 804 287 313 803 955 998 125 258 596 403 217 656 905 268 695 593 596 864 1089 141 455 274 333 270 405 324 364 687 696 336 701 231 630 702 1056 624 354 424 332 320 554 698 565 968 203 487 787 339
449 505 433 583 504 772 1052 723 527 0 837 913 1068 832 289 581 760 836 312 539 240 1244 671 589 849 544 508 470 234 845 869 470 516 212 730 853 1206 987 575 576 607 826 1196 677 258 237 668 162 1036 447 250 847 855 477 479 406 689 718 491 515 171 289 210 470 917 353 168 822 519 757 839 589 903 942 601 441 214 299 539 628 1231 555 377 685 69 553 900 465 188 500 528 638 878 301 457 973 1202 302 1208 748 123 1201 687 453 436 638 299 572 562 238 479 998 398 1004 1168 433
786 840 1248 1190 1319 236 1129 1518 444 837 0 296 919 786 963 1005 799 1166 957 822 739 1160 1352 547 1421 1128 1332 761 726 1095 391 1023 596 645 541 1195 767 752 807 818 346 820 1531 852 1095 643 373 998 1643 785 947 158 1083 784 928 732 365 564 771 569 972 579 689 732 1286 773 681 1174 1227 595 357 1238 1397 1440 318 702 978 824 653 1100 1218 282 1105 410 896 1284 1532 585 680 716 774 674 161 742 808 1051 778 755 777 307 959 806 1466 1058 797 852 750 753 998 1057 565 1400 638 588 1066 782
704 739 1346 1114 1336 525 894 1509 399 913 296 0 649 564 949 894 603 999 1109 707 742 888 1290 796 1310 1052 1358 672 735 912 125 954 503 701 347 1029 471 481 678 689 306 603 1335 690 1156 681 262 1073 1530 704 945 139 895 692 842 669 638 375 673 482 1008 719 720 643 1119 729 788 1013 1189 387 114 1174 1260 1301 312 627 996 797 541 989 956 433 1090 682 980 1251 1436 521 801 617 661 517 135 720 723 824 482 732 481 168 1023 510 1448 1001 720 703 728 623 893 1097 785 1232 594 297 795 706
634 601 1450 889 1273 1112 300 1361 654 1068 919 649 0 235 914 654 313 573 1364 558 827 241 1059 1279 959 843 1309 606 833 469 532 792 570 900 421 596 362 168 513 517 670 246 783 426 1220 860 596 1185 1147 636 937 765 443 605 688 664 1183 413 588 582 1058 1047 868 600 663 725 1040 600 1033 368 562 960 855 885 708 626 1013 796 533 714 307 896 1008 1220 1132 1092 1102 626 1071 569 550 433 775 768 635 273 343 770 353 621 1125 307 1288 852 651 468 771 500 667 1129 1219 758 677 370 147 649
402 376 1218 703 1058 949 343 1166 446 832 786 564 235 0 687 459 87 461 1129 332 591 436 880 1075 823 650 1093 372 597 363 438 583 341 667 245 490 477 203 286 292 486 41 772 214 988 626 425 950 1031 404 708 648 342 373 472 428 1000 226 355 356 825 823 633 365 575 490 808 482 832 191 455 773 743 780 525 390 783 563 299 536 459 706 791 1034 896 894 963 396 840 333 318 200 666 532 404 265 464 534 474 478 890 443 1095 643 419 253 536 266 468 899 1007 685 442 366 348 416
290 312 545 296 393 962 830 562 553 289 963 949 914 687 0 320 602 570 581 356 223 1050 410 848 563 254 421 324 237 598 870 188 459 344 674 582 1129 875 401 397 655 668 913 489 313 329 687 311 760 289 40 925 613 317 237 292 910 653 337 474 167 523 284 342 638 226 413 551 269 680 851 313 613 652 666 339 110 152 446 348 1018 701 143 916 315 322 628 430 446 377 371 527 956 229 284 761 1121 217 1129 782 258 1111 505 163 272 447 221 425 301 218 740 713 355 952 986 279
225 164 856 243 624 1077 518 709 561 581 1005 894 654 459 320 0 373 255 889 187 391 752 422 1056 418 190 662 244 407 278 786 147 410 532 557 273 936 663 217 205 660 427 625 246 628 497 653 631 641 226 357 918 294 221 105 288 1065 529 234 437 487 734 468 273 344 281 653 241 378 536 781 313 396 439 687 307 430 293 358 96 708 798 369 1083 623 438 542 422 690 289 235 381 946 340 202 456 924 330 933 746 577 903 636 205 219 212 335 270 18 533 957 441 383 798 699 234
321 290 1137 617 971 944 351 1079 420 760 799 603 313 87 602 373 0 399 1062 246 519 490 795 1043 747 563 1006 293 527 309 479 495 293 606 262 429 563 290 200 205 478 66 736 127 906 565 428 872 959 323 624 671 292 292 384 354 983 236 274 313 744 774 567 289 518 413 748 417 744 216 490 687 674 713 515 319 700 482 241 452 496 688 704 1014 822 807 885 345 782 260 237 153 692 458 321 267 550 459 560 496 812 531 1008 555 337 165 461 188 381 816 968 631 380 438 409 335
445 374 1090 386 814 1273 337 841 738 836 1166 999 573 461 570 255 399 0 1144 369 639 588 523 1291 386 368 856 450 654 104 877 384 582 776 652 30 914 646 368 358 823 420 384 314 868 738 794 881 577 446 608 1054 130 428 358 511 1280 624 432 609 737 976 714 473 120 522 903 29 549 612 884 450 285 319 857 513 678 546 520 231 519 997 589 1303 878 596 530 612 940 473 412 493 1078 583 425 310 898 574 908 876 828 868 768 429 446 314 580 417 273 773 1196 235 595 828 563 458
759 817 357 857 633 816 1363 853 768 312 957 1109 1364 1129 581 889 1062 1144 0 849 545 1551 904 523 1112 829 615 778 536 1157 1094 769 798 467 997 1160 1465 1269 884 886 823 1127 1495 986 371 506 897 293 1276 757 541 1014 1167 787 790 711 692 989 799 791 423 391 496 775 1219 663 337 1128 755 1032 1059 847 1185 1220 805 742 481 611 831 929 1541 691 626 668 266 770 1138 743 314 802 836 930 1042 608 768 1284 1464 610 1469 960 329 1468 843 741 747 949 607 877 871 430 434 1294 687 1256 1471 743
91 44 894 413 729 909 514 852 381 539 822 707 558 332 356 187 246 369 849 0 306 709 592 926 605 352 762 83 318 335 602 266 226 425 375 395 790 525 46 40 476 312 753 139 662 385 466 635 828 93 379 731 337 65 149 150 911 349 63 253 502 619 371 104 482 186 563 369 517 361 596 478 574 617 505 144 455 245 171 283 691 631 461 933 596 580 729 246 599 107 48 202 759 244 81 434 780 240 788 558 575 765 783 323 102 99 244 87 185 571 835 591 227 632 638 107
215 279 645 484 595 745 820 781 342 240 739 742 827 591 223 391 519 639 545 306 0 1005 625 670 744 428 615 232 16 630 676 328 287 143 508 660 981 751 339 341 440 585 1017 441 429 115 482 368 955 213 209 707 636 242 286 166 704 492 253 292 270 344 77 230 736 121 263 630 491 528 652 518 765 807 448 200 253 105 301 463 995 478 366 715 305 545 829 242 300 259 290 399 738 62 227 740 976 67 983 574 309 972 727 342 205 404 62 332 375 357 568 831 168 787 928 199
796 748 1595 960 1374 1353 251 1427 879 1244 1160 888 241 436 1050 752 490 588 1551 709 1005 0 1110 1508 962 926 1413 774 1014 500 772 899 776 1097 655 602 535 408 669 670 905 428 670 569 1364 1055 834 1344 1118 798 1080 1006 476 767 814 839 1420 644 753 793 1208 1260 1056 775 641 892 1238 618 1116 600 804 1028 839 859 943 808 1157 955 730 785 105 1130 1121 1456 1304 1171 1102 831 1272 749 715 634 1015 943 791 296 515 942 524 862 1284 474 1353 957 810 610 945 673 768 1269 1443 708 871 600 94 812
586 555 704 180 354 1370 859 319 918 671 1352 1290 1059 880 410 422 795 523 904 592 625 1110 0 1253 239 240 395 618 640 611 1191 336 788 754 968 513 1358 1084 631 620 1022 846 709 668 540 737 1035 611 371 586 440 1292 636 598 449 627 1321 941 618 811 503 931 693 646 506 578 817 493 152 953 1182 116 359 377 1041 665 456 529 750 346 1041 1102 293 1327 669 137 233 779 847 674 634 794 1322 611 567 822 1345 597 1354 1131 587 1323 247 294 570 635 603 680 416 474 1143 514 716 1219 1077 585
846 916 874 1141 1079 339 1392 1303 629 589 547 796 1279 1075 848 1056 1043 1291 523 926 670 1508 1253 0 1406 1090 1075 843 653 1260 839 996 752 526 858 1315 1245 1136 938 946 612 1093 1675 1027 810 559 691 706 1609 844 814 665 1259 863 952 780 196 866 862 730 761 327 592 823 1397 775 435 1286 1103 910 798 1161 1435 1477 576 782 799 775 811 1133 1534 390 961 159 612 1141 1476 705 406 831 888 890 684 716 866 1307 1251 727 1252 703 698 1269 1273 1000 845 1004 721 902 1041 821 110 1497 700 1038 1416 833
635 581 939 266 593 1476 713 529 977 849 1421 1310 959 823 563 418 747 386 1112 605 744 962 239 1406 0 316 634 659 760 489 1198 415 828 885 967 365 1292 1019 632 620 1077 783 477 631 761 859 1072 819 222 635 601 1337 516 636 494 692 1448 939 651 854 694 1079 819 689 322 663 974 358 363 940 1196 265 135 142 1103 718 639 638 777 322 880 1199 486 1459 861 371 143 835 1008 707 653 792 1364 711 612 696 1277 698 1286 1164 785 1249 464 406 624 610 704 686 423 684 1300 294 787 1185 946 640
349 315 726 62 450 1166 683 518 688 544 1128 1052 843 650 254 190 563 368 829 352 428 926 240 1090 316 0 490 380 444 431 951 104 551 569 727 372 1126 853 391 381 791 618 671 435 512 543 799 544 527 349 294 1059 452 360 209 396 1133 701 379 575 406 762 503 409 407 356 660 343 191 713 942 125 359 397 812 431 347 323 511 141 872 892 225 1144 567 249 406 547 694 435 394 554 1088 399 329 630 1114 386 1123 895 500 1094 446 92 335 399 391 440 181 421 984 467 489 981 880 350
708 718 328 470 42 1281 1173 237 958 508 1332 1358 1309 1093 421 662 1006 856 615 762 615 1413 395 1075 634 490 0 743 624 922 1287 518 879 687 1095 855 1548 1288 808 802 1056 1069 1100 884 264 692 1097 369 731 707 415 1318 943 733 621 713 1195 1074 754 892 360 798 647 763 872 646 677 829 308 1101 1266 414 751 772 1061 760 362 571 867 632 1362 1053 302 1187 467 271 600 846 693 797 786 946 1350 641 699 1117 1539 630 1547 1190 386 1526 236 458 690 843 633 840 647 275 967 900 770 1373 1362 699
35 81 846 443 713 835 590 855 317 470 761 672 606 372 324 244 293 450 778 83 232 774 618 843 659 380 743 0 242 418 575 282 171 344 360 475 805 551 107 111 417 360 834 209 617 303 419 579 881 36 340 681 420 23 171 68 832 335 21 196 453 536 292 29 561 119 483 448 524 358 563 502 640 683 443 64 413 191 133 339 763 556 447 853 531 587 775 177 519 56 58 202 710 169 51 508 797 168 804 514 519 786 789 332 53 174 171 105 237 529 752 668 145 631 698 45
227 292 645 500 604 729 832 793 335 234 726 735 833 597 237 407 527 654 536 318 16 1014 640 653 760 444 624 242 0 644 671 345 287 127 507 676 982 754 350 352 431 592 1032 451 431 98 476 367 971 225 221 696 650 253 302 175 688 492 263 291 274 327 61 238 751 134 249 645 505 529 646 534 781 823 438 207 261 122 305 479 1005 464 379 699 300 559 845 240 286 266 300 403 728 74 240 751 977 80 983 566 309 973 739 359 218 415 75 340 391 363 551 847 168 786 935 211
421 353 1134 460 881 1217 252 926 680 845 1095 912 469 363 598 278 309 104 1157 335 630 500 611 1260 489 431 922 418 644 0 789 423 527 759 569 130 810 543 322 313 758 321 436 246 907 719 722 908 681 423 634 976 26 400 368 485 1234 542 398 553 765 954 701 437 211 509 893 130 619 525 799 528 389 422 793 478 708 547 464 289 440 945 640 1260 893 672 633 564 930 430 371 422 998 570 405 212 793 564 803 799 853 764 853 475 427 259 568 364 296 811 1170 322 560 729 467 436
608 636 1302 1013 1262 604 768 1425 341 869 391 125 532 438 870 786 479 877 1094 602 676 772 1191 839 1198 951 1287 575 671 789 0 856 413 657 230 907 405 363 568 580 271 478 1209 572 1101 632 201 1026 1417 609 871 234 771 593 742 582 700 258 573 396 946 711 666 548 997 645 762 892 1098 265 40 1075 1142 1183 291 538 928 718 442 880 836 454 1008 743 938 1161 1327 441 780 518 558 405 243 646 626 698 412 656 413 139 972 433 1361 907 626 588 653 515 786 1034 811 1110 517 204 679 612
249 224 711 166 481 1063 666 586 584 470 1023 954 792 583 188 147 495 384 769 266 328 899 336 996 415 104 518 282 345 423 856 0 451 471 636 395 1053 784 309 300 688 556 726 370 485 443 698 497 630 249 227 957 440 263 117 293 1032 611 283 474 353 668 405 310 450 251 571 364 251 627 846 220 441 482 709 329 294 223 414 160 856 787 221 1044 502 314 510 444 606 338 302 467 986 296 230 604 1042 283 1051 795 446 1025 517 60 234 330 288 352 131 389 891 528 384 898 845 249
202 247 932 614 852 691 640 1011 156 516 596 503 570 341 459 410 293 582 798 226 287 776 788 752 828 551 879 171 287 527 413 451 0 331 221 610 694 472 214 225 250 349 961 282 715 292 247 655 1051 202 463 509 521 193 343 169 708 204 177 27 553 483 307 142 700 233 469 586 687 241 397 672 801 844 279 125 526 308 62 506 789 418 595 735 584 749 946 55 501 121 178 142 538 243 222 555 689 251 696 343 597 686 948 498 217 269 249 164 405 638 675 812 119 501 690 203
337 406 646 623 673 619 931 877 317 212 645 701 900 667 344 532 606 776 467 425 143 1097 754 526 885 569 687 344 127 759 657 471 331 0 532 798 1005 801 450 455 395 669 1156 549 459 41 456 373 1094 335 318 640 762 360 427 275 567 523 365 324 326 201 66 332 876 254 141 768 612 565 627 652 908 951 389 294 335 249 368 606 1097 368 478 575 280 662 966 276 176 352 399 467 671 193 354 848 1003 202 1008 536 324 1004 830 481 332 517 197 430 517 413 424 973 225 800 1014 322
395 413 1152 789 1067 706 589 1215 240 730 541 347 421 245 674 557 262 652 997 375 508 655 968 858 967 727 1095 360 507 569 230 636 221 532 0 682 475 283 340 351 250 278 998 342 936 497 181 874 1187 395 682 409 553 375 520 381 765 28 354 215 774 645 520 336 772 449 660 666 883 55 233 853 913 954 288 335 746 525 229 650 695 475 805 801 799 947 1097 266 687 303 334 175 430 464 410 510 472 471 478 235 816 472 1149 690 413 358 470 288 558 859 802 886 339 280 561 401
469 399 1096 385 813 1301 351 832 767 853 1195 1029 596 490 582 273 429 30 1160 395 660 602 513 1315 365 372 855 475 676 130 907 395 610 798 682 0 940 673 396 386 853 448 359 344 876 761 824 893 551 471 621 1084 155 454 377 535 1307 654 458 638 749 999 736 499 91 544 924 31 547 642 915 446 259 292 886 539 690 565 549 238 529 1025 595 1329 893 593 508 639 961 500 439 523 1108 605 449 331 924 596 934 906 841 893 759 437 469 343 602 446 291 782 1220 205 621 857 581 482
839 834 1627 1180 1516 996 663 1639 696 1206 767 471 362 477 1129 936 563 914 1465 790 981 535 1358 1245 1292 1126 1548 805 982 810 405 1053 694 1005 475 940 0 274 745 753 657 513 1145 690 1407 971 577 1349 1491 841 1143 611 784 814 938 842 1102 489 793 691 1244 1096 996 787 1014 910 1128 938 1304 454 446 1250 1199 1232 685 797 1212 987 688 1013 632 858 1249 1145 1275 1367 1434 742 1152 753 762 602 606 934 849 631 19 940 11 542 1291 61 1569 1112 858 726 940 709 944 1327 1214 1115 813 211 465 850
585 570 1392 906 1254 951 438 1369 524 987 752 481 168 203 875 663 290 646 1269 525 751 408 1084 1136 1019 853 1288 551 754 543 363 784 472 801 283 673 274 0 479 487 523 238 912 417 1166 763 445 1118 1223 586 892 597 519 558 670 598 1028 283 537 477 1002 928 779 538 752 665 935 669 1034 238 395 977 931 966 560 555 965 740 450 739 475 748 986 1067 1054 1096 1161 526 964 504 503 354 606 697 591 386 261 702 270 459 1059 241 1298 843 603 454 702 449 672 1081 1084 857 588 209 315 597
126 90 937 451 775 905 482 896 371 575 807 678 513 286 401 217 200 368 884 46 339 669 631 938 632 391 808 107 350 322 568 309 214 450 340 396 745 479 0 11 461 266 749 101 706 409 444 676 853 128 424 708 320 98 193 176 914 312 86 242 545 639 399 118 485 222 589 371 560 322 565 517 591 634 492 159 500 286 154 311 656 629 507 938 634 623 759 244 626 107 51 164 735 276 122 401 735 274 743 534 617 719 826 367 141 67 277 54 218 616 851 597 239 590 596 142
127 84 934 440 767 916 479 886 382 576 818 689 517 292 397 205 205 358 886 40 341 670 620 946 620 381 802 111 352 313 580 300 225 455 351 386 753 487 11 0 473 271 740 100 703 414 455 675 841 129 420 720 312 99 184 180 924 324 89 253 543 645 403 125 475 223 594 361 551 333 576 507 580 622 504 165 496 285 166 299 654 639 500 948 634 614 747 254 630 116 58 176 747 278 121 398 743 276 751 546 615 727 817 358 140 63 279 66 206 612 858 586 246 600 598 143
444 495 1041 854 1036 466 824 1217 104 607 346 306 670 486 655 660 478 823 823 476 440 905 1022 612 1077 791 1056 417 431 758 271 688 250 395 250 853 657 523 461 473 0 512 1195 512 849 374 81 767 1299 444 647 271 748 440 587 395 515 262 425 223 702 441 414 388 943 445 491 830 907 305 236 907 1051 1093 38 361 693 506 307 756 942 225 798 551 675 967 1191 244 509 371 428 337 301 426 466 742 659 438 663 141 716 672 1159 728 457 509 434 408 654 791 565 1056 307 446 811 441
388 356 1203 670 1033 978 312 1136 465 826 820 603 246 41 668 427 66 420 1127 312 585 428 846 1093 783 618 1069 360 592 321 478 556 349 669 278 448 513 238 266 271 512 0 731 185 973 628 454 939 990 389 691 684 300 359 447 420 1024 256 341 366 811 832 631 356 533 479 810 440 803 225 493 740 701 738 550 385 766 549 301 500 441 729 767 1056 889 864 924 403 844 326 304 207 703 525 388 232 500 526 509 513 879 477 1064 616 404 226 528 254 437 882 1021 644 443 408 344 402
828 758 1384 657 1058 1652 482 1006 1115 1196 1531 1335 783 772 913 625 736 384 1495 753 1017 670 709 1675 477 671 1100 834 1032 436 1209 726 961 1156 998 359 1145 912 749 740 1195 731 0 683 1181 1119 1157 1215 527 830 953 1408 448 813 731 895 1664 973 816 988 1074 1357 1093 857 281 902 1279 388 804 951 1224 695 350 335 1230 898 1015 918 898 568 566 1378 892 1687 1229 830 575 994 1315 856 795 858 1429 963 808 526 1126 954 1136 1231 1169 1089 941 754 829 691 959 796 642 1092 1579 205 980 1117 700 841
227 179 1031 489 848 971 381 952 434 677 852 690 426 214 489 246 127 314 986 139 441 569 668 1027 631 435 884 209 451 246 572 370 282 549 342 344 690 417 101 100 512 185 683 0 799 508 480 774 848 229 515 739 238 199 262 277 991 314 188 308 640 734 500 217 435 324 690 325 618 309 575 559 570 611 547 256 592 385 220 327 554 700 582 1018 735 680 767 323 726 199 151 179 764 378 221 299 678 376 687 562 715 658 880 430 241 42 379 124 254 707 942 549 332 557 499 243
586 620 231 525 271 1026 1143 496 761 258 1095 1156 1220 988 313 628 906 868 371 662 429 1364 540 810 761 512 264 617 431 907 1101 485 715 459 936 876 1407 1166 706 703 849 973 1181 799 0 475 902 105 910 584 284 1099 923 614 551 568 934 919 633 721 163 541 436 628 919 501 423 846 398 953 1074 499 850 881 848 612 207 426 720 638 1331 813 288 924 206 404 773 671 435 662 670 812 1131 473 585 1074 1401 467 1408 989 136 1395 477 439 569 757 467 722 610 95 703 976 596 1216 1298 572
297 367 670 599 676 633 889 874 290 237 643 681 860 626 329 497 565 738 506 385 115 1055 737 559 859 543 692 303 98 719 632 443 292 41 497 761 971 763 409 414 374 628 1119 508 475 0 431 394 1070 295 308 628 722 319 393 234 589 487 324 286 333 237 46 290 839 216 183 731 598 528 603 632 877 920 373 252 334 220 327 573 1055 373 468 600 307 651 944 237 218 310 357 426 659 157 314 806 969 167 974 515 342 969 825 457 293 476 162 388 482 421 460 938 184 768 972 282
449 492 1101 862 1075 525 767 1247 141 668 373 262 596 425 687 653 428 794 897 466 482 834 1035 691 1072 799 1097 419 476 722 201 698 247 456 181 824 577 445 444 455 81 454 1157 480 902 431 0 825 1294 449 684 265 709 440 591 410 586 198 423 224 750 519 467 390 915 467 562 804 929 236 172 919 1035 1078 114 370 736 535 294 749 876 302 828 623 737 990 1192 259 583 367 418 301 292 458 470 686 579 469 583 96 772 591 1187 743 464 483 466 389 649 839 646 1029 332 366 739 449
551 595 278 568 373 922 1134 598 684 162 998 1073 1185 950 311 631 872 881 293 635 368 1344 611 706 819 544 369 579 367 908 1026 497 655 373 874 893 1349 1118 676 675 767 939 1215 774 105 394 825 0 983 549 274 1010 922 580 542 522 829 859 597 658 143 437 359 585 944 459 321 862 462 896 997 554 896 930 762 563 202 390 668 656 1319 716 334 819 103 479 845 607 331 618 635 764 1041 421 554 1061 1344 417 1351 908 60 1341 574 461 535 733 416 684 612 137 598 1011 535 1152 1273 536
856 804 1056 471 694 1694 878 558 1199 1036 1643 1530 1147 1031 760 641 959 577 1276 828 955 1118 371 1609 222 527 731 881 971 681 1417 630 1051 1094 1187 551 1491 1223 853 841 1299 990 527 848 910 1070 1294 983 0 857 795 1559 707 858 715 912 1660 1159 874 1077 872 1282 1029 911 485 881 1173 553 522 1157 1417 448 292 262 1325 940 822 851 999 544 1026 1417 660 1670 1039 506 137 1057 1205 929 876 1013 1587 926 834 877 1475 913 1485 1386 958 1445 512 613 845 829 919 908 645 846 1500 410 1008 1396 1116 861
1 72 814 412 676 851 607 819 342 447 785 704 636 404 289 226 323 446 757 93 213 798 586 844 635 349 707 36 225 423 609 249 202 335 395 471 841 586 128 129 444 389 830 229 584 295 449 549 857 0 306 710 427 30 143 64 842 372 49 225 421 532 279 61 554 94 471 442 489 395 597 470 622 666 468 83 379 159 168 318 783 572 411 861 505 552 747 200 507 92 86 238 739 150 23 527 832 147 840 545 489 821 753 297 17 191 150 138 216 496 750 658 156 668 725 13
307 336 516 334 391 938 863 572 547 250 947 945 937 708 40 357 624 608 541 379 209 1080 440 814 601 294 415 340 221 634 871 227 463 318 682 621 1143 892 424 420 647 691 953 515 284 308 684 274 795 306 0 915 648 335 270 301 882 661 355 476 131 491 261 355 678 233 378 590 295 691 851 347 653 692 656 347 77 156 456 387 1050 681 160 886 275 343 662 430 410 390 390 541 947 225 303 792 1135 215 1143 777 220 1126 518 203 289 473 217 443 338 191 705 753 354 961 1014 295
710 756 1274 1122 1300 385 988 1486 375 847 158 139 765 648 925 918 671 1054 1014 731 707 1006 1292 665 1337 1059 1318 681 696 976 234 957 509 640 409 1084 611 597 708 720 271 684 1408 739 1099 628 265 1010 1559 710 915 0 961 703 852 664 500 435 686 484 961 623 671 652 1175 716 707 1065 1179 459 202 1176 1300 1342 258 628 957 777 559 1014 1067 323 1068 545 911 1238 1456 512 715 630 683 561 31 696 731 913 621 709 621 177 964 649 1430 998 724 745 704 654 914 1049 662 1289 578 429 912 708
425 357 1151 483 902 1209 230 951 672 855 1083 895 443 342 613 294 292 130 1167 337 636 476 636 1259 516 452 943 420 650 26 771 440 521 762 553 155 784 519 320 312 748 300 448 238 923 722 709 922 707 427 648 961 0 402 380 487 1229 526 399 547 779 956 706 437 234 515 897 157 642 508 782 552 415 447 783 478 723 556 458 311 419 939 659 1255 904 695 659 559 934 427 370 410 983 575 410 186 768 569 778 784 865 738 877 494 431 255 574 359 312 827 1170 343 559 706 441 440
29 57 844 422 702 858 578 839 340 477 784 692 605 373 317 221 292 428 787 65 242 767 598 863 636 360 733 23 253 400 593 263 193 360 375 454 814 558 98 99 440 359 813 199 614 319 440 580 858 30 335 703 402 0 150 84 854 351 21 218 452 554 305 52 539 124 497 426 508 371 583 482 617 660 466 87 409 190 151 316 753 579 435 875 536 571 752 200 533 75 55 213 732 179 34 498 806 176 814 536 520 794 773 314 45 162 180 108 213 526 771 646 168 644 694 44
142 107 782 272 586 986 593 703 485 479 928 842 688 472 237 105 384 358 790 149 286 814 449 952 494 209 621 171 302 368 742 117 343 427 520 377 938 670 193 184 587 447 731 262 551 393 591 542 715 143 270 852 380 150 0 198 967 494 169 367 400 629 363 200 450 178 547 346 368 510 733 333 490 533 611 226 346 187 301 183 780 707 320 984 525 431 604 343 584 225 186 350 881 236 121 523 927 225 936 686 485 911 634 174 130 221 231 235 89 456 852 545 293 781 752 146
66 136 793 459 686 789 659 842 291 406 732 669 664 428 292 288 354 511 711 150 166 839 627 780 692 396 713 68 175 485 582 293 169 275 381 535 842 598 176 180 395 420 895 277 568 234 410 522 912 64 301 664 487 84 198 0 778 360 90 187 404 469 223 64 618 68 414 507 519 389 566 512 684 727 416 46 369 145 154 378 830 510 426 797 468 581 799 152 450 95 125 244 694 104 87 577 836 105 843 506 462 828 779 334 69 243 107 166 277 484 687 723 95 660 762 54
843 911 1030 1189 1193 143 1334 1412 563 689 365 638 1183 1000 910 1065 983 1280 692 911 704 1420 1321 196 1448 1133 1195 832 688 1234 700 1032 708 567 765 1307 1102 1028 914 924 515 1024 1664 991 934 589 586 829 1660 842 882 500 1229 854 967 778 0 778 849 683 855 400 631 807 1393 790 521 1280 1176 820 660 1220 1458 1501 477 768 883 809 770 1151 1458 295 1038 45 728 1223 1533 670 502 807 868 833 514 737 865 1250 1110 750 1111 574 809 1133 1375 1047 847 975 744 870 1053 927 258 1500 686 904 1325 833
371 386 1137 762 1045 723 568 1191 242 718 564 375 413 226 653 529 236 624 989 349 492 644 941 866 939 701 1074 335 492 542 258 611 204 523 28 654 489 283 312 324 262 256 973 314 919 487 198 859 1159 372 661 435 526 351 494 360 778 0 330 202 756 644 507 312 745 428 654 638 858 45 260 826 885 925 301 314 727 505 206 622 680 486 782 813 786 922 1069 253 682 279 308 148 456 446 385 488 485 453 491 259 801 483 1124 664 389 329 452 261 530 840 807 859 323 299 550 378
47 69 863 441 723 850 568 861 327 491 771 673 588 355 337 234 274 432 799 63 253 753 618 862 651 379 754 21 263 398 573 283 177 365 354 458 793 537 86 89 425 341 816 188 633 324 423 597 874 49 355 686 399 21 169 90 849 330 0 203 470 557 313 41 544 139 504 431 529 350 563 502 628 671 452 81 429 208 132 330 742 571 456 871 551 592 769 188 540 56 38 192 715 190 55 487 785 189 793 518 537 773 794 335 65 152 192 88 228 545 772 652 163 623 678 61
225 273 936 638 866 664 662 1029 129 515 569 482 582 356 474 437 313 609 791 253 292 793 811 730 854 575 892 196 291 553 396 474 27 324 215 638 691 477 242 253 223 366 988 308 721 286 224 658 1077 225 476 484 547 218 367 187 683 202 203 0 561 467 305 167 727 249 460 613 707 242 379 695 828 871 251 145 536 322 89 533 808 392 611 710 584 769 971 50 490 148 205 160 513 252 246 577 687 262 693 320 600 685 967 519 240 296 260 191 431 647 655 839 125 494 705 225
423 461 392 435 348 930 994 558 609 171 972 1008 1058 825 167 487 744 737 423 502 270 1208 503 761 694 406 360 453 274 765 946 353 553 326 774 749 1244 1002 545 543 702 811 1074 640 163 333 750 143 872 421 131 961 779 452 400 404 855 756 470 561 0 455 289 464 802 337 334 718 351 790 921 430 762 798 704 448 59 262 556 513 1180 694 211 853 167 382 735 511 357 498 507 648 992 310 423 922 1238 303 1245 840 94 1231 519 320 406 599 304 559 469 88 651 872 435 1054 1140 409
533 603 671 813 794 485 1112 1012 405 289 579 719 1047 823 523 734 774 976 391 619 344 1260 931 327 1079 762 798 536 327 954 711 668 483 201 645 999 1096 928 639 645 441 832 1357 734 541 237 519 437 1282 532 491 623 956 554 629 469 400 644 557 467 455 0 266 520 1077 454 121 969 783 689 674 836 1108 1149 419 479 485 448 533 807 1270 303 643 398 334 826 1151 428 106 535 587 625 652 394 551 1028 1097 404 1101 574 411 1106 974 672 530 706 398 611 718 527 223 1175 402 885 1172 519
280 348 637 558 631 678 882 828 325 210 689 720 868 633 284 468 567 714 496 371 77 1056 693 592 819 503 647 292 61 701 666 405 307 66 520 736 996 779 399 403 414 631 1093 500 436 46 467 359 1029 279 261 671 706 305 363 223 631 507 313 305 289 266 0 283 812 192 191 706 553 547 639 589 842 884 415 248 289 183 335 541 1052 419 422 640 279 605 902 255 228 308 348 434 702 131 296 800 992 139 998 553 305 991 778 416 274 466 134 384 452 378 490 908 191 795 976 265
60 109 855 472 733 808 599 879 288 470 732 643 600 365 342 273 289 473 775 104 230 775 646 823 689 409 763 29 238 437 548 310 142 332 336 499 787 538 118 125 388 356 857 217 628 290 390 585 911 61 355 652 437 52 200 64 807 312 41 167 464 520 283 0 586 126 472 472 550 337 536 530 668 712 414 40 426 202 107 368 768 529 469 829 532 613 804 148 508 34 67 185 681 168 79 516 780 169 787 485 525 770 814 358 77 186 171 102 266 542 733 694 123 610 697 65
552 482 1132 406 830 1390 395 824 856 917 1286 1119 663 575 638 344 518 120 1219 482 736 641 506 1397 322 407 872 561 751 211 997 450 700 876 772 91 1014 752 485 475 943 533 281 435 919 839 915 944 485 554 678 1175 234 539 450 618 1393 745 544 727 802 1077 812 586 0 622 997 113 565 732 1005 458 198 222 976 625 742 637 639 290 557 1113 632 1414 952 603 461 728 1034 588 527 614 1199 683 531 392 997 673 1008 997 895 966 753 483 551 434 679 536 361 827 1299 114 707 940 632 564
96 157 728 417 619 813 701 780 341 353 773 729 725 490 226 281 413 522 663 186 121 892 578 775 663 356 646 119 134 509 645 251 233 254 449 544 910 665 222 223 445 479 902 324 501 216 467 459 881 94 233 716 515 124 178 68 790 428 139 249 337 454 192 126 622 0 383 514 462 457 628 465 668 711 462 114 301 77 222 362 878 536 362 805 412 523 762 208 420 160 177 311 747 61 106 621 903 54 911 563 399 895 719 284 84 285 58 225 266 417 676 722 138 728 817 80
472 540 569 708 673 604 1071 890 431 168 681 788 1040 808 413 653 748 903 337 563 263 1238 817 435 974 660 677 483 249 893 762 571 469 141 660 924 1128 935 589 594 491 810 1279 690 423 183 562 321 1173 471 378 707 897 497 547 414 521 654 504 460 334 121 191 472 997 383 0 893 667 697 728 726 1012 1053 477 435 366 360 509 718 1239 399 526 519 217 708 1040 414 37 494 538 607 737 322 487 989 1127 329 1132 631 291 1131 853 569 466 657 324 571 636 406 327 1090 367 919 1155 457
440 370 1067 359 787 1276 367 812 743 822 1174 1013 600 482 551 241 417 29 1128 369 630 618 493 1286 358 343 829 448 645 130 892 364 586 768 666 31 938 669 371 361 830 440 388 325 846 731 804 862 553 442 590 1065 157 426 346 507 1280 638 431 613 718 969 706 472 113 514 893 0 522 627 898 422 261 297 863 512 659 534 525 208 548 999 566 1302 861 569 502 614 930 474 413 504 1089 575 420 339 922 566 932 887 810 893 739 407 440 321 571 423 259 752 1190 226 594 848 592 453
490 475 582 162 266 1232 872 335 804 519 1227 1189 1033 832 269 378 744 549 755 517 491 1116 152 1103 363 191 308 524 505 619 1098 251 687 612 883 547 1304 1034 560 551 907 803 804 618 398 598 929 462 522 489 295 1179 642 508 368 519 1176 858 529 707 351 783 553 550 565 462 667 522 0 877 1085 109 460 488 923 561 304 403 657 331 1060 969 141 1180 517 63 385 670 696 581 552 716 1209 485 474 821 1293 472 1302 1025 435 1275 266 194 472 579 477 603 366 324 993 600 601 1148 1071 485
393 402 1173 773 1071 762 534 1210 287 757 595 387 368 191 680 536 216 612 1032 361 528 600 953 910 940 713 1101 358 529 525 265 627 241 565 55 642 454 238 322 333 305 225 951 309 953 528 236 896 1157 395 691 459 508 371 510 389 820 45 350 242 790 689 547 337 732 457 697 627 877 0 274 839 879 919 343 343 758 534 235 627 639 529 806 856 825 940 1073 292 726 303 324 160 479 479 406 456 448 486 455 287 837 444 1143 682 412 330 485 274 539 873 852 845 361 273 507 402
597 628 1273 1005 1242 566 790 1408 313 839 357 114 562 455 851 781 490 884 1059 596 652 804 1182 798 1196 942 1266 563 646 799 40 846 397 627 233 915 446 395 565 576 236 493 1224 575 1074 603 172 997 1417 597 851 202 782 583 733 566 660 260 563 379 921 674 639 536 1005 628 728 898 1085 274 0 1066 1145 1186 255 523 905 699 431 876 864 414 990 702 908 1147 1324 421 746 508 550 403 215 625 615 718 452 635 454 100 944 473 1346 894 613 589 633 511 780 1010 771 1118 496 243 710 599
470 440 690 70 371 1263 780 401 803 589 1238 1174 960 773 313 313 687 450 847 478 518 1028 116 1161 265 125 414 502 534 528 1075 220 672 652 853 446 1250 977 517 507 907 740 695 559 499 632 919 554 448 470 347 1176 552 482 333 512 1220 826 502 695 430 836 589 530 458 465 726 422 109 839 1066 0 352 382 926 549 377 419 634 247 966 993 220 1227 598 146 315 664 757 557 518 680 1206 499 451 735 1238 486 1247 1015 521 1217 328 180 454 524 491 565 305 419 1052 491 601 1107 988 469
621 559 1043 327 709 1474 593 662 955 903 1397 1260 855 743 613 396 674 285 1185 574 765 839 359 1435 135 359 751 640 781 389 1142 441 801 908 913 259 1199 931 591 580 1051 701 350 570 850 877 1035 896 292 622 653 1300 415 617 490 684 1458 885 628 828 762 1108 842 668 198 668 1012 261 460 879 1145 352 0 43 1080 703 704 659 744 306 753 1194 563 1474 925 481 265 817 1048 681 622 743 1326 723 599 586 1183 711 1193 1124 856 1153 595 450 614 557 717 646 406 765 1331 159 779 1109 830 630
665 602 1070 363 730 1517 617 671 998 942 1440 1301 885 780 652 439 713 319 1220 617 807 859 377 1477 142 397 772 683 823 422 1183 482 844 951 954 292 1232 966 634 622 1093 738 335 611 881 920 1078 930 262 666 692 1342 447 660 533 727 1501 925 671 871 798 1149 884 712 222 711 1053 297 488 919 1186 382 43 0 1123 747 740 701 787 350 770 1238 597 1517 962 505 255 860 1088 724 665 784 1368 765 642 614 1216 754 1226 1166 891 1185 606 489 658 598 759 689 450 798 1373 161 822 1146 854 673
468 522 1034 875 1042 429 863 1228 125 601 318 312 708 525 666 687 515 857 805 505 448 943 1041 576 1103 812 1061 443 438 793 291 709 279 389 288 886 685 560 492 504 38 550 1230 547 848 373 114 762 1325 468 656 258 783 466 611 416 477 301 452 251 704 419 415 414 976 462 477 863 923 343 255 926 1080 1123 0 384 699 520 338 782 981 188 809 512 668 982 1215 267 493 399 457 374 290 438 490 780 688 451 692 155 714 702 1171 746 480 542 447 440 680 793 532 1089 325 474 849 464
83 145 836 494 732 771 637 887 258 441 702 627 626 390 339 307 319 513 742 144 200 808 665 782 718 431 760 64 207 478 538 329 125 294 335 539 797 555 159 165 361 385 898 256 612 252 370 563 940 83 347 628 478 87 226 46 768 314 81 145 448 479 248 40 625 114 435 512 561 343 523 549 703 747 384 0 415 191 108 400 804 492 471 789 505 624 831 117 470 59 107 201 657 142 106 554 790 146 798 466 504 783 823 373 96 226 147 136 298 529 692 733 82 613 728 80
381 413 439 378 343 951 939 541 596 214 978 996 1013 783 110 430 700 678 481 455 253 1157 456 799 639 347 362 413 261 708 928 294 526 335 746 690 1212 965 500 496 693 766 1015 592 207 334 736 202 822 379 77 957 723 409 346 369 883 727 429 536 59 485 289 426 742 301 366 659 304 758 905 377 704 740 699 415 0 224 524 453 1126 704 163 883 222 342 686 488 393 461 465 612 989 284 378 869 1205 275 1213 828 153 1197 495 260 363 550 276 517 411 116 689 812 412 1026 1091 368
161 208 655 381 544 845 754 712 403 299 824 797 796 563 152 293 482 546 611 245 105 955 529 775 638 323 571 191 122 547 718 223 308 249 525 565 987 740 286 285 506 549 918 385 426 220 535 390 851 159 156 777 556 190 187 145 809 505 208 322 262 448 183 202 637 77 360 534 403 534 699 419 659 701 520 191 224 0 299 359 935 573 292 821 352 462 727 277 397 236 245 387 808 81 164 677 980 68 988 630 330 972 653 240 145 344 73 296 276 340 672 729 203 804 883 147
167 198 943 573 838 754 583 987 217 539 653 541 533 299 446 358 241 520 831 171 301 730 750 811 777 511 867 133 305 464 442 414 62 368 229 549 688 450 154 166 307 301 898 220 720 327 294 668 999 168 456 559 458 151 301 154 770 206 132 89 556 533 335 107 639 222 509 525 657 235 431 634 744 787 338 108 524 299 0 455 737 480 575 797 605 720 898 106 542 76 123 99 587 248 184 498 682 253 689 388 609 675 921 465 185 207 253 102 355 638 731 751 143 505 645 172
317 260 859 176 591 1168 541 648 656 628 1100 989 714 536 348 96 452 231 929 283 463 785 346 1133 322 141 632 339 479 289 880 160 506 606 650 238 1013 739 311 299 756 500 568 327 638 573 749 656 544 318 387 1014 311 316 183 378 1151 622 330 533 513 807 541 368 290 362 718 208 331 627 876 247 306 350 782 400 453 359 455 0 730 889 358 1167 662 385 447 516 754 385 331 474 1042 417 295 490 1000 406 1010 842 606 978 575 198 309 298 412 365 102 543 1031 372 473 884 742 324
781 726 1562 900 1322 1400 189 1360 905 1231 1218 956 307 459 1018 708 496 519 1541 691 995 105 1041 1534 880 872 1362 763 1005 440 836 856 789 1097 695 529 632 475 656 654 942 441 566 554 1331 1055 876 1319 1026 783 1050 1067 419 753 780 830 1458 680 742 808 1180 1270 1052 768 557 878 1239 548 1060 639 864 966 753 770 981 804 1126 935 737 730 0 1165 1077 1492 1287 1112 1018 842 1274 745 705 647 1079 932 773 258 612 930 621 914 1261 571 1287 911 794 592 933 668 725 1236 1463 616 873 677 169 797
573 637 968 952 1041 279 1039 1246 268 555 282 433 896 706 701 798 688 997 691 631 478 1130 1102 390 1199 892 1053 556 464 945 454 787 418 368 475 1025 858 748 629 639 225 729 1378 700 813 373 302 716 1417 572 681 323 939 579 707 510 295 486 571 392 694 303 419 529 1113 536 399 999 969 529 414 993 1194 1238 188 492 704 573 480 889 1165 0 840 327 614 1023 1298 385 401 525 585 538 351 494 595 955 863 507 866 316 677 880 1197 813 580 687 501 582 788 778 357 1223 415 650 1036 564
412 416 501 236 267 1098 887 419 695 377 1105 1090 1008 791 143 369 704 589 626 461 366 1121 293 961 486 225 302 447 379 640 1008 221 595 478 805 595 1249 986 507 500 798 767 892 582 288 468 828 334 660 411 160 1068 659 435 320 426 1038 782 456 611 211 643 422 469 632 362 526 566 141 806 990 220 563 597 809 471 163 292 575 358 1077 840 0 1041 379 184 524 569 555 502 486 648 1099 371 400 826 1239 359 1248 923 300 1226 362 165 393 541 363 540 352 201 851 687 496 1079 1066 404
863 932 1011 1199 1187 185 1365 1407 593 685 410 682 1220 1034 916 1083 1014 1303 668 933 715 1456 1327 159 1459 1144 1187 853 699 1260 743 1044 735 575 801 1329 1145 1067 938 948 551 1056 1687 1018 924 600 623 819 1670 861 886 545 1255 875 984 797 45 813 871 710 853 398 640 829 1414 805 519 1302 1180 856 702 1227 1474 1517 512 789 883 821 797 1167 1492 327 1041 0 720 1225 1541 695 496 831 891 863 559 751 884 1281 1153 763 1154 615 802 1176 1372 1057 866 1001 758 896 1071 922 234 1520 707 946 1362 852
