0 57 1426 1102 1079 301 72 60 971 1422 69 1098 1557 515 739 888
57 0 1480 1045 1136 298 16 67 1028 1439 20 1154 1544 511 744 834
1426 1480 0 2508 595 1586 1496 1464 617 2043 1484 350 2618 1423 1770 2202
1102 1045 2508 0 2176 1077 1029 1078 2071 1984 1036 2194 1603 1185 1320 438
1079 1136 595 2176 0 1144 1151 1098 113 1447 1147 319 2045 1287 1228 1952
301 298 1586 1077 1144 0 293 242 1050 1157 316 1241 1257 809 448 985
72 16 1496 1029 1151 293 0 71 1043 1438 24 1170 1535 517 740 822
60 67 1464 1078 1098 242 71 0 992 1374 87 1132 1497 570 683 888
971 1028 617 2071 113 1050 1043 992 0 1440 1039 294 2002 1174 1165 1841
1422 1439 2043 1984 1447 1157 1438 1374 1440 0 1459 1735 807 1933 724 2066
69 20 1484 1036 1147 316 24 87 1039 1459 0 1160 1559 493 763 819
1098 1154 350 2194 319 1241 1170 1132 294 1735 1160 0 2277 1171 1421 1914
1557 1544 2618 1603 2045 1257 1535 1497 2002 807 1559 2277 0 2045 880 1848
515 511 1423 1185 1287 809 517 570 1174 1933 493 1171 2045 0 1254 807
739 744 1770 1320 1228 448 740 683 1165 724 763 1421 880 1254 0 1349
888 834 2202 438 1952 985 822 888 1841 2066 819 1914 1848 807 1349 0
