0 1324 85 672 137 1242 170 905 1101 1718 1290 1217 217 532 1 1156
1324 0 1364 1934 1341 81 1154 2227 1535 2405 2614 697 1144 1837 1322 2466
85 1364 0 602 215 1282 223 863 1185 1785 1252 1212 294 527 86 1139
672 1934 602 0 743 1853 825 413 1633 2017 776 1644 890 513 674 806
137 1341 215 743 0 1259 224 917 970 1583 1290 1302 196 496 136 1125
1242 81 1282 1853 1259 0 1072 2145 1477 2346 2532 668 1063 1755 1240 2384
170 1154 223 825 224 1072 0 1075 1075 1763 1460 1078 112 695 168 1322
905 2227 863 413 917 2145 1075 0 1619 1818 392 2018 1104 467 907 401
1101 1535 1185 1633 970 1477 1075 1619 0 870 1878 1894 963 1170 1101 1592
1718 2405 1785 2017 1583 2346 1763 1818 870 0 1911 2721 1664 1505 1718 1593
1290 2614 1252 776 1290 2532 1460 392 1878 1911 0 2407 1481 808 1291 318
1217 697 1212 1644 1302 668 1078 2018 1894 2721 2407 0 1136 1740 1216 2341
217 1144 294 890 196 1063 112 1104 963 1664 1481 1136 0 692 216 1321
532 1837 527 513 496 1755 695 467 1170 1505 808 1740 692 0 533 629
1 1322 86 674 136 1240 168 907 1101 1718 1291 1216 216 533 0 1158
1156 2466 1139 806 1125 2384 1322 401 1592 1593 318 2341 1321 629 1158 0
