0 489 273 312 195 776 456 387 177 227 606 573 17 463 749 562 332 841 97 256 236 389 401 11 565 240 851 212 284 211 668 87 130 690 471 99 810 271 742 796 375 727 359 718 254 816 203 487 85 730 562 515 30 126 538 420 383 80 519 748 2 192 615 164 486 840 81 757 303 788 722 92 493 445 352 176 496 276
489 0 215 760 364 740 61 794 658 451 1041 670 503 833 1035 680 821 1292 393 745 333 477 102 478 77 495 1153 691 435 302 909 558 359 1106 568 423 334 585 1006 1215 604 1018 758 1194 597 1300 553 683 506 633 74 899 476 592 710 906 190 415 386 692 492 679 471 325 844 911 417 660 789 1265 1149 439 421 930 633 598 545 473
273 215 0 552 183 710 188 603 445 283 840 586 287 647 883 576 605 1092 177 530 171 373 135 263 292 326 1007 479 293 103 770 343 143 911 474 215 539 410 871 1020 450 864 568 982 414 1087 364 559 294 638 289 717 262 381 597 691 166 201 373 681 276 464 476 109 662 840 202 667 573 1052 956 232 378 716 473 395 459 311
312 760 552 0 507 757 741 491 268 522 294 836 294 202 505 499 181 772 388 195 548 683 687 323 838 521 964 273 583 458 472 224 419 379 749 411 1049 509 898 484 319 482 483 440 481 651 451 725 259 1027 828 607 339 310 779 205 688 389 639 1037 310 236 705 449 229 736 356 1054 137 510 712 402 589 335 580 378 513 347
195 364 183 507 0 857 315 429 320 100 802 432 213 653 927 684 505 928 146 422 43 224 263 184 431 142 823 349 124 210 833 283 137 886 321 96 699 227 689 992 519 905 393 901 234 950 188 384 265 547 438 538 167 250 427 596 210 123 541 573 196 348 644 138 673 960 179 575 484 969 785 106 535 586 290 238 587 391
776 740 710 757 857 0 780 1153 908 948 863 1288 771 633 578 260 931 1527 735 909 865 1075 768 775 780 982 1626 937 981 647 448 752 727 858 1175 817 776 1039 1517 939 444 577 1129 1106 1027 1401 973 1237 702 1341 748 1282 796 890 1283 962 855 777 355 1389 778 898 272 719 617 217 717 1370 884 1167 1450 826 333 1088 1118 951 279 500
456 61 188 741 315 780 0 743 620 398 1027 608 471 828 1044 702 789 1243 362 711 281 416 55 445 115 441 1094 652 378 286 922 531 328 1096 506 382 387 531 946 1205 610 1027 707 1170 544 1260 502 623 483 578 126 845 440 552 649 876 130 379 425 635 459 643 516 295 841 944 390 606 759 1240 1098 398 454 892 577 552 571 475
387 794 603 491 429 1153 743 0 248 347 704 450 387 693 996 920 342 502 461 296 462 416 692 392 858 306 482 226 383 581 958 400 486 804 416 392 1128 218 407 886 723 973 36 676 199 576 241 317 451 704 867 129 377 264 361 407 625 420 906 684 385 268 1003 513 721 1188 463 723 366 729 355 377 880 287 213 215 875 655
177 658 445 268 320 908 620 248 0 293 533 573 169 464 768 672 191 665 272 108 363 440 564 187 732 277 730 34 353 389 717 158 305 629 493 237 984 246 645 726 475 745 230 589 216 642 197 458 216 781 732 377 183 70 511 282 529 243 686 783 175 34 777 338 491 939 259 806 182 655 554 222 653 272 313 117 632 415
227 451 283 522 100 948 398 347 293 0 811 352 242 689 976 763 484 849 218 401 119 162 349 219 512 44 723 315 61 304 892 308 221 901 246 140 785 133 589 1003 588 954 310 882 147 893 114 289 310 506 523 447 197 226 335 576 278 181 640 521 227 326 743 230 712 1041 244 533 472 948 700 138 631 540 190 186 674 469
606 1041 840 294 802 863 1027 704 533 811 0 1105 589 243 393 613 365 807 681 432 843 968 975 617 1118 805 1132 526 873 741 449 519 711 99 1026 705 1310 780 1100 192 502 375 709 248 749 600 729 984 551 1312 1105 795 634 589 1036 299 982 684 855 1317 605 499 897 741 251 765 648 1338 354 304 809 696 798 450 842 650 685 589
573 670 586 836 432 1288 608 450 573 352 1105 0 586 1022 1318 1115 745 873 570 672 422 213 583 567 699 332 536 578 308 640 1241 646 568 1201 112 493 962 327 378 1296 940 1295 427 1118 356 1011 386 133 658 265 724 454 544 527 98 828 484 534 959 234 572 607 1062 570 1046 1392 597 279 751 1175 702 490 961 733 263 458 1020 820
17 503 287 294 213 771 471 387 169 242 589 586 0 447 734 554 318 834 110 242 254 405 416 28 579 254 855 204 301 221 654 70 144 673 486 117 822 281 748 779 365 711 360 702 262 804 213 498 74 746 576 516 46 124 550 404 400 97 522 764 16 181 616 178 469 831 90 774 288 771 718 109 493 434 362 179 491 271
463 833 647 202 653 633 828 693 464 689 243 1022 447 0 303 376 372 938 514 397 690 852 779 472 909 695 1165 474 748 544 278 380 538 280 927 561 1080 697 1100 386 261 280 685 476 670 777 635 917 388 1193 892 809 493 496 970 363 804 529 613 1210 463 435 653 562 27 568 479 1221 334 539 898 556 556 515 772 568 441 364
749 1035 883 505 927 578 1044 996 768 976 393 1318 734 303 0 399 666 1193 781 700 959 1138 1004 756 1104 987 1463 778 1033 780 140 672 799 339 1219 841 1222 997 1403 386 435 23 989 631 971 994 932 1217 666 1474 1082 1109 779 797 1271 639 1048 805 724 1496 749 739 720 816 276 417 747 1502 632 674 1176 839 667 797 1073 869 526 572
562 680 576 499 684 260 702 920 672 763 613 1115 554 376 399 0 675 1271 545 660 703 909 672 564 740 790 1400 697 807 489 258 522 547 621 1005 624 827 834 1301 712 196 389 899 852 817 1141 766 1045 481 1211 713 1049 587 664 1095 702 740 582 330 1249 564 657 321 549 363 278 519 1241 629 915 1200 629 276 832 915 730 136 294
332 821 605 181 505 931 789 342 191 484 365 745 318 372 666 675 0 596 428 83 548 629 733 344 898 468 797 172 544 530 649 267 462 464 675 415 1136 426 745 553 488 643 344 398 395 504 385 621 326 967 894 445 350 259 672 91 710 411 775 964 330 158 853 496 399 917 405 991 46 465 531 401 732 157 481 304 674 482
841 1292 1092 772 928 1527 1243 502 665 849 807 873 834 938 1193 1271 596 0 931 626 962 906 1191 849 1359 809 511 631 885 1051 1213 816 961 889 881 876 1626 721 593 919 1084 1172 539 621 702 264 741 752 877 1138 1366 429 841 717 775 576 1128 896 1348 1098 839 660 1435 992 963 1503 923 1150 643 626 171 860 1311 439 701 696 1268 1065
97 393 177 388 146 735 362 461 272 218 681 570 110 514 781 545 428 931 0 352 178 368 306 86 469 248 906 307 263 120 686 169 34 760 461 82 713 306 786 867 373 760 429 808 298 912 244 504 130 693 466 585 90 214 552 514 300 43 448 720 99 289 548 68 533 822 34 722 397 878 806 92 430 542 384 246 458 250
256 745 530 195 422 909 711 296 108 401 432 672 242 397 700 660 83 626 352 0 466 548 655 267 821 386 769 94 462 460 666 200 387 530 597 334 1064 349 703 623 466 676 290 481 318 565 304 552 262 887 819 412 270 176 604 174 628 332 726 888 253 75 809 420 425 915 332 912 78 548 540 319 686 198 409 223 643 438
236 333 171 548 43 865 281 462 363 119 843 422 254 690 959 703 548 962 178 466 0 210 230 225 396 163 838 391 121 219 862 324 161 927 310 138 667 252 700 1033 545 938 425 944 263 991 221 387 302 517 405 566 209 293 427 639 169 161 540 548 238 391 643 153 710 977 212 546 527 1012 816 149 539 628 307 277 600 414
389 477 373 683 224 1075 416 416 440 162 968 213 405 852 1138 909 629 906 368 548 210 0 382 381 519 163 681 456 105 429 1051 471 361 1060 100 298 791 213 530 1161 742 1116 382 1023 243 990 243 207 471 344 538 480 359 379 233 719 286 336 746 358 389 474 849 361 875 1184 398 371 623 1087 744 299 748 660 205 324 809 616
401 102 135 687 263 768 55 692 564 349 975 583 416 779 1004 672 733 1191 306 655 230 382 0 389 169 393 1054 596 334 235 884 475 273 1045 477 327 436 482 909 1154 568 985 656 1115 494 1205 451 587 428 577 175 796 384 497 616 820 99 323 414 630 403 587 510 240 793 922 334 606 704 1185 1047 343 437 836 532 498 544 432
11 478 263 323 184 775 445 392 187 219 617 567 28 472 756 564 344 849 86 267 225 381 389 0 554 235 852 221 276 202 674 98 120 701 464 89 800 269 742 807 378 734 362 730 253 826 201 483 91 721 552 519 23 133 534 431 372 68 514 740 13 202 611 154 494 842 73 749 315 799 729 83 489 455 350 179 495 276
565 77 292 838 431 780 115 858 732 512 1118 699 579 909 1104 740 898 1359 469 821 396 519 169 554 0 555 1199 765 490 379 976 635 435 1183 603 495 274 645 1049 1291 675 1088 822 1272 659 1373 618 726 584 632 32 958 551 665 748 983 238 490 432 696 567 754 508 401 919 961 494 659 866 1343 1213 512 474 1004 688 667 604 547
240 495 326 521 142 982 441 306 277 44 805 332 254 695 987 790 468 809 248 386 163 163 393 235 555 0 680 296 82 342 909 316 255 897 232 166 828 89 548 998 610 965 269 864 107 860 84 256 326 507 567 403 211 215 304 558 320 208 679 516 240 312 781 268 719 1068 271 533 460 929 658 160 668 513 147 164 706 496
851 1153 1007 964 823 1626 1094 482 730 723 1132 536 855 1165 1463 1400 797 511 906 769 838 681 1054 852 1199 680 0 708 722 1016 1436 878 923 1229 605 826 1472 602 158 1293 1204 1440 501 1026 607 749 662 474 924 767 1218 357 833 737 460 837 964 863 1353 708 849 749 1454 943 1193 1670 917 768 831 1057 376 813 1336 682 533 675 1347 1126
212 691 479 273 349 937 652 226 34 315 526 578 204 474 778 697 172 631 307 94 391 456 596 221 765 296 708 0 374 424 732 189 339 623 503 269 1018 255 629 718 500 754 213 568 223 608 212 459 249 794 766 353 217 100 511 262 559 277 720 793 210 41 810 372 501 962 294 818 172 633 522 253 686 239 315 131 662 446
284 435 293 583 124 981 378 383 353 61 873 308 301 748 1033 807 544 885 263 462 121 105 334 276 490 82 722 374 0 333 946 368 259 963 198 192 764 164 581 1065 637 1011 346 942 187 942 166 266 366 445 504 471 254 288 306 636 251 231 661 463 285 387 764 262 771 1083 293 473 533 1008 730 193 658 595 198 243 711 513
211 302 103 458 210 647 286 581 389 304 741 640 221 544 780 489 530 1051 120 460 219 429 235 202 379 342 1016 424 333 0 669 263 95 810 528 192 605 413 890 919 349 761 548 893 410 1024 356 593 207 723 370 704 210 334 637 611 267 160 337 760 214 402 439 74 559 759 130 752 494 964 927 206 326 654 487 366 381 211
668 909 770 472 833 448 922 958 717 892 449 1241 654 278 140 258 649 1213 686 666 862 1051 884 674 976 909 1436 732 946 669 0 599 700 422 1138 753 1083 929 1362 493 320 133 946 697 906 1037 863 1150 583 1379 952 1078 697 734 1203 641 936 715 586 1407 668 692 580 713 251 316 654 1408 609 749 1176 753 529 794 1009 807 388 458
87 558 343 224 283 752 531 400 158 308 519 646 70 380 672 522 267 816 169 200 324 471 475 98 635 316 878 189 368 263 599 0 202 603 548 187 869 330 781 709 326 649 377 639 307 765 263 550 62 814 630 530 116 142 603 348 467 165 532 830 86 156 621 235 403 795 141 841 231 709 711 179 497 398 409 211 475 257
130 359 143 419 137 727 328 486 305 221 711 568 144 538 799 547 462 961 34 387 161 361 273 120 435 255 923 339 259 95 700 202 0 788 457 97 679 321 799 896 384 778 453 842 316 946 261 509 160 679 432 608 121 245 556 548 270 66 430 709 133 322 531 33 556 823 63 708 431 912 834 111 415 575 396 272 453 254
690 1106 911 379 886 858 1096 804 629 901 99 1201 673 280 339 621 464 889 760 530 927 1060 1045 701 1183 897 1229 623 963 810 422 603 788 0 1121 790 1361 876 1199 108 540 324 808 295 845 669 823 1082 630 1405 1168 895 719 682 1134 399 1059 766 890 1411 689 594 922 816 277 737 726 1431 451 335 901 782 833 547 939 745 710 642
471 568 474 749 321 1175 506 416 493 246 1026 112 486 927 1219 1005 675 881 461 597 310 100 477 464 603 232 605 503 198 528 1138 548 457 1121 0 386 871 248 450 1219 833 1197 386 1061 279 991 298 137 555 294 626 452 441 440 146 762 379 426 847 290 471 528 950 459 951 1281 489 317 675 1121 713 385 848 684 205 376 908 711
99 423 215 411 96 817 382 392 237 140 705 493 117 561 841 624 415 876 82 334 138 298 327 89 495 166 826 269 192 192 753 187 97 790 386 0 753 224 704 896 447 819 359 809 218 877 164 422 174 634 497 513 71 170 471 505 294 41 527 655 100 262 628 121 582 902 104 662 392 877 743 16 511 509 302 181 540 330
810 334 539 1049 699 776 387 1128 984 785 1310 962 822 1080 1222 827 1136 1626 713 1064 667 791 436 800 274 828 1472 1018 764 605 1083 869 679 1361 871 753 0 918 1320 1467 825 1209 1092 1489 931 1626 887 998 811 856 261 1232 801 921 1017 1216 513 741 497 925 812 1002 523 646 1085 985 732 878 1099 1560 1483 770 554 1255 963 931 695 720
271 585 410 509 227 1039 531 218 246 133 780 327 281 697 997 834 426 721 306 349 252 213 482 269 645 89 602 255 164 413 929 330 321 876 248 224 918 0 479 972 646 974 182 815 31 782 67 220 355 540 657 313 247 201 273 514 409 263 750 538 270 281 852 340 723 1111 322 564 427 877 568 213 735 447 81 131 760 544
742 1006 871 898 689 1517 946 407 645 589 1100 378 748 1100 1403 1301 745 593 786 703 700 530 909 742 1049 548 158 629 581 890 1362 781 799 1199 450 704 1320 479 0 1273 1108 1380 416 1028 489 801 543 323 821 612 1069 304 721 639 304 800 816 743 1227 555 740 669 1330 816 1128 1576 800 615 773 1068 433 693 1214 656 403 571 1237 1018
796 1215 1020 484 992 939 1205 886 726 1003 192 1296 779 386 386 712 553 919 867 623 1033 1161 1154 807 1291 998 1293 718 1065 919 493 709 896 108 1219 896 1467 972 1273 0 644 377 894 300 941 681 922 1174 737 1505 1276 969 824 782 1225 479 1167 872 993 1510 795 691 1020 924 382 801 834 1531 545 318 950 887 934 617 1033 843 808 750
375 604 450 319 519 444 610 723 475 588 502 940 365 261 435 196 488 1084 373 466 545 742 568 378 675 610 1204 500 637 349 320 326 384 540 833 447 825 646 1108 644 0 416 703 719 627 971 578 862 290 1062 654 852 401 469 913 525 616 406 352 1093 376 460 398 394 262 468 344 1091 441 787 1006 450 295 645 727 537 194 138
727 1018 864 482 905 577 1027 973 745 954 375 1295 711 280 23 389 643 1172 760 676 938 1116 985 734 1088 965 1440 754 1011 761 133 649 778 324 1197 819 1209 974 1380 377 416 0 965 615 948 976 910 1194 644 1452 1066 1086 757 774 1248 616 1029 783 712 1474 727 716 711 796 253 423 726 1481 609 659 1154 817 655 774 1050 846 514 553
359 758 568 483 393 1129 707 36 230 310 709 427 360 685 989 899 344 539 429 290 425 382 656 362 822 269 501 213 346 548 946 377 453 808 386 359 1092 182 416 894 703 965 0 693 163 608 205 295 426 677 831 156 346 238 342 415 589 388 876 660 356 253 973 480 712 1169 432 697 364 748 391 343 851 306 182 184 850 629
718 1194 982 440 901 1106 1170 676 589 882 248 1118 702 476 631 852 398 621 808 481 944 1023 1115 730 1272 864 1026 568 942 893 697 639 842 295 1061 809 1489 815 1028 300 719 615 693 0 784 381 781 988 688 1355 1264 732 740 657 1035 307 1102 798 1065 1347 716 557 1118 874 489 1013 780 1378 417 70 667 795 1011 388 859 700 911 781
254 597 414 481 234 1027 544 199 216 147 749 356 262 670 971 817 395 702 298 318 263 243 494 253 659 107 607 223 187 410 906 307 316 845 279 218 931 31 489 941 627 948 163 784 0 756 54 246 337 572 669 303 232 174 299 482 426 255 746 569 253 250 846 337 696 1094 311 596 396 846 553 206 728 417 102 102 747 529
816 1300 1087 651 950 1401 1260 576 642 893 600 1011 804 777 994 1141 504 264 912 565 991 990 1205 826 1373 860 749 608 942 1024 1037 765 946 669 991 877 1626 782 801 681 971 976 608 381 756 0 779 880 826 1274 1374 560 825 708 915 446 1160 885 1279 1245 813 623 1353 979 799 1344 895 1290 548 372 374 861 1234 370 790 713 1164 985
203 553 364 451 188 973 502 241 197 114 729 386 213 635 932 766 385 741 244 304 221 243 451 201 618 84 662 212 166 356 863 263 261 823 298 164 887 67 543 922 578 910 205 781 54 779 0 287 287 584 626 353 179 141 339 475 388 201 691 588 202 231 792 283 660 1043 257 609 380 845 596 151 674 428 149 80 694 477
487 683 559 725 384 1237 623 317 458 289 984 133 498 917 1217 1045 621 752 504 552 387 207 587 483 726 256 474 459 266 593 1150 550 509 1082 137 422 998 220 323 1174 862 1194 295 988 246 880 287 0 572 393 746 327 460 420 53 701 493 464 926 367 486 491 1029 519 943 1323 526 410 630 1044 583 415 920 601 145 349 962 752
85 506 294 259 265 702 483 451 216 310 551 658 74 388 666 481 326 877 130 262 302 471 428 91 584 326 924 249 366 207 583 62 160 630 555 174 811 355 821 737 290 644 426 688 337 826 287 572 0 808 576 581 114 187 624 404 430 141 471 829 86 217 561 190 408 757 96 837 288 759 771 172 437 460 436 250 423 203
730 633 638 1027 547 1341 578 704 781 506 1312 265 746 1193 1474 1211 967 1138 693 887 517 344 577 721 632 507 767 794 445 723 1379 814 679 1405 294 634 856 540 612 1505 1062 1452 677 1355 572 1274 584 393 808 0 663 719 700 723 363 1055 486 669 990 71 730 816 1087 668 1216 1478 726 29 964 1415 967 637 1007 978 499 664 1097 928
562 74 289 828 438 748 126 867 732 523 1105 724 576 892 1082 713 894 1366 466 819 405 538 175 552 32 567 1218 766 504 370 952 630 432 1168 626 497 261 657 1069 1276 654 1066 831 1264 669 1374 626 746 576 663 0 970 550 667 770 978 254 489 402 726 565 753 476 398 902 931 489 690 861 1335 1222 514 445 1005 703 672 577 529
515 899 717 607 538 1282 845 129 377 447 795 454 516 809 1109 1049 445 429 585 412 566 480 796 519 958 403 357 353 471 704 1078 530 608 895 452 513 1232 313 304 969 852 1086 156 732 303 560 353 327 581 719 970 0 503 393 357 496 721 543 1033 687 513 393 1130 634 837 1316 589 734 476 776 264 498 1008 352 277 341 1004 784
30 476 262 339 167 796 440 377 183 197 634 544 46 493 779 587 350 841 90 270 209 359 384 23 551 211 833 217 254 210 697 116 121 719 441 71 801 247 721 824 401 757 346 740 232 825 179 460 114 700 550 503 0 123 511 439 361 61 529 718 30 203 627 155 516 864 86 727 323 809 718 63 505 454 328 162 516 297
126 592 381 310 250 890 552 264 70 226 589 527 124 496 797 664 259 717 214 176 293 379 497 133 665 215 737 100 288 334 734 142 245 682 440 170 921 201 639 782 469 774 238 657 174 708 141 420 187 723 667 393 123 0 474 350 459 180 646 729 124 100 740 277 522 937 206 748 245 724 596 153 617 339 276 72 611 390
538 710 597 779 427 1283 649 361 511 335 1036 98 550 970 1271 1095 672 775 552 604 427 233 616 534 748 304 460 511 306 637 1203 603 556 1134 146 471 1017 273 304 1225 913 1248 342 1035 299 915 339 53 624 363 770 357 511 474 0 752 520 512 967 330 538 544 1071 564 996 1373 575 377 682 1090 604 465 963 648 198 402 1009 801
420 906 691 205 596 962 876 407 282 576 299 828 404 363 639 702 91 576 514 174 639 719 820 431 983 558 837 262 636 611 641 348 548 399 762 505 1216 514 800 479 525 616 415 307 482 446 475 701 404 1055 978 496 439 350 752 0 800 499 836 1050 417 250 907 582 389 927 488 1078 117 373 538 492 789 158 565 394 718 541
383 190 166 688 210 855 130 625 529 278 982 484 400 804 1048 740 710 1128 300 628 169 286 99 372 238 320 964 559 251 267 936 467 270 1059 379 294 513 409 816 1167 616 1029 589 1102 426 1160 388 493 430 486 254 721 361 459 520 800 0 303 504 536 385 556 603 243 820 999 333 515 685 1171 978 309 522 797 450 447 618 477
80 415 201 389 123 777 379 420 243 181 684 534 97 529 805 582 411 896 43 332 161 336 323 68 490 208 863 277 231 160 715 165 66 766 426 41 741 263 743 872 406 783 388 798 255 885 201 464 141 669 489 543 61 180 512 499 303 0 491 692 82 264 591 96 550 860 63 697 383 868 768 49 473 515 342 206 499 288
519 386 373 639 541 355 425 906 686 640 855 959 522 613 724 330 775 1348 448 726 540 746 414 514 432 679 1353 720 661 337 586 532 430 890 847 527 497 750 1227 993 352 712 876 1065 746 1279 691 926 471 990 402 1033 529 646 967 836 504 491 0 1040 522 688 103 411 613 528 443 1019 731 1134 1240 540 58 923 824 692 198 294
748 692 681 1037 573 1389 635 684 783 521 1317 234 764 1210 1496 1249 964 1098 720 888 548 358 630 740 696 516 708 793 463 760 1407 830 709 1411 290 655 925 538 555 1510 1093 1474 660 1347 569 1245 588 367 829 71 726 687 718 729 330 1050 536 692 1040 0 748 818 1139 701 1233 1519 752 61 965 1405 927 657 1055 964 487 666 1138 962
2 492 276 310 196 778 459 385 175 227 605 572 16 463 749 564 330 839 99 253 238 389 403 13 567 240 849 210 285 214 668 86 133 689 471 100 812 270 740 795 376 727 356 716 253 813 202 486 86 730 565 513 30 124 538 417 385 82 522 748 0 190 617 167 485 841 84 758 301 786 720 93 495 442 351 174 498 278
192 679 464 236 348 898 643 268 34 326 499 607 181 435 739 657 158 660 289 75 391 474 587 202 754 312 749 41 387 402 692 156 322 594 528 262 1002 281 669 691 460 716 253 557 250 623 231 491 217 816 753 393 203 100 544 250 556 264 688 818 190 0 777 356 462 922 272 841 148 623 556 247 653 252 347 152 625 410
615 471 476 705 644 272 516 1003 777 743 897 1062 616 653 720 321 853 1435 548 809 643 849 510 611 508 781 1454 810 764 439 580 621 531 922 950 628 523 852 1330 1020 398 711 973 1118 846 1353 792 1029 561 1087 476 1130 627 740 1071 907 603 591 103 1139 617 777 0 514 648 467 541 1116 808 1186 1332 640 123 1004 927 789 212 371
164 325 109 449 138 719 295 513 338 230 741 570 178 562 816 549 496 992 68 420 153 361 240 154 401 268 943 372 262 74 713 235 33 816 459 121 646 340 816 924 394 796 480 874 337 979 283 519 190 668 398 634 155 277 564 582 243 96 411 701 167 356 514 0 579 824 94 697 464 945 863 136 400 609 413 300 449 260
486 844 662 229 673 617 841 721 491 712 251 1046 469 27 276 363 399 963 533 425 710 875 793 494 919 719 1193 501 771 559 251 403 556 277 951 582 1085 723 1128 382 262 253 712 489 696 799 660 943 408 1216 902 837 516 522 996 389 820 550 613 1233 485 462 648 579 0 545 498 1244 362 551 924 578 555 542 798 594 436 372
840 911 840 736 960 217 944 1188 939 1041 765 1392 831 568 417 278 917 1503 822 915 977 1184 922 842 961 1068 1670 962 1083 759 316 795 823 737 1281 902 985 1111 1576 801 468 423 1169 1013 1094 1344 1043 1323 757 1478 931 1316 864 937 1373 927 999 860 528 1519 841 922 467 824 545 0 797 1508 873 1066 1449 907 490 1071 1192 1005 381 572
81 417 202 356 179 717 390 463 259 244 648 597 90 479 747 519 405 923 34 332 212 398 334 73 494 271 917 294 293 130 654 141 63 726 489 104 732 322 800 834 344 726 432 780 311 895 257 526 96 726 489 589 86 206 575 488 333 63 443 752 84 272 541 94 498 797 0 755 371 850 802 110 420 524 402 248 438 225
757 660 667 1054 575 1370 606 723 806 533 1338 279 774 1221 1502 1241 991 1150 722 912 546 371 606 749 659 533 768 818 473 752 1408 841 708 1431 317 662 878 564 615 1531 1091 1481 697 1378 596 1290 609 410 837 29 690 734 727 748 377 1078 515 697 1019 61 758 841 1116 697 1244 1508 755 0 989 1438 979 665 1037 999 520 689 1127 958
303 789 573 137 484 884 759 366 182 472 354 751 288 334 632 629 46 643 397 78 527 623 704 315 866 460 831 172 533 494 609 231 431 451 675 392 1099 427 773 545 441 609 364 417 396 548 380 630 288 964 861 476 323 245 682 117 685 383 731 965 301 148 808 464 362 873 371 989 0 485 575 378 687 203 488 299 628 437
788 1265 1052 510 969 1167 1240 729 655 948 304 1175 771 539 674 915 465 626 878 548 1012 1087 1185 799 1343 929 1057 633 1008 964 749 709 912 335 1121 877 1560 877 1068 318 787 659 748 70 846 372 845 1044 759 1415 1335 776 809 724 1090 373 1171 868 1134 1405 786 623 1186 945 551 1066 850 1438 485 0 689 864 1080 442 918 765 977 851
722 1149 956 712 785 1450 1098 355 554 700 809 702 718 898 1176 1200 531 171 806 540 816 744 1047 729 1213 658 376 522 730 927 1176 711 834 901 713 743 1483 568 433 950 1006 1154 391 667 553 374 596 583 771 967 1222 264 718 596 604 538 978 768 1240 927 720 556 1332 863 924 1449 802 979 575 689 0 727 1208 382 540 563 1180 967
92 439 232 402 106 826 398 377 222 138 696 490 109 556 839 629 401 860 92 319 149 299 343 83 512 160 813 253 193 206 753 179 111 782 385 16 770 213 693 887 450 817 343 795 206 861 151 415 172 637 514 498 63 153 465 492 309 49 540 657 93 247 640 136 578 907 110 665 378 864 727 0 522 493 292 164 548 336
493 421 378 589 535 333 454 880 653 631 798 961 493 556 667 276 732 1311 430 686 539 748 437 489 474 668 1336 686 658 326 529 497 415 833 848 511 554 735 1214 934 295 655 851 1011 728 1234 674 920 437 1007 445 1008 505 617 963 789 522 473 58 1055 495 653 123 400 555 490 420 1037 687 1080 1208 522 0 882 812 668 141 249
445 930 716 335 586 1088 892 287 272 540 450 733 434 515 797 832 157 439 542 198 628 660 836 455 1004 513 682 239 595 654 794 398 575 547 684 509 1255 447 656 617 645 774 306 388 417 370 428 601 460 978 1005 352 454 339 648 158 797 515 923 964 442 252 1004 609 542 1071 524 999 203 442 382 493 882 0 479 354 831 633
352 633 473 580 290 1118 577 213 313 190 842 263 362 772 1073 915 481 701 384 409 307 205 532 350 688 147 533 315 198 487 1009 409 396 939 205 302 963 81 403 1033 727 1050 182 859 102 790 149 145 436 499 703 277 328 276 198 565 450 342 824 487 351 347 927 413 798 1192 402 520 488 918 540 292 812 479 0 204 840 624
176 598 395 378 238 951 552 215 117 186 650 458 179 568 869 730 304 696 246 223 277 324 498 179 667 164 675 131 243 366 807 211 272 745 376 181 931 131 571 843 537 846 184 700 102 713 80 349 250 664 672 341 162 72 402 394 447 206 692 666 174 152 789 300 594 1005 248 689 299 765 563 164 668 354 204 0 671 451
496 545 459 513 587 279 571 875 632 674 685 1020 491 441 526 136 674 1268 458 643 600 809 544 495 604 706 1347 662 711 381 388 475 453 710 908 540 695 760 1237 808 194 514 850 911 747 1164 694 962 423 1097 577 1004 516 611 1009 718 618 499 198 1138 498 625 212 449 436 381 438 1127 628 977 1180 548 141 831 840 671 0 220
276 473 311 347 391 500 475 655 415 469 589 820 271 364 572 294 482 1065 250 438 414 616 432 276 547 496 1126 446 513 211 458 257 254 642 711 330 720 544 1018 750 138 553 629 781 529 985 477 752 203 928 529 784 297 390 801 541 477 288 294 962 278 410 371 260 372 572 225 958 437 851 967 336 249 633 624 451 220 0
