0 68 695 427 285 210 381 819 697 661 740 654 91 493 516 517 92 581 432 551 685 315 236 557 321 702 435 810 316 188 269 5 627 196 419 65 473 591 76 472 117 197 96 804 480 713 548 662 696 790 545 310 477 795 710 336 146 313 96 141 798 481 219 715 548 378 643 83 182 336 101 171 548 330 614 780 475 259
68 0 627 385 217 257 406 756 684 729 752 692 34 486 494 462 147 645 462 536 651 253 288 503 254 640 500 805 286 243 291 62 657 216 370 106 418 525 127 457 176 152 121 865 528 688 601 650 629 856 485 338 491 821 660 393 98 342 107 73 730 524 161 753 482 437 575 37 179 275 117 237 614 395 552 790 427 208
695 627 0 504 409 836 878 293 878 1356 1069 1169 608 766 703 404 759 1253 955 744 677 430 881 378 387 299 1118 1019 600 846 801 689 1115 753 480 717 407 164 738 732 790 558 704 1446 1068 779 1174 860 178 1474 312 855 910 1210 507 990 584 846 681 555 115 1059 512 1241 214 1039 113 622 680 417 691 859 1230 1013 295 1117 454 504
427 385 504 0 309 441 403 472 1003 998 569 675 350 262 798 620 428 840 846 251 896 440 663 171 377 692 835 1138 596 615 674 424 1041 600 593 487 585 341 415 784 454 232 366 993 607 966 973 971 614 1175 207 723 866 706 819 760 434 393 348 362 619 907 424 1138 503 798 528 412 551 453 352 521 833 642 625 1154 65 180
285 217 409 309 0 443 535 560 697 946 822 835 199 518 492 327 353 853 606 538 589 131 484 354 73 458 713 834 299 445 435 280 790 372 284 311 288 316 332 483 384 185 303 1060 699 657 791 666 425 1069 313 489 597 926 534 593 189 485 281 146 513 692 137 904 280 641 363 214 304 145 292 451 826 607 374 867 318 165
210 257 836 441 443 0 196 898 894 557 566 445 255 384 722 719 118 418 569 458 896 509 337 605 498 892 418 997 526 296 438 215 753 375 627 255 676 704 134 674 102 277 141 617 270 920 597 858 869 739 617 462 641 597 917 393 353 129 163 324 947 578 419 815 723 415 805 288 385 531 152 118 401 200 804 943 503 336
381 406 878 403 535 196 0 875 1078 655 369 300 390 235 896 848 299 460 766 314 1058 633 534 575 603 993 584 1187 692 492 630 383 949 565 770 437 805 726 308 853 293 350 288 589 204 1093 780 1042 947 867 608 657 836 414 1053 584 505 69 299 455 994 772 556 1008 810 600 872 442 563 654 289 313 468 335 910 1138 468 384
819 756 293 472 560 898 875 0 1151 1452 960 1131 727 696 964 677 855 1308 1161 646 963 637 1040 300 575 592 1253 1294 823 997 994 814 1338 932 731 860 670 251 837 982 885 636 792 1464 1079 1062 1350 1130 471 1606 280 1048 1137 1122 800 1147 749 865 770 697 342 1252 692 1458 483 1193 403 765 864 632 778 956 1298 1095 584 1374 406 571
697 684 878 1003 697 894 1078 1151 0 1068 1436 1335 711 1167 204 475 780 1129 426 1208 234 568 607 1038 637 630 787 142 410 626 467 695 421 519 431 640 481 911 769 227 791 809 792 1376 1143 136 663 35 733 1032 983 465 311 1490 433 645 595 1009 786 664 904 529 581 541 669 679 766 647 514 561 794 801 1075 910 591 269 1015 833
661 729 1356 998 946 557 655 1452 1068 0 920 638 748 890 984 1129 602 230 642 969 1184 959 523 1163 978 1337 286 1107 873 539 663 666 712 663 1016 646 1090 1243 622 918 570 818 662 390 494 1158 433 1038 1348 239 1171 634 758 838 1287 439 786 627 685 802 1459 546 863 676 1202 396 1302 737 727 978 677 500 194 357 1249 965 1061 882
740 752 1069 569 822 566 369 960 1436 920 0 299 729 310 1246 1150 665 692 1135 325 1392 942 903 698 895 1255 926 1550 1037 862 998 742 1318 930 1092 801 1110 904 672 1209 662 652 644 691 432 1438 1133 1401 1183 1154 758 1027 1205 172 1356 947 847 438 649 786 1181 1137 882 1370 1065 959 1098 790 922 961 641 682 726 672 1182 1508 615 656
654 692 1169 675 835 445 300 1131 1335 638 299 0 681 436 1167 1145 563 407 975 497 1340 930 746 838 902 1293 699 1431 971 715 870 658 1138 815 1062 700 1101 1012 578 1118 546 650 571 395 198 1365 915 1299 1246 877 882 885 1064 202 1348 759 791 353 586 749 1285 949 849 1167 1110 757 1170 726 830 951 576 534 450 461 1210 1356 736 683
91 34 608 350 199 255 390 727 711 748 729 681 0 457 518 466 154 655 496 505 668 253 320 470 245 636 526 833 308 274 325 86 691 251 381 139 422 499 133 484 185 118 114 869 523 710 634 677 619 882 454 373 525 803 667 424 117 328 95 69 713 558 167 788 472 467 561 66 211 275 106 251 626 408 549 823 393 174
493 486 766 262 518 384 235 696 1167 890 310 436 457 0 969 845 443 692 921 79 1099 643 701 409 591 945 800 1291 758 654 763 494 1114 690 795 559 806 602 441 940 453 360 400 795 424 1154 980 1133 873 1099 461 802 970 444 1051 773 571 271 397 503 880 950 594 1189 755 798 789 522 665 660 392 499 703 560 872 1273 314 353
516 494 703 798 492 722 896 964 204 984 1246 1167 518 969 0 301 604 1006 367 1007 200 364 477 835 433 492 697 343 211 484 329 513 455 361 233 466 296 718 591 66 620 609 608 1251 983 198 627 174 576 993 782 350 268 1311 341 544 400 829 599 466 745 487 379 587 489 587 594 457 336 357 608 642 957 769 433 413 810 631
517 462 404 620 327 719 848 677 475 1129 1150 1145 466 845 301 0 607 1091 604 862 295 215 608 603 254 215 856 617 262 590 485 512 737 467 115 501 43 444 588 338 634 504 580 1321 989 387 851 455 278 1193 539 531 534 1250 206 707 370 791 562 397 444 720 300 868 194 756 293 434 402 193 573 684 1052 839 138 713 609 493
92 147 759 428 353 118 299 855 780 602 665 563 154 443 604 607 0 501 480 509 777 401 258 577 399 788 407 887 408 211 333 97 671 265 511 139 564 641 20 557 31 218 63 717 387 802 552 744 774 753 576 364 540 710 802 339 238 230 84 219 865 508 307 747 626 373 716 173 268 423 78 101 472 254 699 844 484 283
581 645 1253 840 853 418 460 1308 1129 230 692 407 655 692 1006 1091 501 0 714 771 1203 896 529 1010 899 1284 366 1193 854 524 677 587 834 652 985 590 1049 1123 521 945 469 696 550 246 276 1197 571 1096 1275 469 1030 666 824 608 1271 486 724 449 573 719 1363 648 800 829 1127 460 1216 664 700 917 563 409 58 252 1195 1078 905 755
432 462 955 846 606 569 766 1161 426 642 1135 975 496 921 367 604 480 714 0 982 562 529 233 949 587 818 361 479 356 273 173 433 195 246 494 367 577 911 479 302 476 615 521 959 776 521 259 396 874 626 917 123 115 1153 703 229 424 698 527 490 1027 119 469 298 750 255 863 434 303 539 530 455 658 520 742 381 884 667
551 536 744 251 538 458 314 646 1208 969 325 497 505 79 1007 862 509 771 982 0 1127 667 767 372 611 944 876 1335 797 719 820 551 1176 746 821 617 825 579 505 982 521 399 461 867 501 1188 1052 1174 864 1178 432 861 1026 478 1065 843 615 349 455 544 856 1017 629 1256 755 870 778 571 715 684 452 571 782 638 876 1327 290 379
685 651 677 896 589 896 1058 963 234 1184 1392 1340 668 1099 200 295 777 1203 562 1127 0 459 675 896 519 406 898 359 369 679 528 681 619 552 305 644 318 738 762 266 797 741 771 1446 1163 106 820 233 517 1189 834 550 455 1472 200 745 552 993 758 607 688 679 509 748 482 788 564 615 516 444 768 827 1154 962 382 502 894 748
315 253 430 440 131 509 633 637 568 959 942 930 253 643 364 215 401 896 529 667 459 0 458 472 69 387 702 707 188 427 371 309 702 325 153 313 172 385 381 362 430 291 368 1118 777 525 744 539 389 1054 422 425 500 1037 420 565 174 576 348 184 515 630 96 823 244 615 351 231 251 22 360 486 861 644 298 753 447 289
236 288 881 663 484 337 534 1040 607 523 903 746 320 701 477 608 258 529 233 767 675 458 0 791 494 820 247 688 349 48 147 239 416 141 494 181 570 801 262 415 249 433 309 775 549 667 313 572 844 596 773 142 318 920 764 109 298 466 321 343 973 250 369 488 702 157 809 275 210 475 321 222 479 303 733 611 711 493
557 503 378 171 354 605 575 300 1038 1163 698 838 470 409 835 603 577 1010 949 372 896 472 791 0 402 621 983 1179 652 745 775 554 1138 706 609 610 578 216 561 834 605 363 513 1164 778 980 1104 1010 522 1330 70 828 950 849 783 894 525 565 493 459 487 1024 490 1246 445 935 434 521 645 478 499 675 1002 805 570 1221 106 299
321 254 387 377 73 498 603 575 637 978 895 902 245 591 433 254 399 899 587 611 519 69 494 402 0 395 732 777 255 459 423 315 764 368 216 333 214 324 378 432 429 254 356 1114 760 590 790 608 375 1087 353 477 565 998 460 603 197 550 335 180 482 682 124 882 227 651 323 241 296 77 346 492 869 650 308 822 379 239
702 640 299 692 458 892 993 592 630 1337 1255 1293 636 945 492 215 788 1284 818 944 406 387 820 621 395 0 1067 764 477 798 701 697 942 678 330 697 249 415 767 540 817 643 750 1505 1155 512 1067 619 121 1408 550 747 743 1375 216 920 560 944 729 569 284 935 483 1074 189 970 197 619 610 366 740 874 1248 1031 88 889 662 613
435 500 1118 835 713 418 584 1253 787 286 926 699 526 800 697 856 407 366 361 876 898 702 247 983 732 1067 0 837 595 274 379 440 467 388 741 401 818 1025 422 631 381 621 470 605 507 872 215 756 1090 356 977 347 476 896 1004 153 535 531 489 566 1214 282 610 472 947 109 1052 498 457 720 484 315 308 254 981 712 891 686
810 805 1019 1138 834 997 1187 1294 142 1107 1550 1431 833 1291 343 617 887 1193 479 1335 359 707 688 1179 777 764 837 0 541 715 560 808 411 622 573 750 624 1054 879 354 895 937 907 1438 1236 253 682 168 870 1039 1124 547 372 1594 559 707 721 1118 903 791 1042 560 714 509 811 734 907 768 629 701 910 897 1137 990 730 187 1152 965
316 286 600 596 299 526 692 823 410 873 1037 971 308 758 211 262 408 854 356 797 369 188 349 652 255 477 595 541 0 337 223 312 517 209 147 276 228 572 393 187 428 399 403 1093 794 402 592 377 521 930 607 270 314 1106 418 445 190 626 392 255 670 466 172 642 393 494 506 249 154 191 402 462 811 606 395 568 614 423
188 243 846 615 445 296 492 997 626 539 862 715 274 654 484 590 211 524 273 719 679 427 48 745 459 798 274 715 337 0 159 191 461 129 477 136 551 760 214 424 203 385 261 767 520 678 359 591 816 628 728 169 350 885 755 150 261 424 272 301 940 298 336 536 672 196 778 232 188 446 272 184 477 286 711 648 664 447
269 291 801 674 435 438 630 994 467 663 998 870 325 763 329 485 333 677 173 820 528 371 147 775 423 701 379 560 223 159 0 269 366 74 370 204 451 745 328 267 337 443 364 922 677 520 374 432 740 707 745 54 208 1034 625 226 250 561 366 317 882 259 301 471 606 274 717 262 131 384 370 336 627 445 618 511 711 494
5 62 689 424 280 215 383 814 695 666 742 658 86 494 513 512 97 587 433 551 681 309 239 554 315 697 440 808 312 191 269 0 628 196 414 66 468 586 80 470 122 193 98 810 484 710 551 659 690 795 540 311 476 798 705 340 141 316 96 135 792 483 214 717 542 382 637 78 180 331 102 177 554 335 608 779 472 255
627 657 1115 1041 790 753 949 1338 421 712 1318 1138 691 1114 455 737 671 834 195 1176 619 702 416 1138 764 942 467 411 517 461 366 628 0 440 638 562 718 1087 672 402 665 809 715 1070 939 547 279 402 1015 628 1104 318 205 1323 793 378 614 883 722 682 1176 189 652 132 904 383 1016 628 493 708 724 636 776 676 875 253 1077 861
196 216 753 600 372 375 565 932 519 663 930 815 251 690 361 467 265 652 246 746 552 325 141 706 368 678 388 622 209 129 74 196 440 0 353 131 429 687 258 305 273 369 292 894 626 558 421 484 706 733 678 123 280 973 626 243 184 496 293 246 840 320 244 541 566 293 676 188 73 340 298 283 606 409 592 583 638 420
419 370 480 593 284 627 770 731 431 1016 1092 1062 381 795 233 115 511 985 494 821 305 153 494 609 216 330 741 573 147 477 370 414 638 353 0 395 82 484 493 252 537 440 491 1218 898 374 738 405 380 1078 552 417 433 1180 290 592 274 710 475 314 538 608 214 767 267 641 377 339 289 139 486 582 944 733 249 643 595 443
65 106 717 487 311 255 437 860 640 646 801 700 139 559 466 501 139 590 367 617 644 313 181 610 333 697 401 750 276 136 204 66 562 131 395 0 458 625 129 418 154 254 160 822 519 664 494 605 702 758 592 244 411 849 685 287 139 369 162 165 815 419 217 652 555 332 656 96 129 333 166 187 552 338 608 715 532 313
473 418 407 585 288 676 805 670 481 1090 1110 1101 422 806 296 43 564 1049 577 825 318 172 570 578 214 249 818 624 228 551 451 468 718 429 82 458 0 431 544 325 591 462 536 1278 945 404 820 459 298 1158 516 499 514 1208 248 670 327 748 518 353 458 691 256 848 193 720 300 390 362 151 529 641 1010 796 166 709 578 453
591 525 164 341 316 704 726 251 911 1243 904 1012 499 602 718 444 641 1123 911 579 738 385 801 216 324 415 1025 1054 572 760 745 586 1087 687 484 625 431 0 621 733 672 428 582 1304 922 832 1107 887 308 1381 148 800 885 1047 598 910 505 700 559 459 278 1004 444 1207 259 957 221 528 616 380 567 743 1104 892 378 1126 289 368
76 127 738 415 332 134 308 837 769 622 672 578 133 441 591 588 20 521 479 505 762 381 262 561 378 767 422 879 393 214 328 80 672 258 493 129 544 621 0 546 52 200 49 737 404 789 562 734 753 770 558 362 536 721 783 348 219 240 67 198 845 513 288 751 605 384 695 154 255 403 63 121 493 275 679 840 469 266
472 457 732 784 483 674 853 982 227 918 1209 1118 484 940 66 338 557 945 302 982 266 362 415 834 432 540 631 354 187 424 267 470 402 305 252 418 325 733 546 0 571 583 567 1190 930 253 562 192 616 927 784 285 207 1267 402 479 368 786 560 438 782 422 360 534 517 522 626 420 290 359 568 588 894 710 475 393 801 610
117 176 790 454 384 102 293 885 791 570 662 546 185 453 620 634 31 469 476 521 797 430 249 605 429 817 381 895 428 203 337 122 665 273 537 154 591 672 52 571 0 248 92 688 365 819 534 756 805 724 605 364 543 699 827 322 264 224 114 249 897 497 336 736 657 353 747 200 283 452 107 71 441 223 729 845 511 313
197 152 558 232 185 277 350 636 809 818 652 650 118 360 609 504 218 696 615 399 741 291 433 363 254 643 621 937 399 385 443 193 809 369 440 254 462 428 200 583 248 0 156 889 519 794 745 775 603 971 357 491 640 746 711 532 216 302 134 145 670 674 233 906 462 573 533 182 325 311 141 319 676 464 560 936 278 65
96 121 704 366 303 141 288 792 792 662 644 571 114 400 608 580 63 550 521 461 771 368 309 513 356 750 470 907 403 261 364 98 715 292 491 160 536 582 49 567 92 156 0 757 409 804 611 757 728 817 513 401 572 703 780 397 219 222 23 183 813 559 280 797 582 433 667 155 278 390 14 163 525 310 662 875 421 221
804 865 1446 993 1060 617 589 1464 1376 390 691 395 869 795 1251 1321 717 246 959 867 1446 1118 775 1164 1114 1505 605 1438 1093 767 922 810 1070 894 1218 822 1278 1304 737 1190 688 889 757 0 385 1443 799 1342 1486 609 1195 912 1070 557 1507 732 950 604 779 936 1559 888 1024 1054 1340 704 1421 888 938 1140 768 636 301 487 1417 1318 1058 941
480 528 1068 607 699 270 204 1079 1143 494 432 198 523 424 983 989 387 276 776 501 1163 777 549 778 760 1155 507 1236 794 520 677 484 939 626 898 519 945 922 404 930 365 519 409 385 0 1181 721 1108 1122 724 809 688 867 389 1188 561 623 222 428 592 1183 750 688 971 979 560 1052 558 647 799 417 342 299 263 1068 1157 672 565
713 688 779 966 657 920 1093 1062 136 1158 1438 1365 710 1154 198 387 802 1197 521 1188 106 525 667 980 590 512 872 253 402 678 520 710 547 558 374 664 404 832 789 253 819 794 804 1443 1181 0 772 146 622 1142 919 532 407 1508 306 724 592 1026 794 653 793 633 560 671 579 763 666 651 535 513 803 840 1146 964 485 405 969 808
548 601 1174 973 791 597 780 1350 663 433 1133 915 634 980 627 851 552 571 259 1052 820 744 313 1104 790 1067 215 682 592 359 374 551 279 421 738 494 820 1107 562 562 534 745 611 799 721 772 0 637 1113 370 1086 322 366 1111 962 213 601 721 626 653 1256 140 666 258 980 182 1091 586 494 757 624 481 513 462 987 533 1023 806
662 650 860 971 666 858 1042 1130 35 1038 1401 1299 677 1133 174 455 744 1096 396 1174 233 539 572 1010 608 619 756 168 377 591 432 659 402 484 405 605 459 887 734 192 756 775 757 1342 1108 146 637 0 718 1007 956 431 280 1454 429 613 561 974 751 630 890 501 549 525 649 647 748 613 479 532 759 766 1042 875 575 272 984 801
696 629 178 614 425 869 947 471 733 1348 1183 1246 619 873 576 278 774 1275 874 864 517 389 844 522 375 121 1090 870 521 816 740 690 1015 706 380 702 298 308 753 616 805 603 728 1486 1122 622 1113 718 0 1439 452 790 811 1312 335 949 562 905 706 555 171 987 484 1145 147 999 88 614 634 370 717 867 1244 1025 143 984 576 563
790 856 1474 1175 1069 739 867 1606 1032 239 1154 877 882 1099 993 1193 753 469 626 1178 1189 1054 596 1330 1087 1408 356 1039 930 628 707 795 628 733 1078 758 1158 1381 770 927 724 971 817 609 724 1142 370 1007 1439 0 1329 664 736 1077 1322 489 890 829 838 923 1568 510 964 552 1298 440 1405 854 805 1071 831 655 428 542 1324 874 1234 1036
545 485 312 207 313 617 608 280 983 1171 758 882 454 461 782 539 576 1030 917 432 834 422 773 70 353 550 977 1124 607 728 745 540 1104 678 552 592 516 148 558 784 605 357 513 1195 809 919 1086 956 452 1329 0 799 911 905 715 879 494 591 491 434 423 998 451 1216 376 922 363 499 614 425 498 676 1018 814 501 1175 147 292
310 338 855 723 489 462 657 1048 465 634 1027 885 373 802 350 531 364 666 123 861 550 425 142 828 477 747 347 547 270 169 54 311 318 123 417 244 499 800 362 285 364 491 401 912 688 532 322 431 790 664 799 0 180 1054 661 195 304 589 406 369 934 205 356 418 658 239 769 311 185 437 409 353 613 445 665 481 761 544
477 491 910 866 597 641 836 1137 311 758 1205 1064 525 970 268 534 540 824 115 1026 455 500 318 950 565 743 476 372 314 350 208 476 205 280 433 411 514 885 536 207 543 640 572 1070 867 407 366 280 811 736 911 180 0 1235 609 338 431 767 573 503 972 226 459 334 699 369 810 459 315 505 578 534 769 618 673 303 896 685
795 821 1210 706 926 597 414 1122 1490 838 172 202 803 444 1311 1250 710 608 1153 478 1472 1037 920 849 998 1375 896 1594 1106 885 1034 798 1323 973 1180 849 1208 1047 721 1267 699 746 703 557 389 1508 1111 1454 1312 1077 905 1054 1235 0 1457 946 919 481 714 866 1325 1136 966 1360 1186 948 1230 857 977 1057 704 701 652 652 1297 1532 758 763
710 660 507 819 534 917 1053 800 433 1287 1356 1348 667 1051 341 206 802 1271 703 1065 200 420 764 783 460 216 1004 559 418 755 625 705 793 626 290 685 248 598 783 402 827 711 780 1507 1188 306 962 429 335 1322 715 661 609 1457 0 851 564 995 763 599 500 823 500 925 340 898 397 629 571 399 773 871 1228 1021 220 701 803 699
336 393 990 760 593 393 584 1147 645 439 947 759 424 773 544 707 339 486 229 843 745 565 109 894 603 920 153 707 445 150 226 340 378 243 592 287 670 910 348 479 322 532 397 732 561 724 213 613 949 489 879 195 338 946 851 0 407 521 412 451 1081 191 478 423 809 49 917 382 315 582 410 275 430 298 835 603 810 595
146 98 584 434 189 353 505 749 595 786 847 791 117 571 400 370 238 724 424 615 552 174 298 525 197 560 535 721 190 261 250 141 614 184 274 139 327 505 219 368 264 216 219 950 623 592 601 561 562 890 494 304 431 919 564 407 0 441 206 72 679 504 77 721 416 455 518 65 120 194 216 315 688 471 471 721 465 254
313 342 846 393 485 129 69 865 1009 627 438 353 328 271 829 791 230 449 698 349 993 576 466 565 550 944 531 1118 626 424 561 316 883 496 710 369 748 700 240 786 224 302 222 604 222 1026 721 974 905 829 591 589 767 481 995 521 441 0 235 395 961 707 495 944 764 540 833 378 495 598 225 247 448 289 859 1070 459 344
96 107 681 348 281 163 299 770 786 685 649 586 95 397 599 562 84 573 527 455 758 348 321 493 335 729 489 903 392 272 366 96 722 293 475 162 518 559 67 560 114 134 23 779 428 794 626 751 706 838 491 406 573 714 763 412 206 235 0 164 789 570 262 806 560 449 644 143 273 370 11 185 549 333 642 876 402 199
141 73 555 362 146 324 455 697 664 802 786 749 69 503 466 397 219 719 490 544 607 184 343 459 180 569 566 791 255 301 317 135 682 246 314 165 353 459 198 438 249 145 183 936 592 653 653 630 555 923 434 369 503 866 599 451 72 395 164 0 656 565 100 787 408 497 501 69 189 206 175 311 688 469 481 794 394 181
798 730 115 619 513 947 994 342 904 1459 1181 1285 713 880 745 444 865 1363 1027 856 688 515 973 487 482 284 1214 1042 670 940 882 792 1176 840 538 815 458 278 845 782 897 670 813 1559 1183 793 1256 890 171 1568 423 934 972 1325 500 1081 679 961 789 656 0 1136 603 1306 277 1130 164 722 767 500 800 964 1338 1120 314 1155 567 618
481 524 1059 907 692 578 772 1252 529 546 1137 949 558 950 487 720 508 648 119 1017 679 630 250 1024 682 935 282 560 466 298 259 483 189 320 608 419 691 1004 513 422 497 674 559 888 750 633 140 501 987 510 998 205 226 1136 823 191 504 707 570 565 1136 0 560 238 859 193 971 502 388 641 570 459 590 487 857 430 951 732
219 161 512 424 137 419 556 692 581 863 882 849 167 594 379 300 307 800 469 629 509 96 369 490 124 483 610 714 172 336 301 214 652 244 214 217 256 444 288 360 336 233 280 1024 688 560 666 549 484 964 451 356 459 966 500 478 77 495 262 100 603 560 0 767 338 527 442 135 172 117 273 390 765 548 394 735 444 251
715 753 1241 1138 904 815 1008 1458 541 676 1370 1167 788 1189 587 868 747 829 298 1256 748 823 488 1246 882 1074 472 509 642 536 471 717 132 541 767 652 848 1207 751 534 736 906 797 1054 971 671 258 525 1145 552 1216 418 334 1360 925 423 721 944 806 787 1306 238 767 0 1032 413 1144 728 601 830 807 696 771 708 1006 329 1179 961
548 482 214 503 280 723 810 483 669 1202 1065 1110 472 755 489 194 626 1127 750 755 482 244 702 445 227 189 947 811 393 672 606 542 904 566 267 555 193 259 605 517 657 462 582 1340 979 579 980 649 147 1298 376 658 699 1186 340 809 416 764 560 408 277 859 338 1032 0 859 112 467 494 227 571 719 1096 878 125 903 476 427
378 437 1039 798 641 415 600 1193 679 396 959 757 467 798 587 756 373 460 255 870 788 615 157 935 651 970 109 734 494 196 274 382 383 293 641 332 720 957 384 522 353 573 433 704 560 763 182 647 999 440 922 239 369 948 898 49 455 540 449 497 1130 193 527 413 859 0 967 428 365 631 446 299 404 296 885 619 850 636
643 575 113 528 363 805 872 403 766 1302 1098 1170 561 789 594 293 716 1216 863 778 564 351 809 434 323 197 1052 907 506 778 717 637 1016 676 377 656 300 221 695 626 747 533 667 1421 1052 666 1091 748 88 1405 363 769 810 1230 397 917 518 833 644 501 164 971 442 1144 112 967 0 564 603 335 654 812 1188 970 182 1007 489 489
83 37 622 412 214 288 442 765 647 737 790 726 66 522 457 434 173 664 434 571 615 231 275 521 241 619 498 768 249 232 262 78 628 188 339 96 390 528 154 420 200 182 155 888 558 651 586 613 614 854 499 311 459 857 629 382 65 378 143 69 722 502 135 728 467 428 564 0 144 253 152 255 631 413 530 756 450 232
182 179 680 551 304 385 563 864 514 727 922 830 211 665 336 402 268 700 303 715 516 251 210 645 296 610 457 629 154 188 131 180 493 73 289 129 362 616 255 290 283 325 278 938 647 535 494 479 634 805 614 185 315 977 571 315 120 495 273 189 767 388 172 601 494 365 603 144 0 267 280 310 657 451 524 612 584 370
336 275 417 453 145 531 654 632 561 978 961 951 275 660 357 193 423 917 539 684 444 22 475 478 77 366 720 701 191 446 384 331 708 340 139 333 151 380 403 359 452 311 390 1140 799 513 757 532 370 1071 425 437 505 1057 399 582 194 598 370 206 500 641 117 830 227 631 335 253 267 0 381 508 883 665 277 751 457 307
101 117 691 352 292 152 289 778 794 677 641 576 106 392 608 573 78 563 530 452 768 360 321 499 346 740 484 910 402 272 370 102 724 298 486 166 529 567 63 568 107 141 14 768 417 803 624 759 717 831 498 409 578 704 773 410 216 225 11 175 800 570 273 807 571 446 654 152 280 381 0 178 539 324 653 881 406 206
171 237 859 521 451 118 313 956 801 500 682 534 251 499 642 684 101 409 455 571 827 486 222 675 492 874 315 897 462 184 336 177 636 283 582 187 641 743 121 588 71 319 163 636 342 840 481 766 867 655 676 353 534 701 871 275 315 247 185 311 964 459 390 696 719 299 812 255 310 508 178 0 376 158 785 832 579 384
548 614 1230 833 826 401 468 1298 1075 194 726 450 626 703 957 1052 472 58 658 782 1154 861 479 1002 869 1248 308 1137 811 477 627 554 776 606 944 552 1010 1104 493 894 441 676 525 301 299 1146 513 1042 1244 428 1018 613 769 652 1228 430 688 448 549 688 1338 590 765 771 1096 404 1188 631 657 883 539 376 0 218 1159 1020 898 737
330 395 1013 642 607 200 335 1095 910 357 672 461 408 560 769 839 254 252 520 638 962 644 303 805 650 1031 254 990 606 286 445 335 676 409 733 338 796 892 275 710 223 464 310 487 263 964 462 875 1025 542 814 445 618 652 1021 298 471 289 333 469 1120 487 548 708 878 296 970 413 451 665 324 158 218 0 942 899 704 527
614 552 295 625 374 804 910 584 591 1249 1182 1210 549 872 433 138 699 1195 742 876 382 298 733 570 308 88 981 730 395 711 618 608 875 592 249 608 166 378 679 475 729 560 662 1417 1068 485 987 575 143 1324 501 665 673 1297 220 835 471 859 642 481 314 857 394 1006 125 885 182 530 524 277 653 785 1159 942 0 841 600 533
780 790 1117 1154 867 943 1138 1374 269 965 1508 1356 823 1273 413 713 844 1078 381 1327 502 753 611 1221 822 889 712 187 568 648 511 779 253 583 643 715 709 1126 840 393 845 936 875 1318 1157 405 533 272 984 874 1175 481 303 1532 701 603 721 1070 876 794 1155 430 735 329 903 619 1007 756 612 751 881 832 1020 899 841 0 1179 975
475 427 454 65 318 503 468 406 1015 1061 615 736 393 314 810 609 484 905 884 290 894 447 711 106 379 662 891 1152 614 664 711 472 1077 638 595 532 578 289 469 801 511 278 421 1058 672 969 1023 984 576 1234 147 761 896 758 803 810 465 459 402 394 567 951 444 1179 476 850 489 450 584 457 406 579 898 704 600 1179 0 218
259 208 504 180 165 336 384 571 833 882 656 683 174 353 631 493 283 755 667 379 748 289 493 299 239 613 686 965 423 447 494 255 861 420 443 313 453 368 266 610 313 65 221 941 565 808 806 801 563 1036 292 544 685 763 699 595 254 344 199 181 618 732 251 961 427 636 489 232 370 307 206 384 737 527 533 975 218 0
