0 1008 1537 1266 1583 86 911 440 1562 927 69 1003 67 104 476 479
1008 0 1672 303 2274 972 1803 953 2500 1617 949 477 1000 912 536 836
1537 1672 0 1644 3072 1606 1350 1930 1851 2451 1490 2063 1469 1563 1567 1906
1266 303 1644 0 2577 1241 1992 1253 2694 1920 1202 737 1249 1177 811 1137
1583 2274 3072 2577 0 1539 1947 1349 2153 676 1646 1927 1646 1601 1839 1451
86 972 1606 1241 1539 0 990 355 1632 874 116 935 147 68 436 394
911 1803 1350 1992 1947 990 0 1311 701 1476 934 1903 877 1011 1330 1379
440 953 1930 1253 1349 355 1311 0 1909 676 460 743 501 377 491 123
1562 2500 1851 2694 2153 1632 701 1909 0 1874 1598 2566 1541 1666 2011 1998
927 1617 2451 1920 676 874 1476 676 1874 0 986 1316 993 934 1164 784
69 949 1490 1202 1646 116 934 460 1598 986 0 970 57 86 423 482
1003 477 2063 737 1927 935 1903 743 2566 1316 970 0 1028 899 589 622
67 1000 1469 1249 1646 147 877 501 1541 993 57 1028 0 138 477 531
104 912 1563 1177 1601 68 1011 377 1666 934 86 899 138 0 377 395
476 536 1567 811 1839 436 1330 491 2011 1164 423 589 477 377 0 404
479 836 1906 1137 1451 394 1379 123 1998 784 482 622 531 395 404 0
