0 91 514 1003 154 362 1073 1400 1443 1494 564 813 34 1490 1345 527
91 0 423 1089 242 417 1074 1341 1364 1580 474 900 114 1404 1411 477
514 423 0 1505 656 742 1118 1074 1063 1995 55 1319 536 999 1775 411
1003 1089 1505 0 893 1009 1743 2341 2223 491 1559 191 975 2493 583 1480
154 242 656 893 0 261 1038 1466 1596 1383 704 701 150 1611 1287 592
362 417 742 1009 261 0 797 1340 1766 1480 778 824 378 1598 1475 518
1073 1074 1118 1743 1038 797 0 889 2146 2169 1112 1574 1103 1462 2257 707
1400 1341 1074 2341 1466 1340 889 0 1766 2819 1028 2152 1434 702 2745 875
1443 1364 1063 2223 1596 1766 2146 1766 0 2659 1052 2074 1447 1214 2232 1460
1494 1580 1995 491 1383 1480 2169 2819 2659 0 2049 682 1466 2984 593 1966
564 474 55 1559 704 778 1112 1028 1052 2049 0 1372 588 943 1830 410
813 900 1319 191 701 824 1574 2152 2074 682 1372 0 786 2304 700 1289
34 114 536 975 150 378 1103 1434 1447 1466 588 786 0 1517 1311 561
1490 1404 999 2493 1611 1598 1462 702 1214 2984 943 2304 1517 0 2769 1082
1345 1411 1775 583 1287 1475 2257 2745 2232 593 1830 700 1311 2769 0 1869
527 477 411 1480 592 518 707 875 1460 1966 410 1289 561 1082 1869 0
