0 70 1679 660 1172 710 1083 1596 1079 46 1655 1731 38 601 1430 187
70 0 1727 723 1159 723 1086 1526 1133 106 1633 1763 104 589 1487 238
1679 1727 0 1071 2755 2191 2578 2980 1958 1633 1725 505 1642 1440 2074 1711
660 723 1071 0 1684 1124 1515 2189 1048 617 1678 1251 622 770 1298 649
1172 1159 2755 1684 0 572 267 1797 1162 1213 2721 2885 1199 1732 1441 1070
710 723 2191 1124 572 0 395 1863 712 740 2356 2350 726 1310 1057 559
1083 1086 2578 1515 267 395 0 1963 900 1118 2702 2746 1104 1674 1174 948
1596 1526 2980 2189 1797 1863 1963 0 2530 1625 1833 2792 1628 1544 2893 1728
1079 1133 1958 1048 1162 712 900 2530 0 1079 2645 2259 1068 1607 364 894
46 106 1633 617 1213 740 1118 1625 1079 0 1633 1687 14 577 1427 199
1655 1633 1725 1678 2721 2356 2702 1833 2645 1633 0 1308 1646 1057 2948 1831
1731 1763 505 1251 2885 2350 2746 2792 2259 1687 1308 0 1699 1327 2434 1815
38 104 1642 622 1199 726 1104 1628 1068 14 1646 1699 0 590 1417 186
601 589 1440 770 1732 1310 1674 1544 1607 577 1057 1327 590 0 1931 774
1430 1487 2074 1298 1441 1057 1174 2893 364 1427 2948 2434 1417 1931 0 1249
187 238 1711 649 1070 559 948 1728 894 199 1831 1815 186 774 1249 0
