0 1329 1396 17 1459 1138 1514 1281 1137 1416 969 476 1487 860 1115 81
1329 0 2714 1345 2709 1773 2823 2147 1318 1450 1854 1693 2532 1024 2202 1408
1396 2714 0 1382 423 1605 628 1317 2266 2517 1287 1205 1502 1964 1320 1315
17 1345 1382 0 1448 1145 1497 1283 1138 1417 972 459 1472 876 1099 69
1459 2709 423 1448 0 1346 1052 993 2467 2733 1051 1403 1886 1843 1661 1379
1138 1773 1605 1145 1346 0 2080 425 2224 2496 320 1512 2475 749 2118 1116
1514 2823 628 1497 1052 2080 0 1866 2074 2286 1761 1142 982 2265 931 1444
1281 2147 1317 1283 993 425 1866 0 2416 2695 322 1549 2418 1135 2088 1234
1137 1318 2266 1138 2467 2224 2074 2416 0 279 2100 1068 1419 1687 1198 1193
1416 1450 2517 1417 2733 2496 2286 2695 279 0 2378 1330 1545 1934 1378 1473
969 1854 1287 972 1051 320 1761 322 2100 2378 0 1276 2199 865 1852 928
476 1693 1205 459 1403 1512 1142 1549 1068 1330 1276 0 1015 1336 642 444
1487 2532 1502 1472 1886 2475 982 2418 1419 1545 2199 1015 0 2348 372 1459
860 1024 1964 876 1843 749 2265 1135 1687 1934 865 1336 2348 0 1976 896
1115 2202 1320 1099 1661 2118 931 2088 1198 1378 1852 642 372 1976 0 1087
81 1408 1315 69 1379 1116 1444 1234 1193 1473 928 444 1459 896 1087 0
