0 617 1561 1661 1555 980 569 297 96 337 1394 1593 1511 1297 531 859 1309
617 0 961 1969 1395 673 853 782 713 299 907 1252 2128 1792 650 1471 719
1561 961 0 2817 1883 895 1576 1743 1654 1223 502 1516 3066 2537 1552 2420 254
1661 1969 2817 0 1300 2578 2196 1364 1638 1874 2876 1737 1724 2478 1320 1425 2623
1555 1395 1883 1300 0 2059 2086 1379 1609 1516 2140 464 2561 2813 1027 1981 1775
980 673 895 2578 2059 0 744 1257 1047 705 496 1862 2352 1665 1273 1764 677
569 853 1576 2196 2086 744 0 848 563 600 1240 2054 1627 970 1084 1093 1328
297 782 1743 1364 1379 1257 848 0 285 567 1639 1498 1407 1433 380 742 1501
96 713 1654 1638 1609 1047 563 285 0 430 1474 1668 1416 1222 582 766 1402
337 299 1223 1874 1516 705 600 567 430 0 1073 1455 1845 1504 589 1196 972
1394 907 502 2876 2140 496 1240 1639 1474 1073 0 1845 2831 2156 1558 2222 404
1593 1252 1516 1737 464 1862 2054 1498 1668 1455 1845 0 2816 2890 1118 2189 1453
1511 2128 3066 1724 2561 2352 1627 1407 1416 1845 2831 2816 0 1149 1752 665 2812
1297 1792 2537 2478 2813 1665 970 1433 1222 1504 2156 2890 1149 0 1795 1055 2293
531 650 1552 1320 1027 1273 1084 380 582 589 1558 1118 1752 1795 0 1098 1334
859 1471 2420 1425 1981 1764 1093 742 766 1196 2222 2189 665 1055 1098 0 2168
1309 719 254 2623 1775 677 1328 1501 1402 972 404 1453 2812 2293 1334 2168 0
