0 18 1618 384 1612 1518 476 758 1102 802 502 1581 912 1627 1589 1666
18 0 1599 382 1624 1511 493 760 1083 784 505 1563 904 1639 1584 1672
1618 1599 0 1652 2982 1630 2065 1908 554 858 1809 336 1363 2984 2060 2553
384 382 1652 0 1375 1863 491 391 1211 959 169 1694 1249 1384 1210 2045
1612 1624 2982 1375 0 3095 1185 1073 2583 2334 1206 3061 2512 32 1474 2885
1518 1511 1630 1863 3095 0 1910 2255 1242 1161 2011 1324 615 3114 2942 1084
476 493 2065 491 1185 1910 0 634 1568 1275 435 2051 1332 1204 1554 1818
758 760 1908 391 1073 2255 634 0 1530 1310 258 1999 1640 1075 919 2384
1102 1083 554 1211 2583 1242 1568 1530 0 310 1379 485 847 2590 1913 2049
802 784 858 959 2334 1161 1275 1310 310 0 1129 779 647 2343 1824 1829
502 505 1809 169 1206 2011 435 258 1379 1129 0 1860 1398 1214 1150 2128
1581 1563 336 1694 3061 1324 2051 1999 485 779 1860 0 1142 3066 2280 2297
912 904 1363 1249 2512 615 1332 1640 847 647 1398 1142 0 2529 2343 1202
1627 1639 2984 1384 32 3114 1204 1075 2590 2343 1214 3066 2529 0 1455 2912
1589 1584 2060 1210 1474 2942 1554 919 1913 1824 1150 2280 2343 1455 0 3255
1666 1672 2553 2045 2885 1084 1818 2384 2049 1829 2128 2297 1202 2912 3255 0
