0 140 28 222 356 502 478 561 271 989 1261 1435 1446 1384 247 1446
140 0 168 242 272 484 563 601 247 1034 1125 1567 1464 1398 282 1576
28 168 0 227 378 509 466 555 285 984 1289 1410 1443 1381 248 1421
222 242 227 0 514 282 690 359 471 1211 1295 1562 1232 1168 42 1579
356 272 378 514 0 740 531 873 145 876 969 1619 1727 1660 554 1618
502 484 509 282 740 0 972 237 731 1492 1341 1782 988 920 269 1806
478 563 466 690 531 972 0 976 395 545 1477 1096 1858 1801 704 1091
561 601 555 359 873 237 976 0 826 1518 1568 1644 889 829 321 1674
271 247 285 471 145 731 395 826 0 799 1114 1476 1703 1639 505 1476
989 1034 984 1211 876 1492 545 1518 799 0 1622 1166 2403 2346 1231 1134
1261 1125 1289 1295 969 1341 1477 1568 1114 1622 0 2574 2189 2118 1336 2567
1435 1567 1410 1562 1619 1782 1096 1644 1476 1166 2574 0 2319 2288 1547 59
1446 1464 1443 1232 1727 988 1858 889 1703 2403 2189 2319 0 71 1200 2362
1384 1398 1381 1168 1660 920 1801 829 1639 2346 2118 2288 71 0 1137 2331
247 282 248 42 554 269 704 321 505 1231 1336 1547 1200 1137 0 1566
1446 1576 1421 1579 1618 1806 1091 1674 1476 1134 2567 59 2362 2331 1566 0
