0 200 645 840 831 379 793 757 541 466 74 50 701 726 287 347 631 747 33 770 666 302 163 491 620 76 529 577 34 109 4 813 202 245 248 135 293 630 820 544 561 83 616 549 426 783 715 156 99 678 324 11 439 779 811 718 118 486 726 183 264 674 394 837 234 465 318 599 457 428 17 29 809 270 313 72 323 99
200 0 718 640 820 503 665 940 519 477 145 231 873 917 136 365 508 605 173 722 497 381 345 680 428 276 552 448 200 226 202 950 168 356 118 304 462 830 1014 595 555 187 806 680 621 832 660 161 215 681 143 210 524 978 982 637 273 289 588 90 261 864 348 641 199 627 512 457 459 617 207 207 943 219 165 229 428 279
645 718 0 1173 1476 292 1382 605 322 277 702 682 1116 660 854 993 626 1318 671 1412 807 935 533 869 1080 635 1171 1166 679 752 649 357 830 868 628 526 826 791 770 133 1206 727 953 228 789 1405 437 560 744 242 852 647 1056 807 1208 524 741 838 1302 627 906 617 434 1247 866 366 551 1173 303 835 659 672 341 516 883 710 324 564
840 640 1173 0 1068 1069 613 1556 861 897 779 868 1469 1544 592 841 592 531 812 906 396 922 977 1307 279 916 956 558 838 844 841 1490 724 935 633 932 1076 1470 1647 1040 906 813 1431 1232 1255 1216 859 754 836 1010 534 850 1035 1615 1574 772 897 367 542 682 773 1490 744 150 726 1224 1147 512 871 1244 846 845 1479 712 580 860 988 914
831 820 1476 1068 0 1199 496 1420 1336 1281 780 795 833 1348 704 484 1297 557 807 166 1208 548 955 874 808 845 309 517 797 724 827 1595 664 620 938 952 723 1130 1392 1375 271 750 934 1354 897 251 1480 943 732 1492 747 829 466 1309 887 1449 739 951 538 901 577 1315 1167 946 629 1236 1022 559 1267 844 816 804 1596 1034 683 766 1153 914
379 503 292 1069 1199 0 1159 504 375 276 446 407 841 519 631 720 633 1105 409 1148 767 652 245 592 915 353 891 941 410 479 382 447 577 582 449 248 533 567 632 243 932 461 689 177 510 1115 561 344 472 427 646 378 766 637 939 615 460 705 1086 422 642 465 358 1111 611 168 270 956 291 552 390 402 440 357 661 435 81 287
793 665 1382 613 496 1159 0 1531 1148 1128 719 784 1152 1484 529 542 1003 85 759 331 859 652 954 1087 405 847 528 217 767 719 791 1603 592 709 756 928 865 1320 1559 1256 451 718 1188 1335 1071 704 1240 825 720 1316 530 797 684 1496 1236 1182 763 632 87 754 558 1438 980 473 563 1258 1088 209 1107 1034 786 777 1598 870 500 760 1089 892
757 940 605 1556 1420 504 1531 0 853 761 831 753 747 94 1044 1008 1133 1496 790 1424 1271 906 596 567 1369 691 1124 1323 775 813 757 346 946 837 923 636 702 339 172 666 1189 820 571 395 526 1254 1017 803 813 838 1078 750 954 240 801 1089 767 1188 1473 879 973 105 863 1579 970 337 444 1350 781 581 758 765 361 849 1070 775 581 663
541 519 322 861 1336 375 1148 853 0 100 568 590 1175 884 649 863 305 1076 553 1242 486 840 511 931 803 570 1053 944 573 645 545 671 672 786 405 478 805 941 998 201 1068 608 1041 461 849 1319 190 399 634 167 627 548 980 1010 1280 240 658 551 1064 435 762 831 172 947 707 535 621 940 92 880 558 570 656 302 676 613 328 503
466 477 277 897 1281 276 1128 761 100 0 503 513 1079 788 612 801 378 1060 483 1196 542 768 419 834 807 486 989 917 499 574 471 604 617 710 372 389 717 840 902 143 1010 539 942 375 752 1249 289 337 563 212 599 472 905 912 1183 338 580 562 1046 388 703 735 158 969 653 438 521 918 25 784 483 495 591 260 640 538 228 417
74 145 702 779 780 446 719 831 568 503 0 88 730 798 213 298 622 673 40 709 635 274 237 535 551 143 486 503 59 88 73 884 131 231 224 208 319 693 890 595 509 46 661 619 477 751 733 170 76 715 255 81 418 847 840 727 129 435 652 162 204 747 410 769 165 539 390 525 491 471 72 68 880 278 239 84 385 173
50 231 682 868 795 407 784 753 590 513 88 0 655 716 297 313 681 743 59 741 711 257 173 450 638 63 489 571 31 72 46 831 193 197 293 159 244 605 806 586 525 66 576 572 389 737 765 207 66 725 342 42 391 760 764 769 68 521 721 228 239 666 445 857 220 477 309 597 505 387 33 25 828 321 321 28 358 120
701 873 1116 1469 833 841 1152 747 1175 1079 730 655 0 654 880 646 1329 1158 713 910 1365 550 666 248 1203 639 626 1005 685 647 697 1042 748 534 948 705 411 407 648 1084 705 686 178 904 330 603 1365 852 657 1264 940 691 470 554 109 1391 601 1157 1132 884 697 648 1068 1419 743 757 570 1050 1083 295 687 681 1051 963 889 648 856 690
726 917 660 1544 1348 519 1484 94 884 788 798 716 654 0 1012 953 1152 1453 758 1360 1278 847 571 485 1344 655 1057 1279 740 771 726 433 906 781 911 614 638 247 114 706 1125 783 480 439 451 1174 1056 789 773 886 1050 718 885 154 706 1123 723 1177 1429 863 926 55 875 1558 928 351 407 1309 806 505 725 731 447 848 1037 735 590 637
287 136 854 592 704 631 529 1044 649 612 213 297 880 1012 0 289 596 473 253 595 542 343 448 717 343 356 461 312 271 257 287 1078 132 345 243 413 484 898 1103 732 449 234 840 809 669 746 778 295 251 813 62 294 474 1058 986 744 311 295 454 227 195 961 477 564 138 744 604 324 593 654 286 281 1072 352 29 282 559 382
347 365 993 841 484 720 542 1008 863 801 298 313 646 953 289 0 871 528 323 431 831 110 480 546 565 367 189 364 313 241 343 1134 196 171 482 472 323 778 1022 891 213 266 653 882 529 467 1019 465 249 1013 349 345 194 956 745 1001 263 583 503 434 104 910 699 776 166 775 575 407 788 492 333 320 1132 565 284 284 670 433
631 508 626 592 1297 633 1003 1133 305 378 622 681 1329 1152 596 871 0 921 627 1172 197 887 678 1102 611 690 1054 827 654 711 636 975 676 853 399 633 924 1168 1266 505 1046 668 1223 753 1026 1337 267 476 698 427 549 641 1031 1265 1438 185 744 370 916 459 767 1098 282 703 705 801 828 808 355 1042 647 656 961 366 614 694 564 641
747 605 1318 531 557 1105 85 1496 1076 1060 673 743 1158 1453 473 528 921 0 713 391 775 638 910 1075 320 807 545 173 725 682 746 1551 550 689 690 881 847 1300 1533 1191 472 677 1181 1282 1053 748 1162 766 682 1243 466 753 688 1474 1247 1101 730 551 25 693 528 1405 909 396 525 1212 1051 148 1038 1020 743 734 1545 803 444 721 1033 846
33 173 671 812 807 409 759 790 553 483 40 59 713 758 253 323 627 713 0 741 652 286 197 509 588 105 508 543 28 92 33 845 169 235 235 168 302 658 851 567 536 57 635 581 447 767 723 159 80 695 293 40 427 809 822 722 117 462 692 171 235 707 400 806 202 499 350 565 472 446 34 33 842 272 279 67 351 132
770 722 1412 906 166 1148 331 1424 1242 1196 709 741 910 1360 595 431 1172 391 741 0 1070 521 911 907 652 798 306 365 737 668 766 1565 583 593 837 900 723 1159 1417 1302 235 687 986 1313 915 384 1372 861 675 1403 629 770 482 1340 978 1334 695 815 373 809 506 1322 1070 782 547 1206 1003 403 1179 867 757 745 1564 941 570 713 1093 861
666 497 807 396 1208 767 859 1271 486 542 635 711 1365 1278 542 831 197 775 652 1070 0 871 754 1156 455 736 1000 709 680 721 670 1147 651 853 418 707 953 1260 1389 680 978 680 1281 907 1087 1284 463 528 710 621 484 677 1011 1377 1474 375 764 258 773 483 733 1223 410 514 672 933 918 681 516 1094 680 685 1133 438 551 717 690 704
302 381 935 922 548 652 652 906 840 768 274 257 550 847 343 110 887 638 286 521 871 0 407 436 653 300 239 472 268 194 297 1049 220 72 488 408 213 668 913 843 290 231 545 805 419 480 1008 443 205 980 405 297 144 846 652 1001 194 635 613 431 149 806 684 868 204 689 481 513 759 382 285 273 1049 553 346 231 612 371
163 345 533 977 955 245 954 596 511 419 237 173 666 571 448 480 678 910 197 911 754 407 0 427 773 113 646 739 186 244 164 657 362 337 351 47 302 507 670 456 690 237 545 401 349 872 700 230 240 618 481 157 522 639 772 725 217 613 889 296 412 518 405 987 392 304 170 762 419 372 168 177 655 319 475 200 215 66
491 680 869 1307 874 592 1087 567 931 834 535 450 248 485 717 546 1102 1075 509 907 1156 436 427 0 1057 420 601 907 481 463 487 823 586 391 738 469 235 255 518 835 677 496 125 662 82 689 1121 631 471 1016 773 480 425 435 349 1152 411 970 1050 674 562 462 833 1278 592 514 322 947 838 63 479 476 830 737 732 451 609 460
620 428 1080 279 808 915 405 1369 803 807 551 638 1203 1344 343 565 611 320 588 652 455 653 773 1057 0 693 677 290 610 600 620 1358 470 674 467 733 822 1241 1440 947 628 576 1178 1090 1012 941 863 574 595 968 295 629 759 1398 1305 795 654 253 320 496 505 1292 649 221 465 1052 938 249 783 995 622 619 1349 571 324 625 836 707
76 276 635 916 845 353 847 691 570 486 143 63 639 655 356 367 690 807 105 798 736 300 113 420 693 0 538 634 84 132 74 770 256 233 318 108 239 554 747 546 579 129 545 514 352 774 752 213 128 695 397 66 424 704 748 763 106 562 785 254 300 605 437 911 283 415 248 660 482 358 70 75 768 324 381 88 311 72
529 552 1171 956 309 891 528 1124 1053 989 486 489 626 1057 461 189 1054 545 508 306 1000 239 646 601 677 538 0 416 495 420 525 1286 385 310 670 645 422 853 1111 1074 79 450 684 1045 610 284 1209 654 430 1201 516 526 176 1034 707 1189 431 745 520 624 293 1020 888 868 353 927 714 465 977 561 514 501 1286 754 449 462 847 607
577 448 1166 558 517 941 217 1323 944 917 503 571 1005 1279 312 364 827 173 543 365 709 472 739 907 290 634 416 0 553 509 575 1385 378 519 545 711 677 1129 1359 1042 355 504 1017 1117 882 659 1049 608 509 1110 318 582 537 1301 1099 999 556 460 150 538 355 1232 773 454 352 1043 878 48 897 851 571 562 1380 658 283 548 871 676
34 200 679 838 797 410 767 775 573 499 59 31 685 740 271 313 654 725 28 737 680 268 186 481 610 84 495 553 0 75 29 841 175 213 263 164 274 634 831 579 527 51 607 579 420 749 745 183 65 712 314 32 407 788 794 746 90 490 703 199 232 690 423 829 205 491 333 577 490 418 19 9 838 297 296 41 356 126
109 226 752 844 724 479 719 813 645 574 88 72 647 771 257 241 711 682 92 668 721 194 244 463 600 132 420 509 75 0 104 902 136 144 313 231 237 642 856 654 454 42 587 644 412 675 815 251 12 786 310 105 335 805 756 812 53 512 659 251 168 723 492 821 157 547 369 538 564 400 93 80 900 363 277 44 429 192
4 202 649 841 827 382 791 757 545 471 73 46 697 726 287 343 636 746 33 766 670 297 164 487 620 74 525 575 29 104 0 815 199 240 252 138 289 628 819 549 557 79 613 552 423 778 720 161 95 683 325 8 434 778 807 723 113 488 725 187 260 674 399 838 231 467 318 598 462 424 12 24 811 275 312 67 327 100
813 950 357 1490 1595 447 1603 346 671 604 884 831 1042 433 1078 1134 975 1551 845 1565 1147 1049 657 823 1358 770 1286 1385 841 902 815 0 1015 976 891 677 879 648 516 470 1338 892 864 269 758 1470 794 790 897 597 1093 810 1136 585 1112 881 871 1136 1532 868 1070 413 748 1546 1047 359 574 1402 630 814 821 832 18 789 1107 858 523 715
202 168 830 724 664 577 592 946 672 617 131 193 748 906 132 196 676 550 169 583 651 220 362 586 470 256 385 378 175 136 199 1015 0 214 285 337 352 777 992 718 395 126 708 750 542 664 823 279 133 827 192 205 360 941 854 804 188 416 528 239 92 857 505 691 36 666 502 404 602 524 194 184 1011 371 146 171 515 300
245 356 868 935 620 582 709 837 786 710 231 197 534 781 345 171 853 689 235 593 853 72 337 391 674 233 310 519 213 144 240 976 214 0 454 341 158 611 851 779 362 185 507 734 363 541 959 394 156 922 406 238 194 787 640 957 130 628 664 393 171 738 636 893 209 617 409 557 702 333 227 216 977 507 355 173 545 305
248 118 628 633 938 449 756 923 405 372 224 293 948 911 243 482 399 690 235 837 418 488 351 738 467 318 670 545 263 313 252 891 285 454 0 304 537 857 1016 500 674 271 863 623 670 949 541 122 301 569 226 259 633 990 1058 519 351 265 675 64 377 857 233 662 317 594 521 546 352 676 261 267 882 113 270 302 369 293
135 304 526 932 952 248 928 636 478 389 208 159 705 614 413 472 633 881 168 900 707 408 47 469 733 108 645 711 164 231 138 677 337 341 304 0 328 554 714 439 684 216 589 415 392 881 665 182 224 594 442 132 532 685 812 686 214 567 860 250 396 560 364 945 369 331 217 732 387 412 144 156 673 272 441 187 203 39
293 462 826 1076 723 533 865 702 805 717 319 244 411 638 484 323 924 847 302 723 953 213 302 235 822 239 422 677 274 237 289 879 352 158 537 328 0 455 700 758 487 275 356 659 206 594 989 448 247 920 541 283 258 632 521 1003 189 749 822 473 327 599 677 1043 357 525 305 715 715 175 277 270 881 561 498 236 517 302
630 830 791 1470 1130 567 1320 339 941 840 693 605 407 247 898 778 1168 1300 658 1159 1260 668 507 255 1241 554 853 1129 634 642 628 648 777 611 857 554 455 0 263 798 927 665 232 564 249 941 1128 737 647 985 947 620 677 180 466 1178 589 1113 1276 798 774 241 886 1461 791 428 342 1165 852 292 624 626 659 822 919 616 615 563
820 1014 770 1647 1392 632 1559 172 998 902 890 806 648 114 1103 1022 1266 1533 851 1417 1389 913 670 518 1440 747 1111 1359 831 856 819 516 992 851 1016 714 700 263 0 820 1182 871 484 551 501 1203 1170 893 858 998 1144 811 936 95 683 1237 805 1281 1509 965 1004 167 988 1656 1012 465 502 1392 920 550 817 822 532 956 1127 823 702 735
544 595 133 1040 1375 243 1256 666 201 143 595 586 1084 706 732 891 505 1191 567 1302 680 843 456 835 947 546 1074 1042 579 654 549 470 718 779 500 439 758 798 820 0 1103 625 932 270 753 1320 351 442 644 187 726 548 971 843 1183 426 649 705 1176 504 799 657 300 1113 754 372 513 1047 169 793 560 573 455 387 761 613 240 474
561 555 1206 906 271 932 451 1189 1068 1010 509 525 705 1125 449 213 1046 472 536 235 978 290 690 677 628 579 79 355 527 454 557 1338 395 362 674 684 487 927 1182 1103 0 479 762 1091 681 313 1216 673 462 1221 499 559 252 1108 786 1190 472 721 448 634 306 1087 900 809 360 979 771 403 996 634 546 534 1338 766 433 497 883 645
83 187 727 813 750 461 718 820 608 539 46 66 686 783 234 266 668 677 57 687 680 231 237 496 576 129 450 504 51 42 79 892 126 185 271 216 275 665 871 625 479 0 621 631 441 711 776 211 30 752 282 83 374 824 795 772 86 475 655 209 181 733 453 796 155 541 376 530 529 433 71 60 889 322 256 48 406 177
616 806 953 1431 934 689 1188 571 1041 942 661 576 178 480 840 653 1223 1181 635 986 1281 545 545 125 1178 545 684 1017 607 587 613 864 708 507 863 589 356 232 484 932 762 621 0 736 196 727 1232 755 596 1116 896 605 510 392 256 1266 535 1096 1156 799 678 470 951 1398 712 589 422 1059 949 189 604 601 873 859 854 577 715 582
549 680 228 1232 1354 177 1335 395 461 375 619 572 904 439 809 882 753 1282 581 1313 907 805 401 662 1090 514 1045 1117 579 644 552 269 750 734 623 415 659 564 551 270 1091 631 736 0 585 1252 622 520 639 446 823 547 907 582 992 695 619 873 1263 598 811 392 499 1281 783 147 360 1133 397 635 560 571 263 524 838 600 254 453
426 621 789 1255 897 510 1071 526 849 752 477 389 330 451 669 529 1026 1053 447 915 1087 419 349 82 1012 352 610 882 420 412 423 758 542 363 670 392 206 249 501 753 681 441 196 585 0 729 1040 560 419 934 722 415 435 428 431 1072 358 910 1028 607 530 420 754 1233 552 438 240 920 757 56 415 414 765 662 687 394 526 386
783 832 1405 1216 251 1115 704 1254 1319 1249 751 737 603 1174 746 467 1337 748 767 384 1284 480 872 689 941 774 284 659 749 675 778 1470 664 541 949 881 594 941 1203 1320 313 711 727 1252 729 0 1483 921 686 1461 801 777 349 1115 645 1468 671 1029 725 899 571 1148 1160 1113 633 1119 898 707 1239 673 766 753 1473 1027 734 711 1084 846
715 660 437 859 1480 561 1240 1017 190 289 733 765 1365 1056 778 1019 267 1162 723 1372 463 1008 700 1121 863 752 1209 1049 745 815 720 794 823 959 541 665 989 1128 1170 351 1216 776 1232 622 1040 1483 0 564 804 198 744 723 1150 1189 1470 97 834 612 1153 584 916 1006 323 969 857 714 811 1037 282 1070 733 744 777 456 801 787 518 687
156 161 560 754 943 344 825 803 399 337 170 207 852 789 295 465 476 766 159 861 528 443 230 631 574 213 654 608 183 251 161 790 279 394 122 182 448 737 893 442 673 211 755 520 560 921 564 0 239 548 303 166 586 867 962 563 273 387 749 78 366 735 241 778 315 478 399 619 324 570 173 183 783 114 325 224 267 175
99 215 744 836 732 472 720 813 634 563 76 66 657 773 251 249 698 682 80 675 710 205 240 471 595 128 430 509 65 12 95 897 133 156 301 224 247 647 858 644 462 30 596 639 419 686 804 239 0 775 303 96 347 808 767 800 60 502 660 239 172 724 480 815 157 543 369 537 553 408 84 71 895 350 272 39 420 185
678 681 242 1010 1492 427 1316 838 167 212 715 725 1264 886 813 1013 427 1243 695 1403 621 980 618 1016 968 695 1201 1110 712 786 683 597 827 922 569 594 920 985 998 187 1221 752 1116 446 934 1461 198 548 775 0 793 684 1116 1026 1365 291 792 715 1231 593 915 838 337 1104 863 559 695 1107 224 971 695 707 580 461 840 750 409 624
324 143 852 534 747 646 530 1078 627 599 255 342 940 1050 62 349 549 466 293 629 484 405 481 773 295 397 516 318 314 310 325 1093 192 406 226 442 541 947 1144 726 499 282 896 823 722 801 744 303 303 793 0 333 536 1102 1047 705 364 234 450 227 258 998 456 514 200 769 643 320 579 709 326 323 1086 340 67 331 571 414
11 210 647 850 829 378 797 750 548 472 81 42 691 718 294 345 641 753 40 770 677 297 157 480 629 66 526 582 32 105 8 810 205 238 259 132 283 620 811 548 559 83 605 547 415 777 723 166 96 684 333 0 433 770 800 727 110 497 731 194 264 666 403 846 237 461 310 605 464 417 12 25 806 280 320 66 324 95
439 524 1056 1035 466 766 684 954 980 905 418 391 470 885 474 194 1031 688 427 482 1011 144 522 425 759 424 176 537 407 335 434 1136 360 194 633 532 258 677 936 971 252 374 510 907 435 349 1150 586 347 1116 536 433 0 858 561 1145 324 769 662 576 278 850 827 966 339 780 561 583 897 386 422 410 1138 696 473 367 735 496
779 978 807 1615 1309 637 1496 240 1010 912 847 760 554 154 1058 956 1265 1474 809 1340 1377 846 639 435 1398 704 1034 1301 788 805 778 585 941 787 990 685 632 180 95 843 1108 824 392 582 428 1115 1189 867 808 1026 1102 770 858 0 588 1250 753 1252 1449 935 945 190 984 1616 958 475 468 1336 928 473 775 779 600 939 1080 775 700 701
811 982 1208 1574 887 939 1236 801 1280 1183 840 764 109 706 986 745 1438 1247 822 978 1474 652 772 349 1305 748 707 1099 794 756 807 1112 854 640 1058 812 521 466 683 1183 786 795 256 992 431 645 1470 962 767 1365 1047 800 561 588 0 1498 710 1266 1222 993 801 707 1176 1520 849 845 669 1145 1187 400 796 790 1123 1072 994 757 958 798
718 637 524 772 1449 615 1182 1089 240 338 727 769 1391 1123 744 1001 185 1101 722 1334 375 1001 725 1152 795 763 1189 999 746 812 723 881 804 957 519 686 1003 1178 1237 426 1190 772 1266 695 1072 1468 97 563 800 291 705 727 1145 1250 1498 0 836 549 1095 570 897 1071 326 887 836 775 851 983 325 1097 736 746 865 450 766 788 563 703
118 273 741 897 739 460 763 767 658 580 129 68 601 723 311 263 744 730 117 695 764 194 217 411 654 106 431 556 90 53 113 871 188 130 351 214 189 589 805 649 472 86 535 619 358 671 834 273 60 792 364 110 324 753 710 836 0 561 706 287 206 675 513 875 206 513 324 587 573 347 101 90 869 387 330 49 417 176
486 289 838 367 951 705 632 1188 551 562 435 521 1157 1177 295 583 370 551 462 815 258 635 613 970 253 562 745 460 490 512 488 1136 416 628 265 567 749 1113 1281 705 721 475 1096 873 910 1029 612 387 502 715 234 497 769 1252 1266 549 561 0 545 317 491 1123 404 410 431 857 784 438 537 907 495 496 1126 348 299 519 624 551
726 588 1302 542 538 1086 87 1473 1064 1046 652 721 1132 1429 454 503 916 25 692 373 773 613 889 1050 320 785 520 150 703 659 725 1532 528 664 675 860 822 1276 1509 1176 448 655 1156 1263 1028 725 1153 749 660 1231 450 731 662 1449 1222 1095 706 545 0 676 504 1382 896 411 502 1192 1029 130 1024 995 721 712 1526 788 425 698 1014 825
183 90 627 682 901 422 754 879 435 388 162 228 884 863 227 434 459 693 171 809 483 431 296 674 496 254 624 538 199 251 187 868 239 393 64 250 473 798 965 504 634 209 799 598 607 899 584 78 239 593 227 194 576 935 993 570 287 317 676 0 331 809 266 700 273 556 466 546 370 611 197 202 861 133 256 237 344 235
264 261 906 773 577 642 558 973 762 703 204 239 697 926 195 104 767 528 235 506 733 149 412 562 505 300 293 355 232 168 260 1070 92 171 377 396 327 774 1004 799 306 181 678 811 530 571 916 366 172 915 258 264 278 945 801 897 206 491 504 331 0 880 596 723 62 715 531 390 690 502 252 240 1067 462 197 211 586 357
674 864 617 1490 1315 465 1438 105 831 735 747 666 648 55 961 910 1098 1405 707 1322 1223 806 518 462 1292 605 1020 1232 690 723 674 413 857 738 857 560 599 241 167 657 1087 733 470 392 420 1148 1006 735 724 838 998 666 850 190 707 1071 675 1123 1382 809 880 0 821 1505 880 298 357 1261 753 475 674 680 426 793 986 686 536 585
394 348 434 744 1167 358 980 863 172 158 410 445 1068 875 477 699 282 909 400 1070 410 684 405 833 649 437 888 773 423 492 399 748 505 636 233 364 677 886 988 300 900 453 951 499 754 1160 323 241 480 337 456 403 827 984 1176 326 513 404 896 266 596 821 0 812 539 526 547 771 133 776 411 422 736 134 503 465 285 378
837 641 1247 150 946 1111 473 1579 947 969 769 857 1419 1558 564 776 703 396 806 782 514 868 987 1278 221 911 868 454 829 821 838 1546 691 893 662 945 1043 1461 1656 1113 809 796 1398 1281 1233 1113 969 778 815 1104 514 846 966 1616 1520 887 875 410 411 700 723 1505 812 0 685 1255 1153 406 944 1216 840 837 1536 756 546 845 1030 921
234 199 866 726 629 611 563 970 707 653 165 220 743 928 138 166 705 525 202 547 672 204 392 592 465 283 353 352 205 157 231 1047 36 209 317 369 357 791 1012 754 360 155 712 783 552 633 857 315 157 863 200 237 339 958 849 836 206 431 502 273 62 880 539 685 0 696 526 380 638 531 225 215 1043 406 145 196 550 332
465 627 366 1224 1236 168 1258 337 535 438 539 477 757 351 744 775 801 1212 499 1206 933 689 304 514 1052 415 927 1043 491 547 467 359 666 617 594 331 525 428 465 372 979 541 589 147 438 1119 714 478 543 559 769 461 780 475 845 775 513 857 1192 556 715 298 526 1255 696 0 221 1064 455 489 472 482 359 514 772 503 243 366
318 512 551 1147 1022 270 1088 444 621 521 390 309 570 407 604 575 828 1051 350 1003 918 481 170 322 938 248 714 878 333 369 318 574 502 409 521 217 305 342 502 513 771 376 422 360 240 898 811 399 369 695 643 310 561 468 669 851 324 784 1029 466 531 357 547 1153 526 221 0 906 529 283 317 323 576 480 629 330 293 233
599 457 1173 512 559 956 209 1350 940 918 525 597 1050 1309 324 407 808 148 565 403 681 513 762 947 249 660 465 48 577 538 598 1402 404 557 546 732 715 1165 1392 1047 403 530 1059 1133 920 707 1037 619 537 1107 320 605 583 1336 1145 983 587 438 130 546 390 1261 771 406 380 1064 906 0 897 890 595 587 1397 660 295 575 884 698
457 459 303 871 1267 291 1107 781 92 25 491 505 1083 806 593 788 355 1038 472 1179 516 759 419 838 783 482 977 897 490 564 462 630 602 702 352 387 715 852 920 169 996 529 949 397 757 1239 282 324 553 224 579 464 897 928 1187 325 573 537 1024 370 690 753 133 944 638 455 529 897 0 787 475 487 617 240 621 530 238 413
428 617 835 1244 844 552 1034 581 880 784 471 387 295 505 654 492 1042 1020 446 867 1094 382 372 63 995 358 561 851 418 400 424 814 524 333 676 412 175 292 550 793 634 433 189 635 56 673 1070 570 408 971 709 417 386 473 400 1097 347 907 995 611 502 475 776 1216 531 489 283 890 787 0 416 412 820 677 670 387 562 401
17 207 659 846 816 390 786 758 558 483 72 33 687 725 286 333 647 743 34 757 680 285 168 479 622 70 514 571 19 93 12 821 194 227 261 144 277 624 817 560 546 71 604 560 415 766 733 173 84 695 326 12 422 775 796 736 101 495 721 197 252 674 411 840 225 472 317 595 475 416 0 12 818 287 312 54 337 106
29 207 672 845 804 402 777 765 570 495 68 25 681 731 281 320 656 734 33 745 685 273 177 476 619 75 501 562 9 80 24 832 184 216 267 156 270 626 822 573 534 60 601 571 414 753 744 183 71 707 323 25 410 779 790 746 90 496 712 202 240 680 422 837 215 482 323 587 487 412 12 0 829 297 305 43 349 117
809 943 341 1479 1596 440 1598 361 656 591 880 828 1051 447 1072 1132 961 1545 842 1564 1133 1049 655 830 1349 768 1286 1380 838 900 811 18 1011 977 882 673 881 659 532 455 1338 889 873 263 765 1473 777 783 895 580 1086 806 1138 600 1123 865 869 1126 1526 861 1067 426 736 1536 1043 359 576 1397 617 820 818 829 0 780 1101 856 516 711
270 219 516 712 1034 357 870 849 302 260 278 321 963 848 352 565 366 803 272 941 438 553 319 737 571 324 754 658 297 363 275 789 371 507 113 272 561 822 956 387 766 322 859 524 662 1027 456 114 350 461 340 280 696 939 1072 450 387 348 788 133 462 793 134 756 406 514 480 660 240 677 287 297 780 0 380 338 276 276
313 165 883 580 683 661 500 1070 676 640 239 321 889 1037 29 284 614 444 279 570 551 346 475 732 324 381 449 283 296 277 312 1107 146 355 270 441 498 919 1127 761 433 256 854 838 687 734 801 325 272 840 67 320 473 1080 994 766 330 299 425 256 197 986 503 546 145 772 629 295 621 670 312 305 1101 380 0 304 589 409
72 229 710 860 766 435 760 775 613 538 84 28 648 735 282 284 694 721 67 713 717 231 200 451 625 88 462 548 41 44 67 858 171 173 302 187 236 616 823 613 497 48 577 600 394 711 787 224 39 750 331 66 367 775 757 788 49 519 698 237 211 686 465 845 196 503 330 575 530 387 54 43 856 338 304 0 386 148
323 428 324 988 1153 81 1089 581 328 228 385 358 856 590 559 670 564 1033 351 1093 690 612 215 609 836 311 847 871 356 429 327 523 515 545 369 203 517 615 702 240 883 406 715 254 526 1084 518 267 420 409 571 324 735 700 958 563 417 624 1014 344 586 536 285 1030 550 243 293 884 238 562 337 349 516 276 589 386 0 240
99 279 564 914 914 287 892 663 503 417 173 120 690 637 382 433 641 846 132 861 704 371 66 460 707 72 607 676 126 192 100 715 300 305 293 39 302 563 735 474 645 177 582 453 386 846 687 175 185 624 414 95 496 701 798 703 176 551 825 235 357 585 378 921 332 366 233 698 413 401 106 117 711 276 409 148 240 0
