0 670 311 803 1068 50 1571 400 619 1559 1192 668 829 630 440 1574
670 0 965 1188 1317 652 1883 481 363 946 758 1075 1186 787 458 2244
311 965 0 888 959 315 1391 698 837 1806 1381 527 929 667 740 1302
803 1188 888 0 1834 853 2278 709 1336 2128 1897 1407 52 1433 729 1494
1068 1317 959 1834 0 1024 566 1402 965 1689 1135 432 1870 533 1429 1866
50 652 315 853 1024 0 1532 422 578 1527 1150 630 879 580 460 1597
1571 1883 1391 2278 566 1532 0 1935 1532 2197 1644 902 2319 1096 1965 1938
400 481 698 709 1402 422 1935 0 661 1426 1198 1039 710 898 43 1863
619 363 837 1336 965 578 1532 661 0 970 575 779 1348 448 662 2137
1559 946 1806 2128 1689 1527 2197 1426 970 0 555 1681 2122 1318 1401 3108
1192 758 1381 1897 1135 1150 1644 1198 575 555 0 1162 1904 803 1188 2660
668 1075 527 1407 432 630 902 1039 779 1681 1162 0 1444 363 1071 1562
829 1186 929 52 1870 879 2319 710 1348 2122 1904 1444 0 1459 728 1543
630 787 667 1433 533 580 1096 898 448 1318 803 363 1459 0 919 1876
440 458 740 729 1429 460 1965 43 662 1401 1188 1071 728 919 0 1905
1574 2244 1302 1494 1866 1597 1938 1863 2137 3108 2660 1562 1543 1876 1905 0
