0 689 1009 1442 776 1638 851 780 1714 416 1664 1565 429 1228 1052 909
689 0 331 2132 1371 2206 1068 717 1759 649 2074 2128 1039 921 1361 1598
1009 331 0 2447 1703 2533 1355 813 1962 971 2374 2455 1371 827 1518 1914
1442 2132 2447 0 1019 1125 1729 1958 2411 1660 1656 1118 1186 2428 1595 533
776 1371 1703 1019 0 861 710 1540 1438 758 981 789 348 2001 1594 631
1638 2206 2533 1125 861 0 1301 2395 1599 1563 622 79 1210 2861 2349 1148
851 1068 1355 1729 710 1301 0 1557 869 483 1023 1222 649 1927 1899 1295
780 717 813 1958 1540 2395 1557 0 2368 1074 2443 2325 1202 479 713 1466
1714 1759 1962 2411 1438 1599 869 2368 0 1318 1023 1540 1496 2677 2766 2069
416 649 971 1660 758 1563 483 1074 1318 0 1436 1484 475 1452 1461 1148
1664 2074 2374 1656 981 622 1023 2443 1023 1436 0 584 1262 2869 2574 1511
1565 2128 2455 1118 789 79 1222 2325 1540 1484 584 0 1136 2790 2294 1105
429 1039 1371 1186 348 1210 649 1202 1496 475 1262 1136 0 1657 1340 688
1228 921 827 2428 2001 2861 1927 479 2677 1452 2869 2790 1657 0 1026 1943
1052 1361 1518 1595 1594 2349 1899 713 2766 1461 2574 2294 1340 1026 0 1232
909 1598 1914 533 631 1148 1295 1466 2069 1148 1511 1105 688 1943 1232 0
