0 1641 1143 572 976 611 1656 809 1726 1206 565 817 1223 1681 1528 406
1641 0 2528 2139 1355 1048 111 1363 2330 2708 1531 1430 2083 1708 1911 1379
1143 2528 0 615 2118 1530 2579 1201 2726 293 997 1142 2211 1635 1290 1547
572 2139 615 0 1523 1091 2169 991 2118 635 707 957 1601 1717 1455 974
976 1355 2118 1523 0 928 1302 1479 1035 2153 1377 1526 728 2301 2279 584
611 1048 1530 1091 928 0 1078 567 1919 1679 566 623 1491 1374 1360 508
1656 111 2579 2169 1302 1078 0 1430 2257 2751 1583 1498 2030 1810 2004 1372
809 1363 1201 991 1479 567 1430 0 2424 1426 288 68 1957 880 800 966
1726 2330 2726 2118 1035 1919 2257 2424 0 2655 2255 2459 516 3286 3213 1458
1206 2708 293 635 2153 1679 2751 1426 2655 0 1190 1372 2147 1923 1582 1610
565 1531 997 707 1377 566 1583 288 2255 1190 0 270 1767 1122 967 814
817 1430 1142 957 1526 623 1498 68 2459 1372 270 0 1986 863 757 1001
1223 2083 2211 1601 728 1491 2030 1957 516 2147 1767 1986 0 2832 2732 998
1681 1708 1635 1717 2301 1374 1810 880 3286 1923 1122 863 2832 0 372 1835
1528 1911 1290 1455 2279 1360 2004 800 3213 1582 967 757 2732 372 0 1757
406 1379 1547 974 584 508 1372 966 1458 1610 814 1001 998 1835 1757 0
