0 1298 1216 372 831 192 1371 1671 1318 51 1176 367 531 560 67 1061
1298 0 2499 1339 751 1232 101 2466 2040 1335 413 1124 1382 779 1274 389
1216 2499 0 1356 1894 1339 2579 1409 1794 1189 2389 1401 1446 1775 1228 2211
372 1339 1356 0 1072 207 1391 2025 961 339 1105 700 158 565 434 1203
831 751 1894 1072 0 882 852 1715 1997 881 923 507 1192 635 777 370
192 1232 1339 207 882 0 1295 1864 1168 181 1056 493 358 457 244 1049
1371 101 2579 1391 852 1295 0 2567 2052 1406 391 1213 1424 838 1351 491
1671 2466 1409 2025 1715 1864 2567 0 2859 1692 2590 1505 2179 2067 1623 2079
1318 2040 1794 961 1997 1168 2052 2859 0 1275 1674 1662 816 1392 1385 2039
51 1335 1189 339 881 181 1406 1692 1275 0 1200 417 497 586 116 1105
1176 413 2389 1105 923 1056 391 2590 1674 1200 0 1123 1106 616 1174 654
367 1124 1401 700 507 493 1213 1505 1662 417 1123 0 851 562 302 810
531 1382 1446 158 1192 358 1424 2179 816 497 1106 851 0 632 593 1287
560 779 1775 565 635 457 838 2067 1392 586 616 562 632 0 558 657
67 1274 1228 434 777 244 1351 1623 1385 116 1174 302 593 558 0 1022
1061 389 2211 1203 370 1049 491 2079 2039 1105 654 810 1287 657 1022 0
