0 1673 868 1257 371 44 478 1562 255 1649 432 793 1631 228 601 1539
1673 0 2109 417 1651 1657 2111 1070 1861 3321 1570 2377 1781 1689 2275 1218
868 2109 0 1748 567 913 632 1498 1011 1567 599 557 1155 1087 895 1391
1257 417 1748 0 1257 1241 1702 1001 1444 2906 1183 1976 1615 1273 1859 1116
371 1651 567 1257 0 410 513 1308 598 1734 99 730 1276 597 761 1257
44 1657 913 1241 410 0 511 1576 240 1667 465 830 1662 187 618 1557
478 2111 632 1702 513 511 0 1816 467 1226 613 323 1686 614 279 1755
1562 1070 1498 1001 1308 1576 1816 0 1816 3006 1209 1963 742 1714 2069 161
255 1861 1011 1444 598 240 467 1816 0 1490 673 784 1873 184 458 1794
1649 3321 1567 2906 1734 1667 1226 3006 1490 0 1831 1044 2720 1674 1048 2923
432 1570 599 1183 99 465 613 1209 673 1831 0 820 1200 650 860 1160
793 2377 557 1976 730 830 323 1963 784 1044 820 0 1707 937 443 1878
1631 1781 1155 1615 1276 1662 1686 742 1873 2720 1200 1707 0 1841 1964 581
228 1689 1087 1273 597 187 614 1714 184 1674 650 937 1841 0 641 1707
601 2275 895 1859 761 618 279 2069 458 1048 860 443 1964 641 0 2016
1539 1218 1391 1116 1257 1557 1755 161 1794 2923 1160 1878 581 1707 2016 0
