0 660 530 403 1379 348 971 1444 1598 96 1001 1380 1496 1057 348 387
660 0 832 855 776 426 857 1846 1930 755 1638 1321 849 1476 1008 861
530 832 0 928 1606 778 562 1935 1126 551 1296 886 1491 1555 660 909
403 855 928 0 1415 430 1364 1055 1942 381 842 1783 1696 667 445 27
1379 776 1606 1415 0 1051 1506 2164 2679 1467 2257 1928 666 1863 1709 1432
348 426 778 430 1051 0 1061 1440 1896 426 1235 1515 1268 1062 658 436
971 857 562 1364 1506 1061 0 2415 1235 1030 1854 466 1165 2027 1198 1352
1444 1846 1935 1055 2164 1440 2415 0 2777 1393 976 2816 2625 387 1299 1064
1598 1930 1126 1942 2679 1896 1235 2777 0 1576 1876 1027 2401 2443 1531 1918
96 755 551 381 1467 426 1030 1393 1576 0 908 1423 1592 1008 252 360
1001 1638 1296 842 2257 1235 1854 976 1876 908 0 2154 2486 765 675 825
1380 1321 886 1783 1928 1515 466 2816 1027 1423 2154 0 1490 2432 1546 1767
1496 849 1491 1696 666 1268 1165 2625 2401 1592 2486 1490 0 2277 1843 1704
1057 1476 1555 667 1863 1062 2027 387 2443 1008 765 2432 2277 0 933 676
348 1008 660 445 1709 658 1198 1299 1531 252 675 1546 1843 933 0 418
387 861 909 27 1432 436 1352 1064 1918 360 825 1767 1704 676 418 0
