0 1446 1704 553 172 1131 882 596 1506 255 477 1700 1238 4 1073 1321
1446 0 2955 1979 1543 408 2085 1541 1040 1617 1794 2635 2194 1442 2387 1061
1704 2955 0 1497 1740 2749 874 1414 3210 1454 1234 2740 884 1708 1822 2237
553 1979 1497 0 436 1634 895 947 1848 525 579 1392 1349 556 580 1833
172 1543 1740 436 0 1200 964 751 1486 354 556 1529 1354 173 914 1489
1131 408 2749 1634 1200 0 1876 1361 763 1337 1537 2227 2064 1127 2003 1173
882 2085 874 895 964 1876 0 550 2373 627 409 2285 460 886 1417 1463
596 1541 1414 947 751 1361 550 0 1936 435 408 2266 719 597 1527 972
1506 1040 3210 1848 1486 763 2373 1936 0 1758 1980 1898 2656 1502 2010 1933
255 1617 1454 525 354 1337 627 435 1758 0 222 1835 1000 259 1101 1317
477 1794 1234 579 556 1537 409 408 1980 222 0 1957 812 481 1153 1371
1700 2635 2740 1392 1529 2227 2285 2266 1898 1835 1957 0 2741 1700 918 2968
1238 2194 884 1349 1354 2064 460 719 2656 1000 812 2741 0 1241 1878 1368
4 1442 1708 556 173 1127 886 597 1502 259 481 1700 1241 0 1075 1319
1073 2387 1822 580 914 2003 1417 1527 2010 1101 1153 918 1878 1075 0 2390
1321 1061 2237 1833 1489 1173 1463 972 1933 1317 1371 2968 1368 1319 2390 0
