0 129 189 412 1559 899 1470 1526 1367 912 1562 129 93 1643 680 1055
129 0 114 285 1631 913 1479 1539 1427 1027 1630 146 222 1552 560 1166
189 114 0 314 1556 808 1371 1432 1344 1007 1737 106 261 1621 595 1244
412 285 314 0 1861 1067 1607 1674 1642 1310 1742 408 505 1318 281 1384
1559 1631 1556 1861 0 899 798 760 258 882 2682 1485 1494 3177 2134 1893
899 913 808 1067 899 0 571 627 645 893 2376 782 880 2372 1312 1700
1470 1479 1371 1607 798 571 0 74 587 1278 2922 1352 1450 2881 1830 2208
1526 1539 1432 1674 760 627 74 0 565 1293 2962 1410 1503 2951 1899 2239
1367 1427 1344 1642 258 645 587 565 0 827 2604 1282 1312 2960 1908 1834
912 1027 1007 1310 882 893 1278 1293 827 0 1800 904 822 2536 1588 1014
1562 1630 1737 1742 2682 2376 2922 2962 2604 1800 0 1690 1538 1971 1809 798
129 146 106 408 1485 782 1352 1410 1282 904 1690 0 170 1697 689 1162
93 222 261 505 1494 880 1450 1503 1312 822 1538 170 0 1724 773 991
1643 1552 1621 1318 3177 2372 2881 2951 2960 2536 1971 1697 1724 0 1059 2151
680 560 595 281 2134 1312 1830 1899 1908 1588 1809 689 773 1059 0 1567
1055 1166 1244 1384 1893 1700 2208 2239 1834 1014 798 1162 991 2151 1567 0
