0 978 629 1280 424 159 499 1197 63 930 1425 688 837 614 115 1593 550
978 0 1500 1239 1393 868 1469 538 917 756 2206 294 461 1183 1082 2450 1024
629 1500 0 1879 540 789 545 1809 687 1559 1566 1241 1455 1128 520 971 1124
1280 1239 1879 0 1419 1133 1467 825 1238 493 1505 1125 791 792 1371 2785 756
424 1393 540 1419 0 527 76 1544 480 1194 1093 1100 1185 631 346 1366 675
159 868 789 1133 527 0 603 1045 106 771 1431 574 684 526 272 1752 430
499 1469 545 1467 76 603 0 1615 556 1258 1052 1176 1258 675 417 1324 731
1197 538 1809 825 1544 1045 1615 0 1134 458 2100 620 361 1110 1312 2780 966
63 917 687 1238 480 106 556 1134 0 875 1453 627 775 602 178 1653 523
930 756 1559 493 1194 771 1258 458 875 0 1643 634 299 675 1039 2514 548
1425 2206 1566 1505 1093 1431 1052 2100 1453 1643 0 1932 1822 1025 1397 2023 1185
688 294 1241 1125 1100 574 1176 620 627 634 1932 0 354 918 796 2204 762
837 461 1455 791 1185 684 1258 361 775 299 1822 354 0 803 952 2425 647
614 1183 1128 792 631 526 675 1110 602 675 1025 918 803 0 668 1997 159
115 1082 520 1371 346 272 417 1312 178 1039 1397 796 952 668 0 1480 627
1593 2450 971 2785 1366 1752 1324 2780 1653 2514 2023 2204 2425 1997 1480 0 2034
550 1024 1124 756 675 430 731 966 523 548 1185 762 647 159 627 2034 0
