0 576 1557 170 525 149 255 1513 151 1131 1680 699 1107 523 1430 848
576 0 1902 499 550 723 593 1137 695 1703 2224 228 1656 870 1042 1423
1557 1902 0 1489 2083 1516 1364 3019 1415 1253 1085 1827 1802 1973 2928 1292
170 499 1489 0 616 295 126 1538 212 1216 1725 574 1253 686 1450 944
525 550 2083 616 0 594 741 1031 672 1517 2122 776 1293 400 958 1231
149 723 1516 295 594 0 334 1612 133 991 1556 847 961 481 1532 705
255 593 1364 126 741 334 0 1660 212 1160 1639 629 1257 778 1571 901
1513 1137 3019 1538 1031 1612 1660 0 1664 2545 3154 1285 2253 1368 95 2261
151 695 1415 212 672 133 212 1664 0 1009 1538 786 1051 610 1581 733
1131 1703 1253 1216 1517 991 1160 2545 1009 0 641 1786 589 1197 2476 288
1680 2224 1085 1725 2122 1556 1639 3154 1538 641 0 2262 1177 1827 3080 904
699 228 1827 574 776 847 629 1285 786 1786 2262 0 1805 1073 1189 1517
1107 1656 1802 1253 1293 961 1257 2253 1051 589 1177 1805 0 901 2199 524
523 870 1973 686 400 481 778 1368 610 1197 1827 1073 901 0 1307 923
1430 1042 2928 1450 958 1532 1571 95 1581 2476 3080 1189 2199 1307 0 2190
848 1423 1292 944 1231 705 901 2261 733 288 904 1517 524 923 2190 0
