0 179 1493 544 496 673 382 1210 1028 290 469 361 187 864 109 1645
179 0 1594 724 504 783 242 1161 905 461 562 275 329 895 284 1543
1493 1594 0 1303 1960 1895 1554 1198 2499 1480 1033 1850 1307 824 1408 3135
544 724 1303 0 782 595 898 1492 1469 297 574 829 456 993 444 2016
496 504 1960 782 0 432 729 1665 711 505 958 282 666 1360 558 1235
673 783 1895 595 432 0 1025 1874 1111 465 1022 670 759 1463 662 1538
382 242 1554 898 729 1025 0 953 984 672 566 465 449 782 459 1638
1210 1161 1198 1492 1665 1874 953 0 1872 1425 918 1416 1121 551 1212 2517
1028 905 2499 1469 711 1111 984 1872 0 1174 1467 668 1214 1765 1130 654
290 461 1480 297 505 465 672 1425 1174 0 556 532 304 997 225 1738
469 562 1033 574 958 1022 566 918 1467 556 0 818 292 442 401 2102
361 275 1850 829 282 670 465 1416 668 532 818 0 549 1171 462 1285
187 329 1307 456 666 759 449 1121 1214 304 292 549 0 715 109 1833
864 895 824 993 1360 1463 782 551 1765 997 442 1171 715 0 823 2417
109 284 1408 444 558 662 459 1212 1130 225 401 462 109 823 0 1739
1645 1543 3135 2016 1235 1538 1638 2517 654 1738 2102 1285 1833 2417 1739 0
