0 211 261 693 418 620 575 765 816 717 148 744 818 71 250 847 828 320 65 142 793 71 62 135 631 598 497 452 37 14 362 848 610 714 311 115 340 517 519 169 631 75 599 429 113 24 721 57 74 120 447 456 818 590 264 807 567 498 227 581 257 551 602 87 610 336 439 799 71 18 118 755 14 500 82 315 451 790
211 0 156 833 214 456 654 703 1026 547 359 787 623 238 461 960 840 502 153 76 728 279 166 272 613 809 687 380 243 214 344 717 759 708 199 278 418 720 586 371 787 222 570 639 320 199 711 172 270 181 302 457 982 748 377 1013 443 318 136 406 326 694 433 146 667 335 506 627 282 229 299 963 212 295 172 168 617 1000
261 156 0 734 219 361 524 859 1051 458 388 640 707 319 488 1087 994 460 198 197 575 304 198 235 770 827 642 537 298 255 193 856 865 863 51 259 302 697 453 429 888 310 727 670 371 264 867 203 334 298 446 306 899 847 496 1052 589 437 291 526 222 601 345 173 812 486 377 740 314 277 288 950 253 375 182 65 549 1027
693 833 734 0 949 954 275 1452 786 1034 616 393 1440 743 594 1325 1465 395 710 803 754 634 693 572 1303 622 309 1145 693 680 584 1537 1047 1374 740 580 431 403 333 686 1039 757 1278 631 672 717 1382 690 707 813 1126 517 193 1005 887 847 1256 1151 911 1240 513 141 958 701 1219 1020 379 1460 643 684 574 542 681 1107 674 789 257 778
418 214 219 949 0 280 725 775 1235 358 565 812 498 452 667 1147 967 673 355 290 647 481 364 441 731 1015 857 482 453 419 380 707 964 828 210 458 518 905 653 584 994 436 682 848 531 410 829 370 482 392 340 482 1118 956 581 1225 474 282 308 361 441 819 253 339 833 498 582 554 486 437 485 1156 417 181 360 159 768 1209
620 456 361 954 280 0 689 1047 1404 97 748 706 650 673 847 1415 1248 785 556 526 428 665 558 585 1012 1178 953 762 658 616 388 944 1213 1108 313 613 557 1025 622 789 1239 662 962 1028 732 621 1109 563 693 635 615 437 1142 1199 833 1409 742 541 576 603 519 848 28 533 1109 773 577 756 675 637 643 1280 613 420 543 305 839 1380
575 654 524 275 725 689 0 1333 956 764 558 196 1223 641 584 1345 1400 382 567 646 488 538 552 440 1207 753 428 1012 590 561 345 1372 1073 1290 516 462 240 533 72 637 1076 649 1174 694 601 598 1296 550 616 691 957 255 468 1036 820 999 1097 961 761 1050 333 218 695 550 1170 911 148 1265 551 574 470 745 561 896 527 569 305 942
765 703 859 1452 775 1047 1333 0 1273 1105 841 1485 621 709 892 698 292 1061 765 690 1413 818 781 897 182 1136 1209 324 760 779 1047 282 727 192 896 881 1093 1185 1271 779 770 696 182 975 782 741 183 783 745 645 435 1160 1555 758 584 1214 306 508 577 465 1001 1312 1018 783 396 432 1189 468 808 771 881 1352 778 632 806 852 1200 1246
816 1026 1051 786 1235 1404 956 1273 0 1501 670 1139 1590 794 567 784 1127 638 879 953 1412 754 871 819 1091 226 528 1092 783 815 1044 1487 573 1111 1093 792 895 424 964 657 537 812 1099 387 705 826 1121 865 757 871 1182 1065 703 532 758 86 1247 1268 994 1333 896 746 1392 896 895 941 939 1528 748 798 763 258 818 1303 877 1115 655 27
717 547 458 1034 358 97 764 1105 1501 0 846 762 659 769 944 1502 1319 880 652 619 444 763 655 682 1082 1275 1046 834 754 712 479 980 1306 1178 411 710 648 1120 700 886 1333 757 1032 1126 829 717 1179 660 789 727 680 517 1223 1293 924 1506 798 596 662 649 614 933 114 629 1191 856 661 779 772 734 740 1375 710 473 640 401 930 1478
148 359 388 616 565 748 558 841 670 846 0 746 960 151 102 796 855 221 209 290 864 84 200 178 687 450 376 550 119 145 438 959 535 758 435 145 355 379 516 78 547 170 664 284 59 162 766 194 108 236 575 507 715 506 272 664 682 638 359 717 299 479 733 226 616 411 446 932 78 130 117 609 148 648 208 449 360 644
744 787 640 393 812 706 196 1485 1139 762 746 0 1305 813 778 1538 1573 578 726 794 388 717 712 610 1370 943 614 1161 764 730 447 1496 1267 1457 618 636 404 720 229 824 1271 820 1334 890 784 766 1463 711 793 854 1086 335 572 1231 999 1187 1229 1074 907 1161 489 392 720 705 1350 1073 305 1366 730 745 649 915 730 992 685 670 496 1126
818 623 707 1440 498 650 1223 621 1590 659 960 1305 0 814 1055 1248 905 1125 771 677 1078 890 786 894 703 1392 1309 536 841 825 878 386 1168 776 707 900 1010 1336 1151 945 1207 794 658 1214 909 799 772 791 855 729 410 980 1600 1179 839 1559 392 324 604 258 927 1306 626 768 905 667 1080 160 889 835 920 1569 824 333 795 655 1239 1563
71 238 319 743 452 673 641 709 794 769 151 813 814 0 241 777 759 357 122 161 863 108 126 203 568 583 524 406 51 84 434 811 546 649 371 178 409 530 586 136 569 19 539 408 95 57 656 123 42 85 424 528 857 528 192 777 533 489 210 567 328 602 654 148 539 278 508 781 99 67 173 756 86 509 150 368 493 767
250 461 488 594 667 847 584 892 567 944 102 778 1055 241 0 760 873 209 312 391 935 187 303 265 727 348 319 620 219 248 518 1032 488 790 533 235 410 298 553 117 493 261 711 182 146 263 798 297 200 326 663 574 667 453 308 563 760 731 452 808 373 467 832 328 625 473 492 1019 181 232 205 514 251 747 310 550 338 541
847 960 1087 1325 1147 1415 1345 698 784 1502 796 1538 1248 777 760 0 439 968 898 895 1640 844 903 959 554 767 1018 730 815 858 1210 976 278 507 1138 927 1151 938 1310 720 289 781 594 696 769 834 515 901 778 788 890 1295 1341 320 591 701 857 998 840 1014 1088 1214 1391 924 344 653 1242 1122 830 837 906 974 860 1098 928 1123 1084 764
828 840 994 1465 967 1248 1400 292 1127 1319 855 1573 905 759 873 439 0 1071 851 802 1568 861 864 962 236 1036 1186 485 810 842 1165 572 554 141 1039 938 1169 1137 1346 780 592 752 286 901 804 806 141 864 783 722 640 1271 1535 595 583 1056 547 736 704 717 1084 1332 1220 874 252 509 1267 757 848 827 929 1257 842 857 891 1005 1208 1102
320 502 460 395 673 785 382 1061 638 880 221 578 1125 357 209 968 1071 0 356 452 783 252 340 233 908 414 185 763 311 309 409 1166 693 979 490 224 257 240 361 291 694 373 885 317 278 343 987 335 318 435 767 428 500 655 492 661 886 812 547 898 266 261 777 357 827 630 314 1117 259 307 206 495 310 796 330 526 139 617
65 153 198 710 355 556 567 765 879 652 209 726 771 122 312 898 851 356 0 96 746 126 16 138 644 660 538 445 102 64 320 827 668 731 249 133 327 567 506 234 690 116 608 492 178 66 737 20 137 128 417 421 847 649 308 871 545 456 201 542 237 569 538 26 644 347 425 762 131 83 149 810 61 447 40 250 479 853
142 76 197 803 290 526 646 690 953 619 290 794 677 161 391 895 802 452 96 0 771 213 112 231 583 738 634 366 171 149 364 735 686 675 247 229 406 659 581 296 713 145 543 565 247 127 679 117 195 108 322 474 942 674 307 938 455 360 114 446 313 662 505 101 614 292 500 666 214 160 245 898 147 358 128 227 575 926
793 728 575 754 647 428 488 1413 1412 444 864 388 1078 863 935 1640 1568 783 746 771 0 801 738 688 1341 1194 892 1100 825 782 431 1351 1395 1436 529 721 529 990 456 931 1410 861 1296 1092 877 806 1439 740 862 866 980 360 944 1369 1054 1443 1119 929 864 1004 564 704 452 719 1385 1062 473 1177 814 803 746 1223 780 819 712 565 762 1394
71 279 304 634 481 665 538 818 754 763 84 717 890 108 187 844 861 252 126 213 801 0 116 114 676 533 427 512 59 65 370 914 594 754 352 82 314 445 488 132 610 122 647 369 76 92 761 110 77 182 517 451 752 569 282 749 633 570 297 652 243 493 649 141 633 386 412 870 13 56 67 685 67 571 124 365 387 729
62 166 198 693 364 558 552 781 871 655 200 712 786 126 303 903 864 340 16 112 738 116 0 121 658 650 523 461 99 57 311 843 671 745 249 117 312 554 491 231 692 122 623 484 174 69 750 5 136 141 433 410 830 651 315 864 562 472 218 558 223 552 541 26 655 361 410 778 122 78 134 798 55 461 27 254 463 845
135 272 235 572 441 585 440 897 819 682 178 610 894 203 265 959 962 233 138 231 688 114 121 0 767 593 419 580 154 121 260 965 707 850 274 33 206 463 383 243 722 210 734 445 190 158 856 117 185 252 554 336 712 680 391 824 683 587 339 674 129 431 572 130 741 471 305 895 128 135 60 715 121 564 103 301 346 795
631 613 770 1303 731 1012 1207 182 1091 1082 687 1370 703 568 727 554 236 908 644 583 1341 676 658 767 0 957 1046 249 620 645 948 431 549 96 813 746 969 1015 1148 620 592 558 50 798 630 608 98 659 599 516 404 1057 1395 578 420 1032 323 503 478 492 881 1165 984 665 225 296 1068 569 665 634 742 1174 645 622 684 776 1047 1064
598 809 827 622 1015 1178 753 1136 226 1275 450 943 1392 583 348 767 1036 414 660 738 1194 533 650 593 957 0 330 917 567 596 818 1324 508 993 868 567 672 225 754 448 483 602 955 178 491 610 1003 644 544 664 989 843 588 462 580 248 1068 1068 790 1139 670 555 1166 675 788 764 722 1342 528 580 538 221 598 1093 655 891 448 204
497 687 642 309 857 953 428 1209 528 1046 376 614 1309 524 319 1018 1186 185 538 634 892 427 523 419 1046 330 0 926 483 488 568 1335 740 1108 669 409 401 105 438 430 730 542 1029 322 435 519 1117 518 482 607 944 560 349 697 627 572 1057 994 724 1078 436 225 948 541 935 785 423 1297 431 483 389 335 489 981 514 707 129 513
452 380 537 1145 482 762 1012 324 1092 834 550 1161 536 406 620 730 485 763 445 366 1100 512 461 580 249 917 926 0 453 465 724 412 631 345 576 567 771 919 948 502 672 390 200 741 491 428 347 464 446 332 163 836 1263 644 337 1049 156 270 253 286 679 1004 735 461 388 152 866 442 505 461 571 1118 465 381 485 535 900 1064
37 243 298 693 453 658 590 760 783 754 119 764 841 51 219 815 810 311 102 171 825 59 99 154 620 567 483 453 0 44 394 855 575 700 348 128 360 496 536 132 595 63 590 395 77 43 707 94 37 124 461 484 811 554 237 772 575 519 243 600 281 552 640 125 587 328 458 816 52 22 122 729 46 528 118 353 446 756
14 214 255 680 419 616 561 779 815 712 145 730 825 84 248 858 842 309 64 149 782 65 57 121 645 596 488 465 44 0 351 860 620 728 305 102 327 510 505 173 639 89 613 428 116 37 735 52 82 134 457 443 807 598 277 807 579 507 238 590 244 538 598 83 624 350 425 809 67 22 106 750 2 506 74 311 439 789
362 344 193 584 380 388 345 1047 1044 479 438 447 878 434 518 1210 1165 409 320 364 431 370 311 260 948 818 568 724 394 351 0 1049 965 1039 173 293 169 646 273 502 981 433 907 689 447 378 1044 312 431 446 639 113 764 940 626 1060 783 627 472 715 148 466 385 295 965 656 206 925 384 372 320 899 349 554 284 227 451 1022
848 717 856 1537 707 944 1372 282 1487 980 959 1496 386 811 1032 976 572 1166 827 735 1351 914 843 965 431 1324 1335 412 855 860 1049 0 973 470 879 957 1135 1331 1304 915 1016 794 404 1151 900 824 462 847 852 731 415 1162 1666 998 745 1437 281 427 625 346 1043 1396 916 836 656 563 1224 226 907 859 966 1529 859 531 863 828 1299 1459
610 759 865 1047 964 1213 1073 727 573 1306 535 1267 1168 546 488 278 554 693 668 686 1395 594 671 707 549 508 740 631 575 620 965 973 0 550 917 674 889 663 1041 464 42 554 569 419 517 602 560 667 537 578 770 1042 1067 45 383 502 782 875 659 914 833 936 1191 694 333 509 977 1067 581 598 650 724 622 954 693 910 807 549
714 708 863 1374 828 1108 1290 192 1111 1178 758 1457 776 649 790 507 141 979 731 675 1436 754 745 850 96 993 1108 345 700 728 1039 470 550 0 907 827 1054 1070 1233 688 592 640 145 843 704 692 10 745 677 603 499 1148 1457 584 487 1047 408 595 572 578 967 1238 1080 753 217 384 1153 634 743 716 821 1213 729 715 771 871 1117 1085
311 199 51 740 210 313 516 896 1093 411 435 618 707 371 533 1138 1039 490 249 247 529 352 249 274 813 868 669 576 348 305 173 879 917 907 0 300 308 729 444 478 940 362 769 715 420 315 911 253 385 350 475 283 911 899 547 1096 619 455 335 542 238 611 299 224 861 533 372 751 362 327 330 984 303 380 231 53 570 1069
115 278 259 580 458 613 462 881 792 710 145 636 900 178 235 927 938 224 133 229 721 82 117 33 746 567 409 567 128 102 293 957 674 827 300 0 233 447 408 210 688 188 715 415 157 139 834 112 157 236 550 369 713 647 363 795 676 589 332 675 161 439 600 132 713 452 331 895 96 111 29 697 102 572 105 323 345 768
340 418 302 431 518 557 240 1093 895 648 355 404 1010 409 410 1151 1169 257 327 406 529 314 312 206 969 672 401 771 360 327 169 1135 889 1054 308 233 0 484 178 430 899 416 935 562 385 363 1061 311 390 453 720 171 603 858 596 918 858 730 520 820 92 303 555 310 947 673 98 1038 328 341 248 735 326 677 287 358 282 875
517 720 697 403 905 1025 533 1185 424 1120 379 720 1336 530 298 938 1137 240 567 659 990 445 554 463 1015 225 105 919 496 510 646 1331 663 1070 729 447 484 0 539 416 649 549 1003 245 435 536 1079 548 487 615 955 650 405 618 601 467 1058 1015 738 1096 505 330 1017 575 885 771 518 1311 446 501 422 255 512 1015 550 762 230 409
519 586 453 333 653 622 72 1271 964 700 516 229 1151 586 553 1310 1346 361 506 581 456 488 491 383 1148 754 438 948 536 505 273 1304 1041 1233 444 408 178 539 0 594 1046 594 1114 678 554 541 1239 489 564 631 889 186 525 1007 770 1002 1029 890 696 979 269 251 628 487 1121 852 81 1193 501 518 420 766 504 824 465 497 309 948
169 371 429 686 584 789 637 779 657 886 78 824 945 136 117 720 780 291 234 296 931 132 231 243 620 448 430 502 132 173 502 915 464 688 478 210 430 416 594 0 478 154 600 272 57 173 696 226 101 216 548 578 775 437 201 642 643 620 341 695 369 552 772 257 539 356 523 904 119 152 186 628 176 645 247 485 429 631
631 787 888 1039 994 1239 1076 770 537 1333 547 1271 1207 569 493 289 592 694 690 713 1410 610 692 722 592 483 730 672 595 639 981 1016 42 592 940 688 899 649 1046 478 0 578 612 408 534 624 602 688 557 605 808 1054 1051 41 413 464 823 912 691 953 847 932 1218 716 375 546 985 1108 597 617 664 696 642 989 714 935 803 513
75 222 310 757 436 662 649 696 812 757 170 820 794 19 261 781 752 373 116 145 861 122 122 210 558 602 542 390 63 89 433 794 554 640 362 188 416 549 594 154 578 0 527 426 114 55 646 120 61 66 405 529 873 538 193 795 515 470 191 548 333 616 642 142 536 265 515 762 114 76 185 775 90 491 148 357 509 785
599 570 727 1278 682 962 1174 182 1099 1032 664 1334 658 539 711 594 286 885 608 543 1296 647 623 734 50 955 1029 200 590 613 907 404 569 145 769 715 935 1003 1114 600 612 527 0 793 606 576 147 624 572 482 354 1018 1376 595 403 1043 274 452 436 442 846 1139 935 628 256 263 1033 527 637 603 712 1171 613 571 649 731 1024 1072
429 639 670 631 848 1028 694 975 387 1126 284 890 1214 408 182 696 901 317 492 565 1092 369 484 445 798 178 322 741 395 428 689 1151 419 843 715 415 562 245 678 272 408 426 793 0 318 439 853 479 370 487 811 732 651 375 406 381 892 890 612 960 541 529 1014 510 649 589 630 1164 362 410 386 379 431 917 493 732 403 361
113 320 371 672 531 732 601 782 705 829 59 784 909 95 146 769 804 278 178 247 877 76 174 190 630 491 435 491 77 116 447 900 517 704 420 157 385 435 554 57 534 114 606 318 0 120 712 168 54 180 519 526 774 492 220 694 624 585 306 663 318 534 715 200 569 352 480 876 63 95 137 660 119 602 189 428 417 679
24 199 264 717 410 621 598 741 826 717 162 766 799 57 263 834 806 343 66 127 806 92 69 158 608 610 519 428 43 37 378 824 602 692 315 139 363 536 541 173 624 55 576 439 120 0 698 66 73 96 425 473 842 583 248 814 543 478 205 560 278 576 603 91 591 312 461 778 89 36 142 772 37 485 94 315 475 800
721 711 867 1382 829 1109 1296 183 1121 1179 766 1463 772 656 798 515 141 987 737 679 1439 761 750 856 98 1003 1117 347 707 735 1044 462 560 10 911 834 1061 1079 1239 696 602 646 147 853 712 698 0 751 684 609 499 1153 1466 595 495 1057 406 594 576 576 973 1246 1082 758 227 389 1159 629 750 722 828 1223 735 715 777 874 1126 1095
57 172 203 690 370 563 550 783 865 660 194 711 791 123 297 901 864 335 20 117 740 110 5 117 659 644 518 464 94 52 312 847 667 745 253 112 311 548 489 226 688 120 624 479 168 66 751 0 131 142 437 410 826 647 313 858 566 477 221 563 222 548 546 31 654 362 409 783 117 73 128 792 49 466 28 259 458 839
74 270 334 707 482 693 616 745 757 789 108 793 855 42 200 778 783 318 137 195 862 77 136 185 599 544 482 446 37 82 431 852 537 677 385 157 390 487 564 101 557 61 572 370 54 73 684 131 0 127 467 519 817 516 206 743 574 531 252 609 314 567 675 161 556 313 488 823 65 60 145 714 84 548 156 387 455 731
120 181 298 813 392 635 691 645 871 727 236 854 729 85 326 788 722 435 128 108 866 182 141 252 516 664 607 332 124 134 446 731 578 603 350 236 453 615 631 216 605 66 482 487 180 96 609 142 127 0 339 549 935 566 199 851 451 405 125 482 364 672 613 152 519 220 551 696 176 129 239 840 133 431 168 335 569 844
447 302 446 1126 340 615 957 435 1182 680 575 1086 410 424 663 890 640 767 417 322 980 517 433 554 404 989 944 163 461 457 639 415 770 499 475 550 720 955 889 548 808 405 354 811 519 425 499 437 467 339 0 753 1263 777 428 1149 143 108 219 151 627 985 587 424 550 261 808 356 513 461 562 1176 456 218 451 427 895 1154
456 457 306 517 482 437 255 1160 1065 517 507 335 980 528 574 1295 1271 428 421 474 360 451 410 336 1057 843 560 836 484 443 113 1162 1042 1148 283 369 171 650 186 578 1054 529 1018 732 526 473 1153 410 519 549 753 0 706 1013 720 1090 896 739 583 826 208 416 442 397 1065 763 145 1033 464 462 391 896 441 660 383 336 434 1045
818 982 899 193 1118 1142 468 1555 703 1223 715 572 1600 857 667 1341 1535 500 847 942 944 752 830 712 1395 588 349 1263 811 807 764 1666 1067 1457 911 713 603 405 525 775 1051 873 1376 651 774 842 1466 826 817 935 1263 706 0 1022 975 776 1386 1300 1044 1387 677 300 1144 843 1283 1127 564 1608 759 807 701 445 808 1267 815 959 368 702
590 748 847 1005 956 1199 1036 758 532 1293 506 1231 1179 528 453 320 595 655 649 674 1369 569 651 680 578 462 697 644 554 598 940 998 45 584 899 647 858 618 1007 437 41 538 595 375 492 583 595 647 516 566 777 1013 1022 0 375 463 797 880 654 923 805 896 1178 675 367 515 944 1083 556 576 622 678 600 954 672 895 766 507
264 377 496 887 581 833 820 584 758 924 272 999 839 192 308 591 583 492 308 307 1054 282 315 391 420 580 627 337 237 277 626 745 383 487 547 363 596 601 770 201 413 193 403 406 220 248 495 313 206 199 428 720 975 375 0 721 490 523 278 580 519 751 811 334 350 184 694 769 269 258 350 784 278 584 341 534 630 730
807 1013 1052 847 1225 1409 999 1214 86 1506 664 1187 1559 777 563 701 1056 661 871 938 1443 749 864 824 1032 248 572 1049 772 807 1060 1437 502 1047 1096 795 918 467 1002 642 464 795 1043 381 694 814 1057 858 743 851 1149 1090 776 463 721 0 1205 1239 970 1301 911 796 1395 890 830 901 971 1489 742 788 766 335 810 1282 873 1114 695 76
567 443 589 1256 474 742 1097 306 1247 798 682 1229 392 533 760 857 547 886 545 455 1119 633 562 683 323 1068 1057 156 575 579 783 281 782 408 619 676 858 1058 1029 643 823 515 274 892 624 543 406 566 574 451 143 896 1386 797 490 1205 0 201 344 169 765 1114 713 556 513 306 948 286 628 579 685 1266 578 325 582 570 1018 1219
498 318 437 1151 282 541 961 508 1268 596 638 1074 324 489 731 998 736 812 456 360 929 570 472 587 503 1068 994 270 519 507 627 427 875 595 455 589 730 1015 890 620 912 470 452 890 585 478 594 477 531 405 108 739 1300 880 523 1239 201 0 279 89 641 1012 512 457 658 365 812 309 568 514 606 1246 505 123 485 403 933 1240
227 136 291 911 308 576 761 577 994 662 359 907 604 210 452 840 704 547 201 114 864 297 218 339 478 790 724 253 243 238 472 625 659 572 335 332 520 738 696 341 691 191 436 612 306 205 576 221 252 125 219 583 1044 654 278 970 344 279 0 357 428 770 551 212 536 201 614 573 294 241 343 966 236 312 238 303 676 967
581 406 526 1240 361 603 1050 465 1333 649 717 1161 258 567 808 1014 717 898 542 446 1004 652 558 674 492 1139 1078 286 600 590 715 346 914 578 542 675 820 1096 979 695 953 548 442 960 663 560 576 563 609 482 151 826 1387 923 580 1301 169 89 357 0 730 1101 575 544 670 409 902 220 650 596 691 1322 588 185 572 490 1020 1306
257 326 222 513 441 519 333 1001 896 614 299 489 927 328 373 1088 1084 266 237 313 564 243 223 129 881 670 436 679 281 244 148 1043 833 967 238 161 92 505 269 369 847 333 846 541 318 278 973 222 314 364 627 208 677 805 519 911 765 641 428 730 0 379 512 218 868 584 187 949 257 261 183 760 243 593 197 283 331 874
551 694 601 141 819 848 218 1312 746 933 479 392 1306 602 467 1214 1332 261 569 662 704 493 552 431 1165 555 225 1004 552 538 466 1396 936 1238 611 439 303 330 251 552 932 616 1139 529 534 576 1246 548 567 672 985 416 300 896 751 796 1114 1012 770 1101 379 0 849 561 1088 880 272 1321 503 543 433 527 539 972 533 660 129 734
602 433 345 958 253 28 695 1018 1392 114 733 720 626 654 832 1391 1220 777 538 505 452 649 541 572 984 1166 948 735 640 598 385 916 1191 1080 299 600 555 1017 628 772 1218 642 935 1014 715 603 1082 546 675 613 587 442 1144 1178 811 1395 713 512 551 575 512 849 0 515 1083 747 580 729 659 619 629 1272 596 392 526 287 836 1368
87 146 173 701 339 533 550 783 896 629 226 705 768 148 328 924 874 357 26 101 719 141 26 130 665 675 541 461 125 83 295 836 694 753 224 132 310 575 487 257 716 142 628 510 200 91 758 31 161 152 424 397 843 675 334 890 556 457 212 544 218 561 515 0 670 368 406 765 148 104 152 820 81 441 27 228 475 870
610 667 812 1219 833 1109 1170 396 895 1191 616 1350 905 539 625 344 252 827 644 614 1385 633 655 741 225 788 935 388 587 624 965 656 333 217 861 713 947 885 1121 539 375 536 256 649 569 591 227 654 556 519 550 1065 1283 367 350 830 513 658 536 670 868 1088 1083 670 0 336 1044 782 619 606 701 1009 625 764 682 835 962 869
336 335 486 1020 498 773 911 432 941 856 411 1073 667 278 473 653 509 630 347 292 1062 386 361 471 296 764 785 152 328 350 656 563 509 384 533 452 673 771 852 356 546 265 263 589 352 312 389 362 313 220 261 763 1127 515 184 901 306 365 201 409 584 880 747 368 336 0 771 588 376 340 450 966 350 450 388 503 768 913
439 506 377 379 582 577 148 1189 939 661 446 305 1080 508 492 1242 1267 314 425 500 473 412 410 305 1068 722 423 866 458 425 206 1224 977 1153 372 331 98 518 81 523 985 515 1033 630 480 461 1159 409 488 551 808 145 564 944 694 971 948 812 614 902 187 272 580 406 1044 771 0 1117 425 440 344 758 425 750 384 424 294 921
799 627 740 1460 554 756 1265 468 1528 779 932 1366 160 781 1019 1122 757 1117 762 666 1177 870 778 895 569 1342 1297 442 816 809 925 226 1067 634 751 895 1038 1311 1193 904 1108 762 527 1164 876 778 629 783 823 696 356 1033 1608 1083 769 1489 286 309 573 220 949 1321 729 765 782 588 1117 0 867 814 911 1532 807 374 792 698 1241 1500
71 282 314 643 486 675 551 808 748 772 78 730 889 99 181 830 848 259 131 214 814 13 122 128 665 528 431 505 52 67 384 907 581 743 362 96 328 446 501 119 597 114 637 362 63 89 750 117 65 176 513 464 759 556 269 742 628 568 294 650 257 503 659 148 619 376 425 867 0 54 81 683 70 572 132 373 395 722
18 229 277 684 437 637 574 771 798 734 130 745 835 67 232 837 827 307 83 160 803 56 78 135 634 580 483 461 22 22 372 859 598 716 327 111 341 501 518 152 617 76 603 410 95 36 722 73 60 129 461 462 807 576 258 788 579 514 241 596 261 543 619 104 606 340 440 814 54 0 110 737 24 518 96 332 440 772
118 299 288 574 485 643 470 881 763 740 117 649 920 173 205 906 929 206 149 245 746 67 134 60 742 538 389 571 122 106 320 966 650 821 330 29 248 422 420 186 664 185 712 386 137 142 828 128 145 239 562 391 701 622 350 766 685 606 343 691 183 433 629 152 701 450 344 911 81 110 0 670 107 594 127 352 333 739
755 963 950 542 1156 1280 745 1352 258 1375 609 915 1569 756 514 974 1257 495 810 898 1223 685 798 715 1174 221 335 1118 729 750 899 1529 724 1213 984 697 735 255 766 628 696 775 1171 379 660 772 1223 792 714 840 1176 896 445 678 784 335 1266 1246 966 1322 760 527 1272 820 1009 966 758 1532 683 737 670 0 752 1256 797 1016 463 259
14 212 253 681 417 613 561 778 818 710 148 730 824 86 251 860 842 310 61 147 780 67 55 121 645 598 489 465 46 2 349 859 622 729 303 102 326 512 504 176 642 90 613 431 119 37 735 49 84 133 456 441 808 600 278 810 578 505 236 588 243 539 596 81 625 350 425 807 70 24 107 752 0 504 72 309 440 792
500 295 375 1107 181 420 896 632 1303 473 648 992 333 509 747 1098 857 796 447 358 819 571 461 564 622 1093 981 381 528 506 554 531 954 715 380 572 677 1015 824 645 989 491 571 917 602 485 715 466 548 431 218 660 1267 954 584 1282 325 123 312 185 593 972 392 441 764 450 750 374 572 518 594 1256 504 0 467 327 906 1276
82 172 182 674 360 543 527 806 877 640 208 685 795 150 310 928 891 330 40 128 712 124 27 103 684 655 514 485 118 74 284 863 693 771 231 105 287 550 465 247 714 148 649 493 189 94 777 28 156 168 451 383 815 672 341 873 582 485 238 572 197 533 526 27 682 388 384 792 132 96 127 797 72 467 0 240 448 852
315 168 65 789 159 305 569 852 1115 401 449 670 655 368 550 1123 1005 526 250 227 565 365 254 301 776 891 707 535 353 311 227 828 910 871 53 323 358 762 497 485 935 357 731 732 428 315 874 259 387 335 427 336 959 895 534 1114 570 403 303 490 283 660 287 228 835 503 424 698 373 332 352 1016 309 327 240 0 612 1090
451 617 549 257 768 839 305 1200 655 930 360 496 1239 493 338 1084 1208 139 479 575 762 387 463 346 1047 448 129 900 446 439 451 1299 807 1117 570 345 282 230 309 429 803 509 1024 403 417 475 1126 458 455 569 895 434 368 766 630 695 1018 933 676 1020 331 129 836 475 962 768 294 1241 395 440 333 463 440 906 448 612 0 639
790 1000 1027 778 1209 1380 942 1246 27 1478 644 1126 1563 767 541 764 1102 617 853 926 1394 729 845 795 1064 204 513 1064 756 789 1022 1459 549 1085 1069 768 875 409 948 631 513 785 1072 361 679 800 1095 839 731 844 1154 1045 702 507 730 76 1219 1240 967 1306 874 734 1368 870 869 913 921 1500 722 772 739 259 792 1276 852 1090 639 0
