0 238 1256 963 362 1403 1180 1711 684 1488 89 320 792 851 1436 382 1518
238 0 1320 1155 588 1533 955 1473 715 1726 324 199 731 665 1344 254 1586
1256 1320 0 793 1388 2504 2079 2358 607 1728 1272 1140 2036 1208 878 1112 2722
963 1155 793 0 871 1851 2098 2550 761 945 920 1070 1711 1450 1531 1088 2149
362 588 1388 871 0 1133 1474 2039 905 1173 274 677 868 1210 1733 736 1336
1403 1533 2504 1851 1133 0 2018 2637 2037 1512 1338 1703 1116 2194 2839 1766 445
1180 955 2079 2098 1474 2018 0 619 1506 2648 1254 1033 902 914 1689 1028 1848
1711 1473 2358 2550 2039 2637 619 0 1861 3199 1794 1491 1521 1157 1748 1464 2448
684 715 607 761 905 2037 1506 1861 0 1639 720 533 1440 715 864 507 2195
1488 1726 1728 945 1173 1512 2648 3199 1639 0 1405 1743 1965 2235 2465 1787 1931
89 324 1272 920 274 1338 1254 1794 720 1405 0 404 805 937 1501 465 1475
320 199 1140 1070 677 1703 1033 1491 533 1743 404 0 929 533 1152 63 1778
792 731 2036 1711 868 1116 902 1521 1440 1965 805 929 0 1261 2035 977 989
851 665 1208 1450 1210 2194 914 1157 715 2235 937 533 1261 0 811 474 2210
1436 1344 878 1531 1733 2839 1689 1748 864 2465 1501 1152 2035 811 0 1092 2930
382 254 1112 1088 736 1766 1028 1464 507 1787 465 63 977 474 1092 0 1838
1518 1586 2722 2149 1336 445 1848 2448 2195 1931 1475 1778 989 2210 2930 1838 0
