0 851 339 108 1258 666 169 1599 1549 757 389 667 976 337 1362 958
851 0 1167 959 1348 390 1011 2384 1754 1565 1240 186 318 818 1934 701
339 1167 0 250 1231 916 255 1424 1442 417 200 981 1243 620 1377 1118
108 959 250 0 1293 767 73 1502 1561 665 281 775 1081 378 1305 1041
1258 1348 1231 1293 0 979 1360 2607 414 1308 1431 1261 1116 1559 2592 670
666 390 916 767 979 0 835 2266 1376 1275 1040 282 328 794 1952 390
169 1011 255 73 1360 835 0 1431 1620 656 231 828 1145 367 1234 1115
1599 2384 1424 1502 2607 2266 1431 0 2715 1317 1248 2218 2567 1570 844 2531
1549 1754 1442 1561 414 1376 1620 2715 0 1399 1640 1655 1530 1873 2819 1084
757 1565 417 665 1308 1275 656 1317 1399 0 475 1380 1602 1021 1519 1395
389 1240 200 281 1431 1040 231 1248 1640 475 0 1056 1358 565 1178 1283
667 186 981 775 1261 282 828 2218 1655 1380 1056 0 386 664 1806 656
976 318 1243 1081 1116 328 1145 2567 1530 1602 1358 386 0 1040 2191 445
337 818 620 378 1559 794 367 1570 1873 1021 565 664 1040 0 1159 1156
1362 1934 1377 1305 2592 1952 1234 844 2819 1519 1178 1806 2191 1159 0 2301
958 701 1118 1041 670 390 1115 2531 1084 1395 1283 656 445 1156 2301 0
