0 668 1500 556 62 1141 1207 1641 1730 894 358 804 1509 1627 791 1306
668 0 1889 193 662 755 610 1369 1092 1200 603 1087 1716 2090 1008 1402
1500 1889 0 1696 1559 2581 2044 1602 2922 690 1310 803 509 300 892 795
556 193 1696 0 566 933 652 1266 1268 1007 419 894 1529 1899 816 1222
62 662 1559 566 0 1096 1219 1687 1707 957 410 866 1571 1683 852 1366
1141 755 2581 933 1096 0 1135 2066 861 1907 1272 1797 2459 2747 1732 2155
1207 610 2044 652 1219 1135 0 980 951 1385 989 1283 1725 2299 1178 1362
1641 1369 1602 1266 1687 2066 980 0 1894 1185 1289 1149 1126 1902 1061 810
1730 1092 2922 1268 1707 861 951 1894 0 2236 1688 2125 2655 3150 2031 2299
894 1200 690 1007 957 1907 1385 1185 2236 0 638 112 617 918 207 503
358 603 1310 419 410 1272 989 1289 1688 638 0 530 1222 1493 483 977
804 1087 803 894 866 1797 1283 1149 2125 112 530 0 705 1026 108 538
1509 1716 509 1529 1571 2459 1725 1126 2655 617 1222 705 0 806 739 366
1627 2090 300 1899 1683 2747 2299 1902 3150 918 1493 1026 806 0 1126 1092
791 1008 892 816 852 1732 1178 1061 2031 207 483 108 739 1126 0 518
1306 1402 795 1222 1366 2155 1362 810 2299 503 977 538 366 1092 518 0
