0 1288 598 969 224 1598 957 732 646 1116 789 197 820 354 143 1690
1288 0 1261 1956 1351 404 1561 1798 1313 822 1961 1485 1624 940 1175 663
598 1261 0 1557 412 1436 1535 1315 1207 1458 1327 678 1415 549 662 1417
969 1956 1557 0 1148 2340 541 243 648 1348 365 891 358 1223 962 2511
224 1351 412 1148 0 1618 1180 905 871 1297 916 265 1034 426 345 1670
1598 404 1436 2340 1618 0 1963 2170 1705 1219 2319 1792 2017 1244 1504 307
957 1561 1535 541 1180 1963 0 571 334 849 801 990 225 1056 872 2178
732 1798 1315 243 905 2170 571 0 539 1270 232 647 345 1007 738 2323
646 1313 1207 648 871 1705 334 539 0 732 755 716 312 722 546 1896
1116 822 1458 1348 1297 1219 849 1270 732 0 1486 1275 990 920 972 1484
789 1961 1327 365 916 2319 801 232 755 1486 0 651 577 1110 835 2450
197 1485 678 891 265 1792 990 647 716 1275 651 0 817 549 324 1875
820 1624 1415 358 1034 2017 225 345 312 990 577 817 0 987 762 2207
354 940 549 1223 426 1244 1056 1007 722 920 1110 549 987 0 274 1344
143 1175 662 962 345 1504 872 738 546 972 835 324 762 274 0 1616
1690 663 1417 2511 1670 307 2178 2323 1896 1484 2450 1875 2207 1344 1616 0
