0 629 527 519 620 648 43 436 17 206 684 470 446 684 274 595 222 792 449 128 130 5 104 217 432 135 58 610 3 525 378 578 33 177 587 357 663 156 19 554 237 216 368 469 116 15 110 50 557 416 49 145 256 86 150 84 791 678 155 797 775 762 113 235 630 400 171 602 50 513 804 603 151 673 282 398 861 634
629 0 168 528 750 359 651 1043 624 612 853 386 1017 739 811 187 831 896 417 756 584 625 581 431 246 520 594 1158 632 956 996 1194 662 782 1215 834 110 570 613 904 659 772 484 341 590 622 716 644 625 939 606 514 875 581 749 554 164 715 521 405 1329 144 738 860 479 938 533 914 680 1006 1433 1003 707 1104 848 986 1101 73
527 168 0 578 794 229 557 959 518 563 685 433 950 576 749 304 708 956 455 656 515 522 459 365 262 444 483 1009 530 795 905 1105 561 659 1099 683 142 508 509 738 512 702 490 172 465 517 598 553 673 790 515 394 756 498 664 445 291 553 453 551 1179 308 627 746 569 792 400 746 575 850 1327 839 577 941 712 912 1136 227
519 528 578 0 222 804 501 744 529 336 1111 145 669 1055 493 355 727 378 124 584 391 518 566 360 316 395 537 1124 521 1036 733 895 534 689 1011 870 630 364 517 1044 718 490 153 674 584 525 627 488 97 935 470 531 745 432 527 509 660 1039 369 381 1282 574 615 715 142 919 581 1082 553 1031 1167 1109 668 1188 799 670 573 472
620 750 794 222 0 1016 590 706 634 414 1272 366 609 1234 487 575 794 176 339 644 492 621 695 523 532 525 656 1184 622 1145 718 842 624 766 1002 976 852 469 625 1173 848 510 319 874 712 631 716 577 124 1021 573 677 798 541 572 638 880 1220 498 550 1329 791 692 764 313 1000 728 1218 640 1121 1115 1223 770 1290 881 630 351 694
648 359 229 804 1016 0 686 1082 634 739 545 660 1093 409 904 527 779 1181 680 769 676 643 555 543 488 604 593 1002 650 751 1018 1215 680 735 1166 683 265 676 629 666 543 851 703 179 554 634 686 686 897 793 651 503 830 646 797 565 400 384 621 764 1164 465 725 829 799 804 485 656 689 829 1407 773 645 877 753 1046 1352 431
43 651 557 501 590 686 0 402 60 176 725 465 406 727 230 605 227 760 441 106 110 47 148 227 443 139 101 622 42 554 348 548 33 187 572 386 691 137 60 589 277 173 354 507 159 59 128 13 533 436 45 184 253 79 111 121 814 721 152 796 784 780 115 228 619 418 214 639 51 535 781 633 181 700 298 360 822 652
436 1043 959 744 706 1082 402 0 448 448 993 777 111 1043 254 966 351 825 743 312 459 441 526 611 815 522 489 590 433 699 75 155 403 377 303 572 1091 475 455 789 586 276 642 903 529 449 404 406 722 535 444 580 307 464 295 520 1207 1044 521 1108 690 1163 361 288 885 506 596 849 393 621 423 777 460 793 435 76 759 1033
17 624 518 529 634 634 60 448 0 221 666 476 461 666 291 595 220 807 456 138 143 14 87 217 432 140 42 604 18 512 388 588 45 173 591 344 655 168 12 539 220 233 377 455 98 3 105 67 569 406 61 131 257 96 166 72 785 660 162 800 770 758 115 238 638 392 155 586 57 502 811 589 139 661 274 412 878 631
206 612 563 336 414 739 176 448 221 0 877 333 406 860 201 518 393 586 302 248 82 207 289 199 373 141 246 790 207 730 419 604 210 359 686 562 678 67 212 760 438 173 202 567 305 217 304 164 358 612 160 288 409 131 191 236 775 850 120 668 947 721 284 378 465 593 335 807 227 711 865 809 356 877 473 383 668 593
684 853 685 1111 1272 545 725 993 666 877 0 999 1058 150 941 968 643 1449 999 738 794 680 588 754 853 748 633 622 683 353 918 1072 696 628 926 423 788 812 671 236 448 885 966 514 572 669 631 734 1182 492 722 595 685 745 806 640 937 174 776 1223 746 985 674 707 1169 518 545 184 689 459 1167 321 564 407 558 997 1544 913
470 386 433 145 366 660 465 777 476 333 999 0 720 931 523 225 691 523 36 563 358 468 492 272 172 335 473 1080 473 960 752 932 493 648 1017 800 486 332 464 954 635 505 136 538 509 472 581 453 242 878 425 445 718 387 520 438 527 913 315 336 1246 447 579 692 173 866 491 987 513 969 1197 1029 609 1115 750 708 716 335
446 1017 950 669 609 1093 406 111 461 406 1058 720 0 1095 205 922 416 719 685 337 436 451 546 589 779 506 504 696 444 784 165 233 416 431 414 645 1075 447 465 866 631 247 584 914 553 461 442 407 637 622 442 591 380 453 295 528 1180 1093 499 1043 801 1128 397 354 812 593 616 925 411 713 506 864 505 888 509 62 647 1000
684 739 576 1055 1234 409 727 1043 666 860 150 931 1095 0 954 872 692 1410 937 762 778 680 581 710 774 722 628 742 684 469 969 1138 703 667 1015 495 664 792 669 354 464 897 918 412 568 668 654 734 1133 584 715 571 739 732 821 625 808 25 748 1125 878 864 699 755 1097 607 525 315 700 571 1261 452 590 546 620 1036 1528 803
274 811 749 493 487 904 230 254 291 201 941 523 205 954 0 718 341 632 489 206 234 278 379 386 574 305 332 708 272 720 241 409 251 331 523 560 871 242 291 779 495 57 388 726 389 289 311 226 480 573 256 410 329 258 134 348 975 949 296 854 845 923 269 295 633 548 444 834 254 673 676 802 377 849 437 184 635 794
595 187 304 355 575 527 605 966 595 518 968 225 922 872 718 0 814 713 261 710 514 592 578 378 162 466 576 1178 598 1011 930 1121 625 766 1176 868 297 494 582 979 691 689 348 459 591 592 697 595 451 963 559 515 851 527 685 536 305 850 456 254 1349 222 709 830 293 957 549 999 644 1043 1376 1069 706 1164 852 902 927 120
222 831 708 727 794 779 227 351 220 393 643 691 416 692 341 814 0 955 668 150 338 225 250 438 651 358 239 397 219 381 277 452 198 49 392 229 850 364 232 451 246 296 581 608 243 223 117 240 752 232 266 317 51 303 223 280 988 694 376 1019 556 970 112 63 847 208 308 510 178 333 629 463 134 508 97 354 977 845
792 896 956 378 176 1181 760 825 807 586 1449 523 719 1410 632 713 955 0 501 805 665 794 870 700 694 702 830 1338 794 1314 848 946 793 931 1127 1146 1002 643 798 1346 1022 663 494 1046 887 804 885 748 284 1185 746 854 954 715 732 814 1013 1396 674 633 1477 918 857 920 426 1163 904 1392 809 1286 1213 1394 941 1457 1045 751 250 834
449 417 455 124 339 680 441 743 456 302 999 36 685 937 489 261 668 501 0 536 332 448 478 260 193 316 456 1060 452 948 720 898 470 626 988 786 515 306 444 946 624 473 101 550 495 452 560 429 217 861 403 434 694 365 491 423 561 920 294 366 1224 483 556 666 183 848 482 981 490 953 1164 1018 591 1102 731 673 687 369
128 756 656 584 644 769 106 312 138 248 738 563 337 762 206 710 150 805 536 0 204 133 214 333 549 244 177 544 125 518 250 450 94 128 466 355 792 230 146 573 297 153 443 591 218 139 108 115 604 380 151 268 160 183 75 211 918 759 255 897 698 886 64 130 710 357 284 628 81 480 677 600 174 654 240 283 837 757
130 584 515 391 492 676 110 459 143 82 794 358 436 778 234 514 338 665 332 204 0 131 206 153 358 72 164 733 132 656 417 612 142 298 665 487 638 26 133 680 357 189 243 500 223 139 236 98 426 545 81 207 361 49 171 154 748 769 63 692 894 704 225 334 509 528 253 726 162 642 861 733 282 804 408 402 751 575
5 625 522 518 621 643 47 441 14 207 680 468 451 680 278 592 225 794 448 133 131 0 100 213 429 133 53 612 7 524 383 583 38 179 591 356 659 156 14 552 234 221 367 464 112 11 112 53 558 416 49 139 259 85 156 79 786 673 153 794 777 758 117 239 629 401 167 600 54 513 808 602 151 673 283 403 864 630
104 581 459 566 695 555 148 526 87 289 588 492 546 581 379 578 250 870 478 214 206 100 0 220 417 173 47 601 106 470 462 660 130 201 640 307 600 227 88 480 153 321 413 377 17 89 138 153 619 389 134 66 296 157 253 57 737 574 200 801 771 721 171 286 662 380 70 523 135 477 869 542 128 623 274 495 956 598
217 431 365 360 523 543 227 611 217 199 754 272 589 710 386 378 438 700 260 333 153 213 220 0 216 90 205 816 220 688 566 763 246 391 799 528 485 143 205 686 363 342 211 375 237 214 322 218 427 608 181 174 473 151 318 167 595 697 90 585 984 555 331 452 443 598 222 723 266 698 1007 758 341 842 485 556 829 426
432 246 262 316 532 488 443 815 432 373 853 172 779 774 574 162 651 694 193 549 358 429 417 216 0 305 414 1018 436 861 775 969 462 603 1016 713 331 340 420 838 537 540 241 371 431 429 534 434 411 804 398 356 689 366 528 373 405 755 298 391 1188 348 546 668 324 797 393 863 482 887 1219 923 544 1015 691 754 878 220
135 520 444 395 525 604 139 522 140 141 748 335 506 722 305 466 358 702 316 244 72 133 173 90 305 0 142 745 138 640 476 673 161 313 711 475 570 74 128 653 326 258 241 429 190 137 245 129 446 545 94 153 389 61 228 115 684 711 27 661 910 645 247 366 498 531 203 695 181 639 916 714 275 792 415 469 805 516
58 594 483 537 656 593 101 489 42 246 633 473 504 628 332 576 239 830 456 177 164 53 47 205 414 142 0 610 60 498 428 627 87 190 620 332 621 186 41 517 192 275 384 414 60 43 122 106 584 405 88 91 281 115 209 41 754 621 167 790 778 731 144 266 639 393 113 562 96 497 845 574 135 650 280 454 910 605
610 1158 1009 1124 1184 1002 622 590 604 790 622 1080 696 742 708 1178 397 1338 1060 544 733 612 601 816 1018 745 610 0 608 273 531 585 591 435 371 326 1149 760 616 389 499 675 976 866 587 608 500 635 1148 219 658 662 386 695 612 648 1300 758 766 1400 171 1302 508 419 1241 221 631 438 571 176 580 305 475 255 330 639 1328 1187
3 632 530 521 622 650 42 433 18 207 683 473 444 684 272 598 219 794 452 125 132 7 106 220 436 138 60 608 0 523 375 575 30 174 584 355 666 158 21 553 237 215 370 471 117 16 107 50 559 413 51 147 253 88 149 86 794 678 158 800 772 765 110 232 633 398 173 601 47 510 801 601 149 671 279 395 862 638
525 956 795 1036 1145 751 554 699 512 730 353 960 784 469 720 1011 381 1314 948 518 656 524 470 688 861 640 498 273 523 0 626 749 521 390 580 168 929 681 522 117 326 672 882 636 453 516 429 567 1082 164 574 515 406 608 594 527 1084 484 666 1252 418 1101 460 436 1131 193 471 172 505 105 817 81 374 154 283 721 1355 997
378 996 905 733 718 1018 348 75 388 419 918 752 165 969 241 930 277 848 720 250 417 383 462 566 775 476 428 531 375 626 0 199 344 304 284 497 1039 436 396 714 514 247 619 840 464 389 335 354 721 463 392 519 232 415 247 461 1160 970 478 1087 642 1121 294 213 872 434 532 774 332 550 445 705 389 724 360 107 803 991
578 1194 1105 895 842 1215 548 155 588 604 1072 932 233 1138 409 1121 452 946 898 450 612 583 660 763 969 673 627 585 575 749 199 0 544 488 231 649 1239 629 596 852 697 431 797 1038 661 589 529 553 868 588 591 718 401 613 445 661 1358 1142 674 1263 648 1316 489 392 1037 560 729 912 531 658 273 821 577 817 518 225 849 1187
33 662 561 534 624 680 33 403 45 210 696 493 416 703 251 625 198 793 470 94 142 38 130 246 462 161 87 591 30 521 344 544 0 156 555 352 697 169 52 557 248 193 385 501 139 45 94 46 567 403 68 177 228 105 122 117 824 698 178 822 754 795 86 205 649 385 199 607 20 501 770 600 147 666 266 366 853 667
177 782 659 689 766 735 187 377 173 359 628 648 431 667 331 766 49 931 626 128 298 179 201 391 603 313 190 435 174 390 304 488 156 0 440 229 801 325 186 449 210 281 541 563 194 177 69 200 718 254 223 268 96 261 203 231 939 667 332 974 598 920 74 95 806 234 260 506 136 355 674 472 90 526 114 370 964 796
587 1215 1099 1011 1002 1166 572 303 591 686 926 1017 414 1015 523 1176 392 1127 988 466 665 591 640 799 1016 711 620 371 584 580 284 231 555 440 0 522 1240 688 602 693 624 521 889 999 634 594 501 581 1004 434 617 705 343 649 497 661 1375 1024 720 1354 417 1349 476 354 1148 409 700 752 536 479 246 641 526 619 416 375 1059 1222
357 834 683 870 976 683 386 572 344 562 423 800 645 495 560 868 229 1146 786 355 487 356 307 528 713 475 332 326 355 168 497 649 352 229 522 0 823 512 354 222 177 509 716 540 291 348 261 398 914 110 405 359 265 441 430 363 974 503 500 1103 496 979 294 290 970 122 320 280 337 174 768 248 205 317 136 582 1192 867
663 110 142 630 852 265 691 1091 655 678 788 486 1075 664 871 297 850 1002 515 792 638 659 600 485 331 570 621 1149 666 929 1039 1239 697 801 1240 823 0 628 646 865 653 827 572 294 606 654 738 685 727 931 647 534 897 627 795 583 154 639 575 509 1319 200 766 886 589 934 542 868 712 989 1466 968 719 1071 854 1040 1202 182
156 570 508 364 469 676 137 475 168 67 812 332 447 792 242 494 364 643 306 230 26 156 227 143 340 74 186 760 158 681 436 629 169 325 688 512 628 0 158 703 379 201 216 502 243 164 263 124 401 571 107 221 387 72 192 172 734 782 55 667 921 688 252 359 482 555 269 749 188 669 881 757 307 830 435 416 735 558
19 613 509 517 625 629 60 455 12 212 671 464 465 669 291 582 232 798 444 146 133 14 88 205 420 128 41 616 21 522 396 596 52 186 602 354 646 158 0 547 227 234 365 449 100 9 117 65 559 418 52 125 269 86 169 65 774 662 150 788 782 747 127 249 626 404 153 594 66 513 821 599 150 672 286 417 873 619
554 904 738 1044 1173 666 589 789 539 760 236 954 866 354 779 979 451 1346 946 573 680 552 480 686 838 653 517 389 553 117 714 852 557 449 693 222 865 703 547 0 327 727 891 571 463 542 473 600 1099 264 600 513 485 631 647 538 1020 370 680 1227 525 1047 511 512 1127 292 464 60 544 222 932 107 410 211 357 803 1407 951
237 659 512 718 848 543 277 586 220 438 448 635 631 464 495 691 246 1022 624 297 357 234 153 363 537 326 192 499 237 326 514 697 248 210 624 177 653 379 227 327 0 438 564 382 136 223 190 287 772 279 279 190 297 307 360 211 802 462 353 928 670 804 235 305 807 280 145 370 242 351 867 394 126 480 210 573 1099 690
216 772 702 490 510 851 173 276 233 173 885 505 247 897 57 689 296 663 473 153 189 221 321 342 540 258 275 675 215 672 247 431 193 281 521 509 827 201 234 727 438 0 372 673 331 232 256 170 490 529 200 355 291 206 79 292 936 892 252 840 819 888 216 257 627 505 387 781 196 629 692 754 322 804 391 214 683 759
368 484 490 153 319 703 354 642 377 202 966 136 584 918 388 348 581 494 101 443 243 367 413 211 241 241 384 976 370 882 619 797 385 541 889 716 572 216 365 891 564 372 0 555 430 373 477 341 216 783 319 379 603 281 393 355 637 903 216 468 1138 567 469 574 266 768 430 930 404 879 1063 956 515 1034 649 572 648 446
469 341 172 674 874 179 507 903 455 567 514 538 914 412 726 459 608 1046 550 591 500 464 377 375 371 429 414 866 471 636 840 1038 501 563 999 540 294 502 449 571 382 673 555 0 377 455 511 506 761 650 472 324 659 468 618 385 449 390 447 713 1033 479 548 656 695 657 308 576 510 700 1237 674 474 777 592 867 1199 398
116 590 465 584 712 554 159 529 98 305 572 509 553 568 389 591 243 887 495 218 223 112 17 237 431 190 60 587 117 453 464 661 139 194 634 291 606 243 100 463 136 331 430 377 0 100 135 165 636 374 149 76 291 173 261 75 745 561 217 816 757 731 171 282 679 366 68 506 141 461 866 525 116 606 262 500 971 608
15 622 517 525 631 634 59 449 3 217 669 472 461 668 289 592 223 804 452 139 139 11 89 214 429 137 43 608 16 516 389 589 45 177 594 348 654 164 9 542 223 232 373 455 100 0 108 65 566 410 58 131 260 93 165 71 782 662 158 797 773 755 118 240 634 395 156 590 58 506 813 593 143 665 278 412 875 628
110 716 598 627 716 686 128 404 105 304 631 581 442 654 311 697 117 885 560 108 236 112 138 322 534 245 122 500 107 429 335 529 94 69 501 261 738 263 117 473 190 256 477 511 135 108 0 140 661 308 158 203 159 196 176 163 874 652 265 905 665 853 45 148 741 291 203 526 76 407 731 510 66 573 172 384 933 728
50 644 553 488 577 686 13 406 67 164 734 453 407 734 226 595 240 748 429 115 98 53 153 218 434 129 106 635 50 567 354 553 46 200 581 398 685 124 65 600 287 170 341 506 165 65 140 0 520 449 38 185 265 68 112 122 807 727 140 785 796 772 127 240 606 431 218 650 64 548 789 646 193 712 311 362 812 643
557 625 673 97 124 897 533 722 569 358 1182 242 637 1133 480 451 752 284 217 604 426 558 619 427 411 446 584 1148 559 1082 721 868 567 718 1004 914 727 401 559 1099 772 490 216 761 636 566 661 520 0 970 508 592 764 473 539 561 756 1118 418 448 1301 668 643 731 203 952 642 1141 585 1069 1142 1158 709 1231 832 646 476 569
416 939 790 935 1021 793 436 535 406 612 492 878 622 584 573 963 232 1185 861 380 545 416 389 608 804 545 405 219 413 164 463 588 403 254 434 110 931 571 418 264 279 529 783 650 374 410 308 449 970 0 464 448 248 502 454 440 1081 594 568 1190 390 1083 329 280 1043 28 414 324 384 100 678 242 269 276 140 559 1209 968
49 606 515 470 573 651 45 444 61 160 722 425 442 715 256 559 266 746 403 151 81 49 134 181 398 94 88 658 51 574 392 591 68 223 617 405 647 107 52 600 279 200 319 472 149 58 158 38 508 464 0 155 296 37 149 92 769 707 109 754 821 735 154 272 583 449 192 647 88 562 827 651 200 722 330 399 822 606
145 514 394 531 677 503 184 580 131 288 595 445 591 571 410 515 317 854 434 268 207 139 66 174 356 153 91 662 147 515 519 718 177 268 705 359 534 221 125 513 190 355 379 324 76 131 203 185 592 448 155 0 363 163 295 63 671 561 180 744 833 654 233 351 617 441 50 550 187 532 933 584 193 670 338 543 956 532
256 875 756 745 798 830 253 307 257 409 685 718 380 739 329 851 51 954 694 160 361 259 296 473 689 389 281 386 253 406 232 401 228 96 343 265 897 387 269 485 297 291 603 659 291 260 159 265 764 248 296 363 0 332 226 322 1033 742 405 1050 538 1012 142 34 869 221 357 545 208 346 578 487 185 523 128 318 963 886
86 581 498 432 541 646 79 464 96 131 745 387 453 732 258 527 303 715 365 183 49 85 157 151 366 61 115 695 88 608 415 613 105 261 649 441 627 72 86 631 307 206 281 468 173 93 196 68 473 502 37 163 332 0 168 106 744 723 73 718 859 707 191 307 545 486 206 677 125 599 855 685 236 758 368 413 799 577
150 749 664 527 572 797 111 295 166 191 806 520 295 821 134 685 223 732 491 75 171 156 253 318 528 228 209 612 149 594 247 445 122 203 497 430 795 192 169 647 360 79 393 618 261 165 176 112 539 454 149 295 226 168 0 232 913 817 231 856 762 873 136 193 657 432 322 701 121 555 690 676 242 729 315 249 761 744
84 554 445 509 638 565 121 520 72 236 640 438 528 625 348 536 280 814 423 211 154 79 57 167 373 115 41 648 86 527 461 661 117 231 661 363 583 172 65 538 211 292 355 385 75 71 163 122 561 440 92 63 322 106 232 0 714 617 142 752 817 690 184 306 606 430 101 580 130 531 883 600 173 680 318 481 905 564
791 164 291 660 880 400 814 1207 785 775 937 527 1180 808 975 305 988 1013 561 918 748 786 737 595 405 684 754 1300 794 1084 1160 1358 824 939 1375 974 154 734 774 1020 802 936 637 449 745 782 874 807 756 1081 769 671 1033 744 913 714 0 783 685 445 1470 101 898 1020 587 1083 684 1022 841 1141 1595 1123 860 1226 999 1151 1232 191
678 715 553 1039 1220 384 721 1044 660 850 174 913 1093 25 949 850 694 1396 920 759 769 673 574 697 755 711 621 758 678 484 970 1142 698 667 1024 503 639 782 662 370 462 892 903 390 561 662 652 727 1118 594 707 561 742 723 817 617 783 0 737 1103 896 839 697 757 1078 616 516 334 696 584 1270 471 588 566 625 1035 1517 780
155 521 453 369 498 621 152 521 162 120 776 315 499 748 296 456 376 674 294 255 63 153 200 90 298 27 167 766 158 666 478 674 178 332 720 500 575 55 150 680 353 252 216 447 217 158 265 140 418 568 109 180 405 73 231 142 685 737 0 644 930 642 264 380 475 554 230 722 198 663 921 741 299 818 436 465 779 513
797 405 551 381 550 764 796 1108 800 668 1223 336 1043 1125 854 254 1019 633 366 897 692 794 801 585 391 661 790 1400 800 1252 1087 1263 822 974 1354 1103 509 667 788 1227 928 840 468 713 816 797 905 785 448 1190 754 744 1050 718 856 752 445 1103 644 0 1569 344 909 1025 244 1182 783 1250 842 1276 1530 1314 925 1407 1070 1037 877 333
775 1329 1179 1282 1329 1164 784 690 770 947 746 1246 801 878 845 1349 556 1477 1224 698 894 777 771 984 1188 910 778 171 772 418 642 648 754 598 417 496 1319 921 782 525 670 819 1138 1033 757 773 665 796 1301 390 821 833 538 859 762 817 1470 896 930 1569 0 1474 669 569 1403 392 803 564 733 334 566 426 644 343 498 749 1446 1358
762 144 308 574 791 465 780 1163 758 721 985 447 1128 864 923 222 970 918 483 886 704 758 721 555 348 645 731 1302 765 1101 1121 1316 795 920 1349 979 200 688 747 1047 804 888 567 479 731 755 853 772 668 1083 735 654 1012 707 873 690 101 839 642 344 1474 0 873 996 491 1082 675 1055 812 1151 1562 1147 847 1248 990 1103 1142 129
113 738 627 615 692 725 115 361 115 284 674 579 397 699 269 709 112 857 556 64 225 117 171 331 546 247 144 508 110 460 294 489 86 74 476 294 766 252 127 511 235 216 469 548 171 118 45 127 643 329 154 233 142 191 136 184 898 697 264 909 669 873 0 122 734 309 239 565 66 429 700 541 110 599 189 340 897 746
235 860 746 715 764 829 228 288 238 378 707 692 354 755 295 830 63 920 666 130 334 239 286 452 668 366 266 419 232 436 213 392 205 95 354 290 886 359 249 512 305 257 574 656 282 240 148 240 731 280 272 351 34 307 193 306 1020 757 380 1025 569 996 122 0 840 254 350 571 186 379 583 518 185 556 155 291 929 869
630 479 569 142 313 799 619 885 638 465 1169 173 812 1097 633 293 847 426 183 710 509 629 662 443 324 498 639 1241 633 1131 872 1037 649 806 1148 970 589 482 626 1127 807 627 266 695 679 634 741 606 203 1043 583 617 869 545 657 606 587 1078 475 244 1403 491 734 840 0 1030 664 1160 669 1137 1309 1201 774 1285 912 812 655 413
400 938 792 919 1000 804 418 506 392 593 518 866 593 607 548 957 208 1163 848 357 528 401 380 598 797 531 393 221 398 193 434 560 385 234 409 122 934 555 404 292 280 505 768 657 366 395 291 431 952 28 449 441 221 486 432 430 1083 616 554 1182 392 1082 309 254 1030 0 410 352 367 124 654 271 257 301 120 531 1183 966
171 533 400 581 728 485 214 596 155 335 545 491 616 525 444 549 308 904 482 284 253 167 70 222 393 203 113 631 173 471 532 729 199 260 700 320 542 269 153 464 145 387 430 308 68 156 203 218 642 414 192 50 357 206 322 101 684 516 230 783 803 675 239 350 664 410 0 500 205 494 933 538 176 626 315 565 1004 556
602 914 746 1082 1218 656 639 849 586 807 184 987 925 315 834 999 510 1392 981 628 726 600 523 723 863 695 562 438 601 172 774 912 607 506 752 280 868 749 594 60 370 781 930 576 506 590 526 650 1141 324 647 550 545 677 701 580 1022 334 722 1250 564 1055 565 571 1160 352 500 0 595 277 990 138 462 232 416 862 1459 964
50 680 575 553 640 689 51 393 57 227 689 513 411 700 254 644 178 809 490 81 162 54 135 266 482 181 96 571 47 505 332 531 20 136 536 337 712 188 66 544 242 196 404 510 141 58 76 64 585 384 88 187 208 125 121 130 841 696 198 842 733 812 66 186 669 367 205 595 0 483 754 585 134 649 247 359 863 685
513 1006 850 1031 1121 829 535 621 502 711 459 969 713 571 673 1043 333 1286 953 480 642 513 477 698 887 639 497 176 510 105 550 658 501 355 479 174 989 669 513 222 351 629 879 700 461 506 407 548 1069 100 562 532 346 599 555 531 1141 584 663 1276 334 1151 429 379 1137 124 494 277 483 0 713 164 363 177 240 651 1308 1040
804 1433 1327 1167 1115 1407 781 423 811 865 1167 1197 506 1261 676 1376 629 1213 1164 677 861 808 869 1007 1219 916 845 580 801 817 445 273 770 674 246 768 1466 881 821 932 867 692 1063 1237 866 813 731 789 1142 678 827 933 578 855 690 883 1595 1270 921 1530 566 1562 700 583 1309 654 933 990 754 713 0 872 763 835 662 497 1094 1433
603 1003 839 1109 1223 773 633 777 589 809 321 1029 864 452 802 1069 463 1394 1018 600 733 602 542 758 923 714 574 305 601 81 705 821 600 472 641 248 968 757 599 107 394 754 956 674 525 593 510 646 1158 242 651 584 487 685 676 600 1123 471 741 1314 426 1147 541 518 1201 271 538 138 585 164 872 0 452 104 365 801 1437 1047
151 707 577 668 770 645 181 460 139 356 564 609 505 590 377 706 134 941 591 174 282 151 128 341 544 275 135 475 149 374 389 577 147 90 526 205 719 307 150 410 126 322 515 474 116 143 66 193 709 269 200 193 185 236 242 173 860 588 299 925 644 847 110 185 774 257 176 462 134 363 763 452 0 522 146 446 997 725
673 1104 941 1188 1290 877 700 793 661 877 407 1115 888 546 849 1164 508 1457 1102 654 804 673 623 842 1015 792 650 255 671 154 724 817 666 526 619 317 1071 830 672 211 480 804 1034 777 606 665 573 712 1231 276 722 670 523 758 729 680 1226 566 818 1407 343 1248 599 556 1285 301 626 232 649 177 835 104 522 0 413 826 1485 1147
282 848 712 799 881 753 298 435 274 473 558 750 509 620 437 852 97 1045 731 240 408 283 274 485 691 415 280 330 279 283 360 518 266 114 416 136 854 435 286 357 210 391 649 592 262 278 172 311 832 140 330 338 128 368 315 318 999 625 436 1070 498 990 189 155 912 120 315 416 247 240 662 365 146 413 0 446 1073 870
398 986 912 670 630 1046 360 76 412 383 997 708 62 1036 184 902 354 751 673 283 402 403 495 556 754 469 454 639 395 721 107 225 366 370 375 582 1040 416 417 803 573 214 572 867 500 412 384 362 646 559 399 543 318 413 249 481 1151 1035 465 1037 749 1103 340 291 812 531 565 862 359 651 497 801 446 826 446 0 696 974
861 1101 1136 573 351 1352 822 759 878 668 1544 716 647 1528 635 927 977 250 687 837 751 864 956 829 878 805 910 1328 862 1355 803 849 853 964 1059 1192 1202 735 873 1407 1099 683 648 1199 971 875 933 812 476 1209 822 956 963 799 761 905 1232 1517 779 877 1446 1142 897 929 655 1183 1004 1459 863 1308 1094 1437 997 1485 1073 696 0 1046
634 73 227 472 694 431 652 1033 631 593 913 335 1000 803 794 120 845 834 369 757 575 630 598 426 220 516 605 1187 638 997 991 1187 667 796 1222 867 182 558 619 951 690 759 446 398 608 628 728 643 569 968 606 532 886 577 744 564 191 780 513 333 1358 129 746 869 413 966 556 964 685 1040 1433 1047 725 1147 870 974 1046 0
