0 100 230 1042 998 752 923 695 793 554 974 1392 1245 1150 1323 1557
100 0 209 982 1064 803 937 637 806 466 898 1490 1237 1052 1421 1577
230 209 0 1164 919 636 731 825 600 605 1054 1540 1447 1028 1473 1781
1042 982 1164 0 2040 1786 1880 346 1752 591 232 2083 654 1153 2016 1170
998 1064 919 2040 0 302 569 1693 576 1518 1961 1290 2158 1833 1249 2338
752 803 636 1786 302 0 367 1441 317 1241 1689 1394 1969 1531 1342 2204
923 937 731 1880 569 367 0 1549 131 1297 1743 1761 2168 1381 1709 2461
695 637 825 346 1693 1441 1549 0 1420 307 333 1816 748 1043 1747 1215
793 806 600 1752 576 317 131 1420 0 1171 1618 1695 2038 1299 1640 2335
554 466 605 591 1518 1241 1297 307 1171 0 450 1862 1052 790 1791 1502
974 898 1054 232 1961 1689 1743 333 1618 450 0 2149 874 921 2080 1386
1392 1490 1540 2083 1290 1394 1761 1816 1695 1862 2149 0 1790 2542 70 1660
1245 1237 1447 654 2158 1969 2168 748 2038 1052 874 1790 0 1766 1732 517
1150 1052 1028 1153 1833 1531 1381 1043 1299 790 921 2542 1766 0 2473 2255
1323 1421 1473 2016 1249 1342 1709 1747 1640 1791 2080 70 1732 2473 0 1617
1557 1577 1781 1170 2338 2204 2461 1215 2335 1502 1386 1660 517 2255 1617 0
