0 543 258 1090 888 1044 112 1080 1364 1111 453 1065 895 1336 404 1564 449
543 0 715 1622 928 1557 584 624 1441 1389 867 1108 418 1878 682 1423 765
258 715 0 919 1136 842 343 1303 1163 861 195 891 988 1199 227 1821 662
1090 1622 919 0 1696 178 1092 2162 1571 1041 833 1466 1904 319 1058 2407 1206
888 928 1136 1696 0 1730 792 891 2231 1997 1328 1913 1318 1819 1286 717 511
1044 1557 842 178 1730 0 1064 2124 1397 864 725 1305 1809 486 950 2446 1226
112 584 343 1092 792 1064 0 1070 1474 1205 537 1177 963 1319 512 1481 337
1080 624 1303 2162 891 2124 1070 0 2020 2011 1474 1689 738 2383 1303 1033 1068
1364 1441 1163 1571 2231 1397 1474 2020 0 538 1018 333 1326 1882 961 2842 1810
1111 1389 861 1041 1997 864 1205 2011 538 0 672 552 1434 1348 738 2673 1517
453 867 195 833 1328 725 537 1474 1018 672 0 779 1084 1135 225 2016 845
1065 1108 891 1466 1913 1305 1177 1689 333 552 779 0 1009 1785 672 2512 1514
895 418 988 1904 1318 1809 963 738 1326 1434 1084 1009 0 2187 862 1715 1180
1336 1878 1199 319 1819 486 1319 2383 1882 1348 1135 1785 2187 0 1358 2510 1366
404 682 227 1058 1286 950 512 1303 961 738 225 672 862 1358 0 1940 849
1564 1423 1821 2407 717 2446 1481 1033 2842 2673 2016 2512 1715 2510 1940 0 1226
449 765 662 1206 511 1226 337 1068 1810 1517 845 1514 1180 1366 849 1226 0
