0 515 1497 9 145 1216 1270 1286 481 238 1120 1499 1496 1300 1458 785
515 0 1936 512 388 1697 1015 976 914 418 1512 1247 1527 1598 1663 1003
1497 1936 0 1505 1640 389 2749 2142 1028 1727 465 2970 2743 2143 2450 1089
9 512 1505 0 138 1223 1261 1290 490 229 1130 1489 1486 1292 1450 794
145 388 1640 138 0 1362 1139 1239 618 130 1255 1370 1425 1312 1438 874
1216 1697 389 1223 1362 0 2429 2073 791 1431 486 2642 2369 1754 2063 1015
1270 1015 2749 1261 1139 2429 0 1853 1751 1031 2390 234 834 1417 1265 1983
1286 976 2142 1290 1239 2073 1853 0 1371 1333 1680 2058 2489 2546 2636 1064
481 914 1028 490 618 791 1751 1371 0 719 639 1979 1905 1536 1765 470
238 418 1727 229 130 1431 1031 1333 719 0 1359 1260 1296 1212 1322 1002
1120 1512 465 1130 1255 486 2390 1680 639 1359 0 2619 2498 2008 2284 623
1499 1247 2970 1489 1370 2642 234 2058 1979 1260 2619 0 821 1510 1312 2217
1496 1527 2743 1486 1425 2369 834 2489 1905 1296 2498 821 0 816 535 2280
1300 1598 2143 1292 1312 1754 1417 2546 1536 1212 2008 1510 816 0 332 1991
1458 1663 2450 1450 1438 2063 1265 2636 1765 1322 2284 1312 535 332 0 2201
785 1003 1089 794 874 1015 1983 1064 470 1002 623 2217 2280 1991 2201 0
