0 1218 1498 664 1522 492 1572 1255 1017 1385 1056 1254 311 513 914 966 990
1218 0 1813 1814 838 726 360 2264 1230 2365 1244 2471 953 1437 1064 2076 2167
1498 1813 0 1352 1270 1523 1977 2623 603 2762 2465 2141 1346 1039 2282 1323 1560
664 1814 1352 0 1893 1112 2148 1313 1129 1451 1652 830 862 451 1541 307 355
1522 838 1270 1893 0 1145 813 2756 863 2879 1986 2692 1212 1443 1791 2065 2234
492 726 1523 1112 1145 0 1081 1627 936 1744 963 1745 261 798 770 1394 1458
1572 360 1977 2148 813 1081 0 2619 1436 2717 1544 2827 1296 1751 1379 2398 2503
1255 2264 2623 1313 2756 1627 2619 0 2243 139 1281 913 1551 1592 1344 1501 1304
1017 1230 603 1129 863 936 1436 2243 0 2379 1894 1958 797 695 1705 1241 1438
1385 2365 2762 1451 2879 1744 2717 139 2379 0 1334 1013 1678 1730 1414 1634 1432
1056 1244 2465 1652 1986 963 1544 1281 1894 1334 0 1890 1119 1565 198 1957 1902
1254 2471 2141 830 2692 1745 2827 913 1958 1013 1890 0 1546 1270 1862 827 586
311 953 1346 862 1212 261 1296 1551 797 1678 1119 1546 0 537 942 1137 1214
513 1437 1039 451 1443 798 1751 1592 695 1730 1565 1270 537 0 1412 650 793
914 1064 2282 1541 1791 770 1379 1344 1705 1414 198 1862 942 1412 0 1848 1815
966 2076 1323 307 2065 1394 2398 1501 1241 1634 1957 827 1137 650 1848 0 241
990 2167 1560 355 2234 1458 2503 1304 1438 1432 1902 586 1214 793 1815 241 0
