0 448 1216 23 1133 1225 187 67 1649 222 535 1082 1015 1285 1673 765 995
448 0 942 467 1581 940 303 417 2059 572 94 1411 1235 1613 1372 1011 993
1216 942 0 1221 2209 35 1180 1232 2354 1156 871 1572 2167 1723 459 1151 666
23 467 1221 0 1115 1230 210 89 1626 202 554 1060 1021 1262 1679 746 987
1133 1581 2209 1115 0 2228 1291 1166 887 1081 1669 1007 1196 1089 2658 1174 1712
1225 940 35 1230 2228 0 1183 1239 2384 1171 866 1602 2168 1755 448 1179 699
187 303 1180 210 1291 1183 0 131 1837 389 397 1261 992 1464 1628 919 1068
67 417 1232 89 1166 1239 131 0 1707 288 508 1149 973 1352 1687 832 1044
1649 2059 2354 1626 887 2384 1837 1707 0 1487 2126 785 2054 674 2743 1208 1714
222 572 1156 202 1081 1171 389 288 1487 0 642 872 1190 1076 1614 544 826
535 94 871 554 1669 866 397 508 2126 642 0 1460 1320 1660 1291 1048 979
1082 1411 1572 1060 1007 1602 1261 1149 785 872 1460 0 1830 203 1958 442 929
1015 1235 2167 1021 1196 2168 992 973 2054 1190 1320 1830 0 2001 2606 1680 2008
1285 1613 1723 1262 1089 1755 1464 1352 674 1076 1660 203 2001 0 2088 628 1064
1673 1372 459 1679 2658 448 1628 1687 2743 1614 1291 1958 2606 2088 0 1561 1029
765 1011 1151 746 1174 1179 919 832 1208 544 1048 442 1680 628 1561 0 551
995 993 666 987 1712 699 1068 1044 1714 826 979 929 2008 1064 1029 551 0
