0 8 21 861 951 1642 1406 325 1140 1538 484 1213 251 1623 156 1181
8 0 28 854 959 1634 1409 332 1143 1545 479 1207 246 1624 151 1177
21 28 0 867 937 1663 1388 317 1149 1516 506 1235 272 1605 178 1201
861 854 867 0 1776 1353 1426 1185 1897 1960 910 1368 900 1537 867 1570
951 959 937 1776 0 2498 1606 645 1068 1196 1282 1900 1071 1856 1029 1681
1642 1634 1663 1353 2498 0 2753 1872 1949 3139 1217 751 1444 2884 1511 1140
1406 1409 1388 1426 1606 2753 0 1497 2424 833 1852 2554 1650 251 1555 2583
325 332 317 1185 645 1872 1497 0 935 1445 657 1340 430 1734 384 1209
1140 1143 1149 1897 1068 1949 2424 935 0 2227 1012 1209 1004 2665 1059 851
1538 1545 1516 1960 1196 3139 833 1445 2227 0 2021 2748 1781 1014 1691 2654
484 479 506 910 1282 1217 1852 657 1012 2021 0 728 242 2052 329 742
1213 1207 1235 1368 1900 751 2554 1340 1209 2748 728 0 967 2737 1058 391
251 246 272 900 1071 1444 1650 430 1004 1781 242 967 0 1860 95 933
1623 1624 1605 1537 1856 2884 251 1734 2665 1014 2052 2737 1860 0 1767 2789
156 151 178 867 1029 1511 1555 384 1059 1691 329 1058 95 1767 0 1028
1181 1177 1201 1570 1681 1140 2583 1209 851 2654 742 391 933 2789 1028 0
