0 1257 1437 1445 1709 81 1049 440 91 1070 1388 208 1128 1318 1472 1536
1257 0 2685 2245 2740 1179 1376 845 1168 2160 2074 1212 1207 1883 2709 2087
1437 2685 0 1395 1484 1518 2133 1876 1522 810 1558 1478 2103 1701 610 2171
1445 2245 1395 0 2640 1498 2493 1757 1463 639 229 1291 1157 454 1916 2890
1709 2740 1484 2640 0 1747 1525 1951 1786 2005 2718 1896 2814 2766 887 1075
81 1179 1518 1498 1747 0 1006 359 45 1143 1431 223 1113 1350 1542 1523
1049 1376 2133 2493 1525 1006 0 879 1046 2052 2436 1226 1998 2352 1854 710
440 845 1876 1757 1951 359 879 0 364 1477 1654 487 1119 1533 1864 1516
91 1168 1522 1463 1786 45 1046 364 0 1122 1392 180 1069 1307 1564 1568
1070 2160 810 639 2005 1143 2052 1477 1122 0 763 994 1350 891 1282 2347
1388 2074 1558 229 2718 1431 2436 1654 1392 763 0 1213 946 228 2043 2883
208 1212 1478 1291 1896 223 1226 487 180 994 1213 0 926 1127 1590 1740
1128 1207 2103 1157 2814 1113 1998 1119 1069 1350 946 926 0 727 2395 2611
1318 1883 1701 454 2766 1350 2352 1533 1307 891 228 1127 727 0 2145 2843
1472 2709 610 1916 887 1542 1854 1864 1564 1282 2043 1590 2395 2145 0 1716
1536 2087 2171 2890 1075 1523 710 1516 1568 2347 2883 1740 2611 2843 1716 0
