0 446 1572 629 735 1007 488 1483 36 669 333 1572 1249 964 1375 1124
446 0 1391 993 1182 1437 675 1907 479 1100 475 1143 1532 1411 1017 1369
1572 1391 0 1539 2045 2047 1197 2357 1602 1830 1253 1855 1503 2203 734 1322
629 993 1539 0 531 534 418 954 619 299 548 2131 648 664 1639 571
735 1182 2045 531 0 377 858 827 703 236 884 2295 1053 230 2038 1047
1007 1437 2047 534 377 0 949 477 981 337 1049 2577 800 273 2172 858
488 675 1197 418 858 949 0 1369 504 664 204 1771 857 1041 1222 695
1483 1907 2357 954 827 477 1369 0 1458 813 1497 3050 911 635 2579 1054
36 479 1602 619 703 981 504 1458 0 644 358 1600 1246 933 1412 1126
669 1100 1830 299 236 337 664 813 644 0 731 2239 838 377 1875 816
333 475 1253 548 884 1049 204 1497 358 731 0 1591 1057 1092 1154 898
1572 1143 1855 2131 2295 2577 1771 3050 1600 2239 1591 0 2614 2526 1130 2432
1249 1532 1503 648 1053 800 857 911 1246 838 1057 2614 0 1061 1875 197
964 1411 2203 664 230 273 1041 635 933 377 1092 2526 1061 0 2244 1097
1375 1017 734 1639 2038 2172 1222 2579 1412 1875 1154 1130 1875 2244 0 1677
1124 1369 1322 571 1047 858 695 1054 1126 816 898 2432 197 1097 1677 0
