0 191 125 245 7 214 540 733 83 436 267 62 769 692 163 463 743 206 685 18 218 129 418 39 811 595 253 488 365 616 33 10 820 247 349 71 797 755 174 463 276 409 692 646 191 828 309 588 86 698 110 697 283 9 514 524 343 585 646 701 616 163 594 180 292 225 92 395 357 259 690 803 794 83 175 318 592 795
191 0 140 350 198 385 445 922 195 455 376 167 625 767 110 644 643 145 876 187 29 136 499 222 621 777 444 640 456 635 189 193 774 437 378 126 848 655 234 653 453 587 635 836 382 1019 427 749 244 843 91 842 399 194 704 685 345 759 579 536 521 347 595 299 285 113 159 558 434 438 669 619 786 272 303 150 782 728
125 140 0 210 133 338 415 805 72 526 385 65 646 636 191 520 772 81 767 135 169 4 365 164 718 710 349 502 480 708 99 134 883 355 259 117 726 630 268 564 397 462 574 724 285 911 287 613 127 703 123 822 259 121 592 649 422 628 696 585 648 236 495 298 181 111 171 519 300 379 765 701 876 180 166 290 694 676
245 350 210 0 248 379 447 653 174 680 489 209 720 446 386 364 975 238 635 264 379 213 173 264 880 665 296 301 589 857 216 255 1065 327 155 293 553 641 419 488 409 305 531 588 247 776 77 417 162 495 318 846 49 236 461 659 589 447 887 699 849 189 384 409 177 289 334 538 114 389 936 846 1038 215 72 500 608 638
7 198 133 248 0 206 548 728 88 433 261 69 777 694 166 459 744 213 679 17 224 136 421 31 818 587 246 487 359 612 38 7 818 240 354 76 800 762 171 456 268 405 699 640 185 821 310 586 86 697 115 689 285 13 509 517 341 581 645 709 617 159 599 174 298 233 92 387 360 251 688 811 791 77 177 323 585 802
214 385 338 379 206 0 750 616 280 379 151 273 983 793 307 401 778 419 549 208 405 342 539 174 1003 393 156 502 235 528 239 206 786 115 520 260 916 963 207 297 70 365 887 518 151 682 410 569 241 705 294 486 394 217 401 311 332 534 650 912 656 195 761 127 487 438 229 181 491 60 640 1005 721 174 311 473 418 992
540 445 415 447 548 750 0 1088 470 900 797 479 280 585 554 804 1012 338 1079 551 451 412 439 579 559 1098 724 695 888 1079 512 550 1190 743 308 521 591 214 667 930 803 748 212 1031 663 1218 492 809 514 829 508 1236 477 536 907 1059 790 864 988 306 907 604 301 711 277 339 574 930 411 784 1101 489 1222 580 479 523 1053 289
733 922 805 653 728 616 1088 0 734 971 752 757 1368 728 887 289 1391 867 90 743 950 809 665 711 1521 408 488 408 802 1078 732 734 1365 511 780 805 863 1258 817 333 557 349 1112 99 543 143 597 320 680 415 843 695 614 729 220 573 945 238 1256 1353 1271 574 912 743 830 912 803 571 679 558 1214 1495 1267 650 652 1051 270 1210
83 195 72 174 88 280 470 734 0 516 349 34 711 618 212 452 801 148 695 99 225 76 343 116 790 642 278 447 448 697 49 93 892 285 266 118 718 683 254 493 334 394 612 653 213 839 245 554 55 653 145 767 218 75 520 589 419 563 713 655 675 164 511 263 211 183 162 460 280 315 767 773 873 112 113 341 622 716
436 455 526 680 433 379 900 971 516 0 228 486 1054 1125 349 780 432 581 894 418 450 526 854 415 924 646 535 873 172 182 468 426 407 494 781 409 1233 1108 262 638 420 744 1087 872 516 1011 736 948 517 1080 406 545 713 445 768 476 109 913 287 941 329 539 1021 280 707 565 357 411 793 425 263 963 358 473 608 413 732 1183
267 376 385 489 261 151 797 752 349 228 0 328 1000 924 271 551 638 459 679 252 387 387 660 234 960 469 307 649 99 381 300 256 635 266 613 275 1041 1012 143 423 195 516 959 653 293 805 534 720 331 854 294 470 515 274 544 332 195 684 504 911 520 325 858 87 559 462 224 225 604 198 489 976 573 274 417 416 530 1061
62 167 65 209 69 273 479 757 34 486 328 0 711 652 177 477 766 146 715 75 196 69 377 100 772 646 290 479 425 667 34 72 859 292 294 84 751 693 224 504 332 420 630 673 225 858 280 585 77 686 110 758 253 56 540 584 387 592 678 649 640 183 537 241 231 172 130 454 314 314 734 759 842 117 147 309 634 733
769 625 646 720 777 983 280 1368 711 1054 1000 711 0 836 733 1081 1054 565 1355 775 618 642 719 808 396 1353 982 976 1081 1221 745 777 1270 995 588 731 812 208 860 1193 1044 1024 367 1308 918 1496 770 1089 762 1104 707 1461 754 766 1182 1294 947 1144 1071 144 973 862 544 920 544 545 778 1164 691 1025 1211 301 1333 824 743 642 1319 360
692 767 636 446 694 793 585 728 618 1125 924 652 836 0 825 538 1409 626 766 710 793 638 274 709 1141 953 662 361 1021 1299 662 701 1511 705 393 736 139 658 865 767 800 515 486 723 643 871 389 410 608 334 756 1199 411 682 652 1015 1035 499 1330 892 1285 600 291 849 492 673 780 916 338 783 1382 1075 1484 653 517 912 842 554
163 110 191 386 166 307 554 887 212 349 271 177 733 825 0 624 588 234 833 149 115 191 552 177 699 699 399 650 347 530 180 159 691 382 450 96 918 765 128 595 377 571 738 795 344 972 458 751 243 859 69 741 431 171 667 592 240 748 505 639 463 325 682 202 367 216 83 469 487 365 576 708 689 243 324 167 721 834
463 644 520 364 459 401 804 289 452 780 551 477 1081 538 624 0 1171 579 275 476 674 525 398 448 1233 417 247 177 626 920 457 466 1187 285 496 535 678 983 578 237 365 59 847 227 285 414 312 182 400 327 573 681 327 457 117 507 729 132 1049 1063 1046 300 657 516 541 625 543 439 400 356 1040 1205 1114 381 363 781 305 949
743 643 772 975 744 778 1012 1391 801 432 638 766 1054 1409 588 1171 0 787 1318 726 619 770 1137 742 772 1079 924 1229 604 426 766 736 253 890 1021 683 1490 1181 594 1061 833 1126 1223 1292 888 1440 1047 1322 828 1440 657 951 1020 752 1179 907 446 1302 152 913 126 891 1228 656 926 746 651 842 1072 833 298 848 384 811 913 507 1162 1297
206 145 81 238 213 419 338 867 148 581 459 146 565 626 234 579 787 0 835 214 168 77 365 245 653 790 426 540 552 764 180 214 919 433 234 184 703 553 333 641 479 520 507 790 361 979 314 654 202 732 176 903 287 202 658 730 474 678 725 507 667 309 451 373 139 51 237 600 301 460 809 630 924 260 216 285 769 606
685 876 767 635 679 549 1079 90 695 894 679 715 1355 766 833 275 1318 835 0 693 904 772 670 660 1486 317 434 424 723 994 688 685 1283 451 772 755 904 1258 754 256 486 331 1120 48 494 143 587 356 640 471 794 604 601 682 176 484 874 267 1180 1331 1200 532 925 677 812 877 749 488 675 490 1133 1465 1182 603 623 999 180 1220
18 187 135 264 17 208 551 743 99 418 252 75 775 710 149 476 726 214 693 0 212 138 437 35 808 594 259 505 350 598 50 10 801 250 366 62 815 766 156 466 273 422 706 654 199 835 327 603 104 715 101 688 302 27 523 518 324 598 628 704 599 176 610 165 306 230 74 389 375 256 672 803 776 94 194 307 595 809
218 29 169 379 224 405 451 950 225 450 387 196 618 793 115 674 619 168 904 212 0 166 526 247 598 798 471 670 463 628 217 219 757 463 402 150 871 658 243 679 475 617 646 863 410 1046 456 779 274 872 113 855 428 222 732 702 340 788 561 524 499 376 615 313 307 129 177 576 461 460 656 600 774 300 333 121 807 737
129 136 4 213 136 342 412 809 76 526 387 69 642 638 191 525 770 77 772 138 166 0 367 168 713 715 354 506 482 709 103 138 882 359 260 118 727 627 270 569 401 466 572 729 289 916 290 617 132 707 123 826 262 125 596 653 422 632 695 581 646 241 495 301 180 106 172 523 301 383 765 696 876 185 170 287 698 673
418 499 365 173 421 539 439 665 343 854 660 377 719 274 552 398 1137 365 670 437 526 367 0 438 951 772 430 260 759 1030 388 428 1236 468 151 462 381 593 592 585 559 351 449 622 395 802 130 370 336 397 482 984 145 409 513 797 761 432 1056 732 1013 344 260 581 245 415 505 684 65 540 1109 900 1212 386 245 647 688 550
39 222 164 264 31 174 579 711 116 415 234 100 808 709 177 448 742 245 660 35 247 168 438 0 844 558 225 487 333 592 68 31 806 215 379 97 818 794 157 431 238 396 728 621 167 801 322 582 102 698 135 658 298 43 491 485 328 573 638 739 615 151 624 148 327 264 95 355 378 221 674 839 774 69 192 339 560 832
811 621 718 880 818 1003 559 1521 790 924 960 772 396 1141 699 1233 772 653 1486 808 598 713 951 844 0 1396 1061 1177 1012 1055 801 814 1018 1058 799 748 1150 596 821 1274 1073 1174 729 1442 998 1629 950 1294 845 1348 711 1426 927 812 1310 1290 835 1328 837 270 730 954 860 900 717 609 773 1169 902 1059 1000 97 1116 888 870 544 1403 747
595 777 710 665 587 393 1098 408 642 646 469 646 1353 953 699 417 1079 790 317 594 798 715 772 558 1396 0 374 593 476 711 613 589 1005 357 820 651 1092 1302 588 187 323 438 1196 324 435 391 652 582 590 723 686 289 652 596 313 181 657 500 931 1295 972 494 1030 504 821 819 622 245 749 338 856 1396 889 530 620 864 141 1302
253 444 349 296 246 156 724 488 278 535 307 290 982 662 399 247 924 426 434 259 471 354 430 225 1061 374 0 349 389 683 259 251 942 44 451 322 792 929 335 215 139 209 828 396 64 575 300 413 223 549 360 555 293 250 268 367 481 380 801 933 800 120 675 268 447 460 315 255 393 124 797 1049 877 173 246 564 344 934
488 640 502 301 487 502 695 408 447 873 649 479 976 361 650 177 1229 540 424 505 670 506 260 487 1177 593 349 0 737 1030 470 495 1278 393 391 555 500 853 639 409 486 161 704 377 357 548 227 117 407 210 588 849 253 480 292 670 804 172 1122 979 1103 340 504 594 461 590 579 585 285 473 1137 1137 1223 418 336 788 481 801
365 456 480 589 359 235 888 802 448 172 99 425 1081 1021 347 626 604 552 723 350 463 482 759 333 1012 476 389 737 0 294 398 355 566 345 713 367 1139 1102 222 468 261 596 1055 702 385 838 633 800 431 938 381 416 613 373 604 313 192 758 460 984 496 421 958 185 657 550 314 239 704 269 416 1036 488 373 517 471 559 1156
616 635 708 857 612 528 1079 1078 697 182 381 667 1221 1299 530 920 426 764 994 598 628 709 1030 592 1055 711 683 1030 294 0 648 605 293 640 962 591 1411 1285 443 747 554 891 1269 979 675 1097 910 1095 694 1233 589 535 888 625 891 530 290 1051 277 1101 367 705 1203 450 890 746 539 507 971 564 148 1104 194 646 785 578 820 1364
33 189 99 216 38 239 512 732 49 468 300 34 745 662 180 457 766 180 688 50 217 103 388 68 801 613 259 470 398 648 0 44 849 259 316 84 765 726 206 473 298 401 660 647 196 831 282 573 63 679 118 724 256 25 515 550 373 575 672 682 639 158 560 213 259 205 118 420 325 280 721 790 825 86 148 325 603 764
10 193 134 255 7 206 550 734 93 426 256 72 777 701 159 466 736 214 685 10 219 138 428 31 814 589 251 495 355 605 44 0 810 244 360 70 807 765 164 460 269 412 703 645 191 827 317 593 94 705 109 688 292 19 514 517 333 589 637 708 609 166 604 170 302 232 84 387 367 252 681 808 784 84 185 317 589 806
820 774 883 1065 818 786 1190 1365 892 407 635 859 1270 1511 691 1187 253 919 1283 801 757 882 1236 806 1018 1005 942 1278 566 293 849 810 0 901 1142 775 1609 1377 648 1032 825 1151 1396 1265 922 1389 1128 1355 905 1487 759 819 1103 829 1170 824 478 1319 202 1134 297 941 1370 684 1056 887 731 794 1173 831 150 1088 154 870 995 667 1111 1480
247 437 355 327 240 115 743 511 285 494 266 292 995 705 382 285 890 433 451 250 463 359 468 215 1058 357 44 393 345 640 259 244 901 0 480 312 834 951 306 216 95 251 856 416 80 590 338 455 233 592 350 519 328 246 293 332 446 418 765 940 767 141 709 235 468 464 298 215 429 79 755 1050 834 174 271 549 345 962
349 378 259 155 354 520 308 780 266 781 613 294 588 393 450 496 1021 234 772 366 402 260 151 379 799 820 451 391 713 962 316 360 1142 480 0 372 469 490 519 641 558 441 376 724 399 910 184 507 283 548 383 997 173 341 603 811 680 557 953 588 900 339 244 528 99 279 423 687 105 538 1024 751 1134 348 211 519 759 483
71 126 117 293 76 260 521 805 118 409 275 84 731 736 96 535 683 184 755 62 150 118 462 97 748 651 322 555 367 591 84 70 775 312 372 0 834 736 151 528 328 481 689 716 262 897 363 657 147 763 38 730 336 77 585 566 307 656 594 653 557 235 612 190 299 187 53 437 398 312 653 745 761 154 229 246 657 790
797 848 726 553 800 916 591 863 718 1233 1041 751 812 139 918 678 1490 703 904 815 871 727 381 818 1150 1092 792 500 1139 1411 765 807 1609 834 469 834 0 617 971 906 928 654 446 861 768 1006 507 548 716 459 849 1335 526 787 792 1150 1138 637 1422 889 1369 721 292 963 564 745 881 1047 440 911 1486 1075 1591 767 626 986 982 491
755 655 630 641 762 963 214 1258 683 1108 1012 693 208 658 765 983 1181 553 1258 766 658 627 593 794 596 1302 929 853 1102 1285 726 765 1377 951 490 736 617 0 881 1129 1015 929 173 1210 870 1393 673 959 725 952 721 1450 664 750 1092 1271 998 1025 1175 328 1086 810 373 926 482 552 788 1142 582 996 1298 505 1419 791 682 717 1249 151
174 234 268 419 171 207 667 817 254 262 143 224 860 865 128 578 594 333 754 156 243 270 592 157 821 588 335 639 222 443 206 164 648 306 519 151 971 881 0 505 276 532 840 722 294 889 479 727 257 849 159 613 455 183 599 469 170 708 483 768 469 298 761 83 449 328 97 350 531 268 516 834 620 222 348 278 625 940
463 653 564 488 456 297 930 333 493 638 423 504 1193 767 595 237 1061 641 256 466 679 569 585 431 1274 187 215 409 468 747 473 460 1032 216 641 528 906 1129 505 0 232 251 1015 233 279 384 468 413 438 558 566 444 470 461 154 277 618 340 924 1148 944 332 844 425 653 675 512 240 565 237 882 1264 938 386 451 763 129 1121
276 453 397 409 268 70 803 557 334 420 195 332 1044 800 377 365 833 479 486 273 475 401 559 238 1073 323 139 486 261 554 298 269 825 95 558 328 928 1015 276 232 0 338 930 459 163 616 428 541 290 681 362 439 416 278 348 256 388 496 700 977 714 220 793 194 534 502 299 129 516 19 676 1073 749 223 346 544 349 1036
409 587 462 305 405 365 748 349 394 744 516 420 1024 515 571 59 1126 520 331 422 617 466 351 396 1174 438 209 161 596 891 401 412 1151 251 441 481 654 929 532 251 338 0 798 283 238 471 257 204 343 343 518 688 270 403 163 508 687 177 1008 1004 1001 246 612 474 482 566 491 427 347 327 1006 1146 1085 328 304 726 339 900
692 635 574 531 699 887 212 1112 612 1087 959 630 367 486 738 847 1223 507 1120 706 646 572 449 728 729 1196 828 704 1055 1269 660 703 1396 856 376 689 446 173 840 1015 930 798 0 1072 775 1251 548 805 645 787 684 1370 544 686 961 1186 979 876 1196 459 1117 715 207 872 401 523 743 1060 452 910 1302 646 1420 712 585 729 1128 106
646 836 724 588 640 518 1031 99 653 872 653 673 1308 723 795 227 1292 790 48 654 863 729 622 621 1442 324 396 377 702 979 647 645 1265 416 724 716 861 1210 722 233 459 283 1072 0 454 189 539 314 598 434 755 613 553 641 132 480 847 224 1156 1285 1173 490 878 646 765 833 712 472 627 460 1115 1420 1169 563 578 961 183 1172
191 382 285 247 185 151 663 543 213 516 293 225 918 643 344 285 888 361 494 199 410 289 395 167 998 435 64 357 385 675 196 191 922 80 399 262 768 870 294 279 163 238 775 454 0 636 265 435 158 564 300 598 252 187 323 412 451 414 772 868 763 60 631 239 388 396 261 291 352 144 780 985 866 110 190 507 409 881
828 1019 911 776 821 682 1218 143 839 1011 805 858 1496 871 972 414 1440 979 143 835 1046 916 802 801 1629 391 575 548 838 1097 831 827 1389 590 910 897 1006 1393 889 384 616 471 1251 189 636 0 726 463 784 554 936 657 741 824 320 571 1000 380 1298 1474 1325 676 1052 809 954 1021 888 600 812 622 1239 1609 1279 746 767 1139 279 1349
309 427 287 77 310 410 492 597 245 736 534 280 770 389 458 312 1047 314 587 327 456 290 130 322 950 652 300 227 633 910 282 317 1128 338 184 363 507 673 479 468 428 257 548 539 265 726 0 344 223 418 390 855 27 299 418 668 650 381 954 759 920 214 378 460 237 365 400 553 97 409 996 912 1095 263 134 577 580 653
588 749 613 417 586 569 809 320 554 948 720 585 1089 410 751 182 1322 654 356 603 779 617 370 582 1294 582 413 117 800 1095 573 593 1355 455 507 657 548 959 727 413 541 204 805 314 435 463 344 0 511 145 692 857 369 580 268 688 887 89 1207 1095 1195 431 600 674 578 705 676 622 401 531 1210 1254 1289 513 447 895 454 898
86 244 127 162 86 241 514 680 55 517 331 77 762 608 243 400 828 202 640 104 274 132 336 102 845 590 223 407 431 694 63 94 905 233 283 147 716 725 257 438 290 343 645 598 158 784 223 511 0 616 181 727 198 76 465 546 427 515 732 709 701 108 528 249 245 239 177 418 276 270 774 828 876 67 91 386 567 750
698 843 703 495 697 705 829 415 653 1080 854 686 1104 334 859 327 1440 732 471 715 872 707 397 698 1348 723 549 210 938 1233 679 705 1487 592 548 763 459 952 849 558 681 343 787 434 564 554 418 145 616 0 796 1001 445 690 410 833 1014 222 1332 1128 1313 551 580 803 634 783 789 766 446 670 1344 1298 1426 629 540 992 591 870
110 91 123 318 115 294 508 843 145 406 294 110 707 756 69 573 657 176 794 101 113 123 482 135 711 686 360 588 381 589 118 109 759 350 383 38 849 721 159 566 362 518 684 755 300 936 390 692 181 796 0 755 363 115 624 595 300 693 574 624 531 273 618 212 302 169 70 468 418 348 641 711 753 193 258 208 694 782
697 842 822 846 689 486 1236 695 767 545 470 758 1461 1199 741 681 951 903 604 688 855 826 984 658 1426 289 555 849 416 535 724 688 819 519 997 730 1335 1450 613 444 439 688 1370 613 598 657 855 857 727 1001 755 0 847 701 591 187 604 780 799 1379 867 657 1229 543 972 916 685 309 948 459 682 1446 681 659 785 883 430 1475
283 399 259 49 285 394 477 614 218 713 515 253 754 411 431 327 1020 287 601 302 428 262 145 298 927 652 293 253 613 888 256 292 1103 328 173 336 526 664 455 470 416 270 544 553 252 741 27 369 198 445 363 847 0 274 430 660 625 403 928 740 893 199 382 438 216 339 374 543 100 397 972 890 1072 242 107 549 585 650
9 194 121 236 13 217 536 729 75 445 274 56 766 682 171 457 752 202 682 27 222 125 409 43 812 596 250 480 373 625 25 19 829 246 341 77 787 750 183 461 278 403 686 641 187 824 299 580 76 690 115 701 274 0 510 528 352 578 655 700 625 157 585 188 285 223 101 398 347 260 700 804 803 78 166 324 590 789
514 704 592 461 509 401 907 220 520 768 544 540 1182 652 667 117 1179 658 176 523 732 596 513 491 1310 313 268 292 604 891 515 514 1170 293 603 585 792 1092 599 154 348 163 961 132 323 320 418 268 465 410 624 591 430 510 0 430 733 189 1049 1155 1058 357 773 526 637 701 583 389 511 346 1020 1288 1083 431 447 831 190 1063
524 685 649 659 517 311 1059 573 589 476 332 584 1294 1015 592 507 907 730 484 518 702 653 797 485 1290 181 367 670 313 530 550 517 824 332 811 566 1150 1271 469 277 256 508 1186 480 412 571 668 688 546 833 595 187 660 528 430 0 503 617 758 1220 806 471 1042 390 791 749 526 129 761 276 676 1301 708 479 600 747 303 1292
343 345 422 589 341 332 790 945 419 109 195 387 947 1035 240 729 446 474 874 324 340 422 761 328 835 657 481 804 192 290 373 333 478 446 680 307 1138 998 170 618 388 687 979 847 451 1000 650 887 427 1014 300 604 625 352 733 503 0 861 320 836 326 464 917 213 603 455 257 413 699 387 347 867 454 391 518 309 724 1073
585 759 628 447 581 534 864 238 563 913 684 592 1144 499 748 132 1302 678 267 598 788 632 432 573 1328 500 380 172 758 1051 575 589 1319 418 557 656 637 1025 708 340 496 177 876 224 414 380 381 89 515 222 693 780 403 578 189 617 861 0 1182 1141 1177 423 675 648 619 727 669 563 453 489 1172 1293 1245 505 464 900 369 972
646 579 696 887 645 650 988 1256 713 287 504 678 1071 1330 505 1049 152 725 1180 628 561 695 1056 638 837 931 801 1122 460 277 672 637 202 765 953 594 1422 1175 483 924 700 1008 1196 1156 772 1298 954 1207 732 1332 574 799 928 655 1049 758 320 1182 0 937 108 781 1175 534 864 691 554 699 991 702 168 901 278 705 821 466 1019 1278
701 536 585 699 709 912 306 1353 655 941 911 649 144 892 639 1063 913 507 1331 704 524 581 732 739 270 1295 933 979 984 1101 682 708 1134 940 588 653 889 328 768 1148 977 1004 459 1285 868 1474 759 1095 709 1128 624 1379 740 700 1155 1220 836 1141 937 0 837 815 604 835 523 476 694 1091 693 960 1082 187 1203 766 708 527 1276 477
616 521 648 849 617 656 907 1271 675 329 520 640 973 1285 463 1046 126 667 1200 599 499 646 1013 615 730 972 800 1103 496 367 639 609 297 767 900 557 1369 1086 469 944 714 1001 1117 1173 763 1325 920 1195 701 1313 531 867 893 625 1058 806 326 1177 108 837 0 764 1112 532 806 627 525 731 948 713 275 795 387 684 787 392 1048 1195
163 347 236 189 159 195 604 574 164 539 325 183 862 600 325 300 891 309 532 176 376 241 344 151 954 494 120 340 421 705 158 166 941 141 339 235 721 810 298 332 220 246 715 490 60 676 214 431 108 551 273 657 199 157 357 471 464 423 781 815 764 0 573 258 328 347 246 349 297 200 802 937 894 82 129 481 461 821
594 595 495 384 599 761 301 912 511 1021 858 537 544 291 682 657 1228 451 925 610 615 495 260 624 860 1030 675 504 958 1203 560 604 1370 709 244 612 292 373 761 844 793 612 207 878 631 1052 378 600 528 580 618 1229 382 585 773 1042 917 675 1175 604 1112 573 0 773 315 485 664 922 282 774 1258 789 1371 591 450 721 949 297
180 299 298 409 174 127 711 743 263 280 87 241 920 849 202 516 656 373 677 165 313 301 581 148 900 504 268 594 185 450 213 170 684 235 528 190 963 926 83 425 194 474 872 646 239 809 460 674 249 803 212 543 438 188 526 390 213 648 534 835 532 258 773 0 472 378 142 268 524 187 544 910 637 196 337 360 543 974
292 285 181 177 298 487 277 830 211 707 559 231 544 492 367 541 926 139 812 306 307 180 245 327 717 821 447 461 657 890 259 302 1056 468 99 299 564 482 449 653 534 482 401 765 388 954 237 578 245 634 302 972 216 285 637 791 603 619 864 523 806 328 315 472 0 181 352 663 188 515 943 675 1056 312 201 422 777 505
225 113 111 289 233 438 339 912 183 565 462 172 545 673 216 625 746 51 877 230 129 106 415 264 609 819 460 590 550 746 205 232 887 464 279 187 745 552 328 675 502 566 523 833 396 1021 365 705 239 783 169 916 339 223 701 749 455 727 691 476 627 347 485 378 181 0 237 619 351 484 782 589 899 290 263 240 805 618
92 159 171 334 92 229 574 803 162 357 224 130 778 780 83 543 651 237 749 74 177 172 505 95 773 622 315 579 314 539 118 84 731 298 423 53 881 788 97 512 299 491 743 712 261 888 400 676 177 789 70 685 374 101 583 526 257 669 554 694 525 246 664 142 352 237 0 400 442 286 605 777 711 164 266 250 639 843
395 558 519 538 387 181 930 571 460 411 225 454 1164 916 469 439 842 600 488 389 576 523 684 355 1169 245 255 585 239 507 420 387 794 215 687 437 1047 1142 350 240 129 427 1060 472 291 600 553 622 418 766 468 309 543 398 389 129 413 563 699 1091 731 349 922 268 663 619 400 0 643 149 644 1176 697 351 476 629 321 1166
357 434 300 114 360 491 411 679 280 793 604 314 691 338 487 400 1072 301 675 375 461 301 65 378 902 749 393 285 704 971 325 367 1173 429 105 398 440 582 531 565 516 347 452 627 352 812 97 401 276 446 418 948 100 347 511 761 699 453 991 693 948 297 282 524 188 351 442 643 0 497 1047 856 1151 330 187 582 676 556
259 438 379 389 251 60 784 558 315 425 198 314 1025 783 365 356 833 460 490 256 460 383 540 221 1059 338 124 473 269 564 280 252 831 79 538 312 911 996 268 237 19 327 910 460 144 622 409 531 270 670 348 459 397 260 346 276 387 489 702 960 713 200 774 187 515 484 286 149 497 0 683 1058 758 204 326 532 358 1016
690 669 765 936 688 640 1101 1214 767 263 489 734 1211 1382 576 1040 298 809 1133 672 656 765 1109 674 1000 856 797 1137 416 148 721 681 150 755 1024 653 1486 1298 516 882 676 1006 1302 1115 780 1239 996 1210 774 1344 641 682 972 700 1020 676 347 1172 168 1082 275 802 1258 544 943 782 605 644 1047 683 0 1059 122 734 865 581 961 1390
803 619 701 846 811 1005 489 1495 773 963 976 759 301 1075 708 1205 848 630 1465 803 600 696 900 839 97 1396 1049 1137 1036 1104 790 808 1088 1050 751 745 1075 505 834 1264 1073 1146 646 1420 985 1609 912 1254 828 1298 711 1446 890 804 1288 1301 867 1293 901 187 795 937 789 910 675 589 777 1176 856 1058 1059 0 1178 877 843 564 1393 657
794 786 876 1038 791 721 1222 1267 873 358 573 842 1333 1484 689 1114 384 924 1182 776 774 876 1212 774 1116 889 877 1223 488 194 825 784 154 834 1134 761 1591 1419 620 938 749 1085 1420 1169 866 1279 1095 1289 876 1426 753 681 1072 803 1083 708 454 1245 278 1203 387 894 1371 637 1056 899 711 697 1151 758 122 1178 0 831 967 702 1005 1510
83 272 180 215 77 174 580 650 112 473 274 117 824 653 243 381 811 260 603 94 300 185 386 69 888 530 173 418 373 646 86 84 870 174 348 154 767 791 222 386 223 328 712 563 110 746 263 513 67 629 193 659 242 78 431 479 391 505 705 766 684 82 591 196 312 290 164 351 330 204 734 877 831 0 143 401 516 817
175 303 166 72 177 311 479 652 113 608 417 147 743 517 324 363 913 216 623 194 333 170 245 192 870 620 246 336 517 785 148 185 995 271 211 229 626 682 348 451 346 304 585 578 190 767 134 447 91 540 258 785 107 166 447 600 518 464 821 708 787 129 450 337 201 263 266 476 187 326 865 843 967 143 0 452 576 691
318 150 290 500 323 473 523 1051 341 413 416 309 642 912 167 781 507 285 999 307 121 287 647 339 544 864 564 788 471 578 325 317 667 549 519 246 986 717 278 763 544 726 729 961 507 1139 577 895 386 992 208 883 549 324 831 747 309 900 466 527 392 481 721 360 422 240 250 629 582 532 581 564 702 401 452 0 889 813
592 782 694 608 585 418 1053 270 622 732 530 634 1319 842 721 305 1162 769 180 595 807 698 688 560 1403 141 344 481 559 820 603 589 1111 345 759 657 982 1249 625 129 349 339 1128 183 409 279 580 454 567 591 694 430 585 590 190 303 724 369 1019 1276 1048 461 949 543 777 805 639 321 676 358 961 1393 1005 516 576 889 0 1233
795 728 676 638 802 992 289 1210 716 1183 1061 733 360 554 834 949 1297 606 1220 809 737 673 550 832 747 1302 934 801 1156 1364 764 806 1480 962 483 790 491 151 940 1121 1036 900 106 1172 881 1349 653 898 750 870 782 1475 650 789 1063 1292 1073 972 1278 477 1195 821 297 974 505 618 843 1166 556 1016 1390 657 1510 817 691 813 1233 0
