0 1237 757 771 310 1529 1674 1126 1446 795 1543 94 449 76 672 634
1237 0 1037 1563 987 2236 2192 934 1204 1141 2780 1320 892 1229 1786 1093
757 1037 0 559 810 2267 1196 405 1841 1349 2076 842 875 689 1420 1198
771 1563 559 0 1003 2244 905 909 2158 1550 1633 808 1123 698 1275 1387
310 987 810 1003 0 1483 1882 1104 1161 557 1808 364 139 348 808 397
1529 2236 2267 2244 1483 0 3134 2587 1370 1096 1772 1461 1476 1604 996 1174
1674 2192 1196 905 1882 3134 0 1289 3009 2438 2188 1713 1988 1600 2148 2276
1126 934 405 909 1104 2587 1289 0 1965 1588 2479 1217 1128 1066 1799 1455
1446 1204 1841 2158 1161 1370 3009 1965 0 685 2654 1461 1035 1501 1527 827
795 1141 1349 1550 557 1096 2438 1588 685 0 2000 794 474 859 871 162
1543 2780 2076 1633 1808 1772 2188 2479 2654 2000 0 1459 1929 1557 1130 1907
94 1320 842 808 364 1461 1713 1217 1461 794 1459 0 500 153 581 638
449 892 875 1123 139 1476 1988 1128 1035 474 1929 500 0 486 894 327
76 1229 689 698 348 1604 1600 1066 1501 859 1557 153 486 0 733 697
672 1786 1420 1275 808 996 2148 1799 1527 871 1130 581 894 733 0 790
634 1093 1198 1387 397 1174 2276 1455 827 162 1907 638 327 697 790 0
