0 530 1101 88 114 1193 330 651 781 1171 1276 1512 791 359 540 960
530 0 901 441 631 959 227 148 1311 819 781 1465 523 412 469 678
1101 901 0 1053 1117 1832 871 987 1706 1636 792 2366 1414 1245 561 1552
88 441 1053 0 196 1140 246 564 869 1102 1191 1490 726 310 492 897
114 631 1117 196 0 1301 418 759 689 1285 1356 1596 904 468 566 1072
1193 959 1832 1140 1301 0 1105 848 1762 286 1379 625 440 834 1422 282
330 227 871 246 418 1105 0 372 1106 1007 945 1546 666 376 340 834
651 148 987 564 759 848 372 0 1426 684 733 1388 428 457 606 566
781 1311 1706 869 689 1762 1106 1426 0 1833 2045 1839 1456 1033 1208 1601
1171 819 1636 1102 1285 286 1007 684 1833 0 1114 910 383 825 1288 233
1276 781 792 1191 1356 1379 945 733 2045 1114 0 1994 1076 1183 895 1140
1512 1465 2366 1490 1596 625 1546 1388 1839 910 1994 0 960 1192 1886 857
791 523 1414 726 904 440 666 428 1456 383 1076 960 0 442 982 171
359 412 1245 310 468 834 376 457 1033 825 1183 1192 442 0 713 606
540 469 561 492 566 1422 340 606 1208 1288 895 1886 982 713 0 1144
960 678 1552 897 1072 282 834 566 1601 233 1140 857 171 606 1144 0
