0 352 1690 1003 873 986 1392 1499 1221 736 1658 18 1065 1638 861 658
352 0 1449 929 534 1021 1744 1518 1570 848 1849 369 1369 1976 1205 982
1690 1449 0 2241 1375 2422 2864 1211 2791 1390 3298 1698 2751 3254 2286 2335
1003 929 2241 0 885 306 2015 2441 1753 1722 1274 1016 1293 1985 1663 1138
873 534 1375 885 0 1116 2256 1840 2062 1304 2076 892 1781 2435 1734 1439
986 1021 2422 306 1116 0 1787 2480 1514 1722 981 995 1023 1707 1500 938
1392 1744 2864 2015 2256 1787 0 2087 284 1488 1620 1374 825 561 581 884
1499 1518 1211 2441 1840 2480 2087 0 2126 784 3088 1493 2319 2596 1592 1932
1221 1570 2791 1753 2062 1514 284 2126 0 1453 1353 1205 541 476 537 642
736 848 1390 1722 1304 1722 1488 784 1453 0 2305 726 1560 1929 922 1159
1658 1849 3298 1274 2076 981 1620 3088 1353 2305 0 1657 861 1241 1673 1168
18 369 1698 1016 892 995 1374 1493 1205 726 1657 0 1055 1624 842 646
1065 1369 2751 1293 1781 1023 825 2319 541 1560 861 1055 0 693 817 418
1638 1976 3254 1985 2435 1707 561 2596 476 1929 1241 1624 693 0 1013 999
861 1205 2286 1663 1734 1500 581 1592 537 922 1673 842 817 1013 0 580
658 982 2335 1138 1439 938 884 1932 642 1159 1168 646 418 999 580 0
