0 846 501 110 168 137 72 509 906 435 430 285 33 403 643 866
846 0 1216 893 919 900 861 404 1682 555 750 562 873 1189 202 366
501 1216 0 566 342 373 437 969 998 670 502 696 469 150 1025 1329
110 893 566 0 261 232 176 525 818 531 540 349 123 447 692 868
168 919 342 261 0 31 98 632 954 423 342 368 141 273 719 993
137 900 373 232 31 0 66 605 947 416 351 345 111 296 699 966
72 861 437 176 98 66 0 549 936 408 375 300 53 352 659 909
509 404 969 525 632 605 549 0 1283 445 620 277 542 901 240 361
906 1682 998 818 954 947 936 1283 0 1340 1297 1167 894 861 1491 1557
435 555 670 531 423 416 408 445 1340 0 197 239 446 669 384 754
430 750 502 540 342 351 375 620 1297 197 0 365 427 533 582 947
285 562 696 349 368 345 300 277 1167 239 365 0 311 641 359 634
33 873 469 123 141 111 53 542 894 446 427 311 0 369 670 899
403 1189 150 447 273 296 352 901 861 669 533 641 369 0 991 1261
643 202 1025 692 719 699 659 240 1491 384 582 359 670 991 0 392
866 366 1329 868 993 966 909 361 1557 754 947 634 899 1261 392 0
