0 1075 84 758 1563 34 146 582 1669 24 1034 1606 1223 1043 1110 619
1075 0 1133 323 678 1099 1212 1485 2175 1082 1512 2676 1225 1134 2080 607
84 1133 0 812 1594 50 80 608 1721 62 1098 1560 1192 1012 1028 698
758 323 812 0 865 780 891 1211 2024 764 1341 2363 1067 941 1761 408
1563 678 1594 865 0 1576 1673 2069 2850 1561 2179 3146 1071 1085 2363 1251
34 1099 50 780 1576 0 116 590 1689 16 1059 1586 1210 1031 1076 651
146 1212 80 891 1673 116 0 570 1701 132 1096 1480 1240 1060 968 765
582 1485 608 1211 2069 590 570 0 1150 598 631 1294 1800 1621 1264 894
1669 2175 1721 2024 2850 1689 1701 1150 0 1691 684 1884 2873 2698 2340 1615
24 1082 62 764 1561 16 132 598 1691 0 1058 1602 1204 1025 1091 636
1034 1512 1098 1341 2179 1059 1096 631 684 1058 0 1774 2206 2033 1896 935
1606 2676 1560 2363 3146 1586 1480 1294 1884 1602 1774 0 2494 2338 1095 2140
1223 1225 1192 1067 1071 1210 1240 1800 2873 1204 2206 2494 0 179 1505 1394
1043 1134 1012 941 1085 1031 1060 1621 2698 1025 2033 2338 179 0 1379 1242
1110 2080 1028 1761 2363 1076 968 1264 2340 1091 1896 1095 1505 1379 0 1726
619 607 698 408 1251 651 765 894 1615 636 935 2140 1394 1242 1726 0
