0 380 475 1281 1259 400 221 782 1069 1191 775 448 735 811 209 786
380 0 716 1036 1025 83 590 534 740 1306 888 715 666 741 177 474
475 716 0 1727 1166 777 525 805 1456 738 1218 832 1211 599 615 896
1281 1036 1727 0 1766 961 1386 1390 433 2339 997 1249 653 1725 1112 1243
1259 1025 1166 1766 0 1092 1466 492 1335 1115 1913 1694 1655 578 1150 574
400 83 777 961 1092 0 595 605 684 1386 823 683 585 825 191 531
221 590 525 1386 1466 595 0 998 1230 1263 701 306 777 985 413 1007
782 534 805 1390 492 605 998 0 987 1066 1422 1207 1180 388 659 158
1069 740 1456 433 1335 684 1230 987 0 1993 1081 1191 691 1346 868 833
1191 1306 738 2339 1115 1386 1263 1066 1993 0 1954 1570 1908 678 1274 1220
775 888 1218 997 1913 823 701 1422 1081 1954 0 412 390 1562 782 1354
448 715 832 1249 1694 683 306 1207 1191 1570 412 0 599 1259 554 1182
735 666 1211 653 1655 585 777 1180 691 1908 390 599 0 1403 637 1081
811 741 599 1725 578 825 985 388 1346 678 1562 1259 1403 0 786 543
209 177 615 1112 1150 191 413 659 868 1274 782 554 637 786 0 628
786 474 896 1243 574 531 1007 158 833 1220 1354 1182 1081 543 628 0
