0 184 38 760 336 169 1338 1479 698 1537 1644 569 1554 706 325 955
184 0 204 934 520 104 1160 1618 822 1453 1491 684 1374 640 348 771
38 204 0 758 324 204 1363 1443 716 1517 1641 531 1563 685 295 975
760 934 758 0 447 867 2002 1351 398 2189 2397 869 2308 1379 968 1670
336 520 324 447 0 479 1657 1284 532 1756 1951 519 1888 936 523 1287
169 104 204 867 479 0 1179 1647 727 1557 1583 727 1443 743 426 810
1338 1160 1363 2002 1657 1179 0 2729 1728 1743 1216 1793 715 1358 1409 428
1479 1618 1443 1351 1284 1647 2729 0 1706 1877 2471 940 2676 1463 1321 2305
698 822 716 398 532 727 1728 1706 0 2233 2310 1051 2134 1401 998 1451
1537 1453 1517 2189 1756 1557 1743 1877 2233 0 764 1365 1230 832 1240 1419
1644 1491 1641 2397 1951 1583 1216 2471 2310 764 0 1735 545 1088 1452 1053
569 684 531 869 519 727 1793 940 1051 1365 1735 0 1819 647 384 1372
1554 1374 1563 2308 1888 1443 715 2676 2134 1230 545 1819 0 1214 1466 706
706 640 685 1379 936 743 1358 1463 1401 832 1088 647 1214 0 413 936
325 348 295 968 523 426 1409 1321 998 1240 1452 384 1466 413 0 988
955 771 975 1670 1287 810 428 2305 1451 1419 1053 1372 706 936 988 0
