0 435 526 513 17 1562 551 857 739 525 856 1298 1222 1402 694 1682
435 0 954 464 451 1168 962 1199 977 959 897 1732 1652 1145 287 1321
526 954 0 842 509 2084 114 502 860 180 967 785 774 1727 1189 2095
513 464 842 0 518 1554 793 882 1245 933 432 1605 1614 906 494 1254
17 451 509 518 0 1579 534 842 737 509 855 1281 1206 1411 710 1694
1562 1168 2084 1554 1579 0 2113 2367 1708 2042 1937 2827 2677 1658 1063 1407
551 962 114 793 534 2113 0 393 965 295 876 812 843 1659 1178 2047
857 1199 502 882 842 2367 393 0 1358 679 760 882 1043 1610 1351 2063
739 977 860 1245 737 1708 965 1358 0 694 1588 1305 1059 2100 1258 2295
525 959 180 933 509 2042 295 679 694 0 1115 786 699 1836 1218 2173
856 897 967 432 855 1937 876 760 1588 1115 0 1618 1712 852 879 1326
1298 1732 785 1605 1281 2827 812 882 1305 786 1618 0 327 2447 1974 2855
1222 1652 774 1614 1206 2677 843 1043 1059 699 1712 327 0 2500 1917 2865
1402 1145 1727 906 1411 1658 1659 1610 2100 1836 852 2447 2500 0 907 522
694 287 1189 494 710 1063 1178 1351 1258 1218 879 1974 1917 907 0 1037
1682 1321 2095 1254 1694 1407 2047 2063 2295 2173 1326 2855 2865 522 1037 0
