0 156 0 318 692 232 267 218 676 50 434 282 308 54 372 470 787 438 107 209 86 39 756 616 691 755 643 766 647 454 286 836 320 718 585 444 433 464 267 6 193 199 460 584 385 477 559 482 239 581 187 206 787 763 820 783 826 828 100 30 346 664 217 356 432 29 482 465 473 716 509 42 316 114 151 299 536 622
156 0 156 274 849 357 293 374 548 153 305 421 251 152 406 440 754 412 242 349 232 132 630 751 841 912 767 629 641 608 374 873 446 784 432 448 466 500 239 154 328 316 383 498 321 629 684 359 276 589 292 278 666 802 767 635 978 676 55 145 256 576 116 224 405 126 495 560 429 626 354 192 210 224 291 315 657 778
0 156 0 318 692 232 267 218 676 50 434 282 308 54 372 470 787 438 107 209 86 39 756 616 691 755 643 766 647 454 286 836 320 718 585 444 433 464 267 6 193 199 460 584 385 477 559 482 239 581 187 206 787 763 820 783 826 828 100 30 346 664 217 356 432 29 482 465 473 716 509 42 316 114 151 299 536 622
318 274 318 0 908 333 555 447 750 356 231 413 30 266 194 166 1027 686 305 366 398 279 832 913 816 954 951 806 915 710 269 1137 632 568 448 720 238 763 52 322 341 295 648 275 74 742 588 248 532 861 266 207 513 553 504 772 962 785 280 288 520 354 388 455 131 307 765 783 158 873 412 318 469 261 463 581 848 839
692 849 692 908 0 575 758 480 1308 702 1101 497 918 711 799 981 1172 920 629 544 621 722 1378 354 268 79 442 1412 998 255 658 973 496 846 1275 857 823 783 861 694 570 613 1028 1173 981 252 491 1139 736 917 642 701 1422 982 1302 1454 271 1508 793 708 964 1245 881 1020 952 722 853 581 1010 1261 1202 659 959 668 574 783 458 71
232 357 232 333 575 0 476 150 901 276 540 80 345 207 250 418 1003 659 124 53 238 233 982 626 500 621 681 986 852 394 105 1000 401 511 735 650 295 647 287 238 46 43 692 599 406 430 329 571 445 779 73 126 846 584 763 990 644 1025 308 223 578 673 445 578 385 255 681 578 442 948 674 191 546 133 268 510 593 506
267 293 267 555 758 476 0 389 552 217 586 500 537 319 639 718 526 187 360 437 238 294 620 549 844 834 537 660 380 504 549 582 266 981 657 176 700 208 511 261 431 454 270 791 610 508 780 643 31 314 448 474 944 1031 1057 719 958 785 275 293 220 869 216 312 681 262 215 300 713 514 569 297 237 380 229 33 428 695
218 374 218 447 480 150 389 0 882 241 622 124 452 230 398 557 907 577 149 97 168 244 960 479 477 539 531 977 746 263 255 867 256 643 795 551 445 530 396 222 116 166 638 722 522 294 392 663 359 668 188 249 956 728 907 1001 609 1047 318 230 541 799 428 570 522 248 574 435 575 893 723 181 521 191 160 422 443 409
676 548 676 750 1308 901 552 882 0 642 587 958 720 694 929 891 523 433 780 885 714 668 83 1090 1360 1381 1062 110 554 1053 921 848 819 1312 453 520 983 622 742 671 867 862 294 822 751 1059 1230 628 572 577 840 825 808 1303 1115 212 1487 295 592 678 345 871 458 323 867 649 556 816 860 227 404 718 361 769 743 533 961 1242
50 153 50 356 702 276 217 241 642 0 450 320 344 101 422 513 737 389 152 249 80 79 721 599 719 768 619 736 597 456 335 789 296 767 585 394 482 416 307 44 235 246 416 616 421 476 600 502 189 531 236 256 808 813 861 761 850 809 102 76 306 696 186 328 475 49 433 429 513 672 506 85 281 164 137 249 511 632
434 305 434 231 1101 540 586 622 587 450 0 619 207 399 423 320 965 659 473 560 520 396 664 1049 1036 1155 1069 621 888 880 494 1149 747 780 218 717 460 787 260 434 534 497 575 242 191 906 818 57 574 852 467 416 360 740 538 565 1182 567 348 409 462 306 373 360 306 410 767 865 283 754 199 455 410 433 584 602 960 1030
282 421 282 413 497 80 500 124 958 320 619 0 425 269 314 490 1024 687 179 73 264 292 1039 572 424 541 634 1047 866 329 166 991 379 519 812 668 351 652 367 287 93 121 734 676 485 367 281 651 469 789 152 206 926 610 827 1057 566 1095 370 281 627 749 500 637 458 309 694 557 515 991 750 240 599 201 276 534 554 428
308 251 308 30 918 345 537 452 720 344 207 425 0 258 222 190 1002 663 306 375 391 269 802 912 834 966 946 776 893 715 288 1120 626 598 422 699 268 745 57 312 349 306 621 277 77 745 611 229 515 840 276 219 504 583 520 742 980 756 262 278 494 357 363 426 157 295 745 773 177 845 384 312 443 262 456 562 842 848
54 152 54 266 711 207 319 230 694 101 399 269 258 0 320 416 834 484 90 197 132 28 775 658 689 770 688 779 698 481 244 891 367 673 565 495 381 518 214 59 175 168 495 535 335 507 536 445 291 633 149 158 746 713 767 788 827 828 101 25 376 615 239 370 378 58 534 517 419 749 493 56 340 76 197 350 583 639
372 406 372 194 799 250 639 398 929 422 423 314 222 320 0 184 1149 800 301 301 427 345 1012 877 663 833 930 992 1018 642 147 1206 635 383 641 815 61 836 188 378 283 234 790 389 238 679 413 431 611 953 219 171 652 397 513 964 809 979 387 346 663 454 522 618 160 377 855 806 218 1031 607 350 617 266 480 670 838 734
470 440 470 166 981 418 718 557 891 513 320 490 190 416 184 0 1192 852 433 464 544 434 971 1035 846 1016 1081 936 1081 812 324 1300 771 468 531 885 182 925 207 474 441 391 811 210 139 847 588 306 694 1026 368 308 476 420 354 886 991 886 444 440 684 271 553 612 37 464 930 931 42 1030 520 462 633 390 605 745 983 915
787 754 787 1027 1172 1003 526 907 523 737 965 1024 1002 834 1149 1192 0 349 885 963 765 806 520 854 1324 1252 789 609 174 945 1073 370 707 1505 916 356 1210 396 993 781 958 980 390 1204 1063 931 1300 1019 557 256 972 992 1270 1545 1496 731 1416 815 763 809 511 1271 639 604 1158 775 336 591 1176 302 841 821 563 902 748 493 725 1124
438 412 438 686 920 659 187 577 433 389 659 687 663 484 800 852 349 0 539 622 423 457 485 664 1026 998 630 544 231 671 725 496 425 1156 669 88 861 190 649 432 615 634 143 889 730 668 968 716 218 195 625 642 998 1196 1172 629 1135 705 415 459 201 961 301 313 818 426 131 386 840 340 583 473 249 553 417 154 533 861
107 242 107 305 629 124 360 149 780 152 473 179 306 90 301 433 885 539 0 107 129 112 861 608 599 686 649 867 739 410 189 907 339 621 649 536 358 543 253 113 87 94 567 581 379 440 452 514 329 669 89 131 808 677 787 878 738 918 190 101 454 659 322 457 396 131 570 506 445 823 581 66 422 44 178 393 550 558
209 349 209 366 544 53 437 97 885 249 560 73 375 197 301 464 963 622 107 0 198 219 966 575 493 594 629 974 808 349 158 950 348 560 747 608 348 600 317 215 26 72 664 637 440 383 351 596 405 734 100 161 879 637 811 985 634 1024 297 207 555 713 427 564 430 236 637 525 485 920 682 167 526 132 220 471 540 473
86 232 86 398 621 238 238 168 714 80 520 264 391 132 427 544 765 423 129 198 0 125 792 529 645 687 557 811 614 376 317 779 235 746 664 412 486 414 347 85 192 219 472 668 468 396 546 569 207 542 218 256 873 806 897 839 774 889 178 114 373 748 264 406 506 110 444 387 550 728 586 82 353 161 65 272 451 551
39 132 39 279 722 233 294 244 668 79 396 292 269 28 345 434 806 457 112 219 125 0 749 655 709 783 682 755 672 488 272 869 359 701 553 469 406 495 229 42 199 195 467 544 346 512 562 444 267 608 177 185 748 740 783 766 846 808 78 13 348 624 212 345 396 32 509 503 435 720 480 62 313 104 191 325 576 651
756 630 756 832 1378 982 620 960 83 721 664 1039 802 775 1012 971 520 485 861 966 792 749 0 1149 1438 1453 1116 91 577 1123 1004 864 886 1395 517 570 1066 671 824 751 948 944 354 896 832 1128 1312 703 641 610 922 908 866 1385 1187 218 1563 300 674 759 420 941 538 406 949 729 601 871 940 218 476 798 440 851 818 598 1018 1313
616 751 616 913 354 626 549 479 1090 599 1049 572 912 658 877 1035 854 664 608 575 529 655 1149 0 588 429 89 1200 684 255 730 621 306 1056 1176 585 920 492 861 615 595 645 796 1189 987 216 720 1099 538 608 667 727 1403 1169 1386 1267 625 1334 702 643 770 1268 734 856 1000 639 566 281 1052 995 1091 601 783 653 464 561 133 334
691 841 691 816 268 500 844 477 1360 719 1036 424 834 689 663 846 1324 1026 599 493 645 709 1438 588 0 240 677 1455 1151 386 547 1181 616 612 1236 980 669 928 778 695 517 543 1107 1052 882 410 275 1063 816 1069 573 620 1315 755 1129 1475 146 1517 787 696 1017 1117 906 1047 824 721 990 753 881 1358 1174 651 999 625 622 874 662 256
755 912 755 954 79 621 834 539 1381 768 1155 541 966 770 833 1016 1252 998 686 594 687 783 1453 429 240 0 516 1485 1078 329 696 1050 573 844 1335 936 851 863 909 758 620 661 1104 1213 1026 330 494 1191 811 997 691 748 1467 984 1327 1524 206 1577 856 769 1037 1284 949 1090 989 785 933 661 1047 1339 1263 720 1030 722 644 859 537 139
643 767 643 951 442 681 537 531 1062 619 1069 634 946 688 930 1081 789 630 649 629 557 682 1116 89 677 516 0 1172 623 331 786 537 323 1130 1182 546 977 448 898 640 647 696 767 1224 1023 294 800 1121 532 550 715 773 1428 1238 1435 1247 713 1318 721 671 755 1304 737 849 1045 663 521 245 1095 951 1096 634 775 693 491 544 110 423
766 629 766 806 1412 986 660 977 110 736 621 1047 776 779 992 936 609 544 867 974 811 755 91 1200 1455 1485 1172 0 657 1157 998 947 926 1373 453 631 1043 733 804 761 954 945 404 843 798 1164 1314 654 678 684 921 901 793 1354 1130 127 1585 209 677 766 447 883 549 409 916 738 666 927 902 307 425 808 457 853 843 642 1071 1345
647 641 647 915 998 852 380 746 554 597 888 866 893 698 1018 1081 174 231 739 808 614 672 577 684 1151 1078 623 657 0 771 929 295 535 1360 879 203 1079 224 876 641 806 833 330 1119 960 757 1138 945 410 82 828 854 1219 1411 1403 766 1241 849 639 672 426 1191 532 534 1045 640 171 416 1070 370 796 677 477 761 590 347 553 949
454 608 454 710 255 394 504 263 1053 456 880 329 715 481 642 812 945 671 410 349 376 488 1123 255 386 329 331 1157 771 0 494 797 246 801 1039 613 681 549 659 455 372 422 774 984 785 38 469 923 481 689 447 509 1218 914 1156 1201 471 1257 553 474 709 1061 630 768 779 482 615 367 834 1011 962 426 705 453 324 529 285 190
286 374 286 269 658 105 549 255 921 335 494 166 288 244 147 324 1073 725 189 158 317 272 1004 730 547 696 786 998 929 494 0 1093 502 432 702 726 190 732 233 292 143 100 740 516 336 531 328 517 519 859 100 96 773 489 661 988 693 1016 337 267 619 588 479 599 294 302 760 678 352 992 652 252 579 171 359 582 698 591
836 873 836 1137 973 1000 582 867 848 789 1149 991 1120 891 1206 1300 370 496 907 950 779 869 864 621 1181 1050 537 947 295 797 1093 0 615 1509 1163 431 1265 374 1092 831 954 992 618 1368 1193 771 1235 1206 605 301 996 1035 1493 1583 1639 1060 1240 1143 857 865 697 1444 778 809 1263 838 381 442 1296 649 1078 856 744 939 734 558 520 943
320 446 320 632 496 401 266 256 819 296 747 379 626 367 635 771 707 425 339 348 235 359 886 306 616 573 323 926 535 246 502 615 0 899 870 367 689 311 580 317 359 404 534 903 703 244 622 799 248 453 416 469 1105 984 1126 981 714 1043 399 349 482 983 431 558 734 339 373 178 781 766 786 314 488 381 169 288 216 436
718 784 718 568 846 511 981 643 1312 767 780 519 598 673 383 468 1505 1156 621 560 746 701 1395 1056 612 844 1130 1373 1360 801 432 1509 899 0 996 1157 330 1159 570 724 558 527 1163 656 589 840 355 773 951 1289 532 516 907 147 593 1339 728 1347 757 697 1038 687 897 1000 475 731 1191 1077 510 1410 975 684 995 603 780 1014 1063 802
585 432 585 448 1275 735 657 795 453 585 218 812 422 565 641 531 916 669 649 747 664 553 517 1176 1236 1335 1182 453 879 1039 702 1163 870 996 0 745 678 832 471 584 722 692 549 398 409 1061 1030 225 655 862 662 617 358 948 677 372 1379 358 486 567 471 431 446 359 521 557 794 956 491 658 88 616 431 615 723 662 1071 1204
444 448 444 720 857 650 176 551 520 394 717 668 699 495 815 885 356 88 536 608 412 469 570 585 980 936 546 631 203 613 726 431 367 1157 745 0 876 102 679 438 604 630 232 939 769 606 944 775 206 140 625 650 1064 1208 1215 717 1082 794 441 469 273 1014 347 386 849 437 49 304 876 411 657 474 316 557 392 144 452 801
433 466 433 238 823 295 700 445 983 482 460 351 268 381 61 182 1210 861 358 348 486 406 1066 920 669 851 977 1043 1079 681 190 1265 689 330 678 876 0 896 241 439 332 285 850 392 269 718 407 461 672 1014 273 229 658 336 480 1011 813 1022 448 407 723 451 582 675 170 439 915 861 222 1090 650 409 676 325 536 731 888 760
464 500 464 763 783 647 208 530 622 416 787 652 745 518 836 925 396 190 543 600 414 495 671 492 928 863 448 733 224 549 732 374 311 1159 832 102 896 0 718 459 600 633 334 998 819 537 919 844 230 142 633 667 1141 1221 1265 819 1020 895 483 492 363 1075 413 474 888 464 74 212 921 504 744 487 401 571 379 186 359 731
267 239 267 52 861 287 511 396 742 307 260 367 57 214 188 207 993 649 253 317 347 229 824 861 778 909 898 804 876 659 233 1092 580 570 471 679 241 718 0 271 292 248 620 328 126 690 559 285 487 819 218 161 561 570 553 778 923 797 237 237 492 407 355 436 170 258 723 732 205 853 426 266 443 208 410 538 795 791
6 154 6 322 694 238 261 222 671 44 434 287 312 59 378 474 781 432 113 215 85 42 751 615 695 758 640 761 641 455 292 831 317 724 584 438 439 459 271 0 198 205 454 587 389 478 565 484 233 575 193 212 788 769 825 780 830 825 98 34 341 667 212 352 437 27 476 461 477 710 507 47 311 121 150 293 534 624
193 328 193 341 570 46 431 116 867 235 534 93 349 175 283 441 958 615 87 26 192 199 948 595 517 620 647 954 806 372 143 954 359 558 722 604 332 600 292 198 0 50 651 612 415 406 366 570 400 732 75 136 853 629 791 963 658 1001 277 188 540 689 409 545 407 218 635 534 461 907 658 151 509 108 222 465 556 499
199 316 199 295 613 43 454 166 862 246 497 121 306 168 234 391 980 634 94 72 219 195 944 645 543 661 696 945 833 422 100 992 404 527 692 630 285 633 248 205 50 0 660 565 369 456 368 530 423 761 30 88 809 590 741 947 687 982 269 187 543 641 408 538 357 220 663 578 412 915 631 161 509 92 258 488 604 543
460 383 460 648 1028 692 270 638 294 416 575 734 621 495 790 811 390 143 567 664 472 467 354 796 1107 1104 767 404 330 774 740 618 534 1163 549 232 850 334 620 454 651 660 0 814 678 777 1016 630 294 320 644 649 892 1185 1106 485 1226 561 406 473 127 881 267 214 779 439 273 522 792 256 466 501 178 571 485 246 666 965
584 498 584 275 1173 599 791 722 822 616 242 676 277 535 389 210 1204 889 581 637 668 544 896 1189 1052 1213 1224 843 1119 984 516 1368 903 656 398 939 392 998 328 587 612 565 814 0 201 1016 798 194 774 1077 537 476 265 577 295 770 1198 753 524 554 697 79 591 601 228 568 988 1045 171 997 420 590 644 536 733 812 1119 1104
385 321 385 74 981 406 610 522 751 421 191 485 77 335 238 139 1063 730 379 440 468 346 832 987 882 1026 1023 798 960 785 336 1193 703 589 409 769 269 819 126 389 415 369 678 201 0 816 646 193 590 910 340 280 440 555 446 753 1029 758 336 355 553 281 428 475 117 372 816 850 114 892 387 389 500 335 533 635 919 912
477 629 477 742 252 430 508 294 1059 476 906 367 745 507 679 847 931 668 440 383 396 512 1128 216 410 330 294 1164 757 38 531 771 244 840 1061 606 718 537 690 478 406 456 777 1016 816 0 506 951 486 675 481 542 1248 953 1192 1212 485 1270 575 499 717 1094 644 781 814 505 606 347 868 1009 982 451 716 483 341 531 254 194
559 684 559 588 491 329 780 392 1230 600 818 281 611 536 413 588 1300 968 452 351 546 562 1312 720 275 494 800 1314 1138 469 328 1235 622 355 1030 944 407 919 559 565 366 368 1016 798 646 506 0 836 749 1059 392 420 1064 491 855 1313 412 1343 638 553 906 858 774 907 571 584 966 792 627 1272 980 517 875 461 552 813 748 446
482 359 482 248 1139 571 643 663 628 502 57 651 229 445 431 306 1019 716 514 596 569 444 703 1099 1063 1191 1121 654 945 923 517 1206 799 773 225 775 461 844 285 484 570 530 630 194 193 951 836 0 631 909 500 445 306 722 489 589 1209 583 400 456 519 253 431 416 298 460 825 920 265 803 229 501 467 472 634 659 1013 1069
239 276 239 532 736 445 31 359 572 189 574 469 515 291 611 694 557 218 329 405 207 267 641 538 816 811 532 678 410 481 519 605 248 951 655 206 672 230 487 233 400 423 294 774 590 486 749 631 0 342 418 445 934 1002 1036 733 932 797 253 265 234 852 210 318 658 235 243 300 691 541 567 267 244 351 199 65 422 672
581 589 581 861 917 779 314 668 577 531 852 789 840 633 953 1026 256 195 669 734 542 608 610 608 1069 997 550 684 82 689 859 301 453 1289 862 140 1014 142 819 575 732 761 320 1077 910 675 1059 909 342 0 758 787 1193 1344 1355 786 1159 866 582 607 396 1151 486 508 990 576 98 336 1017 415 777 609 444 693 514 283 476 868
187 292 187 266 642 73 448 188 840 236 467 152 276 149 219 368 972 625 89 100 218 177 922 667 573 691 715 921 828 447 100 996 416 532 662 625 273 633 218 193 75 30 644 537 340 481 392 500 418 758 0 61 780 588 720 921 717 955 248 170 526 614 388 516 333 205 660 588 387 898 602 151 490 73 263 481 621 572
206 278 206 207 701 126 474 249 825 256 416 206 219 158 171 308 992 642 131 161 256 185 908 727 620 748 773 901 854 509 96 1035 469 516 617 650 229 667 161 212 136 88 649 476 280 542 420 445 445 787 61 0 720 557 661 893 765 922 243 183 526 552 385 502 273 216 688 637 326 899 562 179 485 96 309 506 677 631
787 666 787 513 1422 846 944 956 808 808 360 926 504 746 652 476 1270 998 808 879 873 748 866 1403 1315 1467 1428 793 1219 1218 773 1493 1105 907 358 1064 658 1141 561 788 853 809 892 265 440 1248 1064 306 934 1193 780 720 0 811 407 690 1461 646 707 760 796 219 729 686 493 765 1114 1226 437 1017 429 802 749 765 939 958 1319 1352
763 802 763 553 982 584 1031 728 1303 813 740 610 583 713 397 420 1545 1196 677 637 806 740 1385 1169 755 984 1238 1354 1411 914 489 1583 984 147 948 1208 336 1221 570 769 629 590 1185 577 555 953 491 722 1002 1344 588 557 811 0 464 1306 875 1306 784 739 1058 594 918 1005 438 772 1245 1162 457 1423 940 735 1011 651 848 1063 1163 933
820 767 820 504 1302 763 1057 907 1115 861 538 827 520 767 513 354 1496 1172 787 811 897 783 1187 1386 1129 1327 1435 1130 1403 1156 661 1639 1126 593 677 1215 480 1265 553 825 791 741 1106 295 446 1192 855 489 1036 1355 720 661 407 464 0 1046 1266 1019 782 790 985 246 870 893 391 812 1262 1284 347 1292 711 815 933 744 959 1081 1337 1240
783 635 783 772 1454 990 719 1001 212 761 565 1057 742 788 964 886 731 629 878 985 839 766 218 1267 1475 1524 1247 127 766 1201 988 1060 981 1339 372 717 1011 819 778 780 963 947 485 770 753 1212 1313 589 733 786 921 893 690 1306 1046 0 1610 84 688 778 499 801 575 434 870 754 757 1002 849 430 366 824 496 857 880 706 1143 1386
826 978 826 962 271 644 958 609 1487 850 1182 566 980 827 809 991 1416 1135 738 634 774 846 1563 625 146 206 713 1585 1241 471 693 1240 714 728 1379 1082 813 1020 923 830 658 687 1226 1198 1029 485 412 1209 932 1159 717 765 1461 875 1266 1610 0 1654 924 833 1143 1262 1037 1179 969 856 1086 831 1027 1472 1316 786 1127 766 744 987 721 298
828 676 828 785 1508 1025 785 1047 295 809 567 1095 756 828 979 886 815 705 918 1024 889 808 300 1334 1517 1577 1318 209 849 1257 1016 1143 1043 1347 358 794 1022 895 797 825 1001 982 561 753 758 1270 1343 583 797 866 955 922 646 1306 1019 84 1654 0 730 820 564 776 627 489 874 798 834 1073 848 514 372 867 555 894 934 774 1212 1439
100 55 100 280 793 308 275 318 592 102 348 370 262 101 387 444 763 415 190 297 178 78 674 702 787 856 721 677 639 553 337 857 399 757 486 441 448 483 237 98 277 269 406 524 336 575 638 400 253 582 248 243 707 784 782 688 924 730 0 90 282 603 142 269 408 71 485 523 438 655 409 137 242 176 239 301 612 722
30 145 30 288 708 223 293 230 678 76 409 281 278 25 346 440 809 459 101 207 114 13 759 643 696 769 671 766 672 474 267 865 349 697 567 469 407 492 237 34 188 187 473 554 355 499 553 456 265 607 170 183 760 739 790 778 833 820 90 0 356 634 221 356 402 34 508 495 442 728 493 49 322 97 180 324 565 637
346 256 346 520 964 578 220 541 345 306 462 627 494 376 663 684 511 201 454 555 373 348 420 770 1017 1037 755 447 426 709 619 697 482 1038 471 273 723 363 492 341 540 543 127 697 553 717 906 519 234 396 526 526 796 1058 985 499 1143 564 282 356 0 767 141 112 652 323 322 513 666 373 384 388 52 452 398 211 648 898
664 576 664 354 1245 673 869 799 871 696 306 749 357 615 454 271 1271 961 659 713 748 624 941 1268 1117 1284 1304 883 1191 1061 588 1444 983 687 431 1014 451 1075 407 667 689 641 881 79 281 1094 858 253 852 1151 614 552 219 594 246 801 1262 776 603 634 767 0 666 667 295 648 1063 1125 237 1054 466 669 715 615 813 889 1199 1178
217 116 217 388 881 445 216 428 458 186 373 500 363 239 522 553 639 301 322 427 264 212 538 734 906 949 737 549 532 630 479 778 431 897 446 347 582 413 355 212 409 408 267 591 428 644 774 431 210 486 388 385 729 918 870 575 1037 627 142 221 141 666 0 141 519 191 396 511 539 514 359 260 101 316 306 229 626 812
356 224 356 455 1020 578 312 570 323 328 360 637 426 370 618 612 604 313 457 564 406 345 406 856 1047 1090 849 409 534 768 599 809 558 1000 359 386 675 474 436 352 545 538 214 601 475 781 907 416 318 508 516 502 686 1005 893 434 1179 489 269 356 112 667 141 0 582 328 435 612 589 418 271 398 75 445 446 311 740 952
432 405 432 131 952 385 681 522 867 475 306 458 157 378 160 37 1158 818 396 430 506 396 949 1000 824 989 1045 916 1045 779 294 1263 734 475 521 849 170 888 170 437 407 357 779 228 117 814 571 298 658 990 333 273 493 438 391 870 969 874 408 402 652 295 519 582 0 426 894 894 58 1001 504 424 601 353 568 709 946 885
29 126 29 307 722 255 262 248 649 49 410 309 295 58 377 464 775 426 131 236 110 32 729 639 721 785 663 738 640 482 302 838 339 731 557 437 439 464 258 27 218 220 439 568 372 505 584 460 235 576 205 216 765 772 812 754 856 798 71 34 323 648 191 328 426 0 477 477 464 694 480 70 290 131 174 293 555 651
482 495 482 765 853 681 215 574 556 433 767 694 745 534 855 930 336 131 570 637 444 509 601 566 990 933 521 666 171 615 760 381 373 1191 794 49 915 74 723 476 635 663 273 988 816 606 966 825 243 98 660 688 1114 1245 1262 757 1086 834 485 508 322 1063 396 435 894 477 0 286 922 430 707 510 366 594 418 185 433 800
465 560 465 783 581 578 300 435 816 429 865 557 773 517 806 931 591 386 506 525 387 503 871 281 753 661 245 927 416 367 678 442 178 1077 956 304 861 212 732 461 534 578 522 1045 850 347 792 920 300 336 588 637 1226 1162 1284 1002 831 1073 523 495 513 1125 511 612 894 477 286 0 937 714 868 469 537 545 328 302 147 536
473 429 473 158 1010 442 713 575 860 513 283 515 177 419 218 42 1176 840 445 485 550 435 940 1052 881 1047 1095 902 1070 834 352 1296 781 510 491 876 222 921 205 477 461 412 792 171 114 868 627 265 691 1017 387 326 437 457 347 849 1027 848 438 442 666 237 539 589 58 464 922 937 0 1005 483 468 614 401 613 739 995 943
716 626 716 873 1261 948 514 893 227 672 754 991 845 749 1031 1030 302 340 823 920 728 720 218 995 1358 1339 951 307 370 1011 992 649 766 1410 658 411 1090 504 853 710 907 915 256 997 892 1009 1272 803 541 415 898 899 1017 1423 1292 430 1472 514 655 728 373 1054 514 418 1001 694 430 714 1005 0 595 756 415 825 738 485 862 1202
509 354 509 412 1202 674 569 723 404 506 199 750 384 493 607 520 841 583 581 682 586 480 476 1091 1174 1263 1096 425 796 962 652 1078 786 975 88 657 650 744 426 507 658 631 466 420 387 982 980 229 567 777 602 562 429 940 711 366 1316 372 409 493 384 466 359 271 504 480 707 868 483 595 0 542 343 550 642 574 985 1131
42 192 42 318 659 191 297 181 718 85 455 240 312 56 350 462 821 473 66 167 82 62 798 601 651 720 634 808 677 426 252 856 314 684 616 474 409 487 266 47 151 161 501 590 389 451 517 501 267 609 151 179 802 735 815 824 786 867 137 49 388 669 260 398 424 70 510 469 468 756 542 0 358 84 144 330 530 588
316 210 316 469 959 546 237 521 361 281 410 599 443 340 617 633 563 249 422 526 353 313 440 783 999 1030 775 457 477 705 579 744 488 995 431 316 676 401 443 311 509 509 178 644 500 716 875 467 244 444 490 485 749 1011 933 496 1127 555 242 322 52 715 101 75 601 290 366 537 614 415 343 358 0 417 387 235 666 891
114 224 114 261 668 133 380 191 769 164 433 201 262 76 266 390 902 553 44 132 161 104 851 653 625 722 693 853 761 453 171 939 381 603 615 557 325 571 208 121 108 92 571 536 335 483 461 472 351 693 73 96 765 651 744 857 766 894 176 97 452 615 316 445 353 131 594 545 401 825 550 84 417 0 216 413 593 597
151 291 151 463 574 268 229 160 743 137 584 276 456 197 480 605 748 417 178 220 65 191 818 464 622 644 491 843 590 324 359 734 169 780 723 392 536 379 410 150 222 258 485 733 533 341 552 634 199 514 263 309 939 848 959 880 744 934 239 180 398 813 306 446 568 174 418 328 613 738 642 144 387 216 0 262 386 506
299 315 299 581 783 510 33 422 533 249 602 534 562 350 670 745 493 154 393 471 272 325 598 561 874 859 544 642 347 529 582 558 288 1014 662 144 731 186 538 293 465 488 246 812 635 531 813 659 65 283 481 506 958 1063 1081 706 987 774 301 324 211 889 229 311 709 293 185 302 739 485 574 330 235 413 262 0 437 720
536 657 536 848 458 593 428 443 961 511 960 554 842 583 838 983 725 533 550 540 451 576 1018 133 662 537 110 1071 553 285 698 520 216 1063 1071 452 888 359 795 534 556 604 666 1119 919 254 748 1013 422 476 621 677 1319 1163 1337 1143 721 1212 612 565 648 1199 626 740 946 555 433 147 995 862 985 530 666 593 386 437 0 423
622 778 622 839 71 506 695 409 1242 632 1030 428 848 639 734 915 1124 861 558 473 551 651 1313 334 256 139 423 1345 949 190 591 943 436 802 1204 801 760 731 791 624 499 543 965 1104 912 194 446 1069 672 868 572 631 1352 933 1240 1386 298 1439 722 637 898 1178 812 952 885 651 800 536 943 1202 1131 588 891 597 506 720 423 0
