0 323 735 1123 737 733 610 382 230 1531 1058 402 284 646 383 1582
323 0 716 1269 593 994 287 656 488 1447 887 483 165 611 658 1897
735 716 0 1857 1309 1416 831 656 609 801 484 1116 852 1311 657 2060
1123 1269 1857 0 964 574 1434 1322 1276 2654 2148 785 1105 759 1322 1319
737 593 1309 964 0 994 578 1116 967 2009 1408 445 482 229 1117 1994
733 994 1416 574 994 0 1242 806 807 2215 1788 593 856 770 805 1000
610 287 831 1434 578 1242 0 932 766 1450 835 676 387 697 934 2174
382 656 656 1322 1116 806 932 0 167 1431 1103 738 662 1004 1 1418
230 488 609 1276 967 807 766 167 0 1407 1013 618 501 873 169 1527
1531 1447 801 2654 2009 2215 1450 1431 1407 0 628 1895 1603 2058 1432 2773
1058 887 484 2148 1408 1788 835 1103 1013 628 0 1365 1051 1486 1105 2521
402 483 1116 785 445 593 676 738 618 1895 1365 0 319 272 738 1579
284 165 852 1105 482 856 387 662 501 1603 1051 319 0 459 664 1792
646 611 1311 759 229 770 697 1004 873 2058 1486 272 459 0 1005 1769
383 658 657 1322 1117 805 934 1 169 1432 1105 738 664 1005 0 1416
1582 1897 2060 1319 1994 1000 2174 1418 1527 2773 2521 1579 1792 1769 1416 0
