0 1066 645 557 291 1242 950 684 851 149 762 959 44 1310 406 522
1066 0 1703 587 989 2079 744 1735 1141 1057 1670 1807 1048 2064 811 1118
645 1703 0 1151 847 1117 1541 59 1300 651 457 912 673 1267 944 961
557 587 1151 0 624 1748 873 1175 1049 501 1083 1463 556 1784 224 849
291 989 847 624 0 1132 695 896 561 427 1043 848 247 1159 572 251
1242 2079 1117 1748 1132 0 1503 1167 1046 1373 1570 285 1223 194 1645 961
950 744 1541 873 695 1503 0 1591 464 1044 1710 1269 909 1440 1000 635
684 1735 59 1175 896 1167 1591 0 1357 678 415 967 714 1320 964 1016
851 1141 1300 1049 561 1046 464 1357 0 988 1580 828 807 976 1083 347
149 1057 651 501 427 1373 1044 678 988 0 673 1093 188 1449 308 667
762 1670 457 1083 1043 1570 1710 415 1580 673 0 1350 805 1713 859 1233
959 1807 912 1463 848 285 1269 967 828 1093 1350 0 939 369 1360 691
44 1048 673 556 247 1223 909 714 807 188 805 939 0 1286 421 479
1310 2064 1267 1784 1159 194 1440 1320 976 1449 1713 369 1286 0 1702 958
406 811 944 224 572 1645 1000 964 1083 308 859 1360 421 1702 0 821
522 1118 961 849 251 961 635 1016 347 667 1233 691 479 958 821 0
