0 385 902 618 1389 1359 629 1448 1354 1362 956 1255 1507 1311 536 583
385 0 1034 577 1027 1623 489 1394 1739 990 1057 1598 1891 1613 296 938
902 1034 0 515 1961 2085 1480 2346 1559 1579 1847 972 1727 1966 845 711
618 577 515 0 1447 1966 1061 1961 1736 1100 1552 1338 1904 1898 337 815
1389 1027 1961 1447 0 2257 934 1357 2698 718 1499 2626 2834 2333 1119 1963
1359 1623 2085 1966 2257 0 1359 1262 1116 2562 769 1734 1119 217 1872 1397
629 489 1480 1061 934 1359 0 905 1792 1225 658 1858 1918 1411 779 1190
1448 1394 2346 1961 1357 1262 905 0 2177 1941 638 2510 2247 1434 1683 1904
1354 1739 1559 1736 2698 1116 1792 2177 0 2708 1545 779 169 900 1843 921
1362 990 1579 1100 718 2562 1225 1941 2708 0 1882 2430 2866 2581 875 1837
956 1057 1847 1552 1499 769 658 638 1545 1882 0 1887 1624 886 1348 1313
1255 1598 972 1338 2626 1734 1858 2510 779 2430 1887 0 918 1543 1572 672
1507 1891 1727 1904 2834 1119 1918 2247 169 2866 1624 918 0 902 2004 1090
1311 1613 1966 1898 2333 217 1411 1434 900 2581 886 1543 902 0 1841 1262
536 296 845 337 1119 1872 779 1683 1843 875 1348 1572 2004 1841 0 962
583 938 711 815 1963 1397 1190 1904 921 1837 1313 672 1090 1262 962 0
