0 107 1104 326 511 116 1671 1262 1646 1391 304 1706 401 445 1482 336
107 0 1203 401 556 18 1767 1158 1544 1288 312 1608 499 391 1502 254
1104 1203 0 832 1249 1216 1302 2242 2747 2349 1051 2810 704 1275 2064 1313
326 401 832 0 740 417 1644 1427 1924 1542 234 1998 168 472 1723 482
511 556 1249 740 0 545 1343 1601 1739 1739 810 1746 696 946 984 807
116 18 1216 417 545 0 1766 1155 1532 1286 330 1594 512 404 1487 262
1671 1767 1302 1644 1343 1766 0 2913 3062 3047 1855 3048 1482 2078 1438 2005
1262 1158 2242 1427 1601 1155 2913 0 871 140 1196 1037 1584 967 2283 955
1646 1544 2747 1924 1739 1532 3062 871 0 917 1735 179 2043 1565 2034 1464
1391 1288 2349 1542 1739 1286 3047 140 917 0 1309 1091 1702 1075 2420 1077
304 312 1051 234 810 330 1855 1196 1735 1309 0 1822 401 237 1786 271
1706 1608 2810 1998 1746 1594 3048 1037 179 1091 1822 0 2107 1668 1951 1554
401 499 704 168 696 512 1482 1584 2043 1702 401 2107 0 638 1660 631
445 391 1275 472 946 404 2078 967 1565 1075 237 1668 638 0 1888 170
1482 1502 2064 1723 984 1487 1438 2283 2034 2420 1786 1951 1660 1888 0 1729
336 254 1313 482 807 262 2005 955 1464 1077 271 1554 631 170 1729 0
