0 795 62 748 1325 713 30 109 33 1679 1133 1025 1290 348 1574 260 1067
795 0 774 1420 2046 1439 773 685 777 894 1792 1181 535 524 780 568 654
62 774 0 805 1315 701 36 105 30 1665 1110 964 1281 363 1554 271 1015
748 1420 805 0 1371 948 778 827 780 2213 1357 1698 1806 897 2155 870 1811
1325 2046 1315 1371 0 614 1333 1420 1327 2936 331 1350 2576 1673 2800 1583 1977
713 1439 701 948 614 0 719 806 713 2333 443 973 1966 1060 2203 970 1451
30 773 36 778 1333 719 0 90 7 1660 1134 1000 1273 341 1553 250 1037
109 685 105 827 1420 806 90 0 95 1570 1215 1013 1183 258 1465 165 984
33 777 30 780 1327 713 7 95 0 1664 1127 995 1278 347 1557 256 1036
1679 894 1665 2213 2936 2333 1660 1570 1664 0 2671 1916 407 1366 193 1433 1183
1133 1792 1110 1357 331 443 1134 1215 1127 2671 0 1020 2327 1473 2525 1381 1666
1025 1181 964 1698 1350 973 1000 1013 995 1916 1020 0 1667 1190 1738 1118 754
1290 535 1281 1806 2576 1966 1273 1183 1278 407 2327 1667 0 967 384 1038 1001
348 524 363 897 1673 1060 341 258 347 1366 1473 1190 967 0 1281 92 990
1574 780 1554 2155 2800 2203 1553 1465 1557 193 2525 1738 384 1281 0 1340 998
260 568 271 870 1583 970 250 165 256 1433 1381 1118 1038 92 1340 0 973
1067 654 1015 1811 1977 1451 1037 984 1036 1183 1666 754 1001 990 998 973 0
