0 121 742 920 1577 846 1673 382 1494 319 110 643 1509 292 948 1287
121 0 705 844 1531 820 1704 475 1559 430 15 529 1570 404 1029 1173
742 705 0 1415 2160 1501 1147 1106 2231 1007 697 584 1180 981 1672 978
920 844 1415 0 755 400 2519 971 1497 1045 860 893 2414 1033 1212 1258
1577 1531 2160 755 0 748 3235 1476 1405 1588 1546 1649 3084 1587 1424 1946
846 820 1501 400 748 0 2518 734 1099 842 833 1087 2343 840 835 1575
1673 1704 1147 2519 3235 2518 0 1908 2943 1780 1690 1731 450 1767 2376 2004
382 475 1106 971 1476 734 1908 0 1126 127 472 999 1666 142 567 1638
1494 1559 2231 1497 1405 1099 2943 1126 0 1234 1562 2026 2619 1257 574 2610
319 430 1007 1045 1588 842 1780 127 1234 0 423 960 1540 27 666 1604
110 15 697 860 1546 833 1690 472 1562 423 0 536 1555 397 1029 1180
643 529 584 893 1649 1087 1731 999 2026 960 536 0 1735 933 1532 644
1509 1570 1180 2414 3084 2343 450 1666 2619 1540 1555 1735 0 1532 2070 2136
292 404 981 1033 1587 840 1767 142 1257 27 397 933 1532 0 691 1577
948 1029 1672 1212 1424 835 2376 567 574 666 1029 1532 2070 691 0 2151
1287 1173 978 1258 1946 1575 2004 1638 2610 1604 1180 644 2136 1577 2151 0
