0 1235 113 1704 557 1718 1102 393 237 1518 710 1363 879 1727 694 605
1235 0 1254 2810 1326 518 1035 946 1010 805 1875 839 1972 2492 1412 1663
113 1254 0 1631 445 1749 1023 477 245 1473 645 1309 796 1618 581 693
1704 2810 1631 0 1492 3327 2081 2097 1863 2696 994 2492 844 944 1435 1797
557 1326 445 1492 0 1845 716 838 527 1281 655 1086 675 1255 140 1116
1718 518 1749 3327 1845 0 1501 1385 1504 1108 2381 1219 2487 2998 1930 2074
1102 1035 1023 2081 716 1501 0 1158 920 616 1366 411 1345 1539 692 1707
393 946 477 2097 838 1385 1158 0 311 1419 1103 1306 1271 2076 977 720
237 1010 245 1863 527 1504 920 311 0 1292 885 1145 1021 1772 665 805
1518 805 1473 2696 1281 1108 616 1419 1292 0 1935 205 1941 2125 1287 2091
710 1875 645 994 655 2381 1366 1103 885 1935 0 1742 224 1206 682 906
1363 839 1309 2492 1086 1219 411 1306 1145 205 1742 0 1741 1928 1086 1950
879 1972 796 844 675 2487 1345 1271 1021 1941 224 1741 0 984 655 1130
1727 2492 1618 944 1255 2998 1539 2076 1772 2125 1206 1928 984 0 1128 2102
694 1412 581 1435 140 1930 692 977 665 1287 682 1086 655 1128 0 1239
605 1663 693 1797 1116 2074 1707 720 805 2091 906 1950 1130 2102 1239 0
