0 1541 437 598 1331 669 438 1154 679 477 1611 257 1492 646 291 179
1541 0 1967 1589 2016 2182 1154 820 1529 2014 984 1329 1356 1826 1540 1529
437 1967 0 859 1299 396 826 1579 968 66 2025 642 1856 565 484 449
598 1589 859 0 1925 788 841 917 115 854 1283 745 1023 1240 885 773
1331 2016 1299 1925 0 1689 1211 2158 1995 1357 2615 1210 2670 737 1040 1152
669 2182 396 788 1689 0 1106 1658 903 333 2061 922 1807 961 836 767
438 1154 826 841 1211 1106 0 975 871 879 1445 186 1458 727 388 378
1154 820 1579 917 2158 1658 975 0 824 1604 471 1064 597 1688 1309 1240
679 1529 968 115 1995 903 871 824 0 965 1174 797 907 1325 959 850
477 2014 66 854 1357 333 879 1604 965 0 2045 694 1861 627 547 506
1611 984 2025 1283 2615 2061 1445 471 1174 2045 0 1534 468 2158 1778 1706
257 1329 642 745 1210 922 186 1064 797 694 1534 0 1491 626 245 201
1492 1356 1856 1023 2670 1807 1458 597 907 1861 468 1491 0 2108 1719 1626
646 1826 565 1240 737 961 727 1688 1325 627 2158 626 2108 0 389 485
291 1540 484 885 1040 836 388 1309 959 547 1778 245 1719 389 0 111
179 1529 449 773 1152 767 378 1240 850 506 1706 201 1626 485 111 0
