0 1032 1314 578 1082 1266 1528 1520 12 222 889 1089 1450 750 1069 1164
1032 0 488 703 1401 2230 1015 2454 1023 945 1402 2120 1076 863 1931 1773
1314 488 0 801 1272 2357 572 2817 1302 1156 1364 2381 683 1333 2319 1721
578 703 801 0 761 1569 949 2095 566 377 708 1591 879 993 1645 1076
1082 1401 1272 761 0 1334 1017 2364 1073 879 262 1676 842 1716 2042 483
1266 2230 2357 1569 1334 0 2299 1432 1271 1288 1100 678 2143 1965 1426 920
1528 1015 572 949 1017 2299 0 3040 1515 1320 1206 2484 184 1777 2594 1500
1520 2454 2817 2095 2364 1432 3040 0 1533 1720 2104 769 2946 1719 544 2145
12 1023 1302 566 1073 1271 1515 1533 0 211 881 1099 1438 751 1081 1159
222 945 1156 377 879 1288 1320 1720 211 0 711 1225 1235 872 1285 1023
889 1402 1364 708 262 1100 1206 2104 881 711 0 1413 1044 1579 1797 371
1089 2120 2381 1591 1676 678 2484 769 1099 1225 1413 0 2361 1608 780 1398
1450 1076 683 879 842 2143 184 2946 1438 1235 1044 2361 0 1777 2519 1324
750 863 1333 993 1716 1965 1777 1719 751 872 1579 1608 1777 0 1175 1894
1069 1931 2319 1645 2042 1426 2594 544 1081 1285 1797 780 2519 1175 0 1924
1164 1773 1721 1076 483 920 1500 2145 1159 1023 371 1398 1324 1894 1924 0
