0 514 1560 406 721 1494 806 716 33 760 612 1480 1162 1058 1141 1729
514 0 1087 424 743 1055 524 1207 547 671 98 1796 1663 1560 1023 1639
1560 1087 0 1245 1730 189 852 2276 1592 1102 994 2350 2601 2506 1814 2341
406 424 1245 0 1011 1149 422 1087 429 359 483 1373 1362 1264 1374 1989
721 743 1730 1011 0 1743 1263 972 729 1352 800 2191 1674 1574 439 1008
1494 1055 189 1149 1743 0 737 2211 1525 964 970 2185 2488 2396 1871 2424
806 524 852 422 1263 737 0 1507 834 279 499 1568 1752 1659 1541 2154
716 1207 2276 1087 972 2211 1507 0 685 1401 1305 1561 750 663 1382 1819
33 547 1592 429 729 1525 834 685 0 779 645 1466 1131 1026 1154 1737
760 671 1102 359 1352 964 279 1401 779 0 683 1288 1540 1453 1685 2303
612 98 994 483 800 970 499 1305 645 683 0 1856 1757 1654 1043 1655
1480 1796 2350 1373 2191 2185 1568 1561 1466 1288 1856 0 1034 1038 2620 3193
1162 1663 2601 1362 1674 2488 1752 750 1131 1540 1757 1034 0 104 2104 2568
1058 1560 2506 1264 1574 2396 1659 663 1026 1453 1654 1038 104 0 2005 2477
1141 1023 1814 1374 439 1871 1541 1382 1154 1685 1043 2620 2104 2005 0 617
1729 1639 2341 1989 1008 2424 2154 1819 1737 2303 1655 3193 2568 2477 617 0
