0 540 824 1274 778 400 330 1216 1478 615 1407 1404 1401 222 1359 1300
540 0 845 1300 1172 718 530 1754 1669 850 1938 1209 1468 659 819 1175
824 845 0 468 1583 1222 1109 1724 2300 1432 1952 2045 625 669 1338 500
1274 1300 468 0 2006 1675 1572 1997 2753 1888 2230 2507 182 1093 1662 357
778 1172 1583 2006 0 453 642 908 824 394 985 1305 2107 916 1929 2072
400 718 1222 1675 453 0 189 1174 1078 217 1315 1129 1801 601 1487 1688
330 530 1109 1572 642 189 0 1327 1206 341 1482 1083 1710 552 1300 1552
1216 1754 1724 1997 908 1174 1327 0 1591 1248 232 2209 2022 1175 2573 2207
1478 1669 2300 2753 824 1078 1206 1591 0 870 1569 1060 2873 1666 2231 2758
615 850 1432 1888 394 217 341 1248 870 0 1357 979 2017 819 1557 1888
1407 1938 1952 2230 985 1315 1482 232 1569 1357 0 2288 2254 1386 2755 2438
1404 1209 2045 2507 1305 1129 1083 2209 1060 979 2288 0 2670 1624 1393 2375
1401 1468 625 182 2107 1801 1710 2022 2873 2017 2254 2670 0 1207 1843 514
222 659 669 1093 916 601 552 1175 1666 819 1386 1624 1207 0 1452 1165
1359 819 1338 1662 1929 1487 1300 2573 2231 1557 2755 1393 1843 1452 0 1376
1300 1175 500 357 2072 1688 1552 2207 2758 1888 2438 2375 514 1165 1376 0
