0 635 1335 597 1649 471 495 564 955 232 1536 599 452 1538 354 1222
635 0 917 960 1196 710 498 556 1038 549 936 637 1066 1974 369 1738
1335 917 0 1207 317 1024 859 1472 879 1378 599 1552 1606 1995 1240 2554
597 960 1207 0 1511 254 486 1138 473 820 1623 1185 498 1015 874 1616
1649 1196 317 1511 0 1338 1176 1752 1147 1683 595 1832 1921 2240 1536 2866
471 710 1024 254 1338 0 233 951 484 660 1391 1007 585 1264 670 1632
495 498 859 486 1176 233 0 843 569 611 1169 911 759 1487 556 1715
564 556 1472 1138 1752 951 843 0 1405 331 1442 80 978 2102 288 1268
955 1038 879 473 1147 484 569 1405 0 1137 1406 1469 970 1121 1117 2079
232 549 1378 820 1683 660 611 331 1137 0 1485 366 657 1770 187 1196
1536 936 599 1623 595 1391 1169 1442 1406 1485 0 1517 1914 2524 1306 2674
599 637 1552 1185 1832 1007 911 80 1469 366 1517 0 992 2133 356 1207
452 1066 1606 498 1921 585 759 978 970 657 1914 992 0 1177 806 1123
1538 1974 1995 1015 2240 1264 1487 2102 1121 1770 2524 2133 1177 0 1864 2099
354 369 1240 874 1536 670 556 288 1117 187 1306 356 806 1864 0 1368
1222 1738 2554 1616 2866 1632 1715 1268 2079 1196 2674 1207 1123 2099 1368 0
