0 301 839 559 424 328 208 228 522 14 676 343 505 154 539 758 42 426 154 851 318 429 64 767 412 805 548 227 205 200 169 417 814 263 860 368 331 457 117 854 827 127 818 489 193 233 771 728 567 390 32 814 617 570 740 446 140 124 401 17 862 781 66 75 347 538 704 656 170 497 180 304 736 300 750 854 368 593
301 0 1075 855 543 596 162 526 536 314 793 331 748 351 839 789 259 629 454 615 612 431 278 584 707 974 679 513 495 271 353 690 1048 559 1147 550 37 757 184 1065 982 176 634 346 108 486 814 561 580 528 306 864 402 271 440 695 315 336 151 300 868 1026 353 267 79 533 568 364 146 779 449 547 602 582 750 1005 509 811
839 1075 0 456 582 514 1043 745 728 836 470 1172 983 728 669 689 872 448 767 1680 571 1241 901 1607 738 1339 485 801 792 1033 723 439 1172 619 917 1048 1086 667 925 1271 333 944 1192 977 985 889 1501 1568 1353 1114 860 1530 1141 1328 1486 393 954 749 1081 853 1617 1113 840 913 1073 1339 1541 1328 993 397 855 920 1572 555 1521 1413 588 1090
559 855 456 0 578 291 761 373 764 549 667 831 534 528 213 871 601 414 427 1395 243 876 604 1286 296 885 585 419 421 710 534 211 719 296 512 637 880 218 673 816 668 686 1214 914 748 503 1077 1240 961 712 565 1101 1078 1126 1296 282 625 532 923 566 1198 661 527 617 886 958 1197 1187 730 130 490 511 1224 281 1113 959 539 638
424 543 582 578 0 310 572 510 185 431 258 752 845 269 702 350 433 170 470 1158 415 846 485 1121 648 1189 136 553 530 614 255 367 1136 407 1055 773 544 637 448 1201 438 470 649 395 480 612 1196 1092 990 808 456 1238 561 768 916 302 565 299 512 442 1286 1089 468 492 519 958 1085 748 512 451 556 676 1119 352 1173 1248 60 951
328 596 514 291 310 0 536 259 490 324 477 658 572 249 392 643 364 181 260 1178 110 729 388 1095 349 933 364 314 298 518 252 94 843 126 744 564 615 328 426 919 565 443 926 623 494 396 1017 1055 848 621 347 1052 786 864 1031 124 440 260 643 341 1125 793 325 400 614 830 1026 907 491 186 353 443 1057 53 1023 998 261 683
208 162 1043 761 572 536 0 404 615 215 830 195 590 324 714 868 171 615 337 643 524 298 157 565 574 813 707 380 365 109 334 625 887 468 1003 388 199 634 125 903 1001 103 787 480 109 337 679 530 449 366 196 727 559 394 560 651 164 299 310 198 747 866 235 144 238 408 514 518 60 705 309 393 548 508 629 847 525 650
228 526 745 373 510 259 404 0 659 214 722 458 335 293 313 860 268 429 73 1024 174 508 251 912 185 684 600 56 48 339 308 308 632 133 634 307 557 231 343 692 824 349 1022 694 418 144 762 867 608 369 220 795 836 790 959 378 254 276 629 226 873 590 173 263 575 598 825 884 385 356 117 184 853 206 776 746 450 441
522 536 728 764 185 490 615 659 0 532 302 809 992 379 880 254 516 354 607 1127 590 910 572 1119 814 1320 242 694 670 683 363 553 1292 573 1234 889 524 811 504 1350 510 524 472 275 509 739 1280 1097 1060 911 553 1325 424 708 835 487 655 405 455 538 1359 1249 579 575 488 1021 1103 646 556 636 682 808 1138 527 1242 1374 229 1093
14 314 836 549 431 324 215 214 532 0 681 342 491 161 526 767 54 428 141 858 309 426 64 771 398 793 554 213 191 199 177 411 800 254 846 357 343 444 129 841 829 138 832 503 205 220 764 731 563 380 25 806 632 582 752 443 135 132 415 17 857 767 52 76 361 535 705 669 180 490 166 291 737 293 745 843 374 580
676 793 470 667 258 477 830 722 302 681 0 1009 1049 522 841 224 689 296 698 1403 587 1102 739 1375 825 1406 127 772 752 870 509 488 1319 599 1177 1009 789 793 706 1397 207 728 735 577 737 842 1444 1347 1244 1051 707 1484 725 998 1133 399 817 552 740 694 1539 1268 714 746 760 1213 1342 948 770 538 789 901 1376 530 1427 1469 309 1159
343 331 1172 831 752 658 195 458 809 342 1009 0 520 489 733 1060 322 770 413 579 615 102 278 454 587 664 883 413 410 143 502 737 785 562 968 293 365 662 307 780 1169 287 965 671 305 337 485 408 254 238 317 534 732 479 622 781 217 460 482 327 551 776 332 268 410 212 370 641 253 803 341 362 400 619 433 687 700 549
505 748 983 534 845 572 590 335 992 491 1049 520 0 617 338 1195 533 752 385 1080 465 502 489 927 246 364 930 297 321 485 633 588 308 449 455 227 784 316 595 357 1128 590 1324 995 656 273 565 875 516 294 481 581 1117 974 1131 674 433 595 883 494 690 278 439 495 817 535 812 1109 604 593 325 204 829 519 626 434 786 111
154 351 728 528 269 249 324 293 379 161 522 489 617 0 568 606 167 291 233 953 293 580 216 889 469 941 395 320 296 348 16 344 922 250 913 512 368 489 201 974 680 221 733 408 257 360 926 854 721 541 186 968 561 616 782 344 295 29 395 172 1017 883 203 224 365 690 838 660 269 435 303 429 871 246 904 995 213 715
539 839 669 213 702 392 714 313 880 526 841 733 338 568 0 1028 580 560 385 1312 291 755 564 1182 145 675 743 334 348 637 580 354 506 320 353 489 870 81 656 602 870 662 1297 977 731 397 899 1133 814 566 533 917 1129 1103 1272 442 556 560 937 539 1023 449 486 576 887 821 1081 1195 698 313 407 376 1104 353 949 751 652 434
758 789 689 871 350 643 868 860 254 767 224 1060 1195 606 1028 0 758 468 820 1368 753 1160 813 1369 991 1539 286 903 880 931 590 676 1483 752 1374 1118 775 971 754 1551 385 774 557 495 762 960 1526 1349 1309 1148 790 1570 607 943 1054 592 896 635 697 775 1608 1435 809 818 737 1272 1357 854 808 740 903 1025 1391 691 1492 1597 410 1301
42 259 872 601 433 364 171 268 516 54 689 322 533 167 580 758 0 451 195 814 359 413 55 735 452 821 562 263 243 180 180 455 842 305 898 381 289 499 75 878 847 85 790 462 151 260 767 697 556 395 53 811 585 528 698 480 138 138 363 42 853 811 99 59 307 524 676 615 129 537 210 330 708 339 740 868 380 617
426 629 448 414 170 181 615 429 354 428 296 770 752 291 560 468 451 0 413 1240 292 854 491 1180 531 1111 184 481 463 627 283 209 1025 303 907 725 639 503 492 1100 405 512 820 552 544 557 1171 1145 985 774 454 1209 720 880 1038 133 560 316 633 443 1273 974 449 502 625 961 1127 885 560 284 507 611 1159 234 1165 1175 150 863
154 454 767 427 470 260 337 73 607 141 698 413 385 233 385 820 195 413 0 968 202 474 181 863 258 719 572 87 63 284 248 328 689 149 707 312 484 303 270 742 816 277 955 626 346 144 760 819 588 362 148 796 764 720 889 385 199 212 556 153 865 650 103 194 502 571 783 811 314 390 94 205 812 213 762 777 410 485
851 615 1680 1395 1158 1178 643 1024 1127 858 1403 579 1080 953 1312 1368 814 1240 968 0 1164 578 797 180 1166 1107 1294 986 979 685 958 1269 1301 1108 1535 856 614 1239 755 1264 1597 737 1018 876 696 915 758 228 606 785 837 800 815 431 386 1291 770 931 672 841 715 1307 870 783 643 567 305 575 688 1348 912 941 310 1152 642 1095 1125 1082
318 612 571 243 415 110 524 174 590 309 587 615 465 293 291 753 359 292 202 1164 0 675 367 1065 238 828 475 230 220 484 301 134 733 55 644 480 637 221 431 809 665 444 1009 694 505 318 935 1022 782 543 327 967 852 883 1052 211 400 292 683 326 1047 683 293 380 644 769 986 947 489 188 285 354 1015 63 950 895 362 576
429 431 1241 876 846 729 298 508 910 426 1102 102 502 580 755 1160 413 854 474 578 675 0 365 430 612 591 976 457 459 232 593 802 739 624 957 279 464 691 406 721 1256 386 1063 773 407 372 383 379 151 207 400 432 829 552 681 854 293 550 581 412 449 738 407 356 509 111 325 723 355 862 391 379 349 686 332 606 793 510
64 278 901 604 485 388 157 251 572 64 739 278 489 216 564 813 55 491 181 797 367 365 0 707 429 767 611 235 217 135 230 474 796 312 869 327 311 483 106 829 891 104 838 512 174 217 713 667 505 339 41 756 628 539 708 508 82 186 397 48 801 767 78 13 336 475 640 641 134 551 173 285 672 356 688 813 430 568
767 584 1607 1286 1121 1095 565 912 1119 771 1375 454 927 889 1182 1369 735 1180 863 180 1065 430 707 0 1037 929 1258 868 864 581 897 1180 1131 1010 1382 709 594 1114 688 1090 1558 667 1087 894 641 790 577 52 434 634 748 619 865 478 495 1214 664 864 678 754 537 1141 774 694 632 399 126 652 620 1252 796 806 129 1062 461 915 1080 919
412 707 738 296 648 349 574 185 814 398 825 587 246 469 145 991 452 531 258 1166 238 612 429 1037 0 608 714 194 211 493 482 348 494 241 449 351 739 82 526 573 889 531 1202 875 600 251 781 988 678 428 401 804 1020 966 1134 437 413 455 814 409 903 444 354 440 759 681 937 1067 563 347 265 233 961 299 822 679 592 355
805 974 1339 885 1189 933 813 684 1320 793 1406 664 364 941 675 1539 821 1111 719 1107 828 591 767 929 608 0 1284 637 659 706 957 952 265 807 622 440 1011 672 864 177 1492 852 1596 1276 907 581 387 879 504 446 775 370 1372 1141 1272 1037 691 915 1123 790 497 309 743 769 1051 550 803 1305 849 954 638 513 805 879 497 75 1129 252
548 679 485 585 136 364 707 600 242 554 127 883 930 395 743 286 562 184 572 1294 475 976 611 1258 714 1284 0 649 628 743 382 390 1208 481 1087 883 679 688 582 1281 303 604 710 501 617 717 1316 1228 1116 924 579 1357 660 898 1041 305 689 425 641 566 1411 1158 586 619 653 1086 1220 865 647 454 663 777 1254 415 1299 1346 183 1039
227 513 801 419 553 314 380 56 694 213 772 413 297 320 334 903 263 481 87 986 230 457 235 868 194 637 649 0 24 304 336 364 602 189 635 251 546 256 336 655 879 338 1039 709 408 88 705 821 554 313 211 739 844 772 939 434 221 299 627 221 817 564 164 246 569 544 778 876 369 410 74 130 804 262 720 697 493 399
205 495 792 421 530 298 365 48 670 191 752 410 321 296 348 880 243 463 63 979 220 459 217 864 211 659 628 24 0 294 312 354 626 176 655 265 528 268 316 679 862 319 1015 686 389 98 719 818 561 324 191 753 821 756 924 420 210 275 606 200 829 588 143 228 549 549 777 856 351 404 68 149 804 247 729 719 470 422
200 271 1033 710 614 518 109 339 683 199 870 143 485 348 637 931 180 627 284 685 484 232 135 581 493 706 743 304 294 0 361 600 779 429 909 279 308 560 179 793 1026 161 891 578 203 245 597 538 378 260 174 643 666 491 652 640 85 318 417 184 677 759 193 125 346 344 507 625 145 671 230 294 539 482 561 742 560 541
169 353 723 534 255 252 334 308 363 177 509 502 633 16 580 590 180 283 248 958 301 593 230 897 482 957 382 336 312 361 0 346 938 261 926 528 369 501 209 990 669 230 720 396 262 376 941 863 735 557 201 984 551 616 781 342 310 45 391 187 1031 898 219 237 364 704 848 655 277 439 319 445 881 253 918 1011 199 731
417 690 439 211 367 94 625 308 553 411 488 737 588 344 354 676 455 209 328 1269 134 802 474 1180 348 952 390 364 354 600 346 0 837 179 697 614 710 306 518 920 540 535 1003 708 588 452 1069 1139 914 677 433 1101 874 959 1126 90 519 354 737 428 1182 783 407 487 709 899 1107 1001 582 93 416 488 1137 118 1084 1021 327 700
814 1048 1172 719 1136 843 887 632 1292 800 1319 785 308 922 506 1483 842 1025 689 1301 733 739 796 1131 494 265 1208 602 626 779 938 837 0 730 364 502 1085 532 902 109 1371 896 1632 1303 961 581 636 1079 697 547 790 626 1424 1258 1407 927 736 901 1187 803 754 59 748 802 1119 733 1007 1404 907 815 634 511 1016 793 735 332 1078 238
263 559 619 296 407 126 468 133 573 254 599 562 449 250 320 752 305 303 149 1108 55 624 312 1010 241 807 481 189 176 429 261 179 730 0 670 440 585 243 377 800 692 389 977 657 451 274 894 967 734 500 272 928 812 830 1000 244 346 246 635 271 1005 683 237 325 593 720 932 898 434 242 236 317 962 73 905 872 350 559
860 1147 917 512 1055 744 1003 634 1234 846 1177 968 455 913 353 1374 898 907 707 1535 644 957 869 1382 449 622 1087 635 655 909 926 697 364 670 0 680 1181 426 971 471 1176 973 1645 1322 1043 666 963 1330 964 750 846 963 1469 1397 1561 782 839 902 1261 856 1087 313 799 880 1204 988 1266 1511 1001 638 698 615 1282 707 1047 693 1005 478
368 550 1048 637 773 564 388 307 889 357 1009 293 227 512 489 1118 381 725 312 856 480 279 327 709 351 440 883 251 265 279 528 614 502 440 680 0 587 433 424 515 1127 414 1159 837 472 168 455 658 326 77 337 488 939 756 909 685 252 484 694 352 569 488 309 329 624 332 599 901 415 652 219 128 620 512 477 486 714 264
331 37 1086 880 544 615 199 557 524 343 789 365 784 368 870 775 289 639 484 614 637 464 311 594 739 1011 679 546 528 308 369 710 1085 585 1181 587 0 788 214 1102 982 208 599 320 138 521 847 574 611 565 337 896 366 248 416 711 352 355 116 330 897 1062 384 301 45 564 585 329 181 800 483 584 620 604 780 1042 513 849
457 757 667 218 637 328 634 231 811 444 793 662 316 489 81 971 499 503 303 1239 221 691 483 1114 82 672 688 256 268 560 501 306 532 243 426 433 788 0 574 620 839 581 1220 898 649 325 862 1065 760 510 451 884 1049 1022 1191 396 478 480 855 457 984 478 405 495 805 762 1016 1113 617 285 330 313 1040 285 904 745 584 422
117 184 925 673 448 426 125 343 504 129 706 307 595 201 656 754 75 492 270 755 431 406 106 688 526 864 582 336 316 179 209 518 902 377 971 424 214 574 0 932 876 21 735 412 75 323 777 654 555 426 124 823 522 454 623 535 172 176 292 117 854 873 172 99 233 518 639 541 68 603 278 391 673 405 738 906 400 672
854 1065 1271 816 1201 919 903 692 1350 841 1397 780 357 974 602 1551 878 1100 742 1264 809 721 829 1090 573 177 1281 655 679 793 990 920 109 800 471 515 1102 620 932 0 1459 924 1667 1340 985 621 563 1038 658 545 828 548 1452 1258 1400 1010 761 951 1209 842 675 167 789 833 1139 699 964 1413 929 905 676 550 969 867 671 234 1142 261
827 982 333 668 438 565 1001 824 510 829 207 1169 1128 680 870 385 847 405 816 1597 665 1256 891 1558 889 1492 303 879 862 1026 669 540 1371 692 1176 1127 982 839 876 1459 0 897 931 784 916 958 1576 1527 1390 1179 855 1613 932 1199 1338 454 964 709 941 844 1678 1316 853 901 956 1364 1516 1154 943 557 910 1009 1550 619 1570 1560 478 1240
127 176 944 686 470 443 103 349 524 138 728 287 590 221 662 774 85 512 277 737 444 386 104 667 531 852 604 338 319 161 230 535 896 389 973 414 208 581 21 924 897 0 745 423 69 320 758 633 536 412 129 805 528 443 613 554 162 196 293 124 835 869 176 95 231 498 618 537 48 619 277 386 652 421 718 893 421 665
818 634 1192 1214 649 926 787 1022 472 832 735 965 1324 733 1297 557 790 820 955 1018 1009 1063 838 1087 1202 1596 710 1039 1015 891 720 1003 1632 977 1645 1159 599 1220 735 1667 931 745 0 329 689 1051 1444 1087 1209 1151 842 1494 235 608 640 949 908 747 482 829 1487 1600 885 834 554 1160 1125 443 747 1093 999 1121 1157 950 1371 1633 678 1407
489 346 977 914 395 623 480 694 275 503 577 671 995 408 977 495 462 552 626 876 694 773 512 894 875 1276 501 709 686 578 396 708 1303 657 1322 837 320 898 412 1340 784 423 329 0 375 722 1157 880 923 835 513 1205 168 448 562 669 585 420 216 500 1215 1270 555 508 275 878 900 370 432 801 669 792 934 639 1097 1317 402 1079
193 108 985 748 480 494 109 418 509 205 737 305 656 257 731 762 151 544 346 696 505 407 174 641 600 907 617 408 389 203 262 588 961 451 1043 472 138 649 75 985 916 69 689 375 0 388 788 611 559 462 198 836 467 378 548 599 224 237 226 192 856 935 246 164 162 517 605 467 57 675 347 453 639 477 738 944 438 727
233 486 889 503 612 396 337 144 739 220 842 337 273 360 397 960 260 557 144 915 318 372 217 790 251 581 717 88 98 245 376 452 581 274 666 168 521 325 323 621 958 320 1051 722 388 0 620 742 465 225 208 655 844 731 896 519 173 334 613 222 730 551 167 224 550 457 695 850 340 498 56 70 721 346 632 637 552 360
771 814 1501 1077 1196 1017 679 762 1280 764 1444 485 565 926 899 1526 767 1171 760 758 935 383 713 577 781 387 1316 705 719 597 941 1069 636 894 963 455 847 862 777 563 1576 758 1444 1157 788 620 0 532 235 397 740 50 1209 898 996 1139 631 896 963 754 126 665 729 708 892 284 455 1079 733 1105 665 582 448 966 117 352 1139 494
728 561 1568 1240 1092 1055 530 867 1097 731 1347 408 875 854 1133 1349 697 1145 819 228 1022 379 667 52 988 879 1228 821 818 538 863 1139 1079 967 1330 658 574 1065 654 1038 1527 633 1087 880 611 742 532 0 382 583 708 575 862 479 514 1175 621 829 664 714 498 1088 732 654 614 347 77 658 586 1209 750 756 88 1020 416 866 1049 866
567 580 1353 961 990 848 449 608 1060 563 1244 254 516 721 814 1309 556 985 588 606 782 151 505 434 678 504 1116 554 561 378 735 914 697 734 964 326 611 760 555 658 1390 536 1209 923 559 465 235 382 0 250 537 285 974 672 784 973 427 691 728 550 299 708 536 497 657 51 309 850 506 964 497 450 320 801 183 503 935 490
390 528 1114 712 808 621 366 369 911 380 1051 238 294 541 566 1148 395 774 362 785 543 207 339 634 428 446 924 313 324 260 557 677 547 500 750 77 565 510 426 545 1179 412 1151 835 462 225 397 583 250 0 358 434 925 713 860 744 257 512 676 373 504 539 339 338 605 254 523 867 404 721 268 200 543 571 407 482 750 311
32 306 860 565 456 347 196 220 553 25 707 317 481 186 533 790 53 454 148 837 327 400 41 748 401 775 579 211 191 174 201 433 790 272 846 337 337 451 124 828 855 129 842 513 198 208 740 708 537 358 0 782 638 571 741 467 109 156 415 15 831 758 47 54 358 509 681 665 167 510 157 278 712 315 720 824 399 566
814 864 1530 1101 1238 1052 727 795 1325 806 1484 534 581 968 917 1570 811 1209 796 800 967 432 756 619 804 370 1357 739 753 643 984 1101 626 928 963 488 896 884 823 548 1613 805 1494 1205 836 655 50 575 285 434 782 0 1259 948 1045 1173 674 939 1012 796 127 660 770 752 942 334 498 1129 781 1133 702 613 490 1000 158 327 1180 502
617 402 1141 1078 561 786 559 836 424 632 725 732 1117 561 1129 607 585 720 764 815 852 829 628 865 1020 1372 660 844 821 666 551 874 1424 812 1469 939 366 1049 522 1452 932 528 235 168 467 844 1209 862 974 925 638 1259 0 389 459 837 691 568 250 626 1252 1395 683 622 322 925 895 253 524 967 796 913 928 800 1136 1406 570 1193
570 271 1328 1126 768 864 394 790 708 582 998 479 974 616 1103 943 528 880 720 431 883 552 539 478 966 1141 898 772 756 491 616 959 1258 830 1397 756 248 1022 454 1258 1199 443 608 448 378 731 898 479 672 713 571 948 389 0 169 958 558 604 257 567 915 1244 617 527 255 620 522 184 405 1048 702 784 553 852 806 1158 745 1020
740 440 1486 1296 916 1031 560 959 835 752 1133 622 1131 782 1272 1054 698 1038 889 386 1052 681 708 495 1134 1272 1041 939 924 652 781 1126 1407 1000 1561 909 416 1191 623 1400 1338 613 640 562 548 896 996 514 784 860 741 1045 459 169 0 1122 723 771 405 737 994 1397 786 696 417 733 575 205 574 1216 869 946 599 1021 894 1282 899 1170
446 695 393 282 302 124 651 378 487 443 399 781 674 344 442 592 480 133 385 1291 211 854 508 1214 437 1037 305 434 420 640 342 90 927 244 782 685 711 396 535 1010 454 554 949 669 599 519 1139 1175 973 744 467 1173 837 958 1122 0 563 361 724 460 1249 873 449 520 704 955 1148 984 602 151 477 562 1179 173 1147 1105 272 785
140 315 954 625 565 440 164 254 655 135 817 217 433 295 556 896 138 560 199 770 400 293 82 664 413 691 689 221 210 85 310 519 736 346 839 252 352 478 172 761 964 162 908 585 224 173 631 621 427 257 109 674 691 558 723 563 0 265 451 123 722 711 114 80 383 400 587 679 171 588 148 232 617 401 610 735 509 503
124 336 749 532 299 260 299 276 405 132 552 460 595 29 560 635 138 316 212 931 292 550 186 864 455 915 425 299 275 318 45 354 901 246 902 484 355 480 176 951 709 196 747 420 237 334 896 829 691 512 156 939 568 604 771 361 265 0 391 142 987 863 174 194 356 661 811 655 245 445 277 404 844 251 874 968 243 691
401 151 1081 923 512 643 310 629 455 415 740 482 883 395 937 697 363 633 556 672 683 581 397 678 814 1123 641 627 606 417 391 737 1187 635 1261 694 116 855 292 1209 941 293 482 216 226 613 963 664 728 676 415 1012 250 257 405 724 451 391 0 406 1012 1161 463 389 72 679 683 264 280 830 570 679 717 641 895 1156 493 953
17 300 853 566 442 341 198 226 538 17 694 327 494 172 539 775 42 443 153 841 326 412 48 754 409 790 566 221 200 184 187 428 803 271 856 352 330 457 117 842 844 124 829 500 192 222 754 714 550 373 15 796 626 567 737 460 123 142 406 0 845 771 57 60 349 521 689 658 164 507 170 292 721 311 733 839 385 580
862 868 1617 1198 1286 1125 747 873 1359 857 1539 551 690 1017 1023 1608 853 1273 865 715 1047 449 801 537 903 497 1411 817 829 677 1031 1182 754 1005 1087 569 897 984 854 675 1678 835 1487 1215 856 730 126 498 299 504 831 127 1252 915 994 1249 722 987 1012 845 0 786 826 795 943 339 426 1100 804 1221 772 697 410 1076 117 452 1231 620
781 1026 1113 661 1089 793 866 590 1249 767 1268 776 278 883 449 1435 811 974 650 1307 683 738 767 1141 444 309 1158 564 588 759 898 783 59 683 313 488 1062 478 873 167 1316 869 1600 1270 935 551 665 1088 708 539 758 660 1395 1244 1397 873 711 863 1161 771 786 0 715 774 1095 741 1018 1385 883 759 601 482 1028 744 760 380 1032 228
66 353 840 527 468 325 235 173 579 52 714 332 439 203 486 809 99 449 103 870 293 407 78 774 354 743 586 164 143 193 219 407 748 237 799 309 384 405 172 789 853 176 885 555 246 167 729 732 536 339 47 770 683 617 786 449 114 174 463 57 826 715 0 91 405 512 701 713 211 479 114 238 731 288 717 794 410 527
75 267 913 617 492 400 144 263 575 76 746 268 495 224 576 818 59 502 194 783 380 356 13 694 440 769 619 246 228 125 237 487 802 325 880 329 301 495 99 833 901 95 834 508 164 224 708 654 497 338 54 752 622 527 696 520 80 194 389 60 795 774 91 0 326 466 629 630 122 564 182 291 661 369 681 814 437 573
347 79 1073 886 519 614 238 575 488 361 760 410 817 365 887 737 307 625 502 643 644 509 336 632 759 1051 653 569 549 346 364 709 1119 593 1204 624 45 805 233 1139 956 231 554 275 162 550 892 614 657 605 358 942 322 255 417 704 383 356 72 349 943 1095 405 326 0 609 628 308 212 800 509 614 662 607 826 1084 493 884
538 533 1339 958 958 830 408 598 1021 535 1213 212 535 690 821 1272 524 961 571 567 769 111 475 399 681 550 1086 544 549 344 704 899 733 720 988 332 564 762 518 699 1364 498 1160 878 517 457 284 347 51 254 509 334 925 620 733 955 400 661 679 521 339 741 512 466 609 0 278 799 466 954 484 449 294 785 221 552 904 519
704 568 1541 1197 1085 1026 514 825 1103 705 1342 370 812 838 1081 1357 676 1127 783 305 986 325 640 126 937 803 1220 778 777 507 848 1107 1007 932 1266 599 585 1016 639 964 1516 618 1125 900 605 695 455 77 309 523 681 498 895 522 575 1148 587 811 683 689 426 1018 701 629 628 278 0 705 573 1174 708 704 34 989 340 789 1039 798
656 364 1328 1187 748 907 518 884 646 669 948 641 1109 660 1195 854 615 885 811 575 947 723 641 652 1067 1305 865 876 856 625 655 1001 1404 898 1511 901 329 1113 541 1413 1154 537 443 370 467 850 1079 658 850 867 665 1129 253 184 205 984 679 655 264 658 1100 1385 713 630 308 799 705 0 510 1094 813 911 734 906 990 1327 739 1166
170 146 993 730 512 491 60 385 556 180 770 253 604 269 698 808 129 560 314 688 489 355 134 620 563 849 647 369 351 145 277 582 907 434 1001 415 181 617 68 929 943 48 747 432 57 340 733 586 506 404 167 781 524 405 574 602 171 245 280 164 804 883 211 122 212 466 573 510 0 666 303 403 607 468 687 886 466 673
497 779 397 130 451 186 705 356 636 490 538 803 593 435 313 740 537 284 390 1348 188 862 551 1252 347 954 454 410 404 671 439 93 815 242 638 652 800 285 603 905 557 619 1093 801 675 498 1105 1209 964 721 510 1133 967 1048 1216 151 588 445 830 507 1221 759 479 564 800 954 1174 1094 666 0 470 524 1203 198 1128 1026 415 702
180 449 855 490 556 353 309 117 682 166 789 341 325 303 407 903 210 507 94 912 285 391 173 796 265 638 663 74 68 230 319 416 634 236 698 219 483 330 278 676 910 277 999 669 347 56 665 750 497 268 157 702 796 702 869 477 148 277 570 170 772 601 114 182 509 484 708 813 303 470 0 126 736 304 670 693 496 415
304 547 920 511 676 443 393 184 808 291 901 362 204 429 376 1025 330 611 205 941 354 379 285 806 233 513 777 130 149 294 445 488 511 317 615 128 584 313 391 550 1009 386 1121 792 453 70 582 756 450 200 278 613 913 784 946 562 232 404 679 292 697 482 238 291 614 449 704 911 403 524 126 0 727 390 605 571 616 289
736 602 1572 1224 1119 1057 548 853 1138 737 1376 400 829 871 1104 1391 708 1159 812 310 1015 349 672 129 961 805 1254 804 804 539 881 1137 1016 962 1282 620 620 1040 673 969 1550 652 1157 934 639 721 448 88 320 543 712 490 928 553 599 1179 617 844 717 721 410 1028 731 661 662 294 34 734 607 1203 736 727 0 1019 332 788 1073 811
300 582 555 281 352 53 508 206 527 293 530 619 519 246 353 691 339 234 213 1152 63 686 356 1062 299 879 415 262 247 482 253 118 793 73 707 512 604 285 405 867 619 421 950 639 477 346 966 1020 801 571 315 1000 800 852 1021 173 401 251 641 311 1076 744 288 369 607 785 989 906 468 198 304 390 1019 0 974 945 299 629
750 750 1521 1113 1173 1023 629 776 1242 745 1427 433 626 904 949 1492 740 1165 762 642 950 332 688 461 822 497 1299 720 729 561 918 1084 735 905 1047 477 780 904 738 671 1570 718 1371 1097 738 632 117 416 183 407 720 158 1136 806 894 1147 610 874 895 733 117 760 717 681 826 221 340 990 687 1128 670 605 332 974 0 468 1118 570
854 1005 1413 959 1248 998 847 746 1374 843 1469 687 434 995 751 1597 868 1175 777 1095 895 606 813 915 679 75 1346 697 719 742 1011 1021 332 872 693 486 1042 745 906 234 1560 893 1633 1317 944 637 352 866 503 482 824 327 1406 1158 1282 1105 735 968 1156 839 452 380 794 814 1084 552 789 1327 886 1026 693 571 788 945 468 0 1188 323
368 509 588 539 60 261 525 450 229 374 309 700 786 213 652 410 380 150 410 1125 362 793 430 1080 592 1129 183 493 470 560 199 327 1078 350 1005 714 513 584 400 1142 478 421 678 402 438 552 1139 1049 935 750 399 1180 570 745 899 272 509 243 493 385 1231 1032 410 437 493 904 1039 739 466 415 496 616 1073 299 1118 1188 0 891
593 811 1090 638 951 683 650 441 1093 580 1159 549 111 715 434 1301 617 863 485 1082 576 510 568 919 355 252 1039 399 422 541 731 700 238 559 478 264 849 422 672 261 1240 665 1407 1079 727 360 494 866 490 311 566 502 1193 1020 1170 785 503 691 953 580 620 228 527 573 884 519 798 1166 673 702 415 289 811 629 570 323 891 0
