0 1384 408 1153 750 933 790 1624 121 490 1700 1695 1313 1220 916 763
1384 0 1323 1047 1735 2314 2141 1837 1457 1042 2867 1310 2128 2140 1241 1982
408 1323 0 803 458 1083 1090 1216 524 281 2066 1942 987 930 523 659
1153 1047 803 0 977 1859 1893 795 1273 675 2852 2159 1176 1235 340 1325
750 1735 458 977 0 959 1147 1044 834 718 2164 2392 562 478 636 362
933 2314 1083 1859 959 0 436 1989 883 1328 1317 2466 1311 1151 1533 612
790 2141 1090 1893 1147 436 0 2186 693 1267 1017 2100 1611 1462 1603 875
1624 1837 1216 795 1044 1989 2186 0 1739 1267 3203 2929 804 949 762 1377
121 1457 524 1273 834 883 693 1739 0 607 1582 1669 1395 1294 1037 799
490 1042 281 675 718 1328 1267 1267 607 0 2189 1739 1203 1170 506 940
1700 2867 2066 2852 2164 1317 1017 3203 1582 2189 0 2345 2609 2454 2589 1877
1695 1310 1942 2159 2392 2466 2100 2929 1669 1739 2345 0 2927 2870 2190 2458
1313 2128 987 1176 562 1311 1611 804 1395 1203 2609 2927 0 163 893 736
1220 2140 930 1235 478 1151 1462 949 1294 1170 2454 2870 163 0 927 589
916 1241 523 340 636 1533 1603 762 1037 506 2589 2190 893 927 0 985
763 1982 659 1325 362 612 875 1377 799 940 1877 2458 736 589 985 0
