0 948 1416 1706 534 962 72 636 299 1557 993 221 963 1031 964 1558
948 0 864 2190 799 1310 1018 1582 730 1552 894 738 1280 251 1472 928
1416 864 0 2974 1548 1086 1461 1928 1360 914 566 1294 2080 1097 2223 162
1706 2190 2974 0 1426 2650 1706 1706 1634 3263 2670 1727 910 2054 758 3080
534 799 1548 1426 0 1430 591 1060 275 1941 1293 396 542 742 681 1655
962 1310 1086 2650 1430 0 948 1120 1154 670 536 1034 1920 1532 1923 1246
72 1018 1461 1706 591 948 0 564 368 1560 1018 294 993 1103 975 1605
636 1582 1928 1706 1060 1120 564 0 908 1791 1410 855 1267 1664 1121 2083
299 730 1360 1634 275 1154 368 908 0 1677 1044 120 792 764 875 1483
1557 1552 914 3263 1941 670 1560 1791 1677 0 675 1565 2469 1803 2517 1027
993 894 566 2670 1293 536 1018 1410 1044 675 0 943 1832 1140 1912 728
221 738 1294 1727 396 1034 294 855 120 1565 943 0 904 810 969 1424
963 1280 2080 910 542 1920 993 1267 792 2469 1832 904 0 1150 277 2178
1031 251 1097 2054 742 1532 1103 1664 764 1803 1140 810 1150 0 1373 1144
964 1472 2223 758 681 1923 975 1121 875 2517 1912 969 277 1373 0 2335
1558 928 162 3080 1655 1246 1605 2083 1483 1027 728 1424 2178 1144 2335 0
