0 1398 672 928 1167 642 1539 270 1341 458 128 1551 778 174 1066 733
1398 0 797 2138 1459 756 1518 1333 2685 1298 1274 2719 890 1327 495 792
672 797 0 1342 886 214 1587 726 1892 798 544 1931 679 558 665 531
928 2138 1342 0 1127 1437 2449 1182 629 1367 994 623 1697 883 1927 1629
1167 1459 886 1127 0 1097 2464 1384 1754 1533 1095 1508 1554 994 1525 1412
642 756 214 1437 1097 0 1372 613 1945 641 518 2045 464 580 499 316
1539 1518 1587 2449 2464 1372 0 1272 2714 1084 1515 3058 910 1644 1082 1056
270 1333 726 1182 1384 613 1272 0 1536 188 291 1799 577 410 930 580
1341 2685 1892 629 1754 1945 2714 1536 0 1696 1444 607 2107 1365 2405 2074
458 1298 798 1367 1533 641 1084 188 1696 0 461 1983 461 587 853 510
128 1274 544 994 1095 518 1515 291 1444 461 0 1617 703 129 960 639
1551 2719 1931 623 1508 2045 3058 1799 607 1983 1617 0 2321 1505 2540 2250
778 890 679 1697 1554 464 910 577 2107 461 703 2321 0 821 409 152
174 1327 558 883 994 580 1644 410 1365 587 129 1505 821 0 1050 745
1066 495 665 1927 1525 499 1082 930 2405 853 960 2540 409 1050 0 351
733 792 531 1629 1412 316 1056 580 2074 510 639 2250 152 745 351 0
