0 1002 588 6 6 1371 1044 432 1191 1546 1378 375 1625 1115 1625 322
1002 0 1557 1006 999 1001 1446 1391 1990 708 1574 1125 1108 1778 1703 834
588 1557 0 586 588 1929 1397 165 705 2002 1343 491 1935 1266 1615 740
6 1006 586 0 12 1370 1040 430 1192 1552 1383 378 1632 1109 1630 328
6 999 588 12 0 1373 1050 431 1188 1541 1371 369 1619 1122 1619 315
1371 1001 1929 1370 1373 0 938 1790 2561 1633 2470 1695 2106 1394 2643 1446
1044 1446 1397 1040 1050 938 0 1319 2101 2153 2415 1416 2451 458 2653 1308
432 1391 165 430 431 1790 1319 0 795 1845 1281 344 1800 1242 1550 577
1191 1990 705 1192 1188 2561 2101 795 0 2239 1078 890 1981 1954 1321 1177
1546 708 2002 1552 1541 1633 2153 1845 2239 0 1471 1514 585 2465 1485 1275
1378 1574 1343 1383 1371 2470 2415 1281 1078 1471 0 1028 1029 2472 272 1113
375 1125 491 378 369 1695 1416 344 890 1514 1028 0 1456 1443 1286 292
1625 1108 1935 1632 1619 2106 2451 1800 1981 585 1029 1456 0 2684 968 1307
1115 1778 1266 1109 1122 1394 458 1242 1954 2465 2472 1443 2684 0 2729 1428
1625 1703 1615 1630 1619 2643 2653 1550 1321 1485 272 1286 968 2729 0 1344
322 834 740 328 315 1446 1308 577 1177 1275 1113 292 1307 1428 1344 0
