0 1218 999 1650 1551 266 1691 1614 464 1038 533 1193 276 396 1035 930 1062
1218 0 2110 2812 1751 1415 2039 1176 831 1975 695 2412 1411 1536 2252 894 2229
999 2110 0 714 1473 999 2444 2603 1460 1493 1429 737 734 606 575 1447 215
1650 2812 714 0 2052 1575 2826 3195 2114 1807 2123 756 1410 1282 759 2156 588
1551 1751 1473 2052 0 1784 3214 2793 1726 2554 1446 2181 1400 1399 1999 886 1688
266 1415 999 1575 1784 0 1519 1623 598 779 761 1020 404 471 886 1197 1007
1691 2039 2444 2826 3214 1519 0 1157 1517 1021 1825 2082 1918 1990 2071 2434 2373
1614 1176 2603 3195 2793 1623 1157 0 1186 1684 1379 2567 1890 2010 2472 1909 2630
464 831 1460 2114 1726 598 1517 1186 0 1174 311 1616 727 854 1473 916 1527
1038 1975 1493 1807 2554 779 1021 1684 1174 0 1442 1060 1155 1175 1058 1959 1388
533 695 1429 2123 1446 761 1825 1379 311 1442 0 1725 717 843 1561 609 1537
1193 2412 737 756 2181 1020 2082 2567 1616 1060 1725 0 1047 949 188 1966 533
276 1411 734 1410 1400 404 1918 1890 727 1155 717 1047 0 129 869 938 822
396 1536 606 1282 1399 471 1990 2010 854 1175 843 949 129 0 767 1018 694
1035 2252 575 759 1999 886 2071 2472 1473 1058 1561 188 869 767 0 1781 388
930 894 1447 2156 886 1197 2434 1909 916 1959 609 1966 938 1018 1781 0 1620
1062 2229 215 588 1688 1007 2373 2630 1527 1388 1537 533 822 694 388 1620 0
