0 1718 598 293 969 976 113 71 263 589 1523 467 824 1221 1366 190
1718 0 2172 1626 2602 785 1656 1703 1474 1610 3191 2185 2375 2727 2394 1528
598 2172 0 880 1018 1505 711 562 741 1165 1023 461 226 1372 915 752
293 1626 880 0 977 846 183 353 386 296 1737 632 1101 1146 1655 264
969 2602 1018 977 0 1819 984 1019 1230 1045 1173 595 1097 370 1915 1130
976 785 1505 846 1819 0 898 976 765 833 2492 1434 1725 1945 1961 787
113 1656 711 183 984 898 0 169 260 480 1617 535 935 1206 1471 147
71 1703 562 353 1019 976 169 0 231 650 1516 491 789 1282 1302 194
263 1474 741 386 1230 765 260 231 0 646 1731 722 964 1466 1348 123
589 1610 1165 296 1045 833 480 650 646 0 1959 856 1382 1118 1951 536
1523 3191 1023 1737 1173 2492 1617 1516 1731 1959 0 1107 846 1490 1421 1708
467 2185 461 632 595 1434 535 491 722 856 1107 0 613 927 1377 656
824 2375 226 1101 1097 1725 935 789 964 1382 846 613 0 1464 824 978
1221 2727 1372 1146 370 1945 1206 1282 1466 1118 1490 927 1464 0 2278 1353
1366 2394 915 1655 1915 1961 1471 1302 1348 1951 1421 1377 824 2278 0 1431
190 1528 752 264 1130 787 147 194 123 536 1708 656 978 1353 1431 0
