0 392 927 704 1660 456 1541 706 1291 1491 91 341 793 1226 391 555
392 0 1318 792 1274 145 1920 1098 1039 1119 452 409 1058 1603 778 171
927 1318 0 1245 2587 1357 651 253 2024 2411 868 1132 753 379 541 1474
704 792 1245 0 1672 935 1892 995 1830 1437 782 401 1446 1620 894 928
1660 1274 2587 1672 0 1269 3194 2357 1332 253 1727 1511 2266 2877 2051 1135
456 145 1357 935 1269 0 1935 1153 899 1139 493 547 1012 1616 817 139
1541 1920 651 1892 3194 1935 0 905 2461 3033 1469 1777 1073 318 1151 2063
706 1098 253 995 2357 1153 905 0 1887 2173 660 883 754 624 347 1261
1291 1039 2024 1830 1332 899 2461 1887 0 1375 1284 1446 1389 2162 1543 906
1491 1119 2411 1437 253 1139 3033 2173 1375 0 1564 1307 2150 2717 1882 1000
91 452 868 782 1727 493 1469 660 1284 1564 0 431 702 1152 326 606
341 409 1132 401 1511 547 1777 883 1446 1307 431 0 1131 1474 653 566
793 1058 753 1446 2266 1012 1073 754 1389 2150 702 1131 0 783 579 1151
1226 1603 379 1620 2877 1616 318 624 2162 2717 1152 1474 783 0 837 1745
391 778 541 894 2051 817 1151 347 1543 1882 326 653 579 837 0 932
555 171 1474 928 1135 139 2063 1261 906 1000 606 566 1151 1745 932 0
