0 223 1105 474 1603 957 529 1713 189 950 484 836 507 1334 529 87 1432
223 0 1233 383 1540 856 683 1753 145 972 579 774 632 1149 750 192 1233
1105 1233 0 1022 2699 1087 580 2680 1285 1989 656 1938 603 2367 1065 1068 2425
474 383 1022 0 1901 485 596 2135 519 1355 411 1146 501 1371 941 388 1411
1603 1540 2699 1901 0 2308 2119 781 1441 773 2085 769 2110 992 1760 1658 1160
957 856 1087 485 2308 0 905 2606 998 1824 715 1582 802 1624 1382 870 1613
529 683 580 596 2119 905 0 2136 714 1419 196 1359 104 1833 581 502 1910
1713 1753 2680 2135 781 2606 2136 0 1616 781 2173 1076 2164 1671 1623 1792 1852
189 145 1285 519 1441 998 714 1616 0 838 646 672 683 1146 663 219 1249
950 972 1989 1355 773 1824 1419 781 838 0 1426 366 1430 1148 996 1024 1324
484 579 656 411 2085 715 196 2173 646 1426 0 1316 93 1712 707 428 1776
836 774 1938 1146 769 1582 1359 1076 672 366 1316 0 1343 805 1076 888 974
507 632 603 501 2110 802 104 2164 683 1430 93 1343 0 1776 651 464 1846
1334 1149 2367 1371 992 1624 1833 1671 1146 1148 1712 805 1776 0 1756 1336 182
529 750 1065 941 1760 1382 581 1623 663 996 707 1076 651 1756 0 593 1881
87 192 1068 388 1658 870 502 1792 219 1024 428 888 464 1336 593 0 1424
1432 1233 2425 1411 1160 1613 1910 1852 1249 1324 1776 974 1846 182 1881 1424 0
