0 1283 12 1169 1023 19 171 1696 1519 392 505 774 771 118 159 1205
1283 0 1270 912 1403 1263 1258 1247 1757 954 1144 1930 588 1279 1142 1498
12 1270 0 1158 1022 7 171 1689 1514 380 497 782 759 120 147 1200
1169 912 1158 0 1875 1153 1267 2067 850 797 712 1455 1031 1247 1017 626
1023 1403 1022 1875 0 1020 852 911 2466 1169 1434 1728 888 907 1063 2143
19 1263 7 1153 1020 0 170 1684 1513 374 494 787 752 121 141 1198
171 1258 171 1267 852 170 0 1551 1677 469 647 918 704 56 261 1359
1696 1247 1689 2067 911 1684 1551 0 2843 1639 1927 2468 1101 1605 1657 2537
1519 1757 1514 850 2466 1513 1677 2843 0 1297 1037 1329 1750 1633 1424 323
392 954 380 797 1169 374 469 1639 1297 0 289 981 564 453 233 974
505 1144 497 712 1434 494 647 1927 1037 289 0 810 842 609 388 716
774 1930 782 1455 1728 787 918 2468 1329 981 810 0 1508 864 846 1113
771 588 759 1031 888 752 704 1101 1750 564 842 1508 0 736 663 1439
118 1279 120 1247 907 121 56 1605 1633 453 609 864 736 0 231 1317
159 1142 147 1017 1063 141 261 1657 1424 233 388 846 663 231 0 1104
1205 1498 1200 626 2143 1198 1359 2537 323 974 716 1113 1439 1317 1104 0
