0 1020 412 1496 1631 766 649 196 835 1193 1506 914 716 372 1446 1397
1020 0 1204 1082 1404 1413 1668 835 1312 1624 1171 1739 1450 1320 2380 1308
412 1204 0 1873 1388 355 629 545 1236 1585 1893 551 1069 664 1599 1804
1496 1082 1873 0 2483 2194 2029 1329 1054 1124 121 2408 1367 1551 2299 437
1631 1404 1388 2483 0 1215 2006 1594 2381 2747 2565 1561 2341 1991 2988 2650
766 1413 355 2194 1215 0 832 882 1591 1937 2222 382 1411 1000 1828 2150
649 1668 629 2029 2006 832 0 842 1106 1366 2012 671 813 481 995 1823
196 835 545 1329 1594 882 842 0 797 1164 1347 1080 758 501 1584 1269
835 1312 1236 1054 2381 1591 1106 797 0 367 997 1658 325 650 1253 744
1193 1624 1585 1124 2747 1937 1366 1164 367 0 1034 1970 557 958 1238 716
1506 1171 1893 121 2565 2222 2012 1347 997 1034 0 2420 1318 1531 2230 329
914 1739 551 2408 1561 382 671 1080 1658 1970 2420 0 1416 1013 1614 2301
716 1450 1069 1367 2341 1411 813 758 325 557 1318 1416 0 413 975 1070
372 1320 664 1551 1991 1000 481 501 650 958 1531 1013 413 0 1083 1346
1446 2380 1599 2299 2988 1828 995 1584 1253 1238 2230 1614 975 1083 0 1936
1397 1308 1804 437 2650 2150 1823 1269 744 716 329 2301 1070 1346 1936 0
