0 1588 1710 1241 167 204 445 845 1207 764 656 841 545 853 1015 1559
1588 0 2258 1839 1696 1433 1359 1541 2785 1581 931 1250 1508 839 1242 3148
1710 2258 0 2931 1852 1835 1366 2512 1982 970 1802 2400 2225 1575 1052 2390
1241 1839 2931 0 1135 1096 1574 426 2004 1962 1291 645 706 1624 2059 2152
167 1696 1852 1135 0 263 612 765 1138 920 769 818 473 999 1183 1462
204 1433 1835 1096 263 0 490 682 1391 867 509 643 390 765 1035 1725
445 1359 1366 1574 612 490 0 1150 1470 398 525 1038 874 530 570 1868
845 1541 2512 426 765 682 1150 0 1775 1542 879 291 299 1213 1634 1996
1207 2785 1982 2004 1138 1391 1470 1775 0 1479 1859 1921 1543 1993 1913 427
764 1581 970 1962 920 867 398 1542 1479 0 882 1436 1257 757 444 1903
656 931 1802 1291 769 509 525 879 1859 882 0 660 701 334 804 2216
841 1250 2400 645 818 643 1038 291 1921 1436 660 0 379 988 1455 2185
545 1508 2225 706 473 390 874 299 1543 1257 701 379 0 1025 1390 1806
853 839 1575 1624 999 765 530 1213 1993 757 334 988 1025 0 529 2380
1015 1242 1052 2059 1183 1035 570 1634 1913 444 804 1455 1390 529 0 2333
1559 3148 2390 2152 1462 1725 1868 1996 427 1903 2216 2185 1806 2380 2333 0
