0 262 703 862 576 809 281 104 64 69 794 799 466 486 190 13 699 849 565 577 543 77 316 412 355 856 659 647 269 451 421 188 257 511 527 738 304 487 115 408 285 826 241 638 377 805 584 409 460 145 758 154 606 752 767 632 702 761 367 454 389 130 401 140 787 4 191 287 327 450 315 739 588 76 820 12 512 581
262 0 765 824 806 1066 359 213 297 277 775 886 711 511 201 274 862 967 304 834 806 253 508 433 543 661 831 857 413 580 547 152 519 498 778 914 202 519 376 658 540 862 409 836 491 864 346 666 574 152 957 381 772 878 949 890 448 731 568 713 143 212 329 327 666 260 155 508 421 697 72 978 601 330 1054 274 539 357
703 765 0 1555 572 893 430 630 643 633 1491 1490 982 256 863 707 321 1522 892 991 877 778 975 332 1012 764 345 1225 438 1138 1111 626 766 293 998 388 572 1190 729 633 828 1528 473 1239 1074 102 784 686 255 654 495 585 1253 1424 1378 809 1119 262 1008 722 891 815 464 837 1430 699 622 524 376 964 836 695 189 741 1300 705 1214 741
862 824 1555 0 1360 1458 1124 925 926 930 82 402 910 1315 691 861 1552 528 926 1057 1131 785 701 1235 686 1399 1507 812 1130 540 546 937 938 1315 978 1582 1024 387 879 1168 895 237 1104 759 547 1657 1059 1137 1321 903 1579 1006 631 524 746 1293 806 1555 716 1156 754 741 1152 746 286 865 941 1123 1180 914 771 1484 1412 846 1039 863 363 1096
576 806 572 1360 0 332 513 593 520 535 1282 1157 535 580 761 569 305 1145 1075 478 351 637 664 577 686 1182 257 773 423 838 823 666 422 651 515 287 716 975 503 192 469 1251 410 805 814 634 1036 229 402 654 233 429 867 1054 937 240 1254 801 664 228 948 700 706 638 1344 575 665 298 472 521 873 175 629 549 778 568 998 1010
809 1066 893 1458 332 0 824 857 769 789 1376 1173 549 911 971 799 591 1125 1356 414 327 850 770 903 776 1508 553 722 730 918 915 944 579 982 488 544 1014 1095 708 410 595 1301 708 769 926 943 1336 400 735 921 442 690 871 1049 874 180 1511 1132 744 355 1199 914 1023 822 1504 811 943 580 791 544 1124 205 961 758 625 799 1114 1316
281 359 430 1124 513 824 0 199 229 214 1061 1079 665 206 433 288 506 1126 575 731 651 353 582 136 621 694 480 884 94 730 701 208 428 240 706 562 209 762 337 428 483 1105 122 885 658 532 523 461 215 227 618 210 872 1028 1021 671 777 486 626 512 498 385 201 420 1009 277 204 251 62 646 432 688 307 334 1018 286 786 497
104 213 630 925 593 857 199 0 96 71 861 892 562 398 234 115 669 947 499 664 616 161 419 320 458 756 634 751 218 548 517 93 340 416 619 716 203 563 206 447 377 908 204 742 470 732 499 460 402 63 750 168 709 851 871 685 661 666 471 509 355 186 297 238 820 99 94 294 255 545 280 764 499 177 918 114 587 491
64 297 643 926 520 769 229 96 0 25 858 851 471 436 254 65 634 896 592 568 520 141 354 364 393 847 594 670 206 501 472 190 245 466 526 674 295 550 118 361 285 885 177 666 432 745 595 369 398 156 696 92 644 799 799 594 744 715 400 417 433 194 374 194 851 62 191 226 270 454 357 687 536 104 827 63 574 587
69 277 633 930 535 789 214 71 25 0 862 865 496 420 250 74 638 913 569 593 544 145 373 347 412 822 599 693 200 516 487 165 270 448 551 679 269 556 142 381 310 895 175 688 444 736 571 390 392 133 705 106 664 816 820 615 725 697 421 439 415 192 350 206 847 65 166 238 258 479 339 703 521 124 852 72 581 562
794 775 1491 82 1282 1376 1061 861 858 862 0 337 828 1255 629 792 1478 465 901 974 1048 717 620 1175 605 1371 1433 732 1063 458 464 880 859 1259 895 1507 972 312 805 1090 815 182 1035 678 468 1594 1029 1057 1254 844 1502 935 550 452 671 1211 800 1502 634 1076 717 676 1100 673 310 797 884 1050 1115 832 726 1404 1354 774 960 794 287 1064
799 886 1490 402 1157 1173 1079 892 851 865 337 0 636 1285 694 791 1404 128 1096 759 860 730 519 1210 487 1538 1355 464 1052 351 379 943 757 1308 686 1418 1055 373 761 972 699 168 1016 411 422 1590 1202 929 1237 898 1389 904 302 135 359 1029 1052 1558 500 932 881 717 1175 659 633 803 946 988 1121 647 862 1245 1387 749 665 793 358 1226
466 711 982 910 535 549 665 562 471 496 828 636 0 850 544 453 815 612 1014 154 225 458 253 796 244 1318 764 245 593 373 374 653 236 900 76 814 765 560 355 371 186 754 554 270 397 1073 1048 319 734 612 768 455 337 523 406 393 1106 1132 209 307 809 506 841 389 981 470 655 462 677 18 743 608 942 390 356 454 577 1047
486 511 256 1315 580 911 206 398 436 420 1255 1285 850 0 626 494 452 1332 645 897 801 557 787 80 826 610 447 1079 258 937 907 378 616 72 883 520 315 962 541 558 675 1307 296 1083 864 353 549 603 178 411 605 405 1076 1234 1221 783 869 283 829 650 634 584 211 626 1178 482 374 399 175 831 581 742 101 540 1195 492 986 510
190 201 863 691 761 971 433 234 254 250 629 694 544 626 0 195 888 769 481 682 678 125 318 546 350 863 849 664 446 379 346 255 394 633 617 929 361 341 265 585 395 688 424 640 290 966 545 577 634 216 949 345 570 679 749 791 563 880 377 617 265 61 485 158 597 192 259 477 489 533 207 920 725 216 872 196 364 558
13 274 707 861 569 799 288 115 65 74 792 791 453 494 195 0 698 840 578 564 531 76 305 420 344 869 657 635 271 443 413 201 244 520 514 736 317 484 102 399 272 821 243 626 370 809 597 399 463 158 754 151 595 743 756 621 712 770 356 444 400 133 412 132 790 17 203 282 332 437 326 731 595 63 807 2 509 594
699 862 321 1552 305 591 506 669 634 638 1478 1404 815 452 888 698 0 1410 1071 779 653 774 889 493 918 1049 51 1059 451 1064 1044 709 647 520 807 69 709 1166 673 444 706 1476 465 1085 1021 354 993 495 301 717 173 548 1131 1314 1221 543 1281 581 904 513 1003 829 645 805 1485 697 706 428 445 798 934 387 452 705 1083 696 1191 957
849 967 1522 528 1145 1125 1126 947 896 913 465 128 612 1332 769 840 1410 0 1195 715 827 786 547 1260 510 1626 1359 403 1088 399 431 1007 767 1360 649 1417 1123 472 795 969 706 291 1051 356 482 1621 1294 921 1267 962 1378 938 279 97 267 995 1165 1610 514 917 976 783 1239 709 761 853 1011 1007 1163 625 950 1217 1432 791 575 842 460 1315
565 304 892 926 1075 1356 575 499 592 569 901 1096 1014 645 481 578 1071 1195 0 1139 1108 556 799 584 831 472 1051 1144 656 838 807 413 823 599 1082 1132 366 724 680 946 844 1032 665 1118 749 978 144 960 770 436 1193 666 1039 1116 1221 1185 229 765 858 1008 223 509 434 626 689 563 413 782 631 1000 273 1250 705 635 1352 577 738 190
577 834 991 1057 478 414 731 664 568 593 974 759 154 897 682 564 779 715 1139 0 127 584 405 854 398 1410 728 315 648 523 527 757 323 955 80 765 861 714 462 357 294 889 611 358 551 1073 1161 305 757 719 701 530 457 635 475 283 1245 1170 363 271 942 638 921 524 1135 581 759 497 730 157 874 509 980 505 309 565 730 1155
543 806 877 1131 351 327 651 616 520 544 1048 860 225 801 678 531 653 827 1108 127 0 566 445 765 449 1342 603 434 562 591 588 709 288 863 177 638 803 768 430 246 284 979 529 473 600 955 1115 198 651 676 575 464 559 743 597 169 1236 1067 417 155 926 626 848 521 1181 546 710 405 642 218 853 390 879 478 430 531 787 1104
77 253 778 785 637 850 353 161 141 145 717 730 458 557 125 76 774 786 556 584 566 0 270 481 309 886 733 615 346 387 356 226 278 577 525 812 345 411 142 460 289 751 318 600 308 881 594 454 537 179 827 227 554 691 723 671 670 828 327 495 360 64 454 82 716 80 229 356 402 444 290 795 658 92 803 78 435 597
316 508 975 701 664 770 582 419 354 373 620 519 253 787 318 305 889 547 799 405 445 270 0 718 39 1156 840 348 541 176 159 496 245 820 329 907 614 325 248 473 195 590 504 329 156 1075 855 437 721 449 890 390 290 449 453 598 866 1068 59 455 582 296 717 188 736 320 498 469 616 248 525 783 887 249 555 307 345 862
412 433 332 1235 577 903 136 320 364 347 1175 1210 796 80 546 420 493 1260 584 854 765 481 718 0 757 604 479 1019 206 863 833 298 560 104 834 557 240 883 473 529 616 1229 243 1021 788 431 500 570 196 331 633 343 1008 1163 1157 764 803 350 762 619 559 505 152 552 1099 407 294 360 123 778 503 746 178 469 1146 418 907 464
355 543 1012 686 686 776 621 458 393 412 605 487 244 826 350 344 918 510 831 398 449 309 39 757 0 1194 870 314 578 151 140 534 272 860 320 935 653 319 286 496 217 564 541 292 152 1111 890 458 757 488 914 428 251 412 414 607 891 1107 35 472 612 332 756 226 737 360 537 502 654 242 557 799 926 288 527 346 338 898
856 661 764 1399 1182 1508 694 756 847 822 1371 1538 1318 610 863 869 1049 1626 472 1410 1342 886 1156 604 1194 0 1051 1500 787 1242 1209 667 1090 537 1373 1118 553 1165 963 1122 1133 1492 816 1486 1153 808 341 1155 787 712 1211 881 1431 1539 1606 1363 648 527 1213 1206 662 864 494 968 1160 852 665 946 717 1301 677 1349 598 932 1674 867 1183 312
659 831 345 1507 257 553 480 634 594 599 1433 1355 764 447 849 657 51 1359 1051 728 603 733 840 479 870 1051 0 1008 418 1016 996 679 598 517 756 82 686 1121 628 393 656 1429 429 1034 974 389 979 444 283 684 160 506 1080 1264 1170 496 1257 600 855 462 974 789 630 761 1446 657 676 383 420 747 903 352 458 662 1033 655 1146 944
647 857 1225 812 773 722 884 751 670 693 732 464 245 1079 664 635 1059 403 1144 315 434 615 348 1019 314 1500 1008 0 821 346 368 835 464 1124 258 1056 952 540 552 615 404 612 782 54 418 1316 1204 563 974 789 1003 675 182 332 164 598 1193 1362 289 547 925 644 1044 534 953 652 837 701 904 263 871 823 1174 573 238 637 547 1210
269 413 438 1130 423 730 94 218 206 200 1063 1052 593 258 446 271 451 1088 656 648 562 346 541 206 578 787 418 821 0 700 673 262 358 308 628 501 293 756 292 334 417 1091 38 826 635 540 612 370 191 266 545 150 825 990 964 577 848 541 578 420 556 391 294 399 1039 265 259 159 83 574 485 599 353 303 941 269 781 588
451 580 1138 540 838 918 730 548 501 516 458 351 373 937 379 443 1064 399 838 523 591 387 176 863 151 1242 1016 346 700 0 32 609 420 962 443 1084 725 198 410 647 368 414 665 304 89 1239 919 610 886 563 1065 553 202 304 385 753 858 1213 177 623 614 385 840 311 621 455 612 642 771 375 574 949 1038 398 583 445 210 935
421 547 1111 546 823 915 701 517 472 487 464 379 374 907 346 413 1044 431 807 527 588 356 159 833 140 1209 996 368 673 32 0 576 403 932 447 1064 693 187 384 632 354 432 638 329 57 1212 887 596 860 531 1049 527 232 336 415 747 831 1182 171 612 583 353 808 280 611 425 580 619 742 375 542 939 1008 370 603 415 203 903
188 152 626 937 666 944 208 93 190 165 880 943 653 378 255 201 709 1007 413 757 709 226 496 298 534 667 679 835 262 609 576 0 434 379 712 762 118 596 298 533 470 944 261 823 525 727 405 549 423 46 807 254 781 913 949 773 589 625 550 598 294 226 232 308 805 184 3 371 270 637 225 840 474 265 1008 200 619 397
257 519 766 938 422 579 428 340 245 270 859 757 236 616 394 244 647 767 823 323 288 278 245 560 272 1090 598 464 358 420 403 434 0 664 283 663 539 553 142 230 62 835 319 473 391 861 838 202 512 396 645 218 491 671 613 399 948 899 256 231 638 339 606 242 937 260 435 243 441 218 565 554 710 189 591 245 576 831
511 498 293 1315 651 982 240 416 466 448 1259 1308 900 72 633 520 520 1360 599 955 863 577 820 104 860 537 517 1124 308 962 932 379 664 0 937 588 297 973 577 623 721 1320 346 1125 886 381 494 666 251 417 676 448 1111 1264 1261 852 826 250 866 713 611 596 176 651 1164 507 375 458 225 882 564 814 107 571 1249 518 997 452
527 778 998 978 515 488 706 619 526 551 895 686 76 883 617 514 807 649 1082 80 177 525 329 834 320 1373 756 258 628 443 447 712 283 937 0 800 821 634 414 370 242 812 591 295 472 1084 1111 317 755 672 745 499 384 566 422 345 1179 1161 285 293 880 576 889 460 1056 531 714 487 712 84 813 568 971 452 312 515 650 1108
738 914 388 1582 287 544 562 716 674 679 1507 1418 814 520 929 736 69 1417 1132 765 638 812 907 557 935 1118 82 1056 501 1084 1064 762 663 588 800 0 768 1195 702 448 719 1497 511 1085 1045 412 1058 496 363 767 109 585 1138 1323 1219 515 1339 649 918 508 1057 869 709 837 1526 737 759 459 503 798 986 339 521 738 1064 734 1219 1022
304 202 572 1024 716 1014 209 203 295 269 972 1055 765 315 361 317 709 1123 366 861 803 345 614 240 653 553 686 952 293 725 693 118 539 297 821 768 0 700 409 607 580 1048 307 941 640 668 321 630 409 165 827 339 899 1030 1067 851 572 530 669 681 318 340 128 427 867 300 115 434 265 748 267 892 401 380 1121 315 722 303
487 519 1190 387 975 1095 762 563 550 556 312 373 560 962 341 484 1166 472 724 714 768 411 325 883 319 1165 1121 540 756 198 187 596 553 973 634 1195 700 0 493 783 514 347 727 494 168 1292 828 754 948 556 1192 624 376 398 549 923 702 1221 353 776 507 378 826 362 423 491 600 738 813 560 489 1104 1062 463 778 486 24 853
115 376 729 879 503 708 337 206 118 142 805 761 355 541 265 102 673 795 680 462 430 142 248 473 286 963 628 552 292 410 384 298 142 577 414 702 409 493 0 321 171 811 256 549 352 829 699 312 476 258 706 143 535 697 684 529 808 823 289 353 497 206 492 136 841 118 300 244 368 339 424 656 640 49 711 103 518 694
408 658 633 1168 192 410 428 447 361 381 1090 972 371 558 585 399 444 969 946 357 246 460 473 529 496 1122 393 615 334 647 632 533 230 623 370 448 607 783 321 0 278 1061 307 640 621 716 928 53 405 511 418 279 689 875 777 244 1105 821 476 91 794 525 629 452 1158 409 532 176 408 353 719 335 633 369 667 399 806 910
285 540 828 895 469 595 483 377 285 310 815 699 186 675 395 272 706 706 844 294 284 289 195 616 217 1133 656 404 417 368 354 470 62 721 242 719 580 514 171 278 0 782 378 411 348 924 869 242 575 429 696 273 430 610 551 417 956 958 199 262 650 346 655 237 911 289 471 305 500 168 580 590 769 210 542 273 536 866
826 862 1528 237 1251 1301 1105 908 885 895 182 168 754 1307 688 821 1476 291 1032 889 979 751 590 1229 564 1492 1429 612 1091 414 432 944 835 1320 812 1497 1048 347 811 1061 782 0 1059 559 458 1630 1150 1022 1281 903 1479 951 437 298 523 1147 956 1569 586 1032 830 724 1173 691 490 829 948 1051 1153 762 825 1354 1408 789 826 823 325 1180
241 409 473 1104 410 708 122 204 177 175 1035 1016 554 296 424 243 465 1051 665 611 529 318 504 243 541 816 429 782 38 665 638 261 319 346 591 511 307 727 256 307 378 1059 0 788 602 574 629 339 222 258 548 113 787 953 926 551 850 580 540 389 552 367 322 367 1020 238 259 130 122 535 479 586 391 269 903 241 751 607
638 836 1239 759 805 769 885 742 666 688 678 411 270 1083 640 626 1085 356 1118 358 473 600 329 1021 292 1486 1034 54 826 304 329 823 473 1125 295 1085 941 494 549 640 411 559 788 0 381 1332 1183 590 986 777 1036 678 128 281 139 639 1158 1367 272 577 897 625 1038 517 903 643 826 714 908 287 846 863 1180 565 287 628 500 1191
377 491 1074 547 814 926 658 470 432 444 468 422 397 864 290 370 1021 482 749 551 600 308 156 788 152 1153 974 418 635 89 57 525 391 886 472 1045 640 168 352 621 348 458 602 381 0 1176 830 590 824 480 1035 493 289 390 471 754 777 1136 187 610 526 300 757 238 585 381 529 593 702 395 485 938 965 333 649 372 188 846
805 864 102 1657 634 943 532 732 745 736 1594 1590 1073 353 966 809 354 1621 978 1073 955 881 1075 431 1111 808 389 1316 540 1239 1212 727 861 381 1084 412 668 1292 829 716 924 1630 574 1332 1176 0 863 769 353 756 522 686 1350 1523 1472 875 1206 284 1106 802 987 917 556 939 1530 801 723 618 479 1054 934 740 273 843 1383 807 1316 818
584 346 784 1059 1036 1336 523 499 595 571 1029 1202 1048 549 545 597 993 1294 144 1161 1115 594 855 500 890 341 979 1204 612 919 887 405 838 494 1111 1058 321 828 699 928 869 1150 629 1183 830 863 0 949 695 441 1129 655 1115 1210 1295 1172 363 634 914 1000 321 559 348 671 830 580 405 755 571 1033 345 1211 595 659 1397 596 844 48
409 666 686 1137 229 400 461 460 369 390 1057 929 319 603 577 399 495 921 960 305 198 454 437 570 458 1155 444 563 370 610 596 549 202 666 317 496 630 754 312 53 242 1022 339 590 590 769 949 0 454 523 460 294 642 829 726 225 1111 869 435 50 799 519 662 436 1138 411 549 211 447 302 723 352 681 362 614 399 776 934
460 574 255 1321 402 735 215 402 398 392 1254 1237 734 178 634 463 301 1267 770 757 651 537 721 196 757 787 283 974 191 886 860 423 512 251 755 363 409 948 476 405 575 1281 222 986 824 353 695 454 0 439 437 332 998 1169 1125 615 981 416 753 496 712 581 346 590 1221 457 420 272 153 715 647 563 231 492 1064 461 972 660
145 152 654 903 654 921 227 63 156 133 844 898 612 411 216 158 717 962 436 719 676 179 449 331 488 712 684 789 266 563 531 46 396 417 672 767 165 556 258 511 429 903 258 777 480 756 441 523 439 0 806 231 734 867 902 748 599 665 504 571 295 181 277 262 782 141 49 356 288 595 221 826 509 222 965 157 579 436
758 957 495 1579 233 442 618 750 696 705 1502 1389 768 605 949 754 173 1378 1193 701 575 827 890 633 914 1211 160 1003 545 1065 1049 807 645 676 745 109 827 1192 706 418 696 1479 548 1036 1035 522 1129 460 437 806 0 604 1100 1287 1167 435 1393 754 894 461 1100 888 782 842 1543 757 804 471 562 753 1028 238 617 746 991 752 1216 1096
154 381 585 1006 429 690 210 168 92 106 935 904 455 405 345 151 548 938 666 530 464 227 390 343 428 881 506 675 150 553 527 254 218 448 499 585 339 624 143 279 273 951 113 678 493 686 655 294 332 231 604 0 674 840 815 519 829 688 427 344 520 284 391 262 942 153 254 133 230 437 444 598 502 162 809 149 649 641
606 772 1253 631 867 871 872 709 644 664 550 302 337 1076 570 595 1131 279 1039 457 559 554 290 1008 251 1431 1080 182 825 202 232 781 491 1111 384 1138 899 376 535 689 430 437 787 128 289 1350 1115 642 998 734 1100 674 0 187 182 728 1060 1358 246 639 815 567 1006 472 777 610 784 734 903 349 772 946 1175 540 415 597 380 1129
752 878 1424 524 1054 1049 1028 851 799 816 452 135 523 1234 679 743 1314 97 1116 635 743 691 449 1163 412 1539 1264 332 990 304 336 913 671 1264 566 1323 1030 398 697 875 610 298 953 281 390 1523 1210 829 1169 867 1287 840 187 0 225 911 1099 1513 417 826 895 690 1144 613 728 757 917 910 1065 536 865 1131 1335 694 530 745 390 1229
767 949 1378 746 937 874 1021 871 799 820 671 359 406 1221 749 756 1221 267 1221 475 597 723 453 1157 414 1606 1170 164 964 385 415 949 613 1261 422 1219 1067 549 684 777 551 523 926 139 471 1472 1295 726 1125 902 1167 815 182 225 0 759 1241 1504 399 711 997 742 1168 640 930 772 952 854 1046 424 953 985 1318 696 308 758 550 1306
632 890 809 1293 240 180 671 685 594 615 1211 1029 393 783 791 621 543 995 1185 283 169 671 598 764 607 1363 496 598 577 753 747 773 399 852 345 515 851 923 529 244 417 1147 551 639 754 875 1172 225 615 748 435 519 728 911 759 0 1334 1027 576 177 1022 735 872 642 1328 633 773 420 646 385 947 226 846 579 557 621 943 1154
702 448 1119 806 1254 1511 777 661 744 725 800 1052 1106 869 563 712 1281 1165 229 1245 1236 670 866 803 891 648 1257 1193 848 858 831 589 948 826 1179 1339 572 702 808 1105 956 956 850 1158 777 1206 363 1111 981 599 1393 829 1060 1099 1241 1334 0 994 923 1156 312 610 657 721 536 700 591 956 836 1095 387 1426 932 759 1418 713 708 411
761 731 262 1555 801 1132 486 666 715 697 1502 1558 1132 283 880 770 581 1610 765 1170 1067 828 1068 350 1107 527 600 1362 541 1213 1182 625 899 250 1161 649 530 1221 823 821 958 1569 580 1367 1136 284 634 869 416 665 754 688 1358 1513 1504 1027 994 0 1112 913 827 846 402 901 1387 757 621 674 458 1113 791 942 190 820 1473 768 1244 586
367 568 1008 716 664 744 626 471 400 421 634 500 209 829 377 356 904 514 858 363 417 327 59 762 35 1213 855 289 578 177 171 550 256 866 285 918 669 353 289 476 199 586 540 272 187 1106 914 435 753 504 894 427 246 417 399 576 923 1112 0 446 641 355 768 245 772 372 553 493 656 207 584 772 929 297 496 358 371 921
454 713 722 1156 228 355 512 509 417 439 1076 932 307 650 617 444 513 917 1008 271 155 495 455 619 472 1206 462 547 420 623 612 598 231 713 293 508 681 776 353 91 262 1032 389 577 610 802 1000 50 496 571 461 344 639 826 711 177 1156 913 446 0 844 559 712 471 1169 456 598 261 496 292 769 328 725 403 580 443 798 984
389 143 891 754 948 1199 498 355 433 415 717 881 809 634 265 400 1003 976 223 942 926 360 582 559 612 662 974 925 556 614 583 294 638 611 880 1057 318 507 497 794 650 830 552 897 526 987 321 799 712 295 1100 520 815 895 997 1022 312 827 641 844 0 304 435 419 560 388 297 650 560 796 75 1118 717 448 1137 400 523 350
130 212 815 741 700 914 385 186 194 192 676 717 506 584 61 133 829 783 509 638 626 64 296 505 332 864 789 644 391 385 353 226 339 596 576 869 340 378 206 525 346 724 367 625 300 917 559 519 581 181 888 284 567 690 742 735 610 846 355 559 304 0 458 116 657 132 229 416 439 493 237 859 684 156 843 135 402 566
401 329 464 1152 706 1023 201 297 374 350 1100 1175 841 211 485 412 645 1239 434 921 848 454 717 152 756 494 630 1044 294 840 808 232 606 176 889 709 128 826 492 629 655 1173 322 1038 757 556 348 662 346 277 782 391 1006 1144 1168 872 657 402 768 712 435 458 0 534 990 396 228 452 233 823 391 880 283 472 1197 410 848 314
140 327 837 746 638 822 420 238 194 206 673 659 389 626 158 132 805 709 626 524 521 82 188 552 226 968 761 534 399 311 280 308 242 651 460 837 427 362 136 452 237 691 367 517 238 939 671 436 590 262 842 262 472 613 640 642 721 901 245 471 419 116 534 0 707 144 311 378 464 377 354 786 728 100 727 134 387 676
787 666 1430 286 1344 1504 1009 820 851 847 310 633 981 1178 597 790 1485 761 689 1135 1181 716 736 1099 737 1160 1446 953 1039 621 611 805 937 1164 1056 1526 867 423 841 1158 911 490 1020 903 585 1530 830 1138 1221 782 1543 942 777 728 930 1328 536 1387 772 1169 560 657 990 707 0 789 809 1072 1070 980 600 1491 1268 797 1191 792 410 872
4 260 699 865 575 811 277 99 62 65 797 803 470 482 192 17 697 853 563 581 546 80 320 407 360 852 657 652 265 455 425 184 260 507 531 737 300 491 118 409 289 829 238 643 381 801 580 411 457 141 757 153 610 757 772 633 700 757 372 456 388 132 396 144 789 0 186 286 323 454 313 739 583 80 824 16 515 577
191 155 622 941 665 943 204 94 191 166 884 946 655 374 259 203 706 1011 413 759 710 229 498 294 537 665 676 837 259 612 580 3 435 375 714 759 115 600 300 532 471 948 259 826 529 723 405 549 420 49 804 254 784 917 952 773 591 621 553 598 297 229 228 311 809 186 0 369 266 639 228 839 470 267 1010 202 623 396
287 508 524 1123 298 580 251 294 226 238 1050 988 462 399 477 282 428 1007 782 497 405 356 469 360 502 946 383 701 159 642 619 371 243 458 487 459 434 738 244 176 305 1051 130 714 593 618 755 211 272 356 471 133 734 910 854 420 956 674 493 261 650 416 452 378 1072 286 369 0 236 443 575 470 484 279 798 281 762 736
327 421 376 1180 472 791 62 255 270 258 1115 1121 677 175 489 332 445 1163 631 730 642 402 616 123 654 717 420 904 83 771 742 270 441 225 712 503 265 813 368 408 500 1153 122 908 702 479 571 447 153 288 562 230 903 1065 1046 646 836 458 656 496 560 439 233 464 1070 323 266 236 0 658 494 646 272 372 1024 330 837 542
450 697 964 914 521 544 646 545 454 479 832 647 18 831 533 437 798 625 1000 157 218 444 248 778 242 1301 747 263 574 375 375 637 218 882 84 798 748 560 339 353 168 762 535 287 395 1054 1033 302 715 595 753 437 349 536 424 385 1095 1113 207 292 796 493 823 377 980 454 639 443 658 0 730 597 923 374 374 438 577 1031
315 72 836 771 873 1124 432 280 357 339 726 862 743 581 207 326 934 950 273 874 853 290 525 503 557 677 903 871 485 574 542 225 565 564 813 986 267 489 424 719 580 825 479 846 485 934 345 723 647 221 1028 444 772 865 953 947 387 791 584 769 75 237 391 354 600 313 228 575 494 730 0 1043 668 375 1078 326 508 365
739 978 695 1484 175 205 688 764 687 703 1404 1245 608 742 920 731 387 1217 1250 509 390 795 783 746 799 1349 352 823 599 949 939 840 554 814 568 339 892 1104 656 335 590 1354 586 863 938 740 1211 352 563 826 238 598 946 1131 985 226 1426 942 772 328 1118 859 880 786 1491 739 839 470 646 597 1043 0 781 704 776 730 1126 1185
588 601 189 1412 629 961 307 499 536 521 1354 1387 942 101 725 595 452 1432 705 980 879 658 887 178 926 598 458 1174 353 1038 1008 474 710 107 971 521 401 1062 640 633 769 1408 391 1180 965 273 595 681 231 509 617 502 1175 1335 1318 846 932 190 929 725 717 684 283 728 1268 583 470 484 272 923 668 781 0 641 1282 593 1086 551
76 330 741 846 549 758 334 177 104 124 774 749 390 540 216 63 705 791 635 505 478 92 249 469 288 932 662 573 303 398 370 265 189 571 452 738 380 463 49 369 210 789 269 565 333 843 659 362 492 222 746 162 540 694 696 579 759 820 297 403 448 156 472 100 797 80 267 279 372 374 375 704 641 0 743 64 487 657
820 1054 1300 1039 778 625 1018 918 827 852 960 665 356 1195 872 807 1083 575 1352 309 430 803 555 1146 527 1674 1033 238 941 583 603 1008 591 1249 312 1064 1121 778 711 667 542 826 903 287 649 1383 1397 614 1064 965 991 809 415 530 308 557 1418 1473 496 580 1137 843 1197 727 1191 824 1010 798 1024 374 1078 776 1282 743 0 808 786 1398
12 274 705 863 568 799 286 114 63 72 794 793 454 492 196 2 696 842 577 565 531 78 307 418 346 867 655 637 269 445 415 200 245 518 515 734 315 486 103 399 273 823 241 628 372 807 596 399 461 157 752 149 597 745 758 621 713 768 358 443 400 135 410 134 792 16 202 281 330 438 326 730 593 64 808 0 511 593
512 539 1214 363 998 1114 786 587 574 581 287 358 577 986 364 509 1191 460 738 730 787 435 345 907 338 1183 1146 547 781 210 203 619 576 997 650 1219 722 24 518 806 536 325 751 500 188 1316 844 776 972 579 1216 649 380 390 550 943 708 1244 371 798 523 402 848 387 410 515 623 762 837 577 508 1126 1086 487 786 511 0 870
581 357 741 1096 1010 1316 497 491 587 562 1064 1226 1047 510 558 594 957 1315 190 1155 1104 597 862 464 898 312 944 1210 588 935 903 397 831 452 1108 1022 303 853 694 910 866 1180 607 1191 846 818 48 934 660 436 1096 641 1129 1229 1306 1154 411 586 921 984 350 566 314 676 872 577 396 736 542 1031 365 1185 551 657 1398 593 870 0
