0 1402 1267 1444 958 823 425 800 847 436 1372 185 1598 1594 455 750
1402 0 1029 848 2243 1063 1716 2165 2160 1492 2768 1216 1656 2751 1104 1738
1267 1029 0 301 2220 449 1315 1742 1659 1619 2502 1142 628 2004 812 1947
1444 848 301 0 2401 678 1556 1998 1927 1747 2740 1294 851 2303 993 2064
958 2243 2220 2401 0 1771 1013 877 1045 753 710 1112 2476 1770 1412 610
823 1063 449 678 1771 0 879 1321 1256 1199 2064 714 850 1717 376 1529
425 1716 1315 1556 1013 879 0 457 448 795 1186 565 1472 1169 625 1051
800 2165 1742 1998 877 1321 457 0 170 1028 787 974 1803 930 1082 1176
847 2160 1659 1927 1045 1256 448 170 0 1132 924 1007 1672 794 1060 1310
436 1492 1619 1747 753 1199 795 1028 1132 0 1358 485 2014 1922 824 329
1372 2768 2502 2740 710 2064 1186 787 924 1358 0 1557 2590 1377 1769 1303
185 1216 1142 1294 1112 714 565 974 1007 485 1557 0 1532 1726 338 815
1598 1656 628 851 2476 850 1472 1803 1672 2014 2590 1532 0 1749 1200 2341
1594 2751 2004 2303 1770 1717 1169 930 794 1922 1377 1726 1749 0 1670 2103
455 1104 812 993 1412 376 625 1082 1060 824 1769 338 1200 1670 0 1154
750 1738 1947 2064 610 1529 1051 1176 1310 329 1303 815 2341 2103 1154 0
