0 1669 416 1137 1594 1302 1526 908 994 1490 1729 1351 1709 820 1463 51
1669 0 1259 2633 3261 2972 2296 879 2651 456 2266 1172 3378 1349 3130 1627
416 1259 0 1503 2002 1716 1650 509 1410 1120 1792 1145 2124 721 1870 371
1137 2633 1503 0 1156 850 1117 2013 562 2319 1425 1834 1084 1348 1070 1188
1594 3261 2002 1156 0 333 2270 2444 703 3072 2575 2778 254 2227 131 1634
1302 2972 1716 850 333 0 1952 2180 370 2763 2255 2448 409 1899 224 1345
1526 2296 1650 1117 2270 1952 0 2052 1615 1867 308 1173 2199 1021 2176 1557
908 879 509 2013 2444 2180 2052 0 1897 923 2142 1266 2589 1041 2315 858
994 2651 1410 562 703 370 1615 1897 0 2419 1913 2080 743 1534 587 1042
1490 456 1120 2319 3072 2763 1867 923 2419 0 1818 719 3160 982 2942 1457
1729 2266 1792 1425 2575 2255 308 2142 1913 1818 0 1100 2507 1102 2480 1754
1351 1172 1145 1834 2778 2448 1173 1266 2080 719 1100 0 2812 556 2654 1342
1709 3378 2124 1084 254 409 2199 2589 743 3160 2507 2812 0 2272 330 1753
820 1349 721 1348 2227 1899 1021 1041 1534 982 1102 556 2272 0 2102 820
1463 3130 1870 1070 131 224 2176 2315 587 2942 2480 2654 330 2102 0 1503
51 1627 371 1188 1634 1345 1557 858 1042 1457 1754 1342 1753 820 1503 0
