0 1159 29 603 1070 400 1472 515 235 1128 1382 247 577 1535 1633 1321
1159 0 1188 1730 1126 988 326 1663 1111 1487 2093 941 1694 732 676 2419
29 1188 0 574 1078 422 1501 486 251 1126 1379 276 556 1564 1658 1293
603 1730 574 0 1283 967 2051 123 778 1138 1535 851 504 2138 2112 719
1070 1126 1078 1283 0 1296 1401 1303 1242 396 2445 1080 1584 1837 1071 1753
400 988 422 967 1296 0 1260 859 188 1445 1200 223 745 1197 1581 1681
1472 326 1501 2051 1401 1260 0 1981 1402 1778 2287 1244 1989 605 673 2744
515 1663 486 123 1303 859 1981 0 670 1194 1422 760 391 2042 2078 822
235 1111 251 778 1242 188 1402 670 0 1343 1205 193 586 1380 1661 1493
1128 1487 1126 1138 396 1445 1778 1194 1343 0 2497 1221 1540 2173 1465 1467
1382 2093 1379 1535 2445 1200 2287 1422 1205 2497 0 1384 1031 1944 2744 1997
247 941 276 851 1080 223 1244 760 193 1221 1384 0 755 1288 1470 1569
577 1694 556 504 1584 745 1989 391 586 1540 1031 755 0 1931 2208 1076
1535 732 1564 2138 1837 1197 605 2042 1380 2173 1944 1288 1931 0 1277 2857
1633 676 1658 2112 1071 1581 673 2078 1661 1465 2744 1470 2208 1277 0 2723
1321 2419 1293 719 1753 1681 2744 822 1493 1467 1997 1569 1076 2857 2723 0
