0 1545 1071 1460 1478 876 1222 1072 182 702 561 733 1240 1512 1246 67
1545 0 2615 162 2806 2198 1349 1260 1567 1262 2024 2056 413 2517 2784 1557
1071 2615 0 2524 950 810 1981 1877 1087 1615 738 836 2306 1575 199 1058
1460 162 2524 0 2674 2072 1188 1102 1499 1252 1962 1933 452 2523 2687 1466
1478 2806 950 2674 0 622 1736 1706 1601 2173 1489 772 2613 2491 852 1425
876 2198 810 2072 622 0 1256 1187 1018 1578 1025 149 1992 2100 853 817
1222 1349 1981 1188 1736 1256 0 161 1384 1610 1760 1168 1387 2719 2077 1173
1072 1260 1877 1102 1706 1187 161 0 1230 1449 1616 1085 1260 2562 1984 1025
182 1567 1087 1499 1601 1018 1384 1230 0 575 465 882 1228 1339 1274 248
702 1262 1615 1252 2173 1578 1610 1449 575 0 897 1436 859 1276 1811 763
561 2024 738 1962 1489 1025 1760 1616 465 897 0 935 1667 1082 937 595
733 2056 836 1933 772 149 1168 1085 882 1436 935 0 1843 2016 911 673
1240 413 2306 452 2613 1992 1387 1260 1228 859 1667 1843 0 2104 2485 1265
1512 2517 1575 2523 2491 2100 2719 2562 1339 1276 1082 2016 2104 0 1741 1570
1246 2784 199 2687 852 853 2077 1984 1274 1811 937 911 2485 1741 0 1227
67 1557 1058 1466 1425 817 1173 1025 248 763 595 673 1265 1570 1227 0
