0 1634 746 165 1284 1444 1239 766 1552 680 246 1504 1029 761 1104 395
1634 0 2005 1481 2729 2844 804 2393 2527 2285 1752 1957 1588 2343 2701 1312
746 2005 0 862 1719 839 1337 775 2211 617 502 955 1775 581 869 1081
165 1481 862 0 1367 1597 1139 929 1543 845 383 1536 926 926 1269 234
1284 2729 1719 1367 0 1881 2507 1003 849 1135 1376 2659 1329 1218 1225 1449
1444 2844 839 1597 1881 0 2153 934 2597 876 1215 1428 2421 768 658 1831
1239 804 1337 1139 2507 2153 0 1903 2567 1765 1249 1153 1711 1795 2143 1096
766 2393 775 929 1003 934 1903 0 1664 158 658 1729 1563 215 372 1143
1552 2527 2211 1543 849 2597 2567 1664 0 1749 1748 3056 939 1852 1972 1489
680 2285 617 845 1135 876 1765 158 1749 0 534 1573 1562 108 424 1071
246 1752 502 383 1376 1215 1249 658 1748 534 0 1319 1274 591 948 616
1504 1957 955 1536 2659 1428 1153 1729 3056 1573 1319 0 2426 1529 1765 1672
1029 1588 1775 926 1329 2421 1711 1563 939 1562 1274 2426 0 1667 1936 754
761 2343 581 926 1218 768 1795 215 1852 108 591 1529 1667 0 357 1156
1104 2701 869 1269 1225 658 2143 372 1972 424 948 1765 1936 357 0 1493
395 1312 1081 234 1449 1831 1096 1143 1489 1071 616 1672 754 1156 1493 0
