0 1506 1093 1638 1565 952 1490 814 1409 311 1315 1090 1290 24 329 818 912
1506 0 2379 1721 1375 736 1008 2173 2875 1817 535 937 2563 1511 1218 955 1729
1093 2379 0 2699 2655 1661 1887 290 699 922 2339 2175 198 1107 1403 1444 772
1638 1721 2699 0 371 1890 2493 2409 2794 1780 1185 846 2890 1619 1403 1966 2491
1565 1375 2655 371 0 1632 2208 2371 2843 1763 845 582 2852 1549 1280 1740 2344
952 736 1661 1890 1632 0 631 1479 2208 1247 911 1054 1840 967 779 220 992
1490 1008 1887 2493 2208 631 0 1790 2532 1747 1407 1647 2029 1509 1385 677 1116
814 2173 290 2409 2371 1479 1790 0 744 632 2090 1903 481 827 1133 1270 724
1409 2875 699 2794 2843 2208 2532 744 0 1123 2724 2465 668 1412 1737 2005 1442
311 1817 922 1780 1763 1247 1747 632 1123 0 1608 1344 1110 306 622 1093 984
1315 535 2339 1185 845 911 1407 2090 2724 1608 0 433 2535 1312 987 1082 1819
1090 937 2175 846 582 1054 1647 1903 2465 1344 433 0 2374 1080 771 1157 1786
1290 2563 198 2890 2852 1840 2029 481 668 1110 2535 2374 0 1304 1602 1621 913
24 1511 1107 1619 1549 967 1509 827 1412 306 1312 1080 1304 0 325 836 936
329 1218 1403 1403 1280 779 1385 1133 1737 622 987 771 1602 325 0 717 1087
818 955 1444 1966 1740 220 677 1270 2005 1093 1082 1157 1621 836 717 0 775
912 1729 772 2491 2344 992 1116 724 1442 984 1819 1786 913 936 1087 775 0
