0 360 1725 1626 155 585 1020 615 62 1288 239 1199 1617 1312 221 1445
360 0 1825 1331 219 486 978 819 408 984 513 848 1609 1662 151 1804
1725 1825 0 3060 1709 2274 944 1127 1675 1819 1496 2439 537 2260 1733 2178
1626 1331 3060 0 1531 1121 2124 2148 1687 1469 1833 647 2715 2697 1473 2903
155 219 1709 1531 0 565 938 641 192 1135 302 1067 1554 1467 69 1598
585 486 2274 1121 565 0 1462 1193 646 1357 823 886 2091 1595 542 1790
1020 978 944 2124 938 1462 0 660 994 921 862 1496 632 2051 933 2078
615 819 1127 2148 641 1193 660 0 559 1365 377 1617 1121 1391 687 1420
62 408 1675 1687 192 646 994 559 0 1310 182 1252 1582 1281 261 1406
1288 984 1819 1469 1135 1357 921 1365 1310 0 1304 836 1362 2586 1077 2688
239 513 1496 1833 302 823 862 377 182 1304 0 1359 1425 1289 364 1383
1199 848 2439 647 1067 886 1496 1617 1252 836 1359 0 2073 2442 1000 2612
1617 1609 537 2715 1554 2091 632 1121 1582 1362 1425 2073 0 2454 1557 2423
1312 1662 2260 2697 1467 1595 2051 1391 1281 2586 1289 2442 2454 0 1533 251
221 151 1733 1473 69 542 933 687 261 1077 364 1000 1557 1533 0 1666
1445 1804 2178 2903 1598 1790 2078 1420 1406 2688 1383 2612 2423 251 1666 0
