0 1367 1719 1594 223 964 606 427 984 196 12 1167 16 663 283 33
1367 0 2175 946 1515 2331 1857 946 1156 1252 1365 1976 1368 1134 1586 1366
1719 2175 0 2941 1552 2012 2186 1823 2587 1873 1706 641 1702 2292 1545 1685
1594 946 2941 0 1810 2428 1807 1232 747 1404 1600 2587 1605 993 1876 1613
223 1515 1552 1810 0 851 665 609 1207 420 215 971 210 887 71 199
964 2331 2012 2428 851 0 648 1387 1705 1095 966 1374 963 1435 788 967
606 1857 2186 1807 665 648 0 934 1070 625 616 1569 617 827 651 631
427 946 1823 1232 609 1387 934 0 764 311 427 1377 431 488 680 431
984 1156 2587 747 1207 1705 1070 764 0 788 993 2114 998 320 1262 1011
196 1252 1873 1404 420 1095 625 311 788 0 205 1346 210 468 479 223
12 1365 1706 1600 215 966 616 427 993 205 0 1156 5 673 276 21
1167 1976 641 2587 971 1374 1569 1377 2114 1346 1156 0 1151 1800 949 1135
16 1368 1702 1605 210 963 617 431 998 210 5 1151 0 678 271 17
663 1134 2292 993 887 1435 827 488 320 468 673 1800 678 0 942 691
283 1586 1545 1876 71 788 651 680 1262 479 276 949 271 942 0 263
33 1366 1685 1613 199 967 631 431 1011 223 21 1135 17 691 263 0
