0 739 268 799 1445 1175 1680 997 318 1191 1637 1397 316 1103 679 1612
739 0 920 1380 2182 505 2418 1616 752 1830 1032 1571 428 1577 1129 976
268 920 0 916 1338 1394 1562 736 230 937 1697 1191 500 839 875 1689
799 1380 916 0 1059 1648 1285 1341 1093 1445 2383 2095 1048 1624 306 2342
1445 2182 1338 1059 0 2572 238 1109 1567 1034 3035 2137 1762 1493 1348 3026
1175 505 1394 1648 2572 0 2811 2110 1247 2321 1107 2044 894 2082 1354 1015
1680 2418 1562 1285 238 2811 0 1260 1789 1151 3257 2291 1996 1639 1579 3251
997 1616 736 1341 1109 2110 1260 0 864 217 2186 1031 1221 384 1447 2208
318 752 230 1093 1567 1247 1789 864 0 1078 1468 1084 374 867 997 1462
1191 1830 937 1445 1034 2321 1151 217 1078 0 2396 1161 1430 511 1586 2420
1637 1032 1697 2383 3035 1107 3257 2186 1468 2396 0 1583 1342 1966 2153 107
1397 1571 1191 2095 2137 2044 2291 1031 1084 1161 1583 0 1386 653 2063 1648
316 428 500 1048 1762 894 1996 1221 374 1430 1342 1386 0 1241 854 1310
1103 1577 839 1624 1493 2082 1639 384 867 511 1966 653 1241 0 1673 2003
679 1129 875 306 1348 1354 1579 1447 997 1586 2153 2063 854 1673 0 2104
1612 976 1689 2342 3026 1015 3251 2208 1462 2420 107 1648 1310 2003 2104 0
