0 1414 592 1350 1316 43 815 909 1521 429 402 870 1324 194 1330 1664
1414 0 1411 2686 1842 1405 1887 734 1990 1143 1176 638 1514 1380 965 1550
592 1411 0 1788 732 632 476 701 2095 336 321 1094 1840 771 925 2139
1350 2686 1788 0 2339 1340 1630 2260 1598 1766 1735 2062 1817 1318 2662 2194
1316 1842 732 2339 0 1358 711 1130 2827 1032 1029 1723 2561 1501 985 2842
43 1405 632 1340 1358 0 858 921 1478 453 428 849 1281 150 1352 1623
815 1887 476 1630 711 858 0 1175 2310 775 748 1529 2139 1007 1327 2475
909 734 701 2260 1130 921 1175 0 2050 512 547 674 1660 973 498 1855
1521 1990 2095 1598 2827 1478 2310 2050 0 1823 1816 1442 492 1330 2547 716
429 1143 336 1766 1032 453 775 512 1823 0 35 761 1529 552 902 1814
402 1176 321 1735 1029 428 748 547 1816 35 0 783 1532 533 931 1821
870 638 1094 2062 1723 849 1529 674 1442 761 783 0 1010 787 1146 1180
1324 1514 1840 1817 2561 1281 2139 1660 492 1529 1532 1010 0 1132 2149 388
194 1380 771 1318 1501 150 1007 973 1330 552 533 787 1132 0 1430 1479
1330 965 925 2662 985 1352 1327 498 2547 902 931 1146 2149 1430 0 2319
1664 1550 2139 2194 2842 1623 2475 1855 716 1814 1821 1180 388 1479 2319 0
