0 21 1469 425 894 1145 1133 925 1430 1124 1009 1090 708 609 1034 1694
21 0 1450 444 912 1124 1125 909 1436 1134 1024 1076 689 593 1034 1698
1469 1450 0 1894 2045 553 1945 1404 1833 1814 2453 575 772 872 1323 2846
425 444 1894 0 769 1557 1190 1173 1552 1197 626 1492 1133 1029 1279 1490
894 912 2045 769 0 1904 1942 1818 931 568 1215 1504 1426 1234 925 2216
1145 1124 553 1557 1904 0 1402 858 1957 1832 2045 760 477 678 1416 2322
1133 1125 1945 1190 1942 1402 0 544 2560 2257 1191 1882 1319 1417 2123 951
925 909 1404 1173 1818 858 544 0 2257 2002 1436 1395 837 981 1765 1479
1430 1436 1833 1552 931 1957 2560 2257 0 368 2107 1270 1550 1344 541 3042
1124 1134 1814 1197 568 1832 2257 2002 368 0 1740 1239 1383 1170 507 2688
1009 1024 2453 626 1215 2045 1191 1436 2107 1740 0 2100 1681 1615 1894 1043
1090 1076 575 1492 1504 760 1882 1395 1270 1239 2100 0 563 505 749 2681
708 689 772 1133 1426 477 1319 837 1550 1383 1681 563 0 212 1017 2143
609 593 872 1029 1234 678 1417 981 1344 1170 1615 505 212 0 816 2180
1034 1034 1323 1279 925 1416 2123 1765 541 507 1894 749 1017 816 0 2721
1694 1698 2846 1490 2216 2322 951 1479 3042 2688 1043 2681 2143 2180 2721 0
