0 1062 747 1397 1590 1123 1118 1529 533 1420 125 912 278 1540 1229 419
1062 0 315 1523 1799 1818 2104 887 1247 1871 1121 1969 819 2568 845 1479
747 315 0 1414 1679 1564 1800 1013 967 1688 807 1654 508 2258 836 1164
1397 1523 1414 0 278 2515 2329 1025 1927 528 1521 1952 1474 2593 2249 1605
1590 1799 1679 278 0 2689 2439 1280 2123 399 1710 2040 1698 2657 2510 1745
1123 1818 1564 2515 2689 0 710 2546 624 2462 997 1011 1143 1154 1353 981
1118 2104 1800 2329 2439 710 0 2646 898 2132 1017 430 1295 495 1889 749
1529 887 1013 1025 1280 2546 2646 0 1926 1528 1639 2385 1410 3042 1732 1913
533 1247 967 1927 2123 624 898 1926 0 1942 415 920 519 1388 1019 587
1420 1871 1688 528 399 2462 2132 1528 1942 0 1528 1717 1586 2308 2485 1487
125 1121 807 1521 1710 997 1017 1639 415 1528 0 848 304 1455 1197 366
912 1969 1654 1952 2040 1011 430 2385 920 1717 848 0 1153 661 1935 493
278 819 508 1474 1698 1143 1295 1410 519 1586 304 1153 0 1749 966 670
1540 2568 2258 2593 2657 1154 495 3042 1388 2308 1455 661 1749 0 2384 1132
1229 845 836 2249 2510 1353 1889 1732 1019 2485 1197 1935 966 2384 0 1532
419 1479 1164 1605 1745 981 749 1913 587 1487 366 493 670 1132 1532 0
