0 477 1280 471 1024 181 464 1207 980 1204 1136 841 1703 692 1253 1611
477 0 1338 944 1266 302 891 1678 1333 1679 1592 1302 1999 778 1131 1150
1280 1338 0 1304 2283 1319 1623 1966 2154 1698 1447 1328 1001 593 486 1756
471 944 1304 0 1064 652 385 790 866 734 674 380 1420 821 1445 2051
1024 1266 2283 1064 0 1063 684 1121 344 1408 1540 1323 2472 1710 2274 2324
181 302 1319 652 1063 0 597 1376 1074 1385 1315 1021 1834 726 1223 1449
464 891 1623 385 684 597 0 819 539 934 970 703 1805 1077 1680 2042
1207 1678 1966 790 1121 1376 819 0 779 382 632 639 1691 1581 2197 2818
980 1333 2154 866 344 1074 539 779 0 1082 1238 1053 2220 1616 2218 2457
1204 1679 1698 734 1408 1385 934 382 1082 0 271 418 1317 1405 1992 2774
1136 1592 1447 674 1540 1315 970 632 1238 271 0 294 1059 1207 1769 2638
841 1302 1328 380 1323 1021 703 639 1053 418 294 0 1168 988 1585 2368
1703 1999 1001 1420 2472 1834 1805 1691 2220 1317 1059 1168 0 1265 1483 2708
692 778 593 821 1710 726 1077 1581 1616 1405 1207 988 1265 0 623 1502
1253 1131 486 1445 2274 1223 1680 2197 2218 1992 1769 1585 1483 623 0 1289
1611 1150 1756 2051 2324 1449 2042 2818 2457 2774 2638 2368 2708 1502 1289 0
