0 1623 842 594 359 787 788 894 1330 1011 1475 323 1034 1483 621 1375 1703
1623 0 1005 2047 1275 2226 1853 750 2708 1906 3011 1767 1608 3093 1130 1883 1461
842 1005 0 1415 633 1612 1448 351 1708 1615 2316 1116 1462 2182 773 995 1811
594 2047 1415 0 818 196 451 1388 1538 664 964 301 878 1316 920 1927 1667
359 1275 633 818 0 1012 817 572 1637 995 1766 519 898 1842 301 1419 1445
787 2226 1612 196 1012 0 508 1580 1613 678 792 497 950 1274 1095 2099 1742
788 1853 1448 451 817 508 0 1311 1958 233 1260 489 441 1761 757 2158 1234
894 750 351 1388 572 1580 1311 0 1978 1438 2339 1090 1228 2346 562 1345 1480
1330 2708 1708 1538 1637 1613 1958 1978 0 2188 1707 1501 2318 895 1933 1256 3031
1011 1906 1615 664 995 678 233 1438 2188 0 1360 721 338 1952 876 2371 1091
1475 3011 2316 964 1766 792 1260 2339 1707 1360 0 1251 1682 967 1883 2584 2450
323 1767 1116 301 519 497 489 1090 1501 721 1251 0 817 1459 654 1695 1563
1034 1608 1462 878 898 950 441 1228 2318 338 1682 817 0 2195 689 2317 793
1483 3093 2182 1316 1842 1274 1761 2346 895 1952 967 1459 2195 0 2080 2055 2983
621 1130 773 920 301 1095 757 562 1933 876 1883 654 689 2080 0 1671 1149
1375 1883 995 1927 1419 2099 2158 1345 1256 2371 2584 1695 2317 2055 1671 0 2786
1703 1461 1811 1667 1445 1742 1234 1480 3031 1091 2450 1563 793 2983 1149 2786 0
