0 282 201 232 577 814 164 436 745 3 295 758 763 698 390 749 280 850 599 712 478 198 141 576 62 478 189 730 132 831 173 446 488 741 164 521 354 852 274 199 616 12 225 787 605 648 755 774 41 342 443 499 770 826 554 128 272 155 183 199 461 509 574 482 382 654 244 687 444 404 503 758 769 461 242 366 684 223
282 0 467 362 837 1070 338 704 570 283 38 981 493 771 107 833 323 1117 720 983 670 155 228 625 263 272 284 821 223 550 303 516 686 999 279 576 192 1134 90 453 370 294 443 707 659 444 1027 1015 272 576 322 313 1046 562 544 154 247 226 201 155 742 624 742 615 135 823 485 837 656 671 227 1039 546 431 179 649 938 238
201 467 0 218 376 612 169 360 824 202 486 562 957 605 573 852 456 748 689 516 312 400 257 514 256 601 245 620 256 1017 213 392 317 661 344 658 478 680 432 235 753 191 304 964 736 754 644 573 234 355 640 609 647 1023 717 318 354 351 382 401 289 405 419 366 540 493 282 537 468 335 670 618 881 479 363 219 482 416
232 362 218 0 515 734 71 574 608 236 394 624 844 467 453 981 504 967 828 675 309 375 143 344 290 409 78 502 152 879 67 214 325 878 391 753 295 873 293 394 565 232 442 998 837 546 862 667 272 536 630 408 864 918 778 264 160 368 383 376 495 285 382 264 384 463 445 483 647 547 517 831 674 262 200 436 603 433
577 837 376 515 0 237 507 462 1083 578 860 254 1330 626 941 1099 809 656 933 164 292 776 614 623 628 924 578 601 617 1382 550 558 274 637 706 961 811 405 790 538 1079 566 610 1302 1026 1048 554 219 608 583 1008 918 526 1398 1046 693 675 722 755 777 223 477 355 437 892 373 564 436 670 463 1026 457 1174 712 707 305 110 784
814 1070 612 734 237 0 735 652 1264 815 1094 207 1563 728 1172 1298 1043 722 1135 160 461 1013 844 768 865 1136 803 684 847 1610 776 734 441 746 942 1181 1029 369 1019 768 1291 803 838 1531 1241 1246 638 109 845 796 1245 1125 595 1632 1273 929 893 959 992 1014 425 630 475 597 1117 451 790 506 870 661 1251 515 1370 899 932 523 132 1021
164 338 169 71 507 735 0 513 658 167 366 644 830 534 438 911 441 913 757 661 340 324 110 415 224 434 77 567 115 875 45 284 353 819 326 685 312 844 283 323 587 163 371 941 769 584 810 677 204 466 580 440 815 900 715 217 185 307 326 325 456 346 425 321 385 506 374 533 577 485 519 787 712 327 202 387 603 374
436 704 360 574 462 652 513 0 1166 433 706 716 1140 941 807 645 503 415 483 498 602 572 563 868 441 912 582 944 557 1230 552 751 597 307 450 552 788 507 709 251 1052 424 283 918 600 1079 324 675 433 173 719 931 346 1191 662 555 686 495 530 572 238 745 708 702 816 764 230 821 219 32 931 355 1203 837 673 181 559 528
745 570 824 608 1083 1264 658 1166 0 749 598 1096 712 626 535 1404 891 1571 1287 1247 804 718 607 517 767 298 585 692 614 647 616 530 824 1474 827 1147 400 1470 507 944 271 754 964 1223 1228 138 1468 1171 763 1087 861 258 1472 785 1105 657 480 776 760 719 1102 638 799 667 438 851 989 823 1186 1137 432 1439 154 370 503 1044 1146 805
3 283 202 236 578 815 167 433 749 0 296 759 763 702 391 746 277 848 595 713 481 197 145 580 59 480 193 734 136 832 177 450 491 738 161 517 357 851 276 195 618 11 221 784 601 651 753 775 38 338 441 503 768 827 551 129 275 153 181 198 460 513 577 485 384 657 241 690 441 401 505 756 772 465 245 365 685 221
295 38 486 394 860 1094 366 706 598 296 0 1010 470 809 101 805 300 1117 697 1003 702 142 257 663 267 300 316 858 251 536 333 553 717 997 269 548 228 1147 128 454 387 307 437 669 629 469 1030 1041 280 571 285 343 1050 538 511 168 284 218 188 142 756 660 776 650 160 856 482 872 646 673 233 1046 567 470 216 661 962 219
758 981 562 624 254 207 644 716 1096 759 1010 0 1469 528 1077 1348 1018 879 1181 308 319 953 753 585 816 1003 700 480 759 1501 678 574 301 878 906 1195 908 559 917 764 1154 749 838 1522 1265 1093 784 98 794 828 1201 985 749 1542 1270 855 774 912 941 954 477 458 296 433 1006 253 797 303 921 716 1137 672 1212 741 824 552 178 978
763 493 957 844 1330 1563 830 1140 712 763 470 1469 0 1180 392 1006 649 1535 968 1474 1153 577 720 1034 726 532 769 1240 716 133 792 954 1169 1405 690 784 579 1609 551 894 449 775 857 650 834 585 1458 1507 742 982 457 574 1486 78 677 639 701 650 614 577 1222 1075 1213 1076 471 1290 909 1294 1026 1108 354 1492 583 818 646 1123 1431 612
698 771 605 467 626 728 534 941 626 702 809 528 1180 0 828 1442 971 1259 1283 771 352 831 598 147 757 650 529 66 608 1170 532 260 364 1208 859 1220 612 1028 682 833 771 697 893 1456 1303 669 1152 621 738 961 1078 613 1134 1259 1245 719 524 833 846 832 761 199 271 239 722 276 882 225 1074 922 826 1074 767 362 593 764 641 897
390 107 573 453 941 1172 438 807 535 391 101 1077 392 828 0 881 390 1219 783 1089 762 242 328 681 367 245 377 883 325 443 400 583 778 1099 370 625 218 1242 160 555 300 402 539 698 702 399 1131 1114 378 673 326 294 1151 464 572 261 317 319 288 242 850 698 827 694 114 906 584 915 746 774 135 1145 484 473 257 757 1040 315
749 833 852 981 1099 1298 911 645 1404 746 805 1348 1006 1442 881 0 516 813 167 1143 1163 690 875 1326 697 1105 936 1466 865 1135 922 1195 1165 688 605 257 1014 1101 903 617 1181 748 551 447 180 1275 801 1316 712 520 580 1146 851 1015 331 775 994 646 652 689 879 1245 1271 1212 966 1342 571 1389 429 638 1010 908 1366 1199 940 795 1201 603
280 323 456 504 809 1043 441 503 891 277 300 1018 649 971 390 516 0 886 397 919 756 174 377 841 218 594 444 1007 366 753 439 713 764 756 116 263 498 999 387 282 687 285 223 508 349 767 813 1020 239 336 216 633 844 694 274 264 485 139 137 173 639 787 854 762 458 934 279 968 377 473 525 859 867 691 426 534 919 87
850 1117 748 967 656 722 913 415 1571 848 1117 879 1535 1259 1219 813 886 0 699 575 906 980 974 1217 855 1326 986 1245 969 1633 955 1115 894 135 855 845 1200 381 1124 664 1467 839 684 1203 857 1490 107 799 848 553 1093 1342 130 1580 971 970 1093 903 936 980 501 1079 995 1035 1231 1026 635 1090 518 447 1345 208 1615 1226 1085 531 701 927
599 720 689 828 933 1135 757 483 1287 595 697 1181 968 1283 783 167 397 699 0 982 997 568 731 1172 551 990 788 1306 721 1090 772 1042 999 566 467 184 890 955 780 454 1082 597 390 506 162 1164 670 1150 564 353 516 1028 718 990 304 641 856 514 526 568 713 1086 1106 1051 855 1176 407 1224 264 473 916 768 1264 1056 805 628 1036 482
712 983 516 675 164 160 661 498 1247 713 1003 308 1474 771 1089 1143 919 575 982 0 451 908 765 781 758 1084 735 739 767 1532 705 721 433 590 824 1038 969 260 943 638 1240 701 705 1393 1094 1211 486 224 738 650 1127 1080 446 1539 1135 834 834 847 882 909 283 636 501 597 1047 502 654 564 718 510 1180 367 1338 876 863 386 136 905
478 670 312 309 292 461 340 602 804 481 702 319 1153 352 762 1163 756 906 997 451 0 662 445 331 540 685 386 344 452 1182 368 274 19 857 640 970 589 697 602 546 838 472 616 1264 1048 785 799 375 518 652 917 670 782 1227 1024 557 456 634 658 663 409 185 108 145 687 180 591 226 762 588 818 724 909 437 507 421 342 702
198 155 400 375 776 1013 324 572 718 197 142 953 577 831 242 690 174 980 568 908 662 0 234 693 150 422 303 872 224 659 307 570 674 858 127 436 324 1032 213 320 525 209 297 626 520 597 895 972 169 431 256 460 918 636 425 111 322 77 46 1 646 659 750 640 290 831 344 856 504 539 375 918 701 527 258 546 882 87
141 228 257 143 614 844 110 563 607 145 257 753 720 598 328 875 377 974 731 765 445 234 0 464 180 352 69 638 10 767 77 338 460 870 271 635 227 937 177 338 500 148 366 859 721 516 875 787 168 482 488 368 885 790 648 122 130 238 247 235 545 425 524 407 283 605 385 626 586 532 415 865 640 325 111 464 712 299
576 625 514 344 623 768 415 868 517 580 663 585 1034 147 681 1326 841 1217 1172 781 331 693 464 0 632 506 396 206 475 1027 405 130 348 1152 732 1095 464 1028 536 729 633 577 784 1317 1180 540 1110 668 615 865 936 471 1099 1112 1113 583 380 702 711 694 717 145 292 187 575 335 780 305 978 846 680 1047 648 215 449 700 662 763
62 263 256 290 628 865 224 441 767 59 267 816 726 757 367 697 218 855 551 758 540 150 180 632 0 487 239 791 169 802 227 503 550 740 102 463 368 883 274 191 617 68 196 724 547 661 764 829 22 324 384 515 783 786 492 116 306 95 126 151 496 570 637 543 378 717 228 749 419 409 490 778 778 505 265 397 736 162
478 272 601 409 924 1136 434 912 298 480 300 1003 532 650 245 1105 594 1326 990 1084 685 422 352 506 487 0 357 712 357 521 388 443 704 1218 536 848 125 1278 216 674 155 488 683 943 930 175 1228 1059 488 812 570 48 1238 610 809 372 251 484 465 423 890 568 721 578 140 792 715 785 904 881 183 1216 291 291 241 815 1007 508
189 284 245 78 578 803 77 582 585 193 316 700 769 529 377 936 444 986 788 735 386 303 69 396 239 357 0 569 79 808 31 269 402 889 336 700 236 921 218 375 510 193 413 929 785 508 884 739 224 520 557 363 890 841 716 192 108 305 316 305 534 356 460 339 314 541 424 559 628 552 448 863 635 272 129 463 671 368
730 821 620 502 601 684 567 944 692 734 858 480 1240 66 883 1466 1007 1245 1306 739 344 872 638 206 791 712 569 0 649 1232 569 305 353 1201 893 1250 668 998 734 853 835 728 916 1498 1333 735 1139 576 771 975 1123 676 1118 1318 1281 761 574 870 885 874 752 221 249 255 779 237 901 178 1088 927 886 1055 833 422 642 764 606 935
132 223 256 152 617 847 115 557 614 136 251 759 716 608 325 865 366 969 721 767 452 224 10 475 169 357 79 649 0 765 85 349 466 864 261 624 232 935 176 330 503 140 357 849 710 522 871 791 158 474 478 374 881 786 637 112 139 227 237 225 543 435 532 416 283 613 376 635 577 526 414 861 646 335 115 461 715 288
831 550 1017 879 1382 1610 875 1230 647 832 536 1501 133 1170 443 1135 753 1633 1090 1532 1182 659 767 1027 802 521 808 1232 765 0 834 961 1200 1506 780 908 595 1683 591 980 405 843 950 784 962 533 1552 1547 816 1079 575 556 1577 167 805 703 726 735 700 659 1292 1085 1232 1091 495 1306 1001 1304 1131 1198 364 1577 504 812 680 1197 1479 706
173 303 213 67 550 776 45 552 616 177 333 678 792 532 400 922 439 955 772 705 368 307 77 405 227 388 31 569 85 834 0 276 383 859 327 690 267 889 243 351 542 175 392 931 775 540 853 715 210 495 563 395 859 864 712 196 140 301 316 309 502 352 447 332 342 528 401 550 604 523 476 832 667 295 158 431 644 366
446 516 392 214 558 734 284 751 530 450 553 574 954 260 583 1195 713 1115 1042 721 274 570 338 130 503 443 269 305 349 961 276 0 294 1042 603 966 375 956 430 601 587 447 654 1196 1051 518 1008 644 485 738 818 418 1001 1032 986 459 269 575 586 571 618 124 281 140 485 349 652 342 851 727 603 955 639 167 337 589 616 638
488 686 317 325 274 441 353 597 824 491 717 301 1169 364 778 1165 764 894 999 433 19 674 460 348 550 704 402 353 466 1200 383 294 0 847 649 976 607 680 618 550 857 481 620 1273 1053 805 788 356 528 653 928 689 769 1243 1032 570 473 644 669 675 399 203 110 163 705 176 593 226 761 584 836 710 928 457 523 416 322 712
741 999 661 878 637 746 819 307 1474 738 997 878 1405 1208 1099 688 756 135 566 590 857 858 870 1152 740 1218 889 1201 864 1506 859 1042 847 0 731 709 1094 447 1012 548 1355 730 560 1068 724 1387 122 809 734 427 960 1238 174 1449 835 856 994 780 813 858 448 1019 954 976 1118 994 514 1056 384 338 1227 249 1509 1140 980 453 701 800
164 279 344 391 706 942 326 450 827 161 269 906 690 859 370 605 116 855 467 824 640 127 271 732 102 536 336 893 261 780 327 603 649 731 0 364 426 926 320 204 649 169 171 624 449 712 772 913 123 303 303 569 797 744 389 173 390 52 82 127 551 673 738 646 410 817 221 851 377 419 503 802 821 593 338 447 815 81
521 576 658 753 961 1181 685 552 1147 517 548 1195 784 1220 625 257 263 845 184 1038 970 436 635 1095 463 848 700 1250 624 908 690 966 976 709 364 0 759 1055 648 432 925 522 359 368 85 1018 800 1180 481 387 336 890 843 806 127 527 748 399 401 435 756 1029 1075 999 709 1151 398 1192 346 533 755 881 1109 954 690 658 1069 350
354 192 478 295 811 1029 312 788 400 357 228 908 579 612 218 1014 498 1200 890 969 589 324 227 464 368 125 236 668 232 595 267 375 607 1094 426 759 0 1157 111 552 275 364 565 897 843 294 1103 958 367 692 513 146 1113 656 735 256 136 376 363 324 767 496 637 498 110 713 595 715 787 756 231 1092 415 254 116 691 899 410
852 1134 680 873 405 369 844 507 1470 851 1147 559 1609 1028 1242 1101 999 381 955 260 697 1032 937 1028 883 1278 921 998 935 1683 889 956 680 447 926 1055 1157 0 1111 723 1432 840 776 1422 1094 1420 325 466 868 681 1216 1281 273 1668 1168 980 1027 961 997 1032 393 882 757 841 1219 762 720 825 710 532 1348 198 1548 1101 1043 486 396 1008
274 90 432 293 790 1019 283 709 507 276 128 917 551 682 160 903 387 1124 780 943 602 213 177 536 274 216 218 734 176 591 243 430 618 1012 320 648 111 1111 0 464 343 285 468 796 732 391 1029 957 277 599 411 249 1044 625 625 158 161 269 253 213 718 541 667 535 109 746 503 757 689 677 238 1029 505 341 96 632 887 300
199 453 235 394 538 768 323 251 944 195 454 764 894 833 555 617 282 664 454 638 546 320 338 729 191 674 375 853 330 980 351 601 550 548 204 432 552 723 464 0 807 190 73 764 505 846 575 755 187 144 495 698 597 948 508 307 468 245 280 321 357 634 654 598 569 726 50 772 253 219 680 598 966 647 441 252 648 285
616 370 753 565 1079 1291 587 1052 271 618 387 1154 449 771 300 1181 687 1467 1082 1240 838 525 500 633 617 155 510 835 503 405 542 587 857 1355 649 925 275 1432 343 807 0 627 808 962 1002 136 1371 1213 620 940 615 169 1384 525 867 500 406 596 571 526 1043 711 868 725 239 936 845 924 1025 1020 174 1365 185 425 390 964 1163 606
12 294 191 232 566 803 163 424 754 11 307 749 775 697 402 748 285 839 597 701 472 209 148 577 68 488 193 728 140 843 175 447 481 730 169 522 364 840 285 190 627 0 219 793 606 658 744 764 46 333 452 509 759 838 558 140 279 163 192 210 448 507 569 478 394 648 236 682 437 393 515 746 779 466 252 354 673 231
225 443 304 442 610 838 371 283 964 221 437 838 857 893 539 551 223 684 390 705 616 297 366 784 196 683 413 916 357 950 392 654 620 560 171 359 565 776 468 73 808 219 0 692 433 858 602 827 200 133 440 711 629 907 435 310 496 220 253 297 423 695 723 661 568 797 55 841 222 253 670 638 974 686 460 318 720 245
787 707 964 998 1302 1531 941 918 1223 784 669 1522 650 1456 698 447 508 1203 506 1393 1264 626 859 1317 724 943 929 1498 849 784 931 1196 1273 1068 624 368 897 1422 796 764 962 793 692 0 345 1085 1164 1519 746 749 384 992 1209 635 258 737 939 634 615 624 1110 1283 1361 1261 809 1441 740 1473 714 897 792 1249 1141 1137 872 1008 1412 566
605 659 736 837 1026 1241 769 600 1228 601 629 1265 834 1303 702 180 349 857 162 1094 1048 520 721 1180 547 930 785 1333 710 962 775 1051 1053 724 449 85 843 1094 732 505 1002 606 433 345 0 1098 822 1245 565 444 400 972 868 849 157 613 834 485 486 519 816 1112 1154 1081 790 1229 468 1272 385 584 830 913 1187 1039 775 721 1133 435
648 444 754 546 1048 1246 584 1079 138 651 469 1093 585 669 399 1275 767 1490 1164 1211 785 597 516 540 661 175 508 735 522 533 540 518 805 1387 712 1018 294 1420 391 846 136 658 858 1085 1098 0 1390 1160 661 986 725 148 1398 660 971 547 399 660 641 597 1040 638 800 659 309 861 889 842 1079 1048 293 1372 128 351 407 972 1122 682
755 1027 644 862 554 638 810 324 1468 753 1030 784 1458 1152 1131 801 813 107 670 486 799 895 875 1110 764 1228 884 1139 871 1552 853 1008 788 122 772 800 1103 325 1029 575 1371 744 602 1164 822 1390 0 709 756 477 1024 1243 52 1506 923 878 992 818 853 895 393 972 889 928 1138 923 551 985 460 356 1254 129 1516 1121 986 426 606 847
774 1015 573 667 219 109 677 675 1171 775 1041 98 1507 621 1114 1316 1020 799 1150 224 375 972 787 668 829 1059 739 576 791 1547 715 644 356 809 913 1180 958 466 957 755 1213 764 827 1519 1245 1160 709 0 808 803 1213 1045 670 1578 1263 881 823 924 956 973 437 534 375 504 1051 344 783 397 887 679 1184 591 1282 810 867 524 115 989
41 272 234 272 608 845 204 433 763 38 280 794 742 738 378 712 239 848 564 738 518 169 168 615 22 488 224 771 158 816 210 485 528 734 123 481 367 868 277 187 620 46 200 746 565 661 756 808 0 324 406 513 774 804 513 121 297 117 147 170 479 550 615 523 383 695 227 728 422 401 498 766 779 493 260 381 715 184
342 576 355 536 583 796 466 173 1087 338 571 828 982 961 673 520 336 553 353 650 652 431 482 865 324 812 520 975 474 1079 495 738 653 427 303 387 692 681 599 144 940 333 133 749 444 986 477 803 324 0 550 838 508 1029 491 441 613 353 386 431 371 761 761 722 700 828 97 879 113 149 803 526 1103 791 583 278 689 373
443 322 640 630 1008 1245 580 719 861 441 285 1201 457 1078 326 580 216 1093 516 1127 917 256 488 936 384 570 557 1123 478 575 563 818 928 960 303 336 513 1216 411 495 615 452 440 384 400 725 1024 1213 406 550 0 617 1057 491 254 366 556 289 260 255 851 913 1006 895 431 1087 495 1112 576 690 441 1075 800 752 488 746 1117 224
499 313 609 408 918 1125 440 931 258 503 343 985 574 613 294 1146 633 1342 1028 1080 670 460 368 471 515 48 363 676 374 556 395 418 689 1238 569 890 146 1281 249 698 169 509 711 992 972 148 1243 1045 513 838 617 0 1251 652 854 402 254 518 502 460 897 542 699 556 186 767 741 757 933 900 229 1227 272 259 258 826 998 546
770 1046 647 864 526 595 815 346 1472 768 1050 749 1486 1134 1151 851 844 130 718 446 782 918 885 1099 783 1238 890 1118 881 1577 859 1001 769 174 797 843 1113 273 1044 597 1384 759 629 1209 868 1398 52 670 774 508 1057 1251 0 1536 965 895 999 841 877 918 382 958 868 914 1153 897 576 961 499 378 1272 81 1524 1119 997 428 570 874
826 562 1023 918 1398 1632 900 1191 785 827 538 1542 78 1259 464 1015 694 1580 990 1539 1227 636 790 1112 786 610 841 1318 786 167 864 1032 1243 1449 744 806 656 1668 625 948 525 838 907 635 849 660 1506 1578 804 1029 491 652 1536 0 692 705 776 706 670 636 1283 1152 1289 1152 547 1366 961 1371 1066 1160 432 1545 652 897 720 1183 1500 664
554 544 717 778 1046 1273 715 662 1105 551 511 1270 677 1245 572 331 274 971 304 1135 1024 425 648 1113 492 809 716 1281 637 805 712 986 1032 835 389 127 735 1168 625 508 867 558 435 258 157 971 923 1263 513 491 254 854 965 692 0 530 747 411 401 424 852 1062 1125 1036 669 1204 482 1240 465 640 693 1000 1052 952 683 750 1156 349
128 154 318 264 693 929 217 555 657 129 168 855 639 719 261 775 264 970 641 834 557 111 122 583 116 372 192 761 112 703 196 459 570 856 173 527 256 980 158 307 500 140 310 737 613 547 878 881 121 441 366 402 895 705 530 0 220 128 129 113 588 547 641 528 262 723 345 746 532 523 377 885 663 426 164 495 797 181
272 247 354 160 675 893 185 686 480 275 284 774 701 524 317 994 485 1093 856 834 456 322 130 380 306 251 108 574 139 726 140 269 473 994 390 748 136 1027 161 468 406 279 496 939 834 399 992 823 297 613 556 254 999 776 747 220 0 348 348 323 642 381 512 376 232 590 515 597 717 656 362 972 526 205 68 572 763 401
155 226 351 368 722 959 307 495 776 153 218 912 650 833 319 646 139 903 514 847 634 77 238 702 95 484 305 870 227 735 301 575 644 780 52 399 376 961 269 245 596 163 220 634 485 660 818 924 117 353 289 518 841 706 411 128 348 0 36 77 580 652 728 628 358 808 267 839 429 463 451 843 769 554 293 477 830 68
183 201 382 383 755 992 326 530 760 181 188 941 614 846 288 652 137 936 526 882 658 46 247 711 126 465 316 885 237 700 316 586 669 813 82 401 363 997 253 280 571 192 253 615 486 641 853 956 147 386 260 502 877 670 401 129 348 36 0 46 615 668 750 646 335 831 301 859 457 498 421 879 747 554 289 513 863 52
199 155 401 376 777 1014 325 572 719 198 142 954 577 832 242 689 173 980 568 909 663 1 235 694 151 423 305 874 225 659 309 571 675 858 127 435 324 1032 213 321 526 210 297 624 519 597 895 973 170 431 255 460 918 636 424 113 323 77 46 0 647 660 751 641 290 832 344 858 503 540 375 918 702 528 259 546 883 86
461 742 289 495 223 425 456 238 1102 460 756 477 1222 761 850 879 639 501 713 283 409 646 545 717 496 890 534 752 543 1292 502 618 399 448 551 756 767 393 718 357 1043 448 423 1110 816 1040 393 437 479 371 851 897 382 1283 852 588 642 580 615 647 0 578 505 534 826 549 371 610 450 241 955 339 1167 741 653 105 322 633
509 624 405 285 477 630 346 745 638 513 660 458 1075 199 698 1245 787 1079 1086 636 185 659 425 145 570 568 356 221 435 1085 352 124 203 1019 673 1029 496 882 541 634 711 507 695 1283 1112 638 972 534 550 761 913 542 958 1152 1062 547 381 652 668 660 578 0 162 44 604 224 683 219 874 725 725 904 755 288 445 570 520 718
574 742 419 382 355 475 425 708 799 577 776 296 1213 271 827 1271 854 995 1106 501 108 750 524 292 637 721 460 249 532 1232 447 281 110 954 738 1075 637 757 667 654 868 569 723 1361 1154 800 889 375 615 761 1006 699 868 1289 1125 641 512 728 750 751 505 162 0 142 742 81 699 118 870 695 869 806 917 448 570 527 375 796
482 615 366 264 437 597 321 702 667 485 650 433 1076 239 694 1212 762 1035 1051 597 145 640 407 187 543 578 339 255 416 1091 332 140 163 976 646 999 498 841 535 598 725 478 661 1261 1081 659 928 504 523 722 895 556 914 1152 1036 528 376 628 646 641 534 44 142 0 605 215 646 222 835 683 729 860 779 308 438 527 484 695
382 135 540 384 892 1117 385 816 438 384 160 1006 471 722 114 966 458 1231 855 1047 687 290 283 575 378 140 314 779 283 495 342 485 705 1118 410 709 110 1219 109 569 239 394 568 809 790 309 1138 1051 383 700 431 186 1153 547 669 262 232 358 335 290 826 604 742 605 0 819 606 823 786 784 133 1139 411 363 185 741 986 374
654 823 493 463 373 451 506 764 851 657 856 253 1290 276 906 1342 934 1026 1176 502 180 831 605 335 717 792 541 237 613 1306 528 349 176 994 817 1151 713 762 746 726 936 648 797 1441 1229 861 923 344 695 828 1087 767 897 1366 1204 723 590 808 831 832 549 224 81 215 819 0 770 63 936 753 944 831 976 512 649 583 369 876
244 485 282 445 564 790 374 230 989 241 482 797 909 882 584 571 279 635 407 654 591 344 385 780 228 715 424 901 376 1001 401 652 593 514 221 398 595 720 503 50 845 236 55 740 468 889 551 783 227 97 495 741 576 961 482 345 515 267 301 344 371 683 699 646 606 770 0 817 203 199 712 584 1007 696 486 267 674 297
687 837 537 483 436 506 533 821 823 690 872 303 1294 225 915 1389 968 1090 1224 564 226 856 626 305 749 785 559 178 635 1304 550 342 226 1056 851 1192 715 825 757 772 924 682 841 1473 1272 842 985 397 728 879 1112 757 961 1371 1240 746 597 839 859 858 610 219 118 222 823 63 817 0 988 809 944 894 953 499 660 640 430 906
444 656 468 647 670 870 577 219 1186 441 646 921 1026 1074 746 429 377 518 264 718 762 504 586 978 419 904 628 1088 577 1131 604 851 761 384 377 346 787 710 689 253 1025 437 222 714 385 1079 460 887 422 113 576 933 499 1066 465 532 717 429 457 503 450 874 870 835 786 936 203 988 0 209 879 535 1194 900 683 369 772 434
404 671 335 547 463 661 485 32 1137 401 673 716 1108 922 774 638 473 447 473 510 588 539 532 846 409 881 552 927 526 1198 523 727 584 338 419 533 756 532 677 219 1020 393 253 897 584 1048 356 679 401 149 690 900 378 1160 640 523 656 463 498 540 241 725 695 683 784 753 199 809 209 0 899 385 1171 810 642 171 564 496
503 227 670 517 1026 1251 519 931 432 505 233 1137 354 826 135 1010 525 1345 916 1180 818 375 415 680 490 183 448 886 414 364 476 603 836 1227 503 755 231 1348 238 680 174 515 670 792 830 293 1254 1184 498 803 441 229 1272 432 693 377 362 451 421 375 955 725 869 729 133 944 712 944 879 899 0 1262 359 464 318 867 1119 450
758 1039 618 831 457 515 787 355 1439 756 1046 672 1492 1074 1145 908 859 208 768 367 724 918 865 1047 778 1216 863 1055 861 1577 832 955 710 249 802 881 1092 198 1029 598 1365 746 638 1249 913 1372 129 591 766 526 1075 1227 81 1545 1000 885 972 843 879 918 339 904 806 860 1139 831 584 894 535 385 1262 0 1499 1080 975 401 494 881
769 546 881 674 1174 1370 712 1203 154 772 567 1212 583 767 484 1366 867 1615 1264 1338 909 701 640 648 778 291 635 833 646 504 667 639 928 1509 821 1109 415 1548 505 966 185 779 974 1141 1187 128 1516 1282 779 1103 800 272 1524 652 1052 663 526 769 747 702 1167 755 917 779 411 976 1007 953 1194 1171 359 1499 0 472 530 1099 1247 785
461 431 479 262 712 899 327 837 370 465 470 741 818 362 473 1199 691 1226 1056 876 437 527 325 215 505 291 272 422 335 812 295 167 457 1140 593 954 254 1101 341 647 425 466 686 1137 1039 351 1121 810 493 791 752 259 1119 897 952 426 205 554 554 528 741 288 448 308 363 512 696 499 900 810 464 1080 472 0 268 694 778 607
242 179 363 200 707 932 202 673 503 245 216 824 646 593 257 940 426 1085 805 863 507 258 111 449 265 241 129 642 115 680 158 337 523 980 338 690 116 1043 96 441 390 252 460 872 775 407 986 867 260 583 488 258 997 720 683 164 68 293 289 259 653 445 570 438 185 649 486 660 683 642 318 975 530 268 0 575 800 340
366 649 219 436 305 523 387 181 1044 365 661 552 1123 764 757 795 534 531 628 386 421 546 464 700 397 815 463 764 461 1197 431 589 416 453 447 658 691 486 632 252 964 354 318 1008 721 972 426 524 381 278 746 826 428 1183 750 495 572 477 513 546 105 570 527 527 741 583 267 640 369 171 867 401 1099 694 575 0 412 529
684 938 482 603 110 132 603 559 1146 685 962 178 1431 641 1040 1201 919 701 1036 136 342 882 712 662 736 1007 671 606 715 1479 644 616 322 701 815 1069 899 396 887 648 1163 673 720 1412 1133 1122 606 115 715 689 1117 998 570 1500 1156 797 763 830 863 883 322 520 375 484 986 369 674 430 772 564 1119 494 1247 778 800 412 0 893
223 238 416 433 784 1021 374 528 805 221 219 978 612 897 315 603 87 927 482 905 702 87 299 763 162 508 368 935 288 706 366 638 712 800 81 350 410 1008 300 285 606 231 245 566 435 682 847 989 184 373 224 546 874 664 349 181 401 68 52 86 633 718 796 695 374 876 297 906 434 496 450 881 785 607 340 529 893 0
