0 663 369 1303 1511 29 565 196 391 1448 1008 90 1222 986 961 1332
663 0 380 1547 2001 682 1125 856 582 1163 772 738 1258 984 1619 1625
369 380 0 1229 1858 396 922 561 533 1120 679 458 1021 1102 1317 1292
1303 1547 1229 0 2572 1323 1717 1335 1675 1094 985 1349 466 2278 1640 130
1511 2001 1858 2572 0 1482 946 1359 1419 2959 2519 1423 2658 1319 997 2539
29 682 396 1323 1482 0 536 174 381 1477 1037 62 1249 970 939 1350
565 1125 922 1717 946 536 0 417 578 2012 1573 477 1736 878 618 1711
196 856 561 1335 1359 174 417 0 483 1606 1172 118 1321 1026 765 1345
391 582 533 1675 1419 381 578 483 0 1639 1204 390 1537 603 1152 1713
1448 1163 1120 1094 2959 1477 2012 1606 1639 0 441 1535 630 2142 2256 1223
1008 772 679 985 2519 1037 1573 1172 1204 441 0 1096 569 1729 1850 1100
90 738 458 1349 1423 62 477 118 390 1535 1096 0 1292 963 882 1369
1222 1258 1021 466 2658 1249 1736 1321 1537 630 569 1292 0 2123 1822 594
986 984 1102 2278 1319 970 878 1026 603 2142 1729 963 2123 0 1489 2315
961 1619 1317 1640 997 939 618 765 1152 2256 1850 882 1822 1489 0 1587
1332 1625 1292 130 2539 1350 1711 1345 1713 1223 1100 1369 594 2315 1587 0
