0 1719 370 1074 1557 698 1551 1348 1725 563 867 1244 48 1135 262 416 420
1719 0 1898 2789 3257 1363 3234 565 3408 1417 2284 1141 1750 1097 1464 2087 1553
370 1898 0 1024 1371 1056 1553 1611 1720 524 501 1588 394 1099 491 241 789
1074 2789 1024 0 640 1583 538 2378 699 1534 1068 2122 1040 2120 1335 783 1301
1557 3257 1371 640 0 2161 799 2905 849 1890 1156 2714 1536 2433 1798 1170 1867
698 1363 1056 1583 2161 0 1943 848 2112 956 1558 558 691 1307 619 1101 297
1551 3234 1553 538 799 1943 0 2779 174 2050 1595 2440 1511 2640 1813 1311 1693
1348 565 1611 2378 2905 848 2779 0 2950 1226 2066 579 1368 1163 1127 1754 1086
1725 3408 1720 699 849 2112 174 2950 0 2222 1741 2603 1685 2811 1988 1479 1865
563 1417 524 1534 1890 956 2050 1226 2222 0 868 1374 612 590 383 755 808
867 2284 501 1068 1156 1558 1595 2066 1741 868 0 2087 886 1323 978 540 1288
1244 1141 1588 2122 2714 558 2440 579 2603 1374 2087 0 1243 1539 1114 1655 856
48 1750 394 1040 1536 691 1511 1368 1685 612 886 1243 0 1183 302 412 405
1135 1097 1099 2120 2433 1307 2640 1163 2811 590 1323 1539 1183 0 906 1337 1272
262 1464 491 1335 1798 619 1813 1127 1988 383 978 1114 302 906 0 631 428
416 2087 241 783 1170 1101 1311 1754 1479 755 540 1655 412 1337 631 0 810
420 1553 789 1301 1867 297 1693 1086 1865 808 1288 856 405 1272 428 810 0
