0 174 261 209 805 595 309 68 381 548 253 142 146 601 767 199 43 111 819 854 713 468 551 10 176 624 485 408 712 454 728 466 268 109 707 717 491 36 690 189 214 4 638 12 43 14 846 441 159 405 248 792 835 165 667 416 451 354 799 517 353 540 354 214 292 421 625 724 133 136 558 94 42 62 650 672 352 792
174 0 433 282 806 429 480 210 293 518 422 252 301 750 879 25 189 285 713 739 635 333 661 167 304 759 660 239 623 311 722 291 141 239 862 828 659 149 575 333 377 175 570 166 137 184 943 499 236 570 163 723 1000 143 543 357 297 201 948 636 205 369 434 364 265 366 541 652 127 287 710 222 132 220 488 807 192 625
261 433 0 355 918 836 53 229 560 636 34 233 209 376 605 458 246 155 1042 1082 841 681 413 266 264 426 229 656 855 675 856 723 497 262 466 662 298 293 924 231 167 260 836 267 302 253 702 525 276 156 493 905 632 404 856 561 709 591 568 367 586 801 428 127 438 560 771 921 349 166 417 229 301 214 885 568 594 1053
209 282 355 0 600 694 408 271 561 753 367 346 146 731 939 298 251 226 693 736 903 616 729 217 91 774 527 506 896 593 526 529 420 111 820 546 451 189 584 131 203 205 481 219 196 198 1027 233 368 510 208 986 768 148 826 610 435 483 922 690 487 561 154 378 493 616 811 566 324 316 460 298 221 256 757 534 470 785
805 806 918 600 0 1076 965 870 1097 1323 941 945 729 1283 1522 806 848 820 510 564 1433 1095 1321 811 670 1343 1009 935 1414 1063 86 896 941 711 1348 530 843 778 539 694 750 801 347 813 782 795 1616 393 963 1059 646 1523 995 674 1298 1163 713 960 1456 1278 971 840 490 972 1064 1172 1337 339 898 916 737 897 806 856 1141 656 939 917
595 429 836 694 1076 0 874 607 341 535 816 611 730 1082 1118 407 594 703 762 756 482 199 923 586 731 1059 1065 190 440 182 991 183 339 668 1201 1232 1086 576 629 762 805 597 750 584 564 607 1146 873 573 949 501 566 1428 546 271 406 363 244 1268 918 250 252 832 736 455 418 403 805 486 672 1138 606 553 625 66 1228 243 400
309 480 53 408 965 874 0 272 587 643 58 265 262 324 561 505 291 207 1096 1136 853 713 378 315 317 378 194 698 869 709 904 767 535 316 413 686 297 343 978 282 216 310 889 315 352 303 661 571 306 102 545 913 617 457 881 581 760 630 514 330 624 849 476 145 462 579 787 974 388 202 428 268 349 259 922 584 634 1102
68 210 229 271 870 607 272 0 357 500 213 75 180 544 701 235 26 107 884 917 676 462 484 65 224 562 459 427 679 452 794 495 270 164 654 756 491 102 753 226 230 71 705 63 104 74 778 501 100 360 311 752 835 231 651 381 502 363 743 451 359 580 410 156 253 383 593 791 122 77 574 27 90 21 659 700 365 835
381 293 560 561 1097 341 587 357 0 249 533 327 527 750 777 290 358 465 935 948 343 144 582 371 555 721 781 249 334 159 1012 344 155 485 870 1096 845 383 791 570 587 385 835 368 372 395 810 788 284 644 450 429 1188 435 295 81 481 172 931 579 157 464 715 442 127 94 249 911 248 397 932 344 350 379 367 1053 196 699
548 518 636 753 1323 535 643 500 249 0 603 438 680 691 628 522 512 597 1184 1197 221 347 478 539 722 633 821 492 251 376 1240 585 395 657 806 1254 934 564 1040 726 720 553 1079 537 556 561 632 986 401 662 682 270 1260 649 351 168 730 420 840 495 405 705 903 509 261 157 191 1157 430 502 1047 476 532 520 536 1188 444 924
253 422 34 367 941 816 58 213 533 603 0 208 222 364 581 447 233 154 1049 1088 809 657 385 257 280 407 250 639 823 652 877 709 477 269 460 695 331 287 928 249 191 253 847 258 296 247 677 548 250 153 493 872 662 405 828 532 704 572 559 340 566 791 451 95 410 530 740 933 330 144 452 210 292 201 864 603 576 1045
142 252 233 346 945 611 265 75 327 438 208 0 245 500 635 275 98 158 948 979 626 448 417 137 294 507 459 441 633 444 870 519 273 237 614 816 520 174 814 291 282 145 776 135 174 149 709 574 43 338 375 698 861 300 623 335 549 368 697 388 361 614 483 125 209 336 548 862 134 70 617 48 154 90 657 751 375 871
146 301 209 146 729 730 262 180 527 680 222 245 0 585 797 323 171 93 835 876 855 614 591 157 59 629 396 540 856 598 661 586 412 67 675 575 360 155 720 45 78 143 627 159 167 132 888 342 279 365 305 932 699 219 814 558 533 495 777 550 495 643 246 242 432 562 769 712 279 195 413 203 183 159 788 526 489 884
601 750 376 731 1283 1082 324 544 750 691 364 500 585 0 287 774 569 517 1413 1450 911 893 227 603 641 96 312 931 943 901 1225 1015 759 633 120 942 506 638 1289 607 540 602 1211 602 644 599 398 891 526 224 849 943 708 763 1011 710 1046 851 198 197 841 1114 796 388 627 702 875 1297 633 467 654 529 634 540 1116 814 863 1371
767 879 605 939 1522 1118 561 701 777 628 581 635 797 287 0 899 727 713 1584 1615 824 919 218 766 857 196 597 1004 866 937 1458 1097 841 831 323 1221 788 803 1450 829 772 770 1405 765 806 770 111 1129 643 479 1010 828 990 933 978 713 1173 920 281 250 907 1210 1032 562 678 702 818 1491 751 633 937 678 789 705 1137 1098 937 1462
199 25 458 298 806 407 505 235 290 522 447 275 323 774 899 0 213 310 698 723 630 319 681 192 325 781 685 217 616 295 722 266 135 261 886 844 682 173 558 354 400 200 561 191 161 209 961 509 256 595 160 719 1023 154 530 358 275 184 972 657 189 345 448 388 273 367 535 642 147 311 731 246 157 245 467 826 173 600
43 189 246 251 848 594 291 26 358 512 233 98 171 569 727 213 0 111 857 890 683 456 510 38 210 588 475 412 684 444 771 476 260 146 678 747 497 76 726 216 229 47 679 37 78 52 804 482 117 382 284 761 842 205 649 387 477 351 768 478 348 558 393 181 260 390 598 765 114 102 574 51 64 32 647 696 351 813
111 285 155 226 820 703 207 107 465 597 154 158 93 517 713 310 111 0 896 934 781 567 503 118 150 552 375 518 785 556 750 577 371 118 615 657 386 140 774 136 124 109 698 120 150 101 801 435 197 307 338 855 731 250 758 486 554 461 713 463 458 650 339 152 359 488 699 784 225 102 467 124 153 85 757 595 460 900
819 713 1042 693 510 762 1096 884 935 1184 1049 948 835 1413 1584 698 857 896 0 55 1217 867 1365 820 785 1443 1219 700 1183 832 455 620 798 780 1509 958 1112 783 143 825 897 817 236 821 779 818 1654 642 943 1199 573 1307 1366 654 1027 1016 453 764 1609 1335 779 513 696 1032 964 1028 1124 183 840 956 1061 906 795 882 815 1046 740 464
854 739 1082 736 564 756 1136 917 948 1197 1088 979 876 1450 1615 723 890 934 55 0 1220 873 1396 853 828 1478 1263 708 1184 839 511 624 816 820 1549 1014 1160 817 164 868 940 852 289 854 812 853 1683 694 972 1239 606 1309 1419 689 1025 1030 468 777 1647 1367 791 512 746 1068 985 1042 1129 239 867 990 1113 938 827 916 806 1100 752 435
713 635 841 903 1433 482 853 676 343 221 809 626 855 911 824 630 683 781 1217 1220 0 352 693 703 889 849 1037 521 49 386 1348 597 495 820 1024 1430 1139 719 1076 900 905 717 1152 700 710 726 809 1130 585 880 788 91 1471 778 222 296 772 476 1053 714 464 708 1056 714 423 292 96 1222 582 694 1243 657 687 698 456 1376 499 882
468 333 681 616 1095 199 713 462 144 347 657 448 614 893 919 319 456 567 867 873 352 0 726 458 630 865 907 169 324 34 1009 249 201 561 1013 1162 953 459 725 652 682 471 802 456 447 482 947 827 407 777 462 443 1298 474 211 207 420 138 1075 723 130 366 767 569 267 219 257 871 341 515 1026 454 430 482 223 1135 157 577
551 661 413 729 1321 923 378 484 582 478 385 417 591 227 218 681 510 503 1365 1396 693 726 0 549 651 155 469 796 728 740 1253 888 629 619 333 1062 646 586 1231 627 575 553 1189 547 588 554 297 930 425 320 792 720 905 715 814 526 956 712 362 48 700 998 833 351 472 516 667 1275 534 418 790 460 571 489 948 951 729 1252
10 167 266 217 811 586 315 65 371 539 257 137 157 603 766 192 38 118 820 853 703 458 549 0 186 624 492 400 702 444 734 458 258 118 709 727 500 37 690 199 223 13 640 2 41 24 843 449 152 409 248 783 844 166 657 406 447 345 801 516 344 534 363 215 283 411 615 726 123 137 567 90 35 62 641 683 343 787
176 304 264 91 670 731 317 224 555 722 280 294 59 641 857 325 210 150 785 828 889 630 651 186 0 687 437 541 887 611 601 578 429 69 728 541 376 172 675 41 112 172 572 188 184 162 948 284 324 419 276 969 705 197 835 593 507 504 832 609 506 624 190 301 469 597 801 657 307 250 407 249 204 204 792 505 496 858
624 759 426 774 1343 1059 378 562 721 633 407 507 629 96 196 781 588 552 1443 1478 849 865 155 624 687 0 400 920 884 877 1282 1008 749 671 179 1026 592 660 1314 656 594 626 1250 623 665 624 306 950 526 288 872 874 805 789 965 672 1056 838 211 143 827 1113 854 410 604 663 821 1336 636 487 741 542 652 561 1089 901 852 1369
485 660 229 527 1009 1065 194 459 781 821 250 459 396 312 597 685 475 375 1219 1263 1037 907 469 492 437 400 0 886 1056 903 961 951 726 462 345 631 194 515 1112 396 325 484 997 493 525 477 707 629 500 162 700 1091 446 613 1074 772 925 821 453 422 816 1025 544 339 655 769 975 1078 579 394 342 459 527 443 1114 501 824 1274
408 239 656 506 935 190 698 427 249 492 639 441 540 931 1004 217 412 518 700 708 521 169 796 400 541 920 886 0 493 135 849 95 171 478 1049 1048 898 387 558 572 616 410 634 398 375 420 1048 695 408 779 322 612 1239 358 362 330 250 84 1123 784 97 215 648 566 326 343 427 701 310 496 948 429 365 443 251 1039 68 457
712 623 855 896 1414 440 869 679 334 251 823 633 856 943 866 616 684 785 1183 1184 49 324 728 702 887 884 1056 493 0 358 1328 563 482 818 1057 1429 1151 716 1043 900 910 715 1126 699 706 726 855 1121 591 901 772 125 1486 766 175 298 743 454 1089 747 442 671 1050 728 426 297 86 1194 579 703 1251 661 683 701 411 1380 476 838
454 311 675 593 1063 182 709 452 159 376 652 444 598 901 937 295 444 556 832 839 386 34 740 444 611 877 903 135 358 0 977 215 185 543 1021 1139 942 443 691 635 668 457 768 442 431 467 968 801 404 777 433 477 1287 449 238 229 385 111 1086 735 106 333 743 567 274 242 292 836 330 509 1011 447 414 472 216 1116 128 549
728 722 856 526 86 991 904 794 1012 1240 877 870 661 1225 1458 722 771 750 455 511 1348 1009 1253 734 601 1282 961 849 1328 977 0 810 856 638 1296 533 805 700 468 628 688 724 270 736 704 720 1550 335 886 1000 561 1438 984 593 1211 1079 627 874 1404 1211 885 756 428 902 982 1088 1251 276 817 843 710 821 727 781 1056 647 853 841
466 291 723 529 896 183 767 495 344 585 709 519 586 1015 1097 266 476 577 620 624 597 249 888 458 578 1008 951 95 563 215 810 0 258 520 1131 1058 946 439 479 612 664 467 577 457 428 476 1142 694 489 853 327 687 1283 383 416 425 187 178 1209 873 192 121 659 641 420 437 505 638 385 568 984 501 423 508 249 1062 159 364
268 141 497 420 941 339 535 270 155 395 477 273 412 759 841 135 260 371 798 816 495 201 629 258 429 749 726 171 482 185 856 258 0 360 877 963 757 258 655 451 482 271 683 256 246 281 891 640 237 611 295 583 1101 285 407 227 350 95 952 614 89 369 573 398 170 238 400 762 147 332 825 267 229 288 389 934 103 622
109 239 262 111 711 668 316 164 485 657 269 237 67 633 831 261 146 118 780 820 820 561 619 118 69 671 462 478 818 543 638 520 360 0 729 610 426 103 661 94 146 104 579 120 114 96 917 336 263 418 238 901 763 151 765 524 465 437 828 581 438 575 247 268 401 529 732 665 238 205 471 190 134 147 727 574 430 816
707 862 466 820 1348 1201 413 654 870 806 460 614 675 120 323 886 678 615 1509 1549 1024 1013 333 709 728 179 345 1049 1057 1021 1296 1131 877 729 0 969 534 743 1389 691 621 708 1301 709 750 703 429 961 642 310 952 1053 677 865 1130 829 1156 969 108 310 960 1228 870 498 747 821 991 1386 748 576 679 640 741 648 1236 833 980 1485
717 828 662 546 530 1232 686 756 1096 1254 695 816 575 942 1221 844 747 657 958 1014 1430 1162 1062 727 541 1026 631 1048 1429 1139 533 1058 963 610 969 0 437 713 921 530 536 713 729 729 724 703 1329 372 853 746 731 1508 473 692 1370 1133 924 1029 1075 1013 1033 1063 400 771 1008 1137 1342 777 849 755 290 778 745 734 1297 146 1016 1240
491 659 298 451 843 1086 297 491 845 934 331 520 360 506 788 682 497 386 1112 1160 1139 953 646 500 376 592 194 898 1151 942 805 946 757 426 534 437 0 510 1020 337 282 489 880 502 522 479 898 485 563 325 652 1204 344 573 1141 855 883 846 642 597 844 1000 416 425 729 854 1066 956 612 450 148 502 533 471 1142 309 843 1234
36 149 293 189 778 576 343 102 383 564 287 174 155 638 803 173 76 140 783 817 719 459 586 37 172 660 515 387 716 443 700 439 258 103 743 713 510 0 653 193 229 35 603 39 12 39 881 422 186 440 211 801 852 129 663 424 417 339 836 553 339 509 339 251 304 430 630 689 137 173 568 127 32 99 633 676 334 760
690 575 924 584 539 629 978 753 791 1040 928 814 720 1289 1450 558 726 774 143 164 1076 725 1231 690 675 1314 1112 558 1043 691 468 479 655 661 1389 921 1020 653 0 715 787 688 201 691 649 691 1518 575 807 1080 442 1166 1297 526 891 872 310 621 1486 1203 635 377 612 905 822 884 983 205 702 827 986 774 663 752 685 991 596 379
189 333 231 131 694 762 282 226 570 726 249 291 45 607 829 354 216 136 825 868 900 652 627 199 41 656 396 572 900 635 628 612 451 94 691 530 337 193 715 0 72 185 610 201 205 175 922 303 325 383 316 977 670 235 855 603 546 531 795 584 531 662 206 281 477 607 814 694 322 239 377 249 223 205 821 484 524 898
214 377 167 203 750 805 216 230 587 720 191 282 78 540 772 400 229 124 897 940 905 682 575 223 112 594 325 616 910 668 688 664 482 146 621 536 282 229 787 72 0 211 681 226 241 200 868 357 321 315 381 979 622 297 878 611 610 568 726 531 567 722 260 242 483 613 824 765 343 219 345 248 254 208 862 470 563 962
4 175 260 205 801 597 310 71 385 553 253 145 143 602 770 200 47 109 817 852 717 471 553 13 172 626 484 410 715 457 724 467 271 104 708 713 489 35 688 185 211 0 635 16 42 10 849 437 163 405 246 796 832 163 671 420 451 357 801 520 356 541 350 216 297 425 629 721 137 138 554 97 44 64 653 669 354 793
638 570 836 481 347 750 889 705 835 1079 847 776 627 1211 1405 561 679 698 236 289 1152 802 1189 640 572 1250 997 634 1126 768 270 577 683 579 1301 729 880 603 201 610 681 635 0 642 602 634 1484 406 779 992 410 1243 1130 475 992 911 390 677 1404 1154 690 504 464 844 835 921 1056 86 687 771 825 730 622 699 813 811 653 571
12 166 267 219 813 584 315 63 368 537 258 135 159 602 765 191 37 120 821 854 700 456 547 2 188 623 493 398 699 442 736 457 256 120 709 729 502 39 691 201 226 16 642 0 41 26 842 452 150 409 248 780 846 168 655 404 447 343 801 515 342 534 366 214 280 408 613 728 120 136 570 88 34 62 639 685 341 787
43 137 302 196 782 564 352 104 372 556 296 174 167 644 806 161 78 150 779 812 710 447 588 41 184 665 525 375 706 431 704 428 246 114 750 724 522 12 649 205 241 42 602 41 0 49 882 429 183 448 207 792 864 127 651 415 408 327 842 556 327 499 348 256 296 421 620 688 128 178 580 128 24 103 621 688 322 750
14 184 253 198 795 607 303 74 395 561 247 149 132 599 770 209 52 101 818 853 726 482 554 24 162 624 477 420 726 467 720 476 281 96 703 703 479 39 691 175 200 10 634 26 49 0 850 430 169 400 249 806 822 164 681 430 456 367 797 520 366 548 342 214 306 434 639 720 147 137 544 101 54 65 663 658 364 799
846 943 702 1027 1616 1146 661 778 810 632 677 709 888 398 111 961 804 801 1654 1683 809 947 297 843 948 306 707 1048 855 968 1550 1142 891 917 429 1329 898 881 1518 922 868 849 1484 842 882 850 0 1224 711 584 1083 802 1101 1009 983 739 1232 963 375 338 950 1259 1127 648 723 727 817 1570 816 715 1046 753 863 785 1158 1207 983 1505
441 499 525 233 393 873 571 501 788 986 548 574 342 891 1129 509 482 435 642 694 1130 827 930 449 284 950 629 695 1121 801 335 694 640 336 961 372 485 422 575 303 357 437 406 452 429 430 1224 0 599 666 373 1216 725 355 1038 841 552 689 1069 886 696 691 97 584 726 847 1037 475 556 535 419 527 454 484 939 418 673 870
159 236 276 368 963 573 306 100 284 401 250 43 279 526 643 256 117 197 943 972 585 407 425 152 324 526 500 408 591 404 886 489 237 263 642 853 563 186 807 325 321 163 779 150 183 169 711 599 0 375 373 658 904 305 580 293 532 332 721 400 325 589 510 163 166 294 505 865 110 113 659 75 160 119 618 792 341 845
405 570 156 510 1059 949 102 360 644 662 153 338 365 224 479 595 382 307 1199 1239 880 777 320 409 419 288 162 779 901 777 1000 853 611 418 310 746 325 440 1080 383 315 405 992 409 448 400 584 666 375 0 646 932 608 557 931 626 857 706 412 271 699 940 572 213 516 622 822 1076 469 285 470 351 443 350 993 631 713 1195
248 163 493 208 646 501 545 311 450 682 493 375 305 849 1010 160 284 338 573 606 788 462 792 248 276 872 700 322 772 433 561 327 295 238 952 731 652 211 442 316 381 246 410 248 207 249 1083 373 373 646 0 877 976 88 671 518 230 323 1047 762 332 352 332 463 429 528 692 494 277 385 669 333 221 310 567 737 305 582
792 723 905 986 1523 566 913 752 429 270 872 698 932 943 828 719 761 855 1307 1309 91 443 720 783 969 874 1091 612 125 477 1438 687 583 901 1053 1508 1204 801 1166 977 979 796 1243 780 792 806 802 1216 658 932 877 0 1531 864 298 376 863 567 1072 746 555 796 1140 778 500 371 187 1314 664 765 1313 731 768 774 535 1450 590 963
835 1000 632 768 995 1428 617 835 1188 1260 662 861 699 708 990 1023 842 731 1366 1419 1471 1298 905 844 705 805 446 1239 1486 1287 984 1283 1101 763 677 473 344 852 1297 670 622 832 1130 846 864 822 1101 725 904 608 976 1531 0 903 1484 1193 1203 1189 763 859 1188 1328 688 758 1069 1192 1403 1194 956 791 313 845 876 815 1485 338 1186 1551
165 143 404 148 674 546 457 231 435 649 405 300 219 763 933 154 205 250 654 689 778 474 715 166 197 789 613 358 766 449 593 383 285 151 865 692 573 129 526 235 297 163 475 168 127 164 1009 355 305 557 88 864 903 0 685 494 313 338 960 683 344 427 294 378 389 502 684 561 224 302 600 255 146 228 609 682 324 665
667 543 856 826 1298 271 881 651 295 351 828 623 814 1011 978 530 649 758 1027 1025 222 211 814 657 835 965 1074 362 175 238 1211 416 407 765 1130 1370 1141 663 891 855 878 671 992 655 651 681 983 1038 580 931 671 298 1484 685 0 305 602 348 1176 823 341 514 978 735 418 311 169 1054 535 693 1224 639 632 673 236 1339 366 665
416 357 561 610 1163 406 581 381 81 168 532 335 558 710 713 358 387 486 1016 1030 296 207 526 406 593 672 772 330 298 229 1079 425 227 524 829 1133 855 424 872 603 611 420 911 404 415 430 739 841 293 626 518 376 1193 494 305 0 562 254 883 528 239 545 763 437 127 12 212 988 287 405 952 362 392 403 424 1081 277 776
451 297 709 435 713 363 760 502 481 730 704 549 533 1046 1173 275 477 554 453 468 772 420 956 447 507 1056 925 250 743 385 627 187 350 465 1156 924 883 417 310 546 610 451 390 447 408 456 1232 552 532 857 230 863 1203 313 602 562 0 310 1244 933 325 140 537 658 520 574 678 453 422 579 893 517 414 508 428 949 286 351
354 201 591 483 960 244 630 363 172 420 572 368 495 851 920 184 351 461 764 777 476 138 712 345 504 838 821 84 454 111 874 178 95 437 969 1029 846 339 621 531 568 357 677 343 327 367 963 689 332 706 323 567 1189 338 348 254 310 0 1042 700 14 297 632 493 242 266 379 750 242 427 907 362 313 381 296 1009 24 542
799 948 568 922 1456 1268 514 743 931 840 559 697 777 198 281 972 768 713 1609 1647 1053 1075 362 801 832 211 453 1123 1089 1086 1404 1209 952 828 108 1075 642 836 1486 795 726 801 1404 801 842 797 375 1069 721 412 1047 1072 763 960 1176 883 1244 1042 0 354 1032 1310 977 587 812 874 1029 1489 830 666 785 727 832 739 1298 937 1055 1567
517 636 367 690 1278 918 330 451 579 495 340 388 550 197 250 657 478 463 1335 1367 714 723 48 516 609 143 422 784 747 735 1211 873 614 581 310 1013 597 553 1203 584 531 520 1154 515 556 520 338 886 400 271 762 746 859 683 823 528 933 700 354 0 689 981 789 312 463 519 681 1240 510 382 741 429 540 455 946 902 715 1236
353 205 586 487 971 250 624 359 157 405 566 361 495 841 907 189 348 458 779 791 464 130 700 344 506 827 816 97 442 106 885 192 89 438 960 1033 844 339 635 531 567 356 690 342 327 366 950 696 325 699 332 555 1188 344 341 239 325 14 1032 689 0 311 637 486 229 251 367 763 237 422 908 357 313 377 299 1011 38 555
540 369 801 561 840 252 849 580 464 705 791 614 643 1114 1210 345 558 650 513 512 708 366 998 534 624 1113 1025 215 671 333 756 121 369 575 1228 1063 1000 509 377 662 722 541 504 534 499 548 1259 691 589 940 352 796 1328 427 514 545 140 297 1310 981 311 0 673 732 535 558 618 554 480 656 1021 590 499 590 311 1084 276 256
354 434 428 154 490 832 476 410 715 903 451 483 246 796 1032 448 393 339 696 746 1056 767 833 363 190 854 544 648 1050 743 428 659 573 247 870 400 416 339 612 206 260 350 464 366 348 342 1127 97 510 572 332 1140 688 294 978 763 537 632 977 789 637 673 0 487 644 769 965 540 476 440 375 437 372 392 897 411 618 874
214 364 127 378 972 736 145 156 442 509 95 125 242 388 562 388 181 152 1032 1068 714 569 351 215 301 410 339 566 728 567 902 641 398 268 498 771 425 251 905 281 242 216 844 214 256 214 648 584 163 213 463 778 758 378 735 437 658 493 587 312 486 732 487 0 317 435 645 930 257 78 540 142 245 152 781 687 500 989
292 265 438 493 1064 455 462 253 127 261 410 209 432 627 678 273 260 359 964 985 423 267 472 283 469 604 655 326 426 274 982 420 170 401 747 1008 729 304 822 477 483 297 835 280 296 306 723 726 166 516 429 500 1069 389 418 127 520 242 812 463 229 535 644 317 0 130 340 916 169 279 824 234 272 275 489 953 260 784
421 366 560 616 1172 418 579 383 94 157 530 336 562 702 702 367 390 488 1028 1042 292 219 516 411 597 663 769 343 297 242 1088 437 238 529 821 1137 854 430 884 607 613 425 921 408 421 434 727 847 294 622 528 371 1192 502 311 12 574 266 874 519 251 558 769 435 130 0 211 999 292 406 953 364 397 405 434 1084 290 789
625 541 771 811 1337 403 787 593 249 191 740 548 769 875 818 535 598 699 1124 1129 96 257 667 615 801 821 975 427 86 292 1251 505 400 732 991 1342 1066 630 983 814 824 629 1056 613 620 639 817 1037 505 822 692 187 1403 684 169 212 678 379 1029 681 367 618 965 645 340 211 0 1127 493 618 1165 575 597 615 386 1293 403 804
724 652 921 566 339 805 974 791 911 1157 933 862 712 1297 1491 642 765 784 183 239 1222 871 1275 726 657 1336 1078 701 1194 836 276 638 762 665 1386 777 956 689 205 694 765 721 86 728 688 720 1570 475 865 1076 494 1314 1194 561 1054 988 453 750 1489 1240 763 554 540 930 916 999 1127 0 771 858 894 816 707 785 865 868 726 585
133 127 349 324 898 486 388 122 248 430 330 134 279 633 751 147 114 225 840 867 582 341 534 123 307 636 579 310 579 330 817 385 147 238 748 849 612 137 702 322 343 137 687 120 128 147 816 556 110 469 277 664 956 224 535 287 422 242 830 510 237 480 476 257 169 292 493 771 0 186 688 120 104 141 537 806 245 737
136 287 166 316 916 672 202 77 397 502 144 70 195 467 633 311 102 102 956 990 694 515 418 137 250 487 394 496 703 509 843 568 332 205 576 755 450 173 827 239 219 138 771 136 178 137 715 535 113 285 385 765 791 302 693 405 579 427 666 382 422 656 440 78 279 406 618 858 186 0 548 67 166 74 720 685 432 912
558 710 417 460 737 1138 428 574 932 1047 452 617 413 654 937 731 574 467 1061 1113 1243 1026 790 567 407 741 342 948 1251 1011 710 984 825 471 679 290 148 568 986 377 345 554 825 570 580 544 1046 419 659 470 669 1313 313 600 1224 952 893 907 785 741 908 1021 375 540 824 953 1165 894 688 548 0 590 596 552 1198 161 901 1240
94 222 229 298 897 606 268 27 344 476 210 48 203 529 678 246 51 124 906 938 657 454 460 90 249 542 459 429 661 447 821 501 267 190 640 778 502 127 774 249 248 97 730 88 128 101 753 527 75 351 333 731 845 255 639 362 517 362 727 429 357 590 437 142 234 364 575 816 120 67 590 0 111 44 656 719 365 846
42 132 301 221 806 553 349 90 350 532 292 154 183 634 789 157 64 153 795 827 687 430 571 35 204 652 527 365 683 414 727 423 229 134 741 745 533 32 663 223 254 44 622 34 24 54 863 454 160 443 221 768 876 146 632 392 414 313 832 540 313 499 372 245 272 397 597 707 104 166 596 111 0 93 609 707 310 753
62 220 214 256 856 625 259 21 379 520 201 90 159 540 705 245 32 85 882 916 698 482 489 62 204 561 443 443 701 472 781 508 288 147 648 734 471 99 752 205 208 64 699 62 103 65 785 484 119 350 310 774 815 228 673 403 508 381 739 455 377 590 392 152 275 405 615 785 141 74 552 44 93 0 677 678 382 845
650 488 885 757 1141 66 922 659 367 536 864 657 788 1116 1137 467 647 757 815 806 456 223 948 641 792 1089 1114 251 411 216 1056 249 389 727 1236 1297 1142 633 685 821 862 653 813 639 621 663 1158 939 618 993 567 535 1485 609 236 424 428 296 1298 946 299 311 897 781 489 434 386 865 537 720 1198 656 609 677 0 1291 298 429
672 807 568 534 656 1228 584 700 1053 1188 603 751 526 814 1098 826 696 595 1046 1100 1376 1135 951 683 505 901 501 1039 1380 1116 647 1062 934 574 833 146 309 676 991 484 470 669 811 685 688 658 1207 418 792 631 737 1450 338 682 1339 1081 949 1009 937 902 1011 1084 411 687 953 1084 1293 868 806 685 161 719 707 678 1291 0 999 1282
352 192 594 470 939 243 634 365 196 444 576 375 489 863 937 173 351 460 740 752 499 157 729 343 496 852 824 68 476 128 853 159 103 430 980 1016 843 334 596 524 563 354 653 341 322 364 983 673 341 713 305 590 1186 324 366 277 286 24 1055 715 38 276 618 500 260 290 403 726 245 432 901 365 310 382 298 999 0 524
792 625 1053 785 917 400 1102 835 699 924 1045 871 884 1371 1462 600 813 900 464 435 882 577 1252 787 858 1369 1274 457 838 549 841 364 622 816 1485 1240 1234 760 379 898 962 793 571 787 750 799 1505 870 845 1195 582 963 1551 665 665 776 351 542 1567 1236 555 256 874 989 784 789 804 585 737 912 1240 846 753 845 429 1282 524 0
