0 795 666 506 293 702 202 64 105 753 368 787 238 80 29 419 494 0 2 574 642 828 294 495 333 152 638 810 263 362 576 452 23 453 406 83 22 752 99 831 473 331 759 457 707 557 832 129 752 63 145 607 233 187 456 430 127 456 273 459 567 326 327 729 255 474 421 54 144 828 832 18 531 417 651 717 620 344
795 0 1287 444 986 1264 701 735 849 1547 1148 1150 711 843 824 518 306 796 796 599 1377 879 509 1204 1012 733 1413 650 557 1034 254 1209 796 415 1024 764 776 1448 879 297 1201 1083 825 1190 769 240 321 728 499 767 767 217 566 969 1170 1132 910 1122 1057 411 1263 631 778 225 657 652 704 826 710 1069 1485 793 384 1190 1285 582 1398 745
666 1287 0 1143 829 105 869 684 561 610 426 394 594 585 645 770 1047 666 663 755 927 735 825 898 332 611 809 1472 894 881 1145 781 686 872 276 748 686 1072 675 1171 259 753 1422 836 708 1064 1433 795 966 729 806 1070 791 663 245 251 559 210 659 1077 162 658 510 1122 920 1141 1086 690 640 544 1193 683 1152 388 23 1376 783 1005
506 444 1143 0 594 1156 333 467 598 1232 872 1149 566 580 534 514 221 506 508 692 974 1016 345 798 817 532 1036 358 250 628 198 828 494 433 867 440 483 1027 555 652 977 709 436 796 884 309 338 391 735 453 411 390 359 632 956 927 633 941 711 84 1066 551 673 534 275 208 263 510 503 1128 1052 494 59 922 1132 258 1026 318
293 986 829 594 0 893 284 346 357 675 420 1038 531 332 283 700 681 292 294 865 391 1118 539 221 529 445 442 788 432 69 737 234 273 714 620 258 294 477 205 1082 582 124 657 205 1000 765 930 272 1032 267 227 832 481 169 585 578 306 627 181 587 690 617 612 970 330 454 377 238 436 1101 544 279 642 471 809 716 433 291
702 1264 105 1156 893 0 903 711 596 715 507 293 594 623 685 746 1042 702 699 706 1020 650 826 980 373 625 907 1496 910 949 1140 866 724 851 296 785 721 1165 725 1125 346 827 1461 918 636 1049 1431 830 910 765 846 1047 798 724 324 320 607 265 731 1085 260 643 497 1086 951 1173 1123 733 655 447 1284 720 1160 475 127 1398 880 1045
202 701 869 333 284 903 0 196 307 898 547 966 376 283 225 471 397 203 205 654 675 949 282 504 536 303 716 610 150 336 455 510 183 457 606 121 182 754 225 809 670 385 559 488 819 482 671 73 790 139 78 552 235 299 656 632 320 659 379 309 767 425 484 694 59 272 220 187 278 989 807 186 372 599 854 519 704 154
64 735 684 467 346 711 196 0 130 812 420 771 194 115 91 358 436 64 64 518 704 784 230 555 353 112 703 788 218 414 521 515 76 388 415 100 52 812 162 767 510 393 755 518 660 495 785 128 690 83 162 544 170 251 489 459 177 477 338 413 598 271 295 665 240 462 416 112 94 801 889 70 487 466 671 692 684 348
105 849 561 598 357 596 307 130 0 701 298 692 200 27 89 416 557 105 102 544 662 767 339 534 228 128 634 913 349 426 647 468 127 473 301 188 125 785 153 849 379 361 865 487 654 608 915 234 740 169 250 648 284 210 358 330 74 352 280 543 468 303 258 756 359 579 526 141 142 744 876 123 618 342 547 818 612 449
753 1547 610 1232 675 715 898 812 701 0 407 996 874 704 724 1101 1247 753 752 1181 487 1282 1039 575 607 825 334 1463 1010 679 1329 469 756 1171 659 799 774 608 681 1541 437 550 1324 530 1215 1307 1570 845 1397 791 821 1349 981 599 477 513 636 566 522 1201 469 977 865 1454 957 1124 1049 731 843 1134 730 758 1269 377 588 1388 319 960
368 1148 426 872 420 507 547 420 298 407 0 720 466 306 339 694 855 368 366 783 522 927 638 472 226 419 433 1152 632 464 942 358 377 764 306 432 391 666 322 1133 168 330 1058 411 841 907 1201 482 996 418 471 945 583 271 183 192 242 254 241 827 274 570 467 1047 606 807 739 362 438 826 781 378 900 53 404 1065 407 650
787 1150 394 1149 1038 293 966 771 692 996 720 0 599 719 780 662 988 787 784 552 1242 388 803 1170 519 663 1148 1506 927 1103 1083 1068 811 766 427 865 800 1385 842 955 586 1002 1516 1112 417 968 1372 899 719 845 929 945 798 872 552 531 731 467 905 1069 528 598 486 944 1002 1217 1182 832 689 158 1497 805 1138 703 414 1405 1121 1120
238 711 594 566 531 594 376 194 200 874 466 599 0 214 248 227 453 238 236 344 861 590 232 726 301 86 833 915 330 600 551 667 259 304 320 295 240 980 330 666 492 555 917 683 469 477 839 317 541 278 355 497 206 404 459 421 274 412 480 492 553 105 112 584 405 618 586 293 100 612 1066 253 566 499 587 815 811 530
80 843 585 580 332 623 283 115 27 704 306 719 214 0 62 424 548 80 77 559 646 789 334 514 253 136 623 890 333 401 636 452 100 475 328 162 101 766 127 853 397 342 839 469 674 603 900 210 751 143 223 646 277 190 378 351 68 376 265 528 489 315 281 758 335 555 500 113 145 771 855 97 602 352 571 796 603 422
29 824 645 534 283 685 225 91 89 724 339 780 248 62 0 440 523 29 28 589 621 835 322 479 314 163 614 835 293 353 606 430 41 477 390 103 51 735 81 856 447 311 778 438 716 586 861 152 771 85 161 635 261 164 431 406 98 435 249 488 543 341 330 755 280 496 440 52 160 827 818 40 560 389 630 742 594 361
419 518 770 514 700 746 471 358 416 1101 694 662 227 424 440 0 328 419 419 188 1061 507 198 913 517 288 1048 871 353 767 421 870 434 106 514 443 411 1170 518 439 710 750 929 876 374 309 710 440 332 433 487 301 236 604 674 635 490 616 687 430 758 125 265 362 472 639 634 470 281 619 1245 428 490 726 769 771 1028 607
494 306 1047 221 681 1042 397 436 557 1247 855 988 453 548 523 328 0 494 495 488 1073 812 225 901 744 454 1106 558 251 732 98 902 492 231 773 458 473 1149 574 444 926 776 658 885 682 95 389 421 513 462 460 176 273 663 898 863 614 863 751 147 999 402 544 324 357 408 440 521 427 946 1194 490 178 900 1041 461 1091 461
0 796 666 506 292 702 203 64 105 753 368 787 238 80 29 419 494 0 2 574 641 828 294 495 333 152 638 811 264 362 576 451 23 453 406 83 23 752 98 832 473 330 759 456 707 557 832 129 752 63 145 608 234 187 456 430 126 456 273 459 567 326 327 729 256 475 421 54 145 828 832 18 532 417 651 717 619 344
2 796 663 508 294 699 205 64 102 752 366 784 236 77 28 419 495 2 0 573 642 826 295 496 331 150 638 813 265 364 578 452 26 453 403 85 25 753 99 831 471 331 762 457 705 558 834 132 751 66 148 608 234 187 453 427 124 453 273 461 564 325 324 729 258 477 423 56 143 826 833 21 533 415 649 720 620 347
574 599 755 692 865 706 654 518 544 1181 783 552 344 559 589 188 488 574 573 0 1205 324 387 1068 575 426 1175 1044 542 933 571 1012 592 259 540 612 570 1324 670 419 759 899 1115 1026 193 442 845 617 218 599 663 402 421 749 720 681 618 645 825 608 783 247 316 392 659 827 823 628 429 474 1406 586 662 805 759 946 1152 795
642 1377 927 974 391 1020 675 704 662 487 522 1242 861 646 621 1061 1073 641 642 1205 0 1414 920 176 732 780 152 1107 823 346 1128 193 629 1090 821 634 652 145 543 1464 673 311 926 189 1310 1156 1303 658 1393 639 615 1221 860 458 699 714 589 777 381 975 765 960 913 1356 720 807 732 592 782 1342 267 634 1026 546 904 1054 170 658
828 879 735 1016 1118 650 949 784 767 1282 927 388 590 789 835 507 812 828 826 324 1414 0 701 1300 700 676 1354 1369 854 1188 891 1223 850 584 628 884 830 1545 914 629 845 1126 1436 1250 133 758 1154 900 388 868 942 707 725 976 805 771 832 715 1038 932 826 523 508 654 963 1145 1135 882 689 242 1641 843 986 931 749 1270 1329 1097
294 509 825 345 539 826 282 230 339 1039 638 803 232 334 322 198 225 294 295 387 920 701 0 759 519 228 930 702 155 602 321 736 300 175 550 285 277 1016 387 544 701 611 738 731 568 268 607 267 507 282 314 313 61 478 672 637 402 637 566 266 774 205 332 437 276 444 436 334 203 787 1080 295 338 681 818 601 913 411
495 1204 898 798 221 980 504 555 534 575 472 1170 726 514 479 913 901 495 496 1068 176 1300 759 0 650 642 271 940 653 170 953 121 479 932 743 475 502 257 397 1303 639 174 771 61 1189 986 1127 493 1245 482 448 1053 700 324 655 661 468 720 267 800 741 820 792 1191 546 632 557 442 639 1254 341 484 850 511 876 883 273 482
333 1012 332 817 529 373 536 353 228 607 226 519 301 253 314 517 744 333 331 575 732 700 519 650 0 292 656 1141 567 591 840 551 354 604 92 416 354 871 352 953 192 483 1092 592 616 777 1121 463 792 397 475 799 476 360 157 120 234 124 385 756 254 392 262 880 588 808 754 361 320 609 980 351 831 235 319 1045 631 675
152 733 611 532 445 625 303 112 128 825 419 663 86 136 163 288 454 152 150 426 780 676 228 642 292 0 760 871 285 514 548 587 173 346 335 212 154 897 245 721 472 473 855 600 555 494 828 238 615 194 274 527 183 322 444 409 202 414 401 466 547 179 183 629 339 558 519 206 29 689 981 167 541 457 601 772 739 457
638 1413 809 1036 442 907 716 703 634 334 433 1148 833 623 614 1048 1106 638 638 1175 152 1354 930 271 656 760 0 1207 855 418 1171 207 631 1091 739 651 653 281 543 1470 565 330 1042 247 1260 1182 1372 684 1374 650 646 1241 869 452 596 617 559 680 365 1025 647 937 868 1367 768 889 812 596 768 1259 406 635 1083 444 786 1146 26 730
810 650 1472 358 788 1496 610 788 913 1463 1152 1506 915 890 835 871 558 811 813 1044 1107 1369 702 940 1141 871 1207 0 587 793 491 1010 793 785 1202 732 789 1114 830 926 1281 913 228 961 1238 626 358 682 1059 749 682 697 710 886 1266 1241 930 1265 949 441 1378 908 1025 819 555 345 416 797 842 1486 1098 795 382 1205 1460 100 1205 506
263 557 894 250 432 910 150 218 349 1010 632 927 330 333 293 353 251 264 265 542 823 854 155 653 567 285 855 587 0 486 320 651 256 319 619 212 241 905 330 659 729 525 594 635 721 333 568 171 654 219 209 401 132 417 707 677 390 691 503 195 816 342 441 544 125 295 281 279 255 926 957 255 269 681 883 487 841 257
362 1034 881 628 69 949 336 414 426 679 464 1103 600 401 353 767 732 362 364 933 346 1188 602 170 591 514 418 793 486 0 783 217 342 777 682 324 363 418 274 1141 630 140 644 171 1069 819 960 334 1099 335 287 888 545 231 636 631 373 683 223 630 737 686 682 1028 377 471 394 307 506 1168 478 348 680 513 861 728 412 315
576 254 1145 198 737 1140 455 521 647 1329 942 1083 551 636 606 421 98 576 578 571 1128 891 321 953 840 548 1171 491 320 783 0 965 572 319 870 532 555 1195 650 457 1019 840 619 943 764 135 292 491 568 538 525 206 365 737 992 957 699 959 823 156 1094 499 642 341 407 406 452 598 521 1036 1231 570 141 988 1138 401 1158 491
452 1209 781 828 234 866 510 515 468 469 358 1068 667 452 430 870 902 451 452 1012 193 1223 736 121 551 587 207 1010 651 217 965 0 440 903 642 452 463 322 353 1280 522 126 857 64 1118 981 1165 482 1201 454 442 1042 675 266 541 549 396 610 188 818 623 767 720 1173 561 684 608 404 590 1160 428 445 875 393 758 944 198 524
23 796 686 494 273 724 183 76 127 756 377 811 259 100 41 434 492 23 26 592 629 850 300 479 354 173 631 793 256 342 572 440 0 463 428 62 23 736 87 840 489 317 738 442 728 559 823 111 767 44 122 612 238 178 473 448 139 476 266 450 584 344 350 736 238 455 400 36 163 852 814 6 522 428 671 701 613 322
453 415 872 433 714 851 457 388 473 1171 764 766 304 475 477 106 231 453 453 259 1090 584 175 932 604 346 1091 785 319 777 319 903 463 0 610 457 439 1190 550 378 796 779 861 902 453 203 605 443 335 451 490 198 232 640 762 724 544 709 726 350 851 216 362 283 445 582 589 498 330 716 1256 458 402 800 869 686 1072 577
406 1024 276 867 620 296 606 415 301 659 306 427 320 328 390 514 773 406 403 540 821 628 550 743 92 335 739 1202 619 682 870 642 428 610 0 489 424 961 437 938 223 576 1165 685 555 795 1157 533 759 469 551 808 515 451 183 145 320 104 478 800 246 394 249 874 654 876 826 440 364 521 1071 424 876 303 268 1104 713 750
83 764 748 440 258 785 121 100 188 799 432 865 295 162 103 443 458 83 85 612 634 884 285 475 416 212 651 732 212 324 532 452 62 457 489 0 65 732 118 830 549 326 676 445 760 531 773 50 774 19 64 590 225 205 534 510 198 538 292 402 646 368 394 722 177 393 338 70 195 900 802 65 471 483 733 640 635 261
22 776 686 483 294 721 182 52 125 774 391 800 240 101 51 411 473 23 25 570 652 830 277 502 354 154 653 789 241 363 555 463 23 439 424 65 0 759 110 817 496 341 740 466 708 538 809 109 743 45 129 590 216 201 478 452 149 477 288 436 589 322 334 714 234 454 401 59 142 838 836 18 509 440 672 695 635 326
752 1448 1072 1027 477 1165 754 812 785 608 666 1385 980 766 735 1170 1149 752 753 1324 145 1545 1016 257 871 897 281 1114 905 418 1195 322 736 1190 961 732 759 0 654 1558 819 424 915 297 1438 1237 1344 749 1503 740 703 1306 958 575 844 858 715 921 507 1039 910 1076 1040 1446 792 843 772 700 895 1481 124 742 1082 691 1049 1073 304 709
99 879 675 555 205 725 225 162 153 681 322 842 330 127 81 518 574 98 99 670 543 914 387 397 352 245 543 830 330 274 650 353 87 550 437 118 110 654 0 928 455 232 751 358 797 643 890 164 851 111 148 698 325 91 446 427 117 465 179 519 557 422 407 824 284 486 421 53 241 898 736 92 588 375 658 742 525 335
831 297 1171 652 1082 1125 809 767 849 1541 1133 955 666 853 856 439 444 832 831 419 1464 629 544 1303 953 721 1470 926 659 1141 457 1280 840 378 938 830 817 1558 928 0 1145 1155 1076 1276 543 349 617 809 242 826 855 268 604 1018 1108 1068 921 1042 1105 589 1184 564 692 119 782 852 885 875 708 847 1616 835 597 1165 1174 846 1451 900
473 1201 259 977 582 346 670 510 379 437 168 586 492 397 447 710 926 473 471 759 673 845 701 639 192 472 565 1281 729 630 1019 522 489 796 223 549 496 819 455 1145 0 498 1205 577 778 964 1293 599 977 532 599 989 653 423 40 78 350 129 406 923 107 585 453 1072 727 939 876 483 498 709 937 487 998 129 236 1189 539 790
331 1083 753 709 124 827 385 393 361 550 330 1002 555 342 311 750 776 330 331 899 311 1126 611 174 483 473 330 913 525 140 840 126 317 779 576 326 341 424 232 1155 498 0 778 127 1015 855 1047 356 1083 329 316 916 550 151 508 507 293 563 98 695 604 652 618 1048 438 578 501 281 472 1081 515 323 754 376 732 840 318 414
759 825 1422 436 657 1461 559 755 865 1324 1058 1516 917 839 778 929 658 759 762 1115 926 1436 738 771 1092 855 1042 228 594 644 619 857 738 861 1165 676 740 915 751 1076 1205 778 0 802 1303 743 567 631 1171 695 616 822 726 787 1197 1178 864 1212 833 515 1308 936 1029 961 516 299 339 731 828 1520 887 741 483 1111 1407 249 1043 417
457 1190 836 796 205 918 488 518 487 530 411 1112 683 469 438 876 885 456 457 1026 189 1250 731 61 592 600 247 961 635 171 943 64 442 902 685 445 466 297 358 1276 577 127 802 0 1141 967 1130 469 1209 450 426 1032 671 278 594 600 418 660 213 792 680 779 744 1167 535 642 566 406 599 1198 391 448 846 449 814 899 243 486
707 769 708 884 1000 636 819 660 654 1215 841 417 469 674 716 374 682 707 705 193 1310 133 568 1189 616 555 1260 1238 721 1069 764 1118 728 453 555 760 708 1438 797 543 778 1015 1303 1141 0 633 1033 773 303 744 816 586 594 864 738 701 723 651 931 800 775 395 397 550 832 1012 1002 762 566 304 1530 722 855 851 718 1139 1235 966
557 240 1064 309 765 1049 482 495 608 1307 907 968 477 603 586 309 95 557 558 442 1156 758 268 986 777 494 1182 626 333 819 135 981 559 203 795 531 538 1237 643 349 964 855 743 967 633 0 405 499 434 533 541 81 326 734 933 897 670 890 822 241 1030 406 554 229 446 503 536 590 470 912 1285 555 259 949 1060 534 1166 555
832 321 1433 338 930 1431 671 785 915 1570 1201 1372 839 900 861 710 389 832 834 845 1303 1154 607 1127 1121 828 1372 358 568 960 292 1165 823 605 1157 773 809 1344 890 617 1293 1047 567 1130 1033 405 0 725 797 784 749 447 645 970 1269 1236 959 1242 1050 373 1375 792 934 529 614 501 573 843 800 1317 1355 822 301 1250 1426 319 1363 645
129 728 795 391 272 830 73 128 234 845 482 899 317 210 152 440 421 129 132 617 658 900 267 493 463 238 684 682 171 334 491 482 111 443 533 50 109 749 164 809 599 356 631 469 773 499 725 0 768 67 47 562 211 247 584 559 249 586 332 356 695 378 422 698 127 345 292 119 217 927 812 113 424 533 781 590 670 220
752 499 966 735 1032 910 790 690 740 1397 996 719 541 751 771 332 513 752 751 218 1393 388 507 1245 792 615 1374 1059 654 1099 568 1201 767 335 759 774 743 1503 851 242 977 1083 1171 1209 303 434 797 768 0 765 815 363 558 935 938 899 815 863 1016 656 1001 436 531 274 780 907 921 803 611 606 1577 761 690 1020 972 968 1353 912
63 767 729 453 267 765 139 83 169 791 418 845 278 143 85 433 462 63 66 599 639 868 282 482 397 194 650 749 219 335 538 454 44 451 469 19 45 740 111 826 532 329 695 450 744 533 784 67 765 0 84 590 221 201 517 492 182 519 289 411 628 354 376 719 194 411 357 59 178 881 812 46 482 469 715 657 634 281
145 767 806 411 227 846 78 162 250 821 471 929 355 223 161 487 460 145 148 663 615 942 314 448 475 274 646 682 209 287 525 442 122 490 551 64 129 703 148 855 599 316 616 426 816 541 749 47 815 84 0 605 258 221 587 564 250 596 302 384 698 422 457 743 137 340 279 116 255 963 765 127 449 524 791 593 633 199
607 217 1070 390 832 1047 552 544 648 1349 945 945 497 646 635 301 176 608 608 402 1221 707 313 1053 799 527 1241 697 401 888 206 1042 612 198 808 590 590 1306 698 268 989 916 822 1032 586 81 447 562 363 590 605 0 374 790 957 919 714 907 878 322 1049 414 561 148 519 584 616 644 507 876 1357 608 338 985 1068 607 1224 633
233 566 791 359 481 798 235 170 284 981 583 798 206 277 261 236 273 234 234 421 860 725 61 700 476 183 869 710 132 545 365 675 238 232 515 225 216 958 325 604 653 550 726 671 594 326 645 211 558 221 258 374 0 417 626 592 344 597 505 287 730 209 315 498 238 428 409 272 155 793 1023 234 361 627 782 609 851 374
187 969 663 632 169 724 299 251 210 599 271 872 404 190 164 604 663 187 187 749 458 976 478 324 360 322 452 886 417 231 737 266 178 640 451 205 201 575 91 1018 423 151 787 278 864 734 970 247 935 201 221 790 417 0 422 411 146 459 88 603 530 502 468 915 357 541 471 145 324 941 665 183 669 324 644 803 434 382
456 1170 245 956 585 324 656 489 358 477 183 552 459 378 431 674 898 456 453 720 699 805 672 655 157 444 596 1266 707 636 992 541 473 762 183 534 478 844 446 1108 40 508 1197 594 738 933 1269 584 938 517 587 957 626 422 0 39 336 90 414 900 111 550 415 1037 711 926 866 470 471 673 961 471 975 153 224 1174 569 781
430 1132 251 927 578 320 632 459 330 513 192 531 421 351 406 635 863 430 427 681 714 771 637 661 120 409 617 1241 677 631 957 549 448 724 145 510 452 858 427 1068 78 507 1178 600 701 897 1236 559 899 492 564 919 592 411 39 0 314 63 411 868 138 511 376 998 686 903 844 448 437 645 973 446 944 172 232 1147 590 761
127 910 559 633 306 607 320 177 74 636 242 731 274 68 98 490 614 126 124 618 589 832 402 468 234 202 559 930 390 373 699 396 139 544 320 198 149 715 117 921 350 293 864 418 723 670 959 249 815 182 250 714 344 146 336 314 0 349 208 585 448 378 325 826 376 589 529 133 213 796 809 138 658 291 543 839 538 446
456 1122 210 941 627 265 659 477 352 566 254 467 412 376 435 616 863 456 453 645 777 715 637 720 124 414 680 1265 691 683 959 610 476 709 104 538 477 921 465 1042 129 563 1212 660 651 890 1242 586 863 519 596 907 597 459 90 63 349 0 466 879 142 494 351 977 711 931 875 480 442 583 1036 473 954 235 195 1169 654 794
273 1057 659 711 181 731 379 338 280 522 241 905 480 265 249 687 751 273 273 825 381 1038 566 267 385 401 365 949 503 223 823 188 266 726 478 292 288 507 179 1105 406 98 833 213 931 822 1050 332 1016 289 302 878 505 88 414 411 208 466 0 686 513 581 533 1002 436 606 533 233 405 986 605 270 751 290 638 870 346 443
459 411 1077 84 587 1085 309 413 543 1201 827 1069 492 528 488 430 147 459 461 608 975 932 266 800 756 466 1025 441 195 630 156 818 450 350 800 402 436 1039 519 589 923 695 515 792 800 241 373 356 656 411 384 322 287 603 900 868 585 879 686 0 1007 470 597 469 257 262 299 471 437 1045 1074 449 75 876 1067 341 1013 334
567 1263 162 1066 690 260 767 598 468 469 274 528 553 489 543 758 999 567 564 783 765 826 774 741 254 547 647 1378 816 737 1094 623 584 851 246 646 589 910 557 1184 107 604 1308 680 775 1030 1375 695 1001 628 698 1049 730 530 111 138 448 142 513 1007 0 636 494 1120 822 1038 977 582 574 665 1031 582 1082 231 138 1285 621 892
326 631 658 551 617 643 425 271 303 977 570 598 105 315 341 125 402 326 325 247 960 523 205 820 392 179 937 908 342 686 499 767 344 216 394 368 322 1076 422 564 585 652 936 779 395 406 792 378 436 354 422 414 209 502 550 511 378 494 581 470 636 0 147 487 441 637 618 380 181 584 1158 338 540 601 654 807 916 574
327 778 510 673 612 497 484 295 258 865 467 486 112 281 330 265 544 327 324 316 913 508 332 792 262 183 868 1025 441 682 642 720 350 362 249 394 334 1040 407 692 453 618 1029 744 397 554 934 422 531 376 457 561 315 468 415 376 325 351 533 597 494 147 0 625 516 730 697 379 205 505 1134 344 670 488 506 925 844 638
729 225 1122 534 970 1086 694 665 756 1454 1047 944 584 758 755 362 324 729 729 392 1356 654 437 1191 880 629 1367 819 544 1028 341 1173 736 283 874 722 714 1446 824 119 1072 1048 961 1167 550 229 529 698 274 719 743 148 498 915 1037 998 826 977 1002 469 1120 487 625 0 665 732 765 771 613 853 1501 732 479 1082 1122 736 1349 781
255 657 920 275 330 951 59 240 359 957 606 1002 405 335 280 472 357 256 258 659 720 963 276 546 588 339 768 555 125 377 407 561 238 445 654 177 234 792 284 782 727 438 516 535 832 446 614 127 780 194 137 519 238 357 711 686 376 711 436 257 822 441 516 665 0 222 180 245 312 1016 838 240 316 658 906 462 756 135
474 652 1141 208 454 1173 272 462 579 1124 807 1217 618 555 496 639 408 475 477 827 807 1145 444 632 808 558 889 345 295 471 406 684 455 582 876 393 454 843 486 852 939 578 299 642 1012 503 501 345 907 411 340 584 428 541 926 903 589 931 606 262 1038 637 730 732 222 0 76 456 530 1221 857 458 268 860 1126 263 883 163
421 704 1086 263 377 1123 220 416 526 1049 739 1182 586 500 440 634 440 421 423 823 732 1135 436 557 754 519 812 416 281 394 452 608 400 589 826 338 401 772 421 885 876 501 339 566 1002 536 573 292 921 357 279 616 409 471 866 844 529 875 533 299 977 618 697 765 180 76 0 396 493 1196 791 403 321 792 1071 339 806 89
54 826 690 510 238 733 187 112 141 731 362 832 293 113 52 470 521 54 56 628 592 882 334 442 361 206 596 797 279 307 598 404 36 498 440 70 59 700 53 875 483 281 731 406 762 590 843 119 803 59 116 644 272 145 470 448 133 480 233 471 582 380 379 771 245 456 396 0 199 878 778 42 541 413 675 707 579 314
144 710 640 503 436 655 278 94 142 843 438 689 100 145 160 281 427 145 143 429 782 689 203 639 320 29 768 842 255 506 521 590 163 330 364 195 142 895 241 708 498 472 828 599 566 470 800 217 611 178 255 507 155 324 471 437 213 442 405 437 574 181 205 613 312 530 493 199 0 711 977 157 512 479 630 743 747 432
828 1069 544 1128 1101 447 989 801 744 1134 826 158 612 771 827 619 946 828 826 474 1342 242 787 1254 609 689 1259 1486 926 1168 1036 1160 852 716 521 900 838 1481 898 847 709 1081 1520 1198 304 912 1317 927 606 881 963 876 793 941 673 645 796 583 986 1045 665 584 505 853 1016 1221 1196 878 711 0 1588 846 1108 817 562 1386 1233 1143
832 1485 1193 1052 544 1284 807 889 876 730 781 1497 1066 855 818 1245 1194 832 833 1406 267 1641 1080 341 980 981 406 1098 957 478 1231 428 814 1256 1071 802 836 124 736 1616 937 515 887 391 1530 1285 1355 812 1577 812 765 1357 1023 665 961 973 809 1036 605 1074 1031 1158 1134 1501 838 857 791 778 977 1588 0 820 1110 809 1170 1068 429 739
18 793 683 494 279 720 186 70 123 758 378 805 253 97 40 428 490 18 21 586 634 843 295 484 351 167 635 795 255 348 570 445 6 458 424 65 18 742 92 835 487 323 741 448 722 555 822 113 761 46 127 608 234 183 471 446 138 473 270 449 582 338 344 732 240 458 403 42 157 846 820 0 521 428 668 702 617 326
531 384 1152 59 642 1160 372 487 618 1269 900 1138 566 602 560 490 178 532 533 662 1026 986 338 850 831 541 1083 382 269 680 141 875 522 402 876 471 509 1082 588 597 998 754 483 846 855 259 301 424 690 482 449 338 361 669 975 944 658 954 751 75 1082 540 670 479 316 268 321 541 512 1108 1110 521 0 949 1143 284 1072 373
417 1190 388 922 471 475 599 466 342 377 53 703 499 352 389 726 900 417 415 805 546 931 681 511 235 457 444 1205 681 513 988 393 428 800 303 483 440 691 375 1165 129 376 1111 449 851 949 1250 533 1020 469 524 985 627 324 153 172 291 235 290 876 231 601 488 1082 658 860 792 413 479 817 809 428 949 0 365 1117 418 704
651 1285 23 1132 809 127 854 671 547 588 404 414 587 571 630 769 1041 651 649 759 904 749 818 876 319 601 786 1460 883 861 1138 758 671 869 268 733 672 1049 658 1174 236 732 1407 814 718 1060 1426 781 972 715 791 1068 782 644 224 232 543 195 638 1067 138 654 506 1122 906 1126 1071 675 630 562 1170 668 1143 365 0 1364 759 989
717 582 1376 258 716 1398 519 692 818 1388 1065 1405 815 796 742 771 461 717 720 946 1054 1270 601 883 1045 772 1146 100 487 728 401 944 701 686 1104 640 695 1073 742 846 1189 840 249 899 1139 534 319 590 968 657 593 607 609 803 1174 1147 839 1169 870 341 1285 807 925 736 462 263 339 707 743 1386 1068 702 284 1117 1364 0 1141 427
620 1398 783 1026 433 880 704 684 612 319 407 1121 811 603 594 1028 1091 619 620 1152 170 1329 913 273 631 739 26 1205 841 412 1158 198 613 1072 713 635 635 304 525 1451 539 318 1043 243 1235 1166 1363 670 1353 634 633 1224 851 434 569 590 538 654 346 1013 621 916 844 1349 756 883 806 579 747 1233 429 617 1072 418 759 1141 0 723
344 745 1005 318 291 1045 154 348 449 960 650 1120 530 422 361 607 461 344 347 795 658 1097 411 482 675 457 730 506 257 315 491 524 322 577 750 261 326 709 335 900 790 414 417 486 966 555 645 220 912 281 199 633 374 382 781 761 446 794 443 334 892 574 638 781 135 163 89 314 432 1143 739 326 373 704 989 427 723 0
