0 426 1567 694 1593 1575 202 929 776 921 1341 1228 1467 508 1689 1067
426 0 1239 1117 2018 1186 611 1198 1063 507 916 925 1554 115 1264 973
1567 1239 0 2218 2966 373 1769 1747 2298 1118 988 346 1497 1257 1118 857
694 1117 2218 0 946 2261 507 963 606 1591 2021 1873 1696 1184 2365 1568
1593 2018 2966 946 0 3082 1432 1303 1440 2513 2934 2626 1982 2100 3282 2179
1575 1186 373 2261 3082 0 1775 1942 2240 917 673 528 1804 1168 751 1112
202 611 1769 507 1432 1775 0 952 607 1085 1514 1429 1567 677 1859 1236
929 1198 1747 963 1303 1942 952 0 1475 1673 2009 1432 748 1312 2346 906
776 1063 2298 606 1440 2240 607 1475 0 1404 1831 1972 2151 1072 2146 1840
921 507 1118 1591 2513 917 1085 1673 1404 0 434 909 1908 413 774 1228
1341 916 988 2021 2934 673 1514 2009 1831 434 0 917 2118 836 349 1399
1228 925 346 1873 2626 528 1429 1432 1972 909 917 0 1287 959 1146 584
1467 1554 1497 1696 1982 1804 1567 748 2151 1908 2118 1287 0 1662 2404 722
508 115 1257 1184 2100 1168 677 1312 1072 413 836 959 1662 0 1182 1063
1689 1264 1118 2365 3282 751 1859 2346 2146 774 349 1146 2404 1182 0 1682
1067 973 857 1568 2179 1112 1236 906 1840 1228 1399 584 722 1063 1682 0
