0 649 135 253 20 1520 540 438 1212 114 1471 1265 838 326 682 78
649 0 529 721 658 1834 177 327 1013 712 2111 1855 1482 704 806 690
135 529 0 246 151 1615 408 369 1198 184 1604 1400 952 393 715 160
253 721 246 0 272 1754 564 614 1442 155 1521 1391 807 580 933 183
20 658 151 272 0 1499 553 437 1201 128 1459 1248 833 308 666 92
1520 1834 1615 1754 1499 0 1865 1519 1229 1599 1474 1002 1620 1226 1029 1575
540 177 408 564 553 1865 0 353 1148 581 2011 1789 1350 674 856 565
438 327 369 614 437 1519 353 0 859 536 1831 1545 1263 385 502 504
1212 1013 1198 1442 1201 1229 1148 859 0 1326 2217 1796 1887 940 600 1290
114 712 184 155 128 1599 581 536 1326 0 1443 1274 771 432 794 35
1471 2111 1604 1521 1459 1474 2011 1831 2217 1443 0 476 764 1463 1656 1452
1265 1855 1400 1391 1248 1002 1789 1545 1796 1274 476 0 829 1160 1273 1271
838 1482 952 807 833 1620 1350 1263 1887 771 764 829 0 971 1287 792
326 704 393 580 308 1226 674 385 940 432 1463 1160 971 0 367 399
682 806 715 933 666 1029 856 502 600 794 1656 1273 1287 367 0 759
78 690 160 183 92 1575 565 504 1290 35 1452 1271 792 399 759 0
