0 1555 1218 225 89 1555 1322 250 1420 749 1000 1513 257 1470 333 989
1555 0 2735 1412 1536 2870 1292 1566 1717 2184 2478 403 1812 2741 1368 2015
1218 2735 0 1324 1270 702 2055 1331 1875 577 285 2610 974 751 1368 1661
225 1412 1324 0 284 1561 1097 439 1216 793 1076 1328 437 1458 108 1189
89 1536 1270 284 0 1632 1380 163 1496 822 1063 1518 295 1551 393 910
1555 2870 702 1561 1632 0 1897 1748 1588 813 658 2652 1375 152 1556 2252
1322 1292 2055 1097 1380 1897 0 1523 433 1492 1770 930 1482 1747 989 2258
250 1566 1331 439 163 1748 1523 0 1655 935 1150 1588 375 1675 546 749
1420 1717 1875 1216 1496 1588 433 1655 0 1359 1599 1363 1514 1436 1112 2405
749 2184 577 793 822 813 1492 935 1359 0 299 2039 564 745 817 1490
1000 2478 285 1076 1063 658 1770 1150 1599 299 0 2338 777 647 1109 1595
1513 403 2610 1328 1518 2652 930 1588 1363 2039 2338 0 1759 2514 1257 2156
257 1812 974 437 295 1375 1482 375 1514 564 777 1759 0 1308 527 981
1470 2741 751 1458 1551 152 1747 1675 1436 745 647 2514 1308 0 1445 2218
333 1368 1368 108 393 1556 989 546 1112 817 1109 1257 527 1445 0 1295
989 2015 1661 1189 910 2252 2258 749 2405 1490 1595 2156 981 2218 1295 0
