0 948 976 655 1476 1489 1057 1281 1623 408 126 1384 115 1207 1537 592
948 0 845 715 833 2273 1815 1993 2500 1191 970 1545 884 1454 2259 1526
976 845 0 1275 1677 2459 1274 1380 2546 1379 889 2168 861 2026 1626 1312
655 715 1275 0 872 1601 1712 1935 1882 629 762 895 688 768 2193 1199
1476 833 1677 872 0 2350 2500 2706 2688 1499 1556 1188 1469 1206 2971 2054
1489 2273 2459 1601 2350 0 1885 2087 438 1112 1569 1349 1603 1221 2221 1301
1057 1815 1274 1712 2500 1885 0 235 1753 1276 954 2359 1036 2170 480 653
1281 1993 1380 1935 2706 2087 235 0 1924 1512 1174 2594 1253 2405 266 885
1623 2500 2546 1882 2688 438 1753 1924 0 1309 1675 1762 1728 1620 2011 1273
408 1191 1379 629 1499 1112 1276 1512 1309 0 519 1082 522 893 1744 657
126 970 889 762 1556 1569 954 1174 1675 519 0 1510 89 1334 1433 556
1384 1545 2168 895 1188 1349 2359 2594 1762 1082 1510 0 1466 191 2824 1729
115 884 861 688 1469 1603 1036 1253 1728 522 89 1466 0 1294 1514 641
1207 1454 2026 768 1206 1221 2170 2405 1620 893 1334 191 1294 0 2634 1538
1537 2259 1626 2193 2971 2221 480 266 2011 1744 1433 2824 1514 2634 0 1098
592 1526 1312 1199 2054 1301 653 885 1273 657 556 1729 641 1538 1098 0
