0 636 277 29 369 502 288 331 407 803 608 598 497 684 648 83 72 849 595 481 668 494 410 119 532 738 674 390 294 577 838 818 133 610 231 580 677 849 289 66 125 381 744 356 597 487 384 587 49 527 321 561 286 162 697 48 52 132 90 13 569 821 99 284 767 441 543 199 6 193 325 131 723 215 475 330 620 146
636 0 912 611 963 546 612 313 751 1425 1243 211 1131 1310 78 718 573 259 549 169 1224 144 252 707 526 354 1307 924 622 777 914 203 760 684 738 399 1292 408 351 577 678 258 593 745 671 155 775 1198 645 193 567 1195 790 670 241 629 613 565 583 637 1055 896 735 511 777 1070 408 470 632 829 593 621 1309 421 1072 608 287 736
277 912 0 301 175 717 435 602 523 530 340 872 236 411 926 199 338 1115 814 753 460 771 678 220 713 1002 397 281 434 653 916 1089 177 789 277 831 410 1114 567 334 290 655 967 468 779 765 480 376 280 790 530 283 283 289 970 296 300 363 334 278 519 902 182 488 940 206 760 454 281 93 523 344 481 492 309 476 865 237
29 611 301 0 381 502 266 304 423 823 634 580 524 705 625 110 43 821 593 454 677 470 383 123 505 724 697 394 273 557 817 791 163 615 225 570 695 834 267 36 147 355 741 374 602 464 403 616 72 499 325 584 282 151 679 65 30 105 63 38 596 799 127 256 772 469 514 170 30 219 332 143 736 191 505 308 591 174
369 963 175 381 0 857 398 649 689 468 392 959 324 359 990 314 406 1137 952 795 303 831 715 263 663 1106 380 126 393 543 794 1121 319 943 235 948 332 1216 641 405 428 706 1104 633 932 829 648 500 392 814 669 291 202 293 1058 405 366 398 386 375 692 782 301 480 1098 334 736 492 375 243 666 473 355 563 464 429 862 386
502 546 717 502 857 0 717 473 277 1231 965 356 856 1113 495 543 502 804 96 515 1160 446 521 622 841 371 1079 893 727 999 1229 742 543 148 727 184 1124 472 378 498 430 459 249 306 134 426 321 841 468 605 187 968 785 649 412 458 529 559 536 493 587 1210 555 648 288 777 775 522 496 626 194 384 1198 410 711 747 745 480
288 612 435 266 398 717 0 323 687 863 764 671 669 757 657 334 240 750 796 443 619 502 361 232 277 840 777 324 11 293 550 742 390 848 166 731 725 940 370 246 413 378 931 639 834 507 669 807 337 438 563 679 198 153 764 332 237 168 206 301 852 533 343 100 1002 640 337 198 293 399 576 407 715 312 718 43 466 428
331 313 602 304 649 473 323 0 563 1112 939 347 828 996 343 414 264 518 530 150 917 184 81 394 368 519 995 617 335 558 764 487 462 620 429 432 979 617 101 269 399 57 644 537 606 186 570 913 350 201 385 885 484 358 440 334 302 251 270 335 827 745 431 226 759 772 305 157 329 523 409 350 998 130 793 334 318 451
407 751 523 423 689 277 687 563 0 997 712 597 610 884 719 403 446 1009 361 665 984 621 636 512 890 646 840 759 694 980 1236 955 375 283 632 455 905 750 465 440 288 578 501 55 277 604 49 570 358 747 187 734 681 569 671 359 454 518 480 394 315 1218 408 654 423 530 860 531 401 445 161 280 998 448 443 726 878 308
803 1425 530 823 468 1231 863 1112 997 0 307 1401 389 119 1447 728 855 1605 1327 1260 338 1289 1180 718 1115 1531 160 547 856 944 1150 1588 705 1280 704 1358 137 1644 1090 853 815 1167 1479 948 1272 1285 949 508 810 1282 1048 264 665 760 1499 826 815 861 842 805 845 1143 712 948 1419 469 1198 956 808 622 1037 872 217 1014 588 890 1330 758
608 1243 340 634 392 965 764 939 712 307 0 1182 113 221 1251 525 674 1454 1059 1089 482 1100 1016 560 1039 1293 150 515 761 935 1182 1426 484 996 598 1110 275 1405 894 670 581 989 1207 667 990 1093 663 204 599 1130 792 116 584 625 1277 616 637 703 673 606 538 1171 508 826 1128 187 1096 794 611 415 777 641 413 822 284 801 1205 520
598 211 872 580 959 356 671 347 597 1401 1182 0 1068 1282 144 672 553 455 343 273 1246 188 332 696 667 175 1267 948 682 894 1069 390 702 483 759 191 1275 269 320 554 600 295 382 603 471 175 630 1104 591 349 427 1153 818 682 99 575 593 571 574 595 911 1050 689 574 567 998 564 488 593 781 451 541 1315 397 973 681 475 661
497 1131 236 524 324 856 669 828 610 389 113 1068 0 283 1138 414 564 1345 951 978 486 988 906 456 947 1181 230 451 667 863 1118 1315 371 894 506 998 320 1293 781 560 468 878 1101 563 887 980 562 184 486 1021 681 135 500 526 1164 503 528 597 565 494 470 1105 397 725 1031 80 997 686 500 304 666 527 445 710 207 708 1101 407
684 1310 411 705 359 1113 757 996 884 119 221 1282 283 0 1330 609 738 1494 1210 1145 299 1172 1066 602 1016 1412 77 451 751 861 1082 1475 585 1165 595 1239 64 1525 972 735 696 1051 1362 834 1157 1168 836 425 691 1170 930 151 560 647 1380 707 698 746 726 686 750 1074 593 839 1307 361 1095 841 689 503 919 753 202 896 489 786 1222 639
648 78 926 625 990 495 657 343 719 1447 1251 144 1138 1330 0 728 591 311 487 216 1261 159 295 730 595 275 1322 960 667 841 987 247 766 626 772 335 1316 331 358 594 676 285 521 718 614 161 746 1192 651 261 538 1209 827 700 162 635 631 592 605 648 1028 969 745 556 711 1073 479 499 644 839 564 617 1341 433 1064 658 364 736
83 718 199 110 314 543 334 414 403 728 525 672 414 609 728 0 153 932 638 564 617 575 494 114 595 805 595 360 338 609 875 901 57 636 234 639 605 917 370 147 119 464 790 348 624 568 372 507 82 610 356 482 279 187 771 97 122 201 162 80 518 858 17 350 792 358 616 279 85 111 354 159 661 296 399 378 700 101
72 573 338 43 406 502 240 264 446 855 674 553 564 738 591 153 0 780 589 414 696 434 342 143 467 702 733 406 248 533 789 751 206 622 227 556 726 811 235 7 183 316 735 400 608 429 430 659 110 457 332 621 286 148 652 99 40 72 35 80 634 771 169 219 778 511 472 127 72 259 342 167 761 158 548 279 548 215
849 259 1115 821 1137 804 750 518 1009 1605 1454 455 1345 1494 311 932 780 0 799 371 1367 390 438 899 568 555 1501 1075 759 829 891 69 980 937 902 646 1469 566 583 785 911 472 822 1000 925 405 1031 1429 867 325 823 1394 946 846 446 851 816 754 781 853 1308 875 949 658 1019 1290 449 661 847 1040 849 857 1466 643 1307 733 296 966
595 549 814 593 952 96 796 530 361 1327 1059 343 951 1210 487 638 589 799 0 547 1255 470 566 714 898 312 1175 986 806 1072 1293 733 639 144 816 152 1220 403 442 586 526 507 153 395 135 451 408 930 562 637 284 1064 875 737 377 551 619 643 623 585 660 1274 650 721 235 872 823 598 588 723 291 479 1294 485 801 823 776 577
481 169 753 454 795 515 443 150 665 1260 1089 273 978 1145 216 564 414 371 547 0 1054 85 82 543 395 447 1145 754 454 629 796 337 610 662 569 417 1126 529 214 419 539 101 631 647 648 102 679 1058 497 90 478 1035 621 502 348 480 452 399 420 484 949 777 581 343 782 921 292 304 478 673 504 486 1140 272 936 442 230 595
668 1224 460 677 303 1160 619 917 984 338 482 1246 486 299 1261 617 696 1367 1255 1054 0 1102 972 555 832 1399 369 300 609 628 816 1361 621 1245 489 1247 235 1508 925 696 731 975 1407 928 1234 1102 941 665 694 1056 972 370 434 564 1344 706 659 674 672 675 938 810 605 716 1398 539 932 763 674 541 969 776 125 849 683 633 1076 687
494 144 771 470 831 446 502 184 621 1289 1100 188 988 1172 159 575 434 390 470 85 1102 0 147 571 479 364 1167 801 513 708 880 342 616 591 613 335 1158 449 206 437 533 126 548 610 578 19 641 1053 501 169 434 1055 668 541 269 485 474 432 446 495 918 861 592 402 705 926 377 339 490 686 460 476 1181 279 928 507 306 592
410 252 678 383 715 521 361 81 636 1180 1016 332 906 1066 295 494 342 438 566 82 972 147 0 465 341 508 1068 672 372 561 744 411 542 669 487 451 1046 597 172 347 481 62 667 612 655 157 645 994 431 119 454 959 538 421 417 415 378 320 344 415 907 725 510 261 800 852 256 225 408 602 478 432 1058 212 875 362 241 533
119 707 220 123 263 622 232 394 512 718 560 696 456 602 730 114 143 899 714 543 555 571 465 0 504 845 603 271 234 496 763 876 164 728 120 693 586 954 378 142 224 449 863 458 715 568 483 580 159 574 440 494 170 79 795 165 104 145 125 129 629 746 117 270 885 417 542 240 126 167 443 246 618 300 486 275 645 216
532 526 713 505 663 841 277 368 890 1115 1039 667 947 1016 595 595 467 568 898 395 832 479 341 504 0 842 1043 567 279 261 402 584 653 986 441 792 977 921 463 474 650 395 1007 851 972 493 883 1084 576 333 731 951 460 427 742 566 481 399 442 544 1101 383 607 248 1127 917 123 360 535 672 751 625 944 448 990 238 275 679
738 354 1002 724 1106 371 840 519 646 1531 1293 175 1181 1412 275 805 702 555 312 447 1399 364 508 845 842 0 1390 1105 852 1069 1243 485 826 454 918 190 1411 112 479 702 717 469 276 666 446 351 686 1193 723 518 506 1276 977 839 113 708 740 730 727 733 958 1224 821 745 489 1106 736 652 732 909 525 659 1461 552 1062 853 636 777
674 1307 397 697 380 1079 777 995 840 160 150 1267 230 77 1322 595 733 1501 1175 1145 369 1167 1068 603 1043 1390 0 485 772 903 1133 1479 565 1123 611 1213 139 1503 964 730 672 1049 1326 792 1116 1162 791 354 675 1176 900 114 583 656 1364 692 694 748 725 675 686 1124 579 852 1261 310 1114 843 679 486 887 731 279 889 428 809 1236 613
390 924 281 394 126 893 324 617 759 547 515 948 451 451 960 360 406 1075 986 754 300 801 672 271 567 1105 485 0 316 422 668 1066 383 995 188 962 410 1212 628 407 479 674 1135 703 983 802 723 626 426 759 709 408 133 266 1046 435 371 376 378 400 799 656 352 418 1151 459 653 463 397 323 711 513 390 553 584 345 790 450
294 622 434 273 393 727 11 335 694 856 761 682 667 751 667 338 248 759 806 454 609 513 372 234 279 852 772 316 0 285 544 752 393 858 162 742 718 952 381 254 419 389 942 647 844 518 676 807 343 447 572 675 191 155 776 339 243 177 214 307 856 526 346 111 1012 639 343 209 299 400 585 414 707 322 719 41 474 433
577 777 653 557 543 999 293 558 980 944 935 894 863 861 841 609 533 829 1072 629 628 708 561 496 261 1069 903 422 285 0 266 846 661 1135 387 989 812 1157 632 539 701 602 1198 931 1121 718 960 1027 626 583 854 831 370 423 977 623 527 462 499 589 1126 251 614 351 1287 856 384 477 582 647 868 699 749 589 959 256 537 709
838 914 916 817 794 1229 550 764 1236 1150 1182 1069 1118 1082 987 875 789 891 1293 796 816 880 744 763 402 1243 1133 668 544 266 0 927 927 1371 654 1193 1027 1318 852 796 963 796 1407 1190 1357 895 1220 1287 887 727 1099 1073 634 688 1140 883 787 717 757 851 1393 19 880 588 1517 1116 508 716 843 914 1115 957 941 822 1224 509 635 974
818 203 1089 791 1121 742 742 487 955 1588 1426 390 1315 1475 247 901 751 69 733 337 1361 342 411 876 584 485 1479 1066 752 846 927 0 947 873 888 581 1453 497 543 756 872 437 753 948 861 356 979 1392 833 307 770 1370 935 828 377 817 789 731 755 821 1258 910 918 647 952 1258 461 636 815 1010 796 816 1456 607 1268 729 309 929
133 760 177 163 319 543 390 462 375 705 484 702 371 585 766 57 206 980 639 610 621 616 542 164 653 826 565 383 393 661 927 947 0 624 279 654 587 939 409 199 113 509 792 319 613 608 339 453 114 660 355 451 318 240 799 131 178 258 218 127 465 911 47 407 778 310 673 333 134 84 350 168 654 340 343 434 754 67
610 684 789 615 943 148 848 620 283 1280 996 483 894 1165 626 636 622 937 144 662 1245 591 669 728 986 454 1123 995 858 1135 1371 873 624 0 840 294 1183 538 523 617 517 607 234 331 14 572 332 847 569 753 290 1016 896 766 521 562 644 685 657 599 550 1352 645 786 157 813 923 658 603 703 284 482 1270 549 724 880 892 557
231 738 277 225 235 727 166 429 632 704 598 759 506 595 772 234 227 902 816 569 489 613 487 120 441 918 611 188 162 387 654 888 279 840 0 781 566 1025 440 229 343 486 962 579 827 613 604 653 276 581 550 513 59 80 857 279 197 188 195 243 741 638 235 244 997 483 503 274 237 260 556 361 571 366 575 202 627 335
580 399 831 570 948 184 731 432 455 1358 1110 191 998 1239 335 639 556 646 152 417 1247 335 451 693 792 190 1213 962 742 989 1193 581 654 294 781 0 1241 298 361 554 542 396 215 475 284 316 496 1003 557 505 318 1099 841 701 229 544 591 596 585 573 769 1174 654 645 378 922 704 533 573 738 336 486 1300 422 872 751 641 600
677 1292 410 695 332 1124 725 979 905 137 275 1275 320 64 1316 605 726 1469 1220 1126 235 1158 1046 586 977 1411 139 410 718 812 1027 1453 587 1183 566 1241 0 1523 961 724 700 1035 1373 853 1175 1154 857 476 688 1146 938 185 527 624 1374 703 686 727 711 680 790 1019 589 811 1328 393 1060 822 682 503 929 755 140 884 528 752 1192 645
849 408 1114 834 1216 472 940 617 750 1644 1405 269 1293 1525 331 917 811 566 403 529 1508 449 597 954 921 112 1503 1212 952 1157 1318 497 939 538 1025 298 1523 0 585 812 830 564 330 773 532 440 792 1302 835 590 616 1389 1084 946 180 820 850 836 836 844 1059 1299 933 843 546 1218 809 755 843 1021 635 772 1571 659 1171 951 695 889
289 351 567 267 641 378 370 101 465 1090 894 320 781 972 358 370 235 583 442 214 925 206 172 378 463 479 964 628 381 632 852 543 409 523 440 361 961 585 0 237 328 116 566 440 508 198 473 848 295 287 284 851 498 362 419 278 275 251 254 289 737 833 387 284 665 719 406 174 285 481 308 273 995 77 725 390 413 386
66 577 334 36 405 498 246 269 440 853 670 554 560 735 594 147 7 785 586 419 696 437 347 142 474 702 730 407 254 539 796 756 199 617 229 554 724 812 237 0 175 320 732 393 604 432 423 653 102 463 327 618 289 151 653 92 38 79 40 74 627 778 163 226 774 506 479 133 66 255 337 160 760 160 541 286 554 208
125 678 290 147 428 430 413 399 288 815 581 600 468 696 676 119 183 911 526 539 731 533 481 224 650 717 672 479 419 701 963 872 113 517 343 542 700 830 328 175 0 438 679 235 506 523 261 520 76 601 242 558 393 283 696 83 176 253 210 112 451 946 128 402 673 398 649 299 120 197 238 59 768 269 396 455 709 60
381 258 655 355 706 459 378 57 578 1167 989 295 878 1051 285 464 316 472 507 101 975 126 62 449 395 469 1049 674 389 602 796 437 509 607 486 396 1035 564 116 320 438 0 611 556 593 129 589 956 396 170 394 938 541 415 386 379 355 308 325 384 854 777 481 279 739 820 316 214 378 574 419 386 1056 170 835 386 300 493
744 593 967 741 1104 249 931 644 501 1479 1207 382 1101 1362 521 790 735 822 153 631 1407 548 667 863 1007 276 1326 1135 942 1198 1407 753 792 234 962 215 1373 330 566 732 679 611 0 540 234 530 549 1071 713 717 437 1215 1021 883 376 702 766 785 767 736 784 1388 803 850 216 1021 919 732 738 876 444 631 1447 619 944 955 851 730
356 745 468 374 633 306 639 537 55 948 667 603 563 834 718 348 400 1000 395 647 928 610 612 458 851 666 792 703 647 931 1190 948 319 331 579 475 853 773 440 393 235 556 540 0 323 594 33 535 307 726 179 684 627 517 683 309 404 472 433 343 310 1172 353 611 475 483 827 491 350 389 153 232 944 416 405 680 854 252
597 671 779 602 932 134 834 606 277 1272 990 471 887 1157 614 624 608 925 135 648 1234 578 655 715 972 446 1116 983 844 1121 1357 861 613 14 827 284 1175 532 508 604 506 593 234 323 0 558 326 843 557 739 277 1008 884 753 511 550 631 671 643 586 549 1337 634 772 170 806 908 644 591 693 272 470 1260 535 719 866 878 546
487 155 765 464 829 426 507 186 604 1285 1093 175 980 1168 161 568 429 405 451 102 1102 19 157 568 493 351 1162 802 518 718 895 356 608 572 613 316 1154 440 198 432 523 129 530 594 558 0 625 1043 493 188 418 1049 669 540 260 477 469 431 443 488 903 876 585 408 686 917 393 339 483 680 444 465 1180 272 916 513 325 582
384 775 480 403 648 321 669 570 49 949 663 630 562 836 746 372 430 1031 408 679 941 641 645 483 883 686 791 723 676 960 1220 979 339 332 604 496 857 792 473 423 261 589 549 33 326 625 0 522 335 759 208 685 651 544 707 337 433 502 463 371 281 1202 375 643 471 481 860 523 379 405 182 263 953 449 395 710 887 273
587 1198 376 616 500 841 807 913 570 508 204 1104 184 425 1192 507 659 1429 930 1058 665 1053 994 580 1084 1193 354 626 807 1027 1287 1392 453 847 653 1003 476 1302 848 653 520 956 1071 535 843 1043 522 0 562 1113 687 298 657 656 1194 578 629 706 668 581 345 1273 492 848 967 171 1119 786 588 413 667 577 611 786 131 849 1207 463
49 645 280 72 392 468 337 350 358 810 599 591 486 691 651 82 110 867 562 497 694 501 431 159 576 723 675 426 343 626 887 833 114 569 276 557 688 835 295 102 76 396 713 307 557 493 335 562 0 550 283 561 329 210 689 16 100 177 135 36 524 870 98 328 726 425 581 232 44 189 285 87 742 225 445 379 650 106
527 193 790 499 814 605 438 201 747 1282 1130 349 1021 1170 261 610 457 325 637 90 1056 169 119 574 333 518 1176 759 447 583 727 307 660 753 581 505 1146 590 287 463 601 170 717 726 739 188 759 1113 550 0 562 1068 628 522 412 534 492 428 456 533 1024 709 626 340 872 969 219 336 526 717 587 551 1149 332 995 428 139 653
321 567 530 325 669 187 563 385 187 1048 792 427 681 930 538 356 332 823 284 478 972 434 454 440 731 506 900 709 572 854 1099 770 355 290 550 318 938 616 284 327 242 394 437 179 277 418 208 687 283 562 0 787 607 475 510 274 354 397 367 310 489 1080 367 510 447 604 688 382 314 439 25 197 1010 283 556 598 695 293
561 1195 283 584 291 968 679 885 734 264 116 1153 135 151 1209 482 621 1394 1064 1035 370 1055 959 494 951 1276 114 408 675 831 1073 1370 451 1016 513 1099 185 1389 851 618 558 938 1215 684 1008 1049 685 298 561 1068 787 0 491 551 1250 577 582 639 614 561 605 1062 465 750 1156 210 1016 733 565 372 775 617 313 776 343 714 1133 499
286 790 283 282 202 785 198 484 681 665 584 818 500 560 827 279 286 946 875 621 434 668 538 170 460 977 583 133 191 370 634 935 318 896 59 841 527 1084 498 289 393 541 1021 627 884 669 651 657 329 628 607 491 0 139 915 334 256 247 255 297 772 619 277 287 1054 486 534 331 293 285 612 416 521 425 589 226 665 379
162 670 289 151 293 649 153 358 569 760 625 682 526 647 700 187 148 846 737 502 564 541 421 79 427 839 656 266 155 423 688 828 240 766 80 701 624 946 362 151 283 415 883 517 753 540 544 656 210 522 475 551 139 0 780 211 121 110 115 174 705 671 193 200 923 491 471 201 168 245 483 292 640 287 565 196 582 286
697 241 970 679 1058 412 764 440 671 1499 1277 99 1164 1380 162 771 652 446 377 348 1344 269 417 795 742 113 1364 1046 776 977 1140 377 799 521 857 229 1374 180 419 653 696 386 376 683 511 260 707 1194 689 412 510 1250 915 780 0 673 692 670 673 694 986 1121 787 666 580 1093 631 585 692 879 533 636 1414 496 1063 773 525 756
48 629 296 65 405 458 332 334 359 826 616 575 503 707 635 97 99 851 551 480 706 485 415 165 566 708 692 435 339 623 883 817 131 562 279 544 703 820 278 92 83 379 702 309 550 477 337 578 16 534 274 577 334 211 673 0 95 169 127 36 534 865 113 318 720 441 569 219 42 205 278 82 756 209 460 374 636 120
52 613 300 30 366 529 237 302 454 815 637 593 528 698 631 122 40 816 619 452 659 474 378 104 481 740 694 371 243 527 787 789 178 644 197 591 686 850 275 38 176 355 766 404 631 469 433 629 100 492 354 582 256 121 692 95 0 81 40 64 622 770 137 232 801 477 495 158 56 224 361 174 722 198 521 279 578 198
132 565 363 105 398 559 168 251 518 861 703 571 597 746 592 201 72 754 643 399 674 432 320 145 399 730 748 376 177 462 717 731 258 685 188 596 727 836 251 79 253 308 785 472 671 431 502 706 177 428 397 639 247 110 670 169 81 0 42 144 702 699 215 151 840 550 415 95 135 296 409 239 749 177 601 207 504 279
90 583 334 63 386 536 206 270 480 842 673 574 565 726 605 162 35 781 623 420 672 446 344 125 442 727 725 378 214 499 757 755 218 657 195 585 711 836 254 40 210 325 767 433 643 443 463 668 135 456 367 614 255 115 673 127 40 42 0 101 659 739 176 194 813 515 455 121 93 261 377 200 741 177 561 247 539 236
13 637 278 38 375 493 301 335 394 805 606 595 494 686 648 80 80 853 585 484 675 495 415 129 544 733 675 400 307 589 851 821 127 599 243 573 680 844 289 74 112 384 736 343 586 488 371 581 36 533 310 561 297 174 694 36 64 144 101 0 558 834 97 295 756 437 553 207 8 191 314 118 728 216 467 343 627 135
569 1055 519 596 692 587 852 827 315 845 538 911 470 750 1028 518 634 1308 660 949 938 918 907 629 1101 958 686 799 856 1126 1393 1258 465 550 741 769 790 1059 737 627 451 854 784 310 549 903 281 345 524 1024 489 605 772 705 986 534 622 702 659 558 0 1376 512 853 646 402 1098 749 566 487 464 484 913 699 262 896 1145 424
821 896 902 799 782 1210 533 745 1218 1143 1171 1050 1105 1074 969 858 771 875 1274 777 810 861 725 746 383 1224 1124 656 526 251 19 910 911 1352 638 1174 1019 1299 833 778 946 777 1388 1172 1337 876 1202 1273 870 709 1080 1062 619 671 1121 865 770 699 739 834 1376 0 864 569 1498 1102 489 697 826 898 1096 939 935 803 1209 492 617 957
99 735 182 127 301 555 343 431 408 712 508 689 397 593 745 17 169 949 650 581 605 592 510 117 607 821 579 352 346 614 880 918 47 645 235 654 589 933 387 163 128 481 803 353 634 585 375 492 98 626 367 465 277 193 787 113 137 215 176 97 512 864 0 362 801 342 630 294 102 94 365 171 647 313 386 386 715 101
284 511 488 256 480 648 100 226 654 948 826 574 725 839 556 350 219 658 721 343 716 402 261 270 248 745 852 418 111 351 588 647 407 786 244 645 811 843 284 226 402 279 850 611 772 408 643 848 328 340 510 750 287 200 666 318 232 151 194 295 853 569 362 0 936 687 272 128 287 435 527 381 809 237 748 107 383 430
767 777 940 772 1098 288 1002 759 423 1419 1128 567 1031 1307 711 792 778 1019 235 782 1398 705 800 885 1127 489 1261 1151 1012 1287 1517 952 778 157 997 378 1328 546 665 774 673 739 216 475 170 686 471 967 726 872 447 1156 1054 923 580 720 801 840 813 756 646 1498 801 936 0 950 1056 810 760 856 441 639 1420 698 849 1033 1011 711
441 1070 206 469 334 777 640 772 530 469 187 998 80 361 1073 358 511 1290 872 921 539 926 852 417 917 1106 310 459 639 856 1116 1258 310 813 483 922 393 1218 719 506 398 820 1021 483 806 917 481 171 425 969 604 210 486 491 1093 441 477 550 515 437 402 1102 342 687 950 0 959 636 443 254 589 458 511 650 143 681 1055 338
543 408 760 514 736 775 337 305 860 1198 1096 564 997 1095 479 616 472 449 823 292 932 377 256 542 123 736 1114 653 343 384 508 461 673 923 503 704 1060 809 406 479 649 316 919 827 908 393 860 1119 581 219 688 1016 534 471 631 569 495 415 455 553 1098 489 630 272 1056 959 0 349 544 707 710 614 1039 411 1016 308 153 687
199 470 454 170 492 522 198 157 531 956 794 488 686 841 499 279 127 661 598 304 763 339 225 240 360 652 843 463 209 477 716 636 333 658 274 533 822 755 174 133 299 214 732 491 644 339 523 786 232 336 382 733 331 201 585 219 158 95 121 207 749 697 294 128 810 636 349 0 199 382 399 267 841 113 675 224 421 339
6 632 281 30 375 496 293 329 401 808 611 593 500 689 644 85 72 847 588 478 674 490 408 126 535 732 679 397 299 582 843 815 134 603 237 573 682 843 285 66 120 378 738 350 591 483 379 588 44 526 314 565 293 168 692 42 56 135 93 8 566 826 102 287 760 443 544 199 0 196 319 124 729 211 475 335 620 144
193 829 93 219 243 626 399 523 445 622 415 781 304 503 839 111 259 1040 723 673 541 686 602 167 672 909 486 323 400 647 914 1010 84 703 260 738 503 1021 481 255 197 574 876 389 693 680 405 413 189 717 439 372 285 245 879 205 224 296 261 191 487 898 94 435 856 254 707 382 196 0 432 251 571 407 319 441 801 147
325 593 523 332 666 194 576 409 161 1037 777 451 666 919 564 354 342 849 291 504 969 460 478 443 751 525 887 711 585 868 1115 796 350 284 556 336 929 635 308 337 238 419 444 153 272 444 182 667 285 587 25 775 612 483 533 278 361 409 377 314 464 1096 365 527 441 589 710 399 319 432 0 198 1004 303 536 612 720 286
131 621 344 143 473 384 407 350 280 872 641 541 527 753 617 159 167 857 479 486 776 476 432 246 625 659 731 513 414 699 957 816 168 482 361 486 755 772 273 160 59 386 631 232 470 465 263 577 87 551 197 617 416 292 636 82 174 239 200 118 484 939 171 381 639 458 614 267 124 251 198 0 818 220 451 447 664 120
723 1309 481 736 355 1198 715 998 998 217 413 1315 445 202 1341 661 761 1466 1294 1140 125 1181 1058 618 944 1461 279 390 707 749 941 1456 654 1270 571 1300 140 1571 995 760 768 1056 1447 944 1260 1180 953 611 742 1149 1010 313 521 640 1414 756 722 749 741 728 913 935 647 809 1420 511 1039 841 729 571 1004 818 0 918 651 734 1179 718
215 421 492 191 563 410 312 130 448 1014 822 397 710 896 433 296 158 643 485 272 849 279 212 300 448 552 889 553 322 589 822 607 340 549 366 422 884 659 77 160 269 170 619 416 535 272 449 786 225 332 283 776 425 287 496 209 198 177 177 216 699 803 313 237 698 650 411 113 211 407 303 220 918 0 665 338 446 323
475 1072 309 505 464 711 718 793 443 588 284 973 207 489 1064 399 548 1307 801 936 683 928 875 486 990 1062 428 584 719 959 1224 1268 343 724 575 872 528 1171 725 541 396 835 944 405 719 916 395 131 445 995 556 343 589 565 1063 460 521 601 561 467 262 1209 386 748 849 143 1016 675 475 319 536 451 651 665 0 761 1095 342
330 608 476 308 429 747 43 334 726 890 801 681 708 786 658 378 279 733 823 442 633 507 362 275 238 853 809 345 41 256 509 729 434 880 202 751 752 951 390 286 455 386 955 680 866 513 710 849 379 428 598 714 226 196 773 374 279 207 247 343 896 492 386 107 1033 681 308 224 335 441 612 447 734 338 761 0 444 471
620 287 865 591 862 745 466 318 878 1330 1205 475 1101 1222 364 700 548 296 776 230 1076 306 241 645 275 636 1236 790 474 537 635 309 754 892 627 641 1192 695 413 554 709 300 851 854 878 325 887 1207 650 139 695 1133 665 582 525 636 578 504 539 627 1145 617 715 383 1011 1055 153 421 620 801 720 664 1179 446 1095 444 0 756
146 736 237 174 386 480 428 451 308 758 520 661 407 639 736 101 215 966 577 595 687 592 533 216 679 777 613 450 433 709 974 929 67 557 335 600 645 889 386 208 60 493 730 252 546 582 273 463 106 653 293 499 379 286 756 120 198 279 236 135 424 957 101 430 711 338 687 339 144 147 286 120 718 323 342 471 756 0
