0 544 378 829 225 168 713 778 266 597 299 20 280 798 553 312 547 453 748 632 798 543 10 651 123 728 350 430 739 233 225 847 235 813 786 415 361 864 128 761 809 316 107 165 503 210 179 632 314 23 602 591 409 757 600 122 831 476 674 609 436 584 248 299 244 698 861 415 686 686 318 62 810 103 719 315 581 80 205 347 439 526 825 466 503 94 457 796 85 114 193 577 847 730 212 797 281 508 70 855 501 103 245 539 45 216 771 14 812 802 498 614 549 626 284 217
544 0 922 1035 572 394 352 1322 646 708 574 551 810 1331 1034 591 704 114 909 1126 592 650 541 1194 420 1032 649 730 371 410 644 1391 601 268 747 890 454 383 461 1280 1056 349 623 530 940 755 723 757 753 524 1105 833 693 651 1068 474 293 285 1160 1150 639 1122 664 282 300 570 1368 482 807 1049 524 485 681 639 1156 858 431 621 644 497 182 464 665 451 252 486 138 1326 521 633 477 462 599 829 346 314 332 440 611 1230 936 531 604 98 587 421 819 533 674 369 199 1133 6 1119 640 415
378 922 0 898 467 540 1067 406 437 794 534 371 146 457 376 534 732 831 830 400 1075 761 381 284 502 690 498 522 1078 562 369 469 450 1191 988 323 664 1224 482 423 848 665 319 438 427 167 202 810 366 398 319 697 564 998 386 461 1206 815 409 236 606 216 369 663 623 987 537 704 813 595 562 437 1081 292 523 67 900 304 351 628 804 829 1106 769 850 450 827 460 419 299 511 863 1159 899 582 1160 642 796 311 710 428 419 431 911 336 558 961 388 1058 1153 866 330 927 357 434 562
829 1035 898 0 608 795 855 1043 563 329 546 848 951 920 588 529 333 927 1577 652 1545 385 839 947 846 1526 1178 1253 1388 1018 1041 1152 593 1209 1593 576 597 1414 756 1280 76 715 748 993 483 845 813 280 559 843 1216 237 420 1542 1280 932 1280 1179 1307 1058 1264 1063 1061 996 876 569 1398 557 1514 1456 1139 857 550 780 1418 895 644 800 1017 566 1081 582 594 584 1181 768 1063 903 753 903 682 1340 720 237 930 1347 757 1279 848 1597 479 731 1072 1107 811 710 293 840 1589 1403 842 747 1041 1254 1108 715
225 572 467 608 0 210 618 815 74 376 77 245 434 787 464 87 322 459 972 559 966 326 235 685 244 950 575 655 856 414 448 903 29 823 989 321 199 941 154 887 594 235 174 386 369 327 285 408 183 236 756 370 187 946 780 323 863 612 839 698 657 682 470 419 310 522 999 237 906 899 530 248 622 211 909 424 435 221 426 161 537 361 644 303 626 160 536 780 145 319 98 751 692 506 340 870 240 686 261 1061 365 123 470 605 218 151 551 234 997 899 447 579 578 787 509 157
168 394 540 795 210 0 546 932 281 515 252 182 449 936 649 269 478 293 823 738 759 455 169 802 69 847 444 533 648 228 355 1006 236 660 799 504 239 744 67 929 791 159 229 254 570 373 337 558 375 155 769 561 383 747 760 175 687 402 839 774 502 749 380 210 104 559 1029 295 744 821 365 128 676 249 874 479 430 235 342 245 330 386 685 330 416 92 334 932 126 278 116 547 694 653 135 674 115 484 238 996 566 137 350 409 204 88 680 162 795 696 330 739 400 792 393 85
713 352 1067 855 618 546 0 1433 676 541 576 728 993 1400 1053 585 569 330 1244 1152 939 503 714 1303 605 1338 935 1023 699 682 886 1520 642 381 1099 923 424 637 590 1472 898 402 748 773 934 907 867 583 787 701 1315 714 643 1003 1304 699 466 631 1385 1303 951 1283 909 562 504 296 1574 408 1145 1335 820 672 376 778 1412 1013 224 770 877 470 518 304 347 341 602 625 475 1392 651 824 556 812 255 621 583 583 432 785 782 1515 929 649 864 450 744 509 584 708 1025 666 227 1189 354 1338 905 506
778 1322 406 1043 815 932 1433 0 762 1060 864 774 541 165 461 859 998 1226 1132 391 1460 1045 783 130 902 929 871 871 1481 967 762 108 791 1591 1343 538 1012 1630 870 350 974 1039 703 842 586 569 599 1059 657 800 443 911 844 1370 560 867 1610 1219 501 226 974 263 757 1069 1022 1302 442 1041 1143 812 955 839 1377 683 655 473 1243 701 747 969 1210 1164 1409 1109 1255 840 1232 183 807 705 883 1255 1484 1129 987 1566 1024 1190 714 846 590 801 823 1316 735 935 1201 790 1430 1558 1248 297 1328 475 817 940
266 646 437 563 74 281 676 762 0 368 102 285 428 725 392 98 308 533 1013 488 1033 327 277 633 309 973 614 690 929 475 479 854 46 895 1046 252 252 1015 221 860 542 306 187 432 294 318 278 393 113 282 741 327 150 1008 776 377 937 682 827 661 702 649 500 490 383 552 974 279 952 914 582 302 644 222 909 403 481 239 456 207 610 403 669 347 698 221 610 716 197 343 172 816 729 489 408 945 313 750 286 1070 290 175 509 679 247 225 541 278 1060 973 516 514 652 774 545 231
597 708 794 329 376 515 541 1060 368 0 298 618 796 980 613 288 63 602 1333 705 1237 61 606 941 577 1325 942 1025 1066 743 822 1163 375 882 1309 523 288 1085 494 1214 361 405 547 748 483 686 646 49 430 604 1106 184 230 1247 1144 676 952 871 1193 1004 1013 997 845 697 578 282 1330 239 1259 1275 878 606 323 584 1277 768 321 596 801 270 766 254 360 256 869 516 744 967 512 695 416 1042 462 138 644 1019 452 985 637 1435 477 493 839 782 594 426 175 604 1290 1076 513 773 713 1140 879 430
299 574 534 546 77 252 576 864 102 298 0 320 509 824 482 17 247 460 1043 580 1010 248 309 735 300 1026 648 729 883 472 524 957 84 813 1047 347 152 952 210 956 538 226 252 456 373 402 360 332 211 309 830 309 131 999 856 389 861 649 913 761 726 747 546 459 343 453 1069 176 974 977 596 315 549 289 986 494 378 299 502 105 564 300 573 244 659 225 557 815 216 397 136 800 628 430 387 882 246 736 339 1139 368 196 543 619 295 173 473 307 1047 918 427 613 581 861 583 179
20 551 371 848 245 182 728 774 285 618 320 0 267 798 561 332 567 462 729 638 787 564 13 647 132 708 330 410 735 224 204 840 255 820 771 425 381 864 146 747 827 333 118 148 515 204 176 653 328 27 587 611 429 744 582 112 835 471 658 600 417 574 227 299 252 718 846 436 667 665 302 65 830 108 700 307 600 83 184 367 440 545 844 486 500 113 459 796 105 97 213 566 866 751 213 797 296 497 60 835 513 124 225 542 50 235 792 19 799 800 511 617 556 610 263 236
280 810 146 951 434 449 993 541 428 796 509 267 0 603 489 514 737 728 700 530 929 753 280 426 398 587 352 382 939 429 223 592 426 1078 843 401 616 1093 402 480 910 592 261 302 510 110 150 820 393 295 326 731 573 852 347 338 1087 678 406 343 460 313 222 540 517 952 581 664 675 506 416 330 1056 225 480 87 848 226 206 589 678 784 1076 724 715 368 705 607 344 177 450 718 1113 914 464 1030 560 651 211 648 510 351 285 789 248 487 969 287 911 1018 779 470 815 355 287 490
798 1331 457 920 787 936 1400 165 725 980 824 798 603 0 367 816 920 1227 1248 278 1533 974 804 191 917 1061 951 965 1527 1009 827 260 761 1595 1437 479 976 1662 870 512 848 1021 708 890 497 601 621 972 613 821 582 816 779 1454 696 902 1623 1262 649 351 1058 385 826 1097 1033 1239 607 997 1248 947 1019 861 1302 696 803 522 1197 717 808 930 1238 1115 1338 1065 1294 844 1255 19 809 745 868 1320 1424 1032 1010 1595 1015 1253 741 997 502 799 889 1336 753 923 1106 811 1513 1597 1233 212 1336 617 890 928
553 1034 376 588 464 649 1053 461 392 613 482 561 489 367 0 471 553 923 1189 98 1347 607 562 359 651 1066 820 866 1287 785 674 569 435 1287 1306 144 633 1393 582 700 523 698 447 692 129 420 415 605 280 577 666 452 417 1295 753 673 1326 1027 755 478 927 489 684 842 753 874 817 646 1158 971 844 612 935 453 888 407 842 479 650 585 975 759 971 713 1051 565 983 354 531 550 557 1127 1059 669 753 1324 703 1058 519 1080 135 515 729 1058 510 612 743 568 1352 1342 907 164 1040 706 747 618
312 591 534 529 87 269 585 859 98 288 17 332 514 816 471 0 235 476 1057 569 1028 240 321 730 316 1037 661 742 900 488 535 952 88 827 1064 338 162 969 226 957 522 241 259 470 360 406 365 320 203 322 833 293 114 1016 862 404 876 667 918 760 740 747 558 477 360 454 1070 182 989 986 611 330 547 296 993 497 384 307 514 114 582 305 572 250 676 240 574 806 229 407 153 817 630 418 404 899 263 753 349 1147 355 208 556 636 306 190 463 320 1064 935 441 604 597 865 596 196
547 704 732 333 322 478 569 998 308 63 247 567 737 920 553 235 0 595 1289 646 1215 66 556 878 536 1273 894 977 1054 705 771 1100 319 894 1276 460 264 1085 450 1150 352 383 491 702 423 626 587 85 366 556 1045 145 167 1218 1084 632 960 849 1132 940 970 933 793 669 549 330 1267 223 1217 1219 837 560 382 527 1217 706 345 541 749 237 748 269 418 257 849 470 729 907 463 642 372 1014 514 183 610 1017 426 955 583 1378 418 443 790 773 541 389 232 555 1263 1071 515 712 710 1079 830 394
453 114 831 927 459 293 330 1226 533 602 460 462 728 1227 923 476 595 0 914 1016 661 543 451 1096 330 1011 612 698 464 361 583 1299 488 368 788 779 340 496 357 1205 946 234 523 467 827 663 629 651 642 435 1035 721 578 702 1008 401 404 316 1096 1063 621 1037 604 235 210 494 1298 371 817 1014 493 398 611 542 1105 768 348 527 578 383 199 367 601 347 296 386 161 1222 420 551 366 501 554 727 275 427 219 464 522 1195 823 427 551 180 494 310 724 444 733 476 119 1027 121 1053 590 304
748 909 830 1577 972 823 1244 1132 1013 1333 1043 729 700 1248 1189 1057 1289 914 0 1229 531 1275 738 1057 758 252 398 329 733 602 539 1127 984 1092 302 1088 1062 932 839 859 1553 966 831 587 1194 775 793 1373 1036 736 697 1340 1158 398 584 657 1044 625 672 906 320 870 521 693 790 1363 868 1118 105 359 458 728 1484 802 549 785 1220 780 563 1066 729 1197 1485 1147 664 819 773 1258 828 679 917 474 1462 1470 709 904 914 473 731 472 1194 849 504 822 766 910 1502 738 440 833 1027 1160 909 675 469 908
632 1126 400 652 559 738 1152 391 488 705 580 638 530 278 98 569 646 1016 1229 0 1419 703 640 308 736 1088 874 912 1370 862 731 500 530 1382 1365 237 731 1482 671 666 582 794 527 761 224 478 480 695 376 655 660 538 515 1360 756 750 1420 1108 745 451 982 469 739 926 842 970 781 744 1206 987 909 693 1028 529 886 444 940 554 708 683 1062 857 1065 811 1133 652 1071 263 617 615 650 1199 1155 754 837 1413 797 1130 592 1082 229 602 789 1148 588 706 828 646 1418 1428 1004 103 1132 699 803 712
798 592 1075 1545 966 759 939 1460 1033 1237 1010 787 929 1533 1347 1028 1215 661 531 1419 0 1176 788 1353 724 761 589 605 261 565 706 1489 990 664 241 1213 951 437 812 1272 1547 833 905 657 1300 946 939 1285 1107 775 1088 1316 1142 133 997 676 592 366 1098 1240 491 1204 707 551 670 1155 1315 998 438 842 514 743 1270 895 1016 1011 1010 869 725 979 473 1024 1256 993 370 813 502 1536 841 804 876 220 1190 1371 626 433 788 289 828 990 1298 862 644 494 838 838 1377 783 107 344 777 1383 588 1081 644 833
543 650 761 385 326 455 503 1045 327 61 248 564 753 974 607 240 66 543 1275 703 1176 0 552 923 518 1272 885 970 1006 683 768 1146 328 832 1248 506 226 1030 436 1182 410 343 499 691 478 644 603 109 401 549 1068 211 203 1186 1101 618 900 810 1154 976 955 967 791 636 517 268 1298 177 1199 1225 819 549 331 537 1233 730 279 547 748 210 705 205 364 199 807 460 684 961 458 645 358 980 453 198 583 962 390 923 587 1387 473 439 783 723 543 366 228 550 1228 1018 458 764 656 1101 824 370
10 541 381 839 235 169 714 783 277 606 309 13 280 804 562 321 556 451 738 640 788 552 0 655 120 720 340 420 731 223 216 850 246 810 776 424 368 857 132 760 819 319 116 155 513 214 184 641 324 17 600 601 419 747 596 112 826 467 671 611 425 585 240 292 242 704 860 422 675 678 307 56 817 111 714 317 586 87 197 354 433 531 831 472 495 99 451 802 93 110 200 567 852 739 206 790 283 498 70 848 511 112 235 534 52 221 779 7 802 795 498 622 546 623 274 222
651 1194 284 947 685 802 1303 130 633 941 735 647 426 191 359 730 878 1096 1057 308 1353 923 655 0 773 872 767 776 1362 846 649 223 661 1462 1249 417 882 1507 740 363 882 908 573 723 476 443 471 942 530 672 398 799 720 1269 510 743 1482 1099 472 167 873 198 646 944 894 1177 474 912 1058 760 842 712 1254 554 624 351 1114 572 632 840 1085 1036 1286 980 1134 710 1106 201 677 582 752 1144 1358 1016 860 1442 894 1078 588 821 480 671 711 1189 606 804 1087 663 1329 1437 1117 205 1199 435 709 809
123 420 502 846 244 69 605 902 309 577 300 132 398 917 651 316 536 330 758 736 724 518 120 773 0 778 375 464 635 171 288 971 267 689 747 509 306 748 90 877 837 227 211 185 584 334 302 618 388 104 712 610 428 701 698 106 708 378 779 732 437 706 312 190 121 628 974 363 681 752 301 68 746 221 809 438 498 201 275 308 325 456 754 399 399 89 338 914 121 223 165 507 762 714 102 680 181 441 191 928 581 140 281 419 167 153 744 113 752 692 384 728 426 733 324 150
728 1032 690 1526 950 847 1338 929 973 1325 1026 708 587 1061 1066 1037 1273 1011 252 1088 761 1272 720 872 778 0 407 317 931 658 504 910 954 1251 547 989 1080 1128 843 627 1491 1004 785 593 1097 685 714 1358 968 723 485 1297 1123 632 368 671 1216 767 442 710 393 676 480 775 845 1407 623 1136 325 119 518 730 1524 750 305 661 1273 734 524 1073 850 1234 1533 1178 810 815 894 1073 814 631 918 656 1531 1456 762 1091 955 631 689 228 1097 832 497 959 731 926 1499 723 680 1031 1112 1006 1034 456 454 925
350 649 498 1178 575 444 935 871 614 942 648 330 352 951 820 661 894 612 398 874 589 885 340 767 375 407 0 89 650 253 147 901 586 892 491 705 681 830 449 701 1154 598 433 193 808 399 408 979 640 339 515 941 760 502 445 269 873 420 545 651 108 615 135 376 438 1001 764 738 344 402 126 335 1120 405 512 438 866 382 171 679 474 830 1127 775 463 425 515 956 431 284 526 393 1123 1077 355 777 549 335 333 583 807 452 105 589 367 527 1113 340 561 741 708 821 652 516 73 525
430 730 522 1253 655 533 1023 871 690 1025 729 410 382 965 866 742 977 698 329 912 605 970 420 776 464 317 89 0 699 341 212 890 664 966 472 760 769 886 535 667 1226 688 505 280 866 448 464 1062 707 421 482 1017 837 503 397 357 943 486 499 646 118 609 193 462 527 1091 718 825 293 318 206 421 1209 475 445 469 956 453 236 765 551 919 1216 863 531 509 594 972 513 351 612 429 1213 1160 444 837 638 381 405 499 865 533 186 665 442 615 1198 422 562 794 796 851 732 477 146 613
739 371 1078 1388 856 648 699 1481 929 1066 883 735 939 1527 1287 900 1054 464 733 1370 261 1006 731 1362 635 931 650 699 0 518 724 1528 884 402 480 1145 792 198 712 1351 1401 675 842 639 1217 925 907 1115 1022 715 1164 1172 1012 368 1093 626 332 264 1194 1276 581 1243 733 445 546 941 1414 830 630 988 538 677 1050 843 1142 1011 802 818 736 828 319 831 1031 811 236 723 327 1527 757 782 759 276 954 1192 533 176 640 317 788 1155 1214 774 664 284 784 711 1188 725 364 100 569 1353 366 1166 681 705
233 410 562 1018 414 228 682 967 475 743 472 224 429 1009 785 488 705 361 602 862 565 683 223 846 171 658 253 341 518 0 235 1021 435 669 575 648 463 663 262 879 1008 364 340 128 735 407 390 786 542 210 699 781 600 533 657 112 666 253 750 772 284 740 254 129 190 763 961 519 518 654 145 178 883 333 747 495 623 307 239 473 253 595 887 545 287 254 286 1009 279 264 336 345 875 881 108 600 312 277 271 835 732 300 193 369 275 317 907 218 585 591 455 837 414 711 230 313
225 644 369 1041 448 355 886 762 479 822 524 204 223 827 674 535 771 583 539 731 706 768 216 649 288 504 147 212 724 235 0 804 455 904 633 558 580 887 342 644 1014 514 293 115 661 253 261 856 496 220 463 806 627 632 425 187 901 469 515 552 252 518 24 362 382 912 725 635 491 466 193 230 1027 263 526 305 786 241 24 570 488 739 1039 681 509 312 522 830 310 139 415 494 1050 954 308 827 469 429 193 640 660 328 62 604 231 427 996 219 691 807 660 683 648 475 74 427
847 1391 469 1152 903 1006 1520 108 854 1163 957 840 592 260 569 952 1100 1299 1127 500 1489 1146 850 223 971 910 901 890 1528 1021 804 0 881 1660 1356 639 1102 1685 947 296 1083 1122 780 894 692 636 669 1163 753 867 429 1017 943 1393 544 927 1675 1270 469 251 999 286 796 1130 1092 1400 367 1133 1148 791 994 906 1477 757 620 534 1335 772 792 1060 1269 1257 1509 1201 1308 915 1294 280 883 764 965 1291 1581 1235 1050 1622 1104 1229 780 802 696 880 864 1378 805 1016 1306 858 1452 1609 1328 405 1396 454 853 1021
235 601 450 593 29 236 642 791 46 375 84 255 426 761 435 88 319 488 984 530 990 328 246 661 267 954 586 664 884 435 455 881 0 851 1008 293 221 969 177 872 576 264 172 399 340 318 276 405 154 249 746 356 173 968 773 340 892 637 829 680 671 665 477 445 338 536 985 255 920 900 547 265 634 208 904 410 455 221 432 180 564 380 657 322 652 180 564 753 160 323 126 774 709 502 364 899 269 708 264 1060 336 137 481 633 223 180 550 246 1019 927 475 552 607 777 518 186
813 268 1191 1209 823 660 381 1591 895 882 813 820 1078 1595 1287 827 894 368 1092 1382 664 832 810 1462 689 1251 892 966 402 669 904 1660 851 0 873 1144 674 274 725 1545 1242 589 890 793 1186 1024 992 929 1006 793 1367 1035 918 763 1324 741 89 483 1418 1419 863 1391 923 543 568 672 1630 687 987 1282 765 754 757 907 1404 1127 566 890 906 722 419 628 727 638 440 752 382 1590 787 901 732 618 622 982 613 239 584 624 880 1460 1181 795 860 302 856 676 955 802 766 333 389 1394 263 1380 892 670
786 747 988 1593 989 799 1099 1343 1046 1309 1047 771 843 1437 1306 1064 1276 788 302 1365 241 1248 776 1249 747 547 491 472 480 575 633 1356 1008 873 0 1184 1022 671 838 1112 1584 909 888 625 1282 887 891 1354 1099 767 935 1357 1175 113 833 670 810 472 929 1117 383 1080 626 614 731 1276 1139 1075 225 642 469 744 1395 869 827 930 1129 843 656 1040 589 1126 1388 1085 497 828 628 1443 849 758 911 287 1340 1447 666 657 860 329 796 772 1280 871 577 650 818 887 1465 773 140 574 908 1313 745 921 561 882
415 890 323 576 321 504 923 538 252 523 347 425 401 479 144 338 460 779 1088 237 1213 506 424 417 509 989 705 760 1145 648 558 639 293 1144 1184 0 500 1249 438 711 524 557 308 562 108 312 297 526 139 438 640 391 305 1166 709 537 1183 886 731 492 809 492 571 699 609 765 830 518 1048 904 716 473 838 318 847 331 718 345 534 452 832 636 871 586 908 421 838 469 387 426 413 992 949 604 611 1179 560 923 389 1032 108 371 608 913 374 469 673 430 1222 1199 768 267 896 679 632 474
361 454 664 597 199 239 424 1012 252 288 152 381 616 976 633 162 264 340 1062 731 951 226 368 882 306 1080 681 769 792 463 580 1102 221 674 1022 500 0 837 238 1082 609 118 355 488 520 516 474 335 363 361 943 382 244 959 955 411 729 585 1022 897 741 880 604 409 290 337 1192 56 982 1045 603 350 448 391 1079 617 236 392 563 48 483 167 463 107 584 268 465 967 280 474 169 753 497 425 360 767 163 697 420 1217 515 268 584 514 376 154 445 364 1002 814 285 765 460 971 626 155
864 383 1224 1414 941 744 637 1630 1015 1085 952 864 1093 1662 1393 969 1085 496 932 1482 437 1030 857 1507 748 1128 830 886 198 663 887 1685 969 274 671 1249 837 0 811 1525 1438 729 960 791 1310 1064 1040 1134 1117 841 1340 1217 1074 557 1275 763 185 418 1375 1435 770 1403 899 565 640 913 1594 864 829 1183 711 801 1009 967 1331 1157 789 945 896 880 424 835 983 830 378 830 411 1660 865 925 843 472 887 1200 651 70 706 507 921 1351 1306 879 831 336 909 790 1183 850 545 99 572 1476 377 1345 853 784
128 461 482 756 154 67 590 870 221 494 210 146 402 870 582 226 450 357 839 671 812 436 132 740 90 843 449 535 712 262 342 947 177 725 838 438 238 811 0 881 746 190 167 255 505 318 280 533 310 123 727 519 337 792 728 182 754 461 801 718 519 695 366 269 171 572 984 293 766 807 387 114 686 190 847 424 453 180 325 230 395 399 699 340 478 34 400 865 63 242 78 597 719 630 186 742 159 531 193 979 502 70 348 476 154 88 664 127 843 761 383 672 466 752 390 89
761 1280 423 1280 887 929 1472 350 860 1214 956 747 480 512 700 957 1150 1205 859 666 1272 1182 760 363 877 627 701 667 1351 879 644 296 872 1545 1112 711 1082 1525 881 0 1220 1070 729 752 797 567 609 1226 784 775 186 1101 983 1163 279 806 1545 1108 186 222 785 219 628 1002 994 1409 118 1125 894 508 814 809 1504 696 328 465 1318 702 640 1049 1132 1249 1529 1189 1150 847 1165 529 821 654 923 1092 1579 1311 935 1468 1040 1037 691 506 800 825 696 1248 727 964 1376 767 1221 1440 1259 564 1285 191 672 967
809 1056 848 76 594 791 898 974 542 361 538 827 910 848 523 522 352 946 1553 582 1547 410 819 882 837 1491 1154 1226 1401 1008 1014 1083 576 1242 1584 524 609 1438 746 1220 0 725 721 974 425 806 777 315 523 825 1164 230 408 1538 1233 917 1311 1183 1254 998 1245 1004 1034 996 877 620 1338 574 1494 1417 1123 842 612 751 1370 850 681 773 990 573 1089 614 655 608 1188 755 1074 830 737 875 675 1338 779 292 926 1370 764 1275 822 1553 423 714 1049 1123 787 708 356 820 1586 1421 867 679 1062 1203 1084 714
316 349 665 715 235 159 402 1039 306 405 226 333 592 1021 698 241 383 234 966 794 833 343 319 908 227 1004 598 688 675 364 514 1122 264 589 909 557 118 729 190 1070 725 0 346 411 596 504 464 452 418 308 917 496 344 843 915 333 635 467 991 901 647 880 539 295 180 403 1174 166 881 980 508 286 522 375 1032 610 271 368 501 153 365 232 528 181 466 224 348 1014 249 430 156 637 535 540 256 660 51 582 383 1155 592 246 508 401 343 106 555 314 885 701 211 815 355 942 551 103
107 623 319 748 174 229 748 703 187 547 252 118 261 708 447 259 491 523 831 527 905 499 116 573 211 785 433 505 842 340 293 780 172 890 888 308 355 960 167 729 721 346 0 263 397 161 120 576 211 130 587 513 337 863 606 229 915 580 668 555 528 534 313 398 325 690 836 402 776 728 418 165 794 37 735 265 589 52 269 327 536 523 814 463 605 137 549 704 103 155 194 684 853 673 310 891 324 615 100 888 394 100 329 629 69 239 722 121 918 902 548 516 629 616 362 243
165 530 438 993 386 254 773 842 432 748 456 148 302 890 692 470 702 467 587 761 657 691 155 723 185 593 193 280 639 128 115 894 399 793 625 562 488 791 255 752 974 411 263 0 658 291 281 786 475 150 574 755 573 603 540 78 793 377 630 644 271 612 137 249 268 813 837 545 521 569 155 142 931 245 640 371 682 219 113 485 381 641 940 584 413 232 412 891 241 147 333 437 944 884 192 728 364 368 173 747 656 262 96 495 194 334 920 153 660 716 546 728 534 589 139 333
503 940 427 483 369 570 934 586 294 483 373 515 510 497 129 360 423 827 1194 224 1300 478 513 476 584 1097 808 866 1217 735 661 692 340 1186 1282 108 520 1310 505 797 425 596 397 658 0 419 401 476 196 525 739 325 293 1260 813 625 1231 963 829 575 911 580 676 773 674 746 915 527 1153 1012 813 557 805 413 950 438 719 439 637 471 900 636 841 593 983 495 903 484 463 526 466 1080 931 543 687 1240 608 1011 485 1137 5 444 710 974 466 520 615 518 1315 1266 801 292 947 778 735 526
210 755 167 845 327 373 907 569 318 686 402 204 110 601 420 406 626 663 775 478 946 644 214 443 334 685 399 448 925 407 253 636 318 1024 887 312 516 1064 318 567 806 504 161 291 419 0 42 710 285 231 428 622 462 882 457 301 1040 661 511 400 506 377 263 500 455 849 675 562 739 611 433 270 950 129 591 106 751 138 230 486 641 684 972 624 693 285 663 601 256 144 355 728 1014 804 417 998 478 659 145 757 419 258 310 746 169 398 859 221 940 996 701 437 760 459 327 401
179 723 202 813 285 337 867 599 278 646 360 176 150 621 415 365 587 629 793 480 939 603 184 471 302 714 408 464 907 390 261 669 276 992 891 297 474 1040 280 609 777 464 120 281 401 42 0 671 254 201 470 587 424 880 497 280 1011 642 553 438 513 415 274 475 423 807 717 520 751 644 429 241 908 89 630 145 709 102 237 444 616 642 930 582 673 247 636 620 217 135 314 719 972 766 390 974 439 650 119 794 401 218 313 718 135 357 820 192 938 975 663 447 728 501 335 361
632 757 810 280 408 558 583 1059 393 49 332 653 820 972 605 320 85 651 1373 695 1285 109 641 942 618 1358 979 1062 1115 786 856 1163 405 929 1354 526 335 1134 533 1226 315 452 576 786 476 710 671 0 444 641 1125 161 248 1293 1167 716 999 919 1213 1013 1053 1008 879 744 624 315 1344 287 1300 1305 919 644 340 613 1301 787 366 626 835 314 815 301 380 305 917 554 793 958 548 727 455 1088 489 98 688 1068 498 1031 669 1463 471 528 875 832 627 469 150 640 1337 1126 562 768 762 1160 915 473
314 753 366 559 183 375 787 657 113 430 211 328 393 613 280 203 366 642 1036 376 1107 401 324 530 388 968 640 707 1022 542 496 753 154 1006 1099 139 363 1117 310 784 523 418 211 475 196 285 254 444 0 335 682 338 199 1071 732 434 1046 767 771 575 738 567 514 577 479 647 900 385 985 897 630 364 729 235 868 347 587 259 472 317 705 507 759 454 787 299 709 604 267 357 276 887 827 533 491 1048 422 819 308 1041 192 248 537 781 281 332 594 328 1125 1071 628 402 759 718 568 338
23 524 398 843 236 155 701 800 282 604 309 27 295 821 577 322 556 435 736 655 775 549 17 672 104 723 339 421 715 210 220 867 249 793 767 438 361 841 123 775 825 308 130 150 525 231 201 641 335 0 614 605 423 736 607 99 809 452 684 628 421 602 244 276 225 696 874 416 671 684 299 39 809 127 724 334 576 104 202 349 416 523 823 464 479 92 434 819 92 123 194 554 842 739 189 773 270 486 87 856 523 113 234 517 69 212 778 9 790 779 484 638 529 637 275 212
602 1105 319 1216 756 769 1315 443 741 1106 830 587 326 582 666 833 1045 1035 697 660 1088 1068 600 398 712 485 515 482 1164 699 463 429 746 1367 935 640 943 1340 727 186 1164 917 587 574 739 428 470 1125 682 614 0 1016 877 981 116 633 1364 923 90 231 599 201 446 824 826 1277 263 990 721 368 629 644 1379 552 228 338 1175 553 461 915 952 1111 1401 1050 965 693 986 595 670 490 777 906 1440 1215 761 1284 883 850 534 425 741 678 512 1068 574 814 1276 607 1040 1254 1097 564 1109 39 487 816
591 833 697 237 370 561 714 911 327 184 309 611 731 816 452 293 145 721 1340 538 1316 211 601 799 610 1297 941 1017 1172 781 806 1017 356 1035 1357 391 382 1217 519 1101 230 496 513 755 325 622 587 161 338 605 1016 0 182 1308 1070 694 1098 952 1106 883 1027 882 827 765 646 467 1220 352 1276 1231 901 619 501 547 1207 684 490 565 783 344 859 414 540 396 958 531 845 801 515 669 446 1108 647 217 696 1148 533 1045 613 1379 320 493 836 896 575 478 290 602 1356 1196 651 616 840 1053 872 483
409 693 564 420 187 383 643 844 150 230 131 429 573 779 417 114 167 578 1158 515 1142 203 419 720 428 1123 760 837 1012 600 627 943 173 918 1175 305 244 1074 337 983 408 344 337 573 293 462 424 248 199 423 877 182 0 1129 919 511 972 781 965 775 844 767 648 591 474 460 1100 238 1094 1064 718 436 534 372 1054 539 426 389 604 197 694 343 565 301 790 348 685 768 332 492 267 931 644 341 518 1004 372 867 435 1218 287 310 654 744 395 305 398 420 1178 1044 529 568 699 912 692 310
757 651 998 1542 946 747 1003 1370 1008 1247 999 744 852 1454 1295 1016 1218 702 398 1360 133 1186 747 1269 701 632 502 503 368 533 632 1393 968 763 113 1166 959 557 792 1163 1538 843 863 603 1260 882 880 1293 1071 736 981 1308 1129 0 886 636 698 387 985 1147 396 1111 629 549 669 1194 1200 1010 307 716 451 709 1312 848 895 937 1047 821 654 981 504 1051 1303 1014 406 787 540 1458 812 745 862 206 1249 1384 612 544 795 263 777 860 1257 834 572 553 794 832 1397 743 59 460 821 1316 649 972 564 827
600 1068 386 1280 780 760 1304 560 776 1144 856 582 347 696 753 862 1084 1008 584 756 997 1101 596 510 698 368 445 397 1093 657 425 544 773 1324 833 709 955 1275 728 279 1233 915 606 540 813 457 497 1167 732 607 116 1070 919 886 0 608 1313 863 101 345 516 312 404 785 804 1293 321 1006 614 251 567 632 1400 569 137 386 1181 564 429 932 904 1122 1418 1062 907 693 942 709 676 485 786 827 1447 1260 733 1222 876 776 536 327 815 687 464 1021 579 816 1316 601 943 1186 1080 665 1071 91 432 817
122 474 461 932 323 175 699 867 377 676 389 112 338 902 673 404 632 401 657 750 676 618 112 743 106 671 269 357 626 112 187 927 340 741 670 537 411 763 182 806 917 333 229 78 625 301 280 716 434 99 633 694 511 636 608 0 749 362 694 681 337 651 211 202 196 735 896 468 585 647 207 75 852 221 713 395 603 195 179 410 342 562 861 506 393 163 367 901 180 163 260 455 866 813 128 698 285 386 161 825 622 202 175 451 162 257 846 107 691 695 473 726 479 651 218 255
831 293 1206 1280 863 687 466 1610 937 952 861 835 1087 1623 1326 876 960 404 1044 1420 592 900 826 1482 708 1216 873 943 332 666 901 1675 892 89 810 1183 729 185 754 1545 1311 635 915 793 1231 1040 1011 999 1046 809 1364 1098 972 698 1313 749 0 456 1410 1430 834 1400 917 546 589 753 1624 747 939 1254 748 770 842 929 1386 1141 641 910 905 775 412 697 813 703 411 778 381 1619 814 911 769 570 710 1057 624 159 623 584 895 1430 1226 824 852 297 875 714 1033 819 697 253 447 1427 287 1374 881 708
476 285 815 1179 612 402 631 1219 682 871 649 471 678 1262 1027 667 849 316 625 1108 366 810 467 1099 378 767 420 486 264 253 469 1270 637 483 472 886 585 418 461 1108 1183 467 580 377 963 661 642 919 767 452 923 952 781 387 863 362 456 0 962 1019 379 986 481 192 306 807 1180 632 522 799 296 414 925 579 930 748 660 554 478 613 117 665 916 630 44 468 157 1262 500 518 517 184 869 1006 276 360 422 155 523 977 960 519 413 196 520 476 1014 461 423 339 436 1088 285 930 436 471
674 1160 409 1307 839 839 1385 501 827 1193 913 658 406 649 755 918 1132 1096 672 745 1098 1154 671 472 779 442 545 499 1194 750 515 469 829 1418 929 731 1022 1375 801 186 1254 991 668 630 829 511 553 1213 771 684 90 1106 965 985 101 694 1410 962 0 305 618 279 496 878 889 1358 219 1070 709 323 666 712 1462 632 154 425 1252 630 517 995 1000 1190 1482 1129 1005 766 1036 663 746 561 855 928 1518 1304 821 1322 954 877 608 348 832 755 559 1117 649 888 1363 677 1042 1287 1163 648 1163 53 528 890
609 1150 236 1058 698 774 1303 226 661 1004 761 600 343 351 478 760 940 1063 906 451 1240 976 611 167 732 710 651 646 1276 772 552 251 680 1419 1117 492 897 1435 718 222 998 901 555 644 575 400 438 1013 575 628 231 883 775 1147 345 681 1430 1019 305 0 751 37 544 883 853 1214 340 935 916 596 742 665 1303 527 456 294 1133 539 540 859 1022 1060 1330 1001 1057 685 1048 364 655 518 747 1040 1389 1095 806 1373 877 977 540 653 578 655 612 1132 570 794 1162 619 1207 1358 1101 350 1155 267 602 798
436 639 606 1264 657 502 951 974 702 1013 726 417 460 1058 927 740 970 621 320 982 491 955 425 873 437 393 108 118 581 284 252 999 671 863 383 809 741 770 519 785 1245 647 528 271 911 506 513 1053 738 421 599 1027 844 396 516 337 834 379 618 751 0 715 243 389 474 1048 837 798 249 419 139 410 1168 503 561 547 907 478 276 745 457 879 1171 828 424 500 501 1064 512 384 597 310 1156 1150 392 723 596 263 430 597 910 534 201 567 459 590 1182 424 456 677 727 930 641 595 179 587
584 1122 216 1063 682 749 1283 263 649 997 747 574 313 385 489 747 933 1037 870 469 1204 967 585 198 706 676 615 609 1243 740 518 286 665 1391 1080 492 880 1403 695 219 1004 880 534 612 580 377 415 1008 567 602 201 882 767 1111 312 651 1400 986 279 37 715 0 510 853 826 1201 337 920 879 562 708 639 1292 505 428 270 1116 515 507 844 991 1044 1319 985 1025 662 1019 397 632 489 727 1005 1374 1092 777 1341 855 942 514 625 583 633 578 1102 545 773 1158 593 1170 1325 1078 369 1127 238 566 777
248 664 369 1061 470 380 909 757 500 845 546 227 222 826 684 558 793 604 521 739 707 791 240 646 312 480 135 193 733 254 24 796 477 923 626 571 604 899 366 628 1034 539 313 137 676 263 274 879 514 244 446 827 648 629 404 211 917 481 496 544 243 510 0 381 405 936 707 659 477 442 198 255 1051 282 503 307 810 261 44 594 505 763 1063 705 522 336 540 830 333 158 439 498 1074 977 330 840 494 433 213 616 675 352 68 622 253 452 1019 242 689 818 683 688 667 457 65 451
299 282 663 996 419 210 562 1069 490 697 459 299 540 1097 842 477 669 235 693 926 551 636 292 944 190 775 376 462 445 129 362 1130 445 543 614 699 409 565 269 1002 996 295 398 249 773 500 475 744 577 276 824 765 591 549 785 202 546 192 878 883 389 853 381 0 120 674 1087 461 601 779 257 236 795 403 876 597 529 380 362 431 141 515 793 472 209 278 165 1095 311 366 326 345 769 834 88 498 246 287 356 960 770 329 322 249 345 287 850 285 594 503 338 913 285 838 359 282
244 300 623 876 310 104 504 1022 383 578 343 252 517 1033 753 360 549 210 790 842 670 517 242 894 121 845 438 527 546 190 382 1092 338 568 731 609 290 640 171 994 877 180 325 268 674 455 423 624 479 225 826 646 474 669 804 196 589 306 889 853 474 826 405 120 0 573 1089 343 703 833 336 187 694 339 908 559 432 321 375 311 226 408 696 360 316 190 229 1030 226 340 213 465 685 715 83 571 128 406 312 1013 670 239 360 306 287 169 734 234 714 591 277 840 305 845 402 164
698 570 987 569 522 559 296 1302 552 282 453 718 952 1239 874 454 330 494 1363 970 1155 268 704 1177 628 1407 1001 1091 941 763 912 1400 536 672 1276 765 337 913 572 1409 620 403 690 813 746 849 807 315 647 696 1277 467 460 1194 1293 735 753 807 1358 1214 1048 1201 936 674 573 0 1521 287 1275 1379 908 681 120 726 1417 946 147 729 896 362 690 173 126 232 790 605 655 1227 617 812 507 991 185 332 655 853 453 947 757 1552 741 605 910 664 714 485 288 700 1227 927 377 1028 575 1307 953 485
861 1368 537 1398 999 1029 1574 442 974 1330 1069 846 581 607 817 1070 1267 1298 868 781 1315 1298 860 474 974 623 764 718 1414 961 725 367 985 1630 1139 830 1192 1594 984 118 1338 1174 836 837 915 675 717 1344 900 874 263 1220 1100 1200 321 896 1624 1180 219 340 837 337 707 1087 1089 1521 0 1236 916 508 884 906 1618 803 318 575 1426 806 724 1160 1213 1359 1642 1299 1222 950 1248 625 925 751 1029 1148 1689 1429 1025 1540 1142 1097 792 464 919 931 772 1330 830 1069 1494 866 1256 1506 1358 678 1372 250 744 1071
415 482 704 557 237 295 408 1041 279 239 176 436 664 997 646 182 223 371 1118 744 998 177 422 912 363 1136 738 825 830 519 635 1133 255 687 1075 518 56 864 293 1125 574 166 402 545 527 562 520 287 385 416 990 352 238 1010 1006 468 747 632 1070 935 798 920 659 461 343 287 1236 0 1038 1100 660 406 395 438 1131 660 202 441 618 75 527 124 412 68 629 323 506 987 332 527 222 804 454 374 415 796 215 748 472 1271 522 319 640 549 427 210 390 418 1052 847 300 785 488 1019 683 212
686 807 813 1514 906 744 1145 1143 952 1259 974 667 675 1248 1158 989 1217 817 105 1206 438 1199 675 1058 681 325 344 293 630 518 491 1148 920 987 225 1048 982 829 766 894 1494 881 776 521 1153 739 751 1300 985 671 721 1276 1094 307 614 585 939 522 709 916 249 879 477 601 703 1275 916 1038 0 416 380 658 1395 749 602 762 1130 726 515 989 628 1111 1395 1062 560 749 672 1256 761 628 844 369 1368 1396 624 800 829 369 677 553 1151 783 447 719 708 833 1425 674 354 730 932 1143 807 705 417 830
686 1049 595 1456 899 821 1335 812 914 1275 977 665 506 947 971 986 1219 1014 359 987 842 1225 678 760 752 119 402 318 988 654 466 791 900 1282 642 904 1045 1183 807 508 1417 980 728 569 1012 611 644 1305 897 684 368 1231 1064 716 251 647 1254 799 323 596 419 562 442 779 833 1379 508 1100 416 0 525 697 1493 692 190 573 1251 678 482 1033 870 1205 1505 1147 843 777 912 960 770 579 879 711 1513 1402 752 1140 933 677 637 181 1013 787 474 983 681 894 1450 682 768 1087 1107 902 1051 338 431 894
318 524 562 1139 530 365 820 955 582 878 596 302 416 1019 844 611 837 493 458 909 514 819 307 842 301 518 126 206 538 145 193 994 547 765 469 716 603 711 387 814 1123 508 418 155 813 433 429 919 630 299 629 901 718 451 567 207 748 296 666 742 139 708 198 257 336 908 884 660 380 525 0 282 1029 400 639 497 768 374 210 609 347 740 1032 688 339 370 388 1022 386 294 464 301 1019 1016 253 656 457 235 328 706 811 409 131 463 349 453 1045 305 508 625 594 869 526 634 143 450
62 485 437 857 248 128 672 839 302 606 315 65 330 861 612 330 560 398 728 693 743 549 56 712 68 730 335 421 677 178 230 906 265 754 744 473 350 801 114 809 842 286 165 142 557 270 241 644 364 39 644 619 436 709 632 75 770 414 712 665 410 639 255 236 187 681 906 406 658 697 282 0 797 166 746 372 556 143 215 344 376 508 808 450 441 90 394 859 105 154 191 523 821 742 149 734 244 455 125 871 554 127 234 477 108 197 778 49 762 739 452 677 490 666 276 196
810 681 1081 550 622 676 376 1377 644 323 549 830 1056 1302 935 547 382 611 1484 1028 1270 331 817 1254 746 1524 1120 1209 1050 883 1027 1477 634 757 1395 838 448 1009 686 1504 612 522 794 931 805 950 908 340 729 809 1379 501 534 1312 1400 852 842 925 1462 1303 1168 1292 1051 795 694 120 1618 395 1395 1493 1029 797 0 831 1526 1044 267 836 1011 467 808 290 43 346 907 717 772 1289 728 922 617 1110 172 320 775 952 572 1067 867 1665 800 714 1027 776 823 599 257 812 1344 1030 492 1094 686 1410 1070 600
103 639 292 780 211 249 778 683 222 584 289 108 225 696 453 296 527 542 802 529 895 537 111 554 221 750 405 475 843 333 263 757 208 907 869 318 391 967 190 696 751 375 37 245 413 129 89 613 235 127 552 547 372 848 569 221 929 579 632 527 503 505 282 403 339 726 803 438 749 692 400 166 831 0 697 235 623 26 238 364 542 558 850 498 607 158 558 693 127 123 226 674 888 710 315 899 350 605 73 851 411 129 302 640 58 268 759 118 904 906 574 510 645 581 333 272
719 1156 523 1418 909 874 1412 655 909 1277 986 700 480 803 888 993 1217 1105 549 886 1016 1233 714 624 809 305 512 445 1142 747 526 620 904 1404 827 847 1079 1331 847 328 1370 1032 735 640 950 591 630 1301 868 724 228 1207 1054 895 137 713 1386 930 154 456 561 428 503 876 908 1417 318 1131 602 190 639 746 1526 697 0 523 1300 691 534 1058 985 1245 1543 1185 974 813 1025 817 799 605 909 868 1566 1395 832 1283 990 825 659 197 952 811 554 1101 703 935 1450 719 949 1238 1186 792 1159 189 516 936
315 858 67 895 424 479 1013 473 403 768 494 307 87 522 407 497 706 768 785 444 1011 730 317 351 438 661 438 469 1011 495 305 534 410 1127 930 331 617 1157 424 465 850 610 265 371 438 106 145 787 347 334 338 684 539 937 386 395 1141 748 425 294 547 270 307 597 559 946 575 660 762 573 497 372 1044 235 523 0 853 244 286 585 737 784 1067 724 783 391 761 525 362 232 459 798 1114 878 516 1093 584 731 247 702 439 363 367 845 275 503 938 325 996 1086 807 383 863 372 372 507
581 431 900 644 435 430 224 1243 481 321 378 600 848 1197 842 384 345 348 1220 940 1010 279 586 1114 498 1273 866 956 802 623 786 1335 455 566 1129 718 236 789 453 1318 681 271 589 682 719 751 709 366 587 576 1175 490 426 1047 1181 603 641 660 1252 1133 907 1116 810 529 432 147 1426 202 1130 1251 768 556 267 623 1300 853 0 622 772 275 543 83 264 133 644 487 509 1187 505 696 397 844 266 416 515 726 318 800 645 1427 714 497 778 521 602 365 394 580 1081 795 233 985 436 1202 821 364
80 621 304 800 221 235 770 701 239 596 299 83 226 717 479 307 541 527 780 554 869 547 87 572 201 734 382 453 818 307 241 772 221 890 843 345 392 945 180 702 773 368 52 219 439 138 102 626 259 104 553 565 389 821 564 195 910 554 630 539 478 515 261 380 321 729 806 441 726 678 374 143 836 26 691 244 622 0 217 368 520 559 854 499 583 146 537 715 119 103 224 648 887 724 293 877 340 579 48 840 437 125 278 619 35 262 771 94 877 883 563 534 627 580 311 265
205 644 351 1017 426 342 877 747 456 801 502 184 206 808 650 514 749 578 563 708 725 748 197 632 275 524 171 236 736 239 24 792 432 906 656 534 563 896 325 640 990 501 269 113 637 230 237 835 472 202 461 783 604 654 429 179 905 478 517 540 276 507 44 362 375 896 724 618 515 482 210 215 1011 238 534 286 772 217 0 551 492 723 1023 664 517 294 525 811 290 115 396 512 1037 933 303 835 457 445 169 655 636 308 81 608 209 411 975 200 713 817 652 662 647 475 98 411
347 497 628 566 161 245 470 969 207 270 105 367 589 930 585 114 237 383 1066 683 979 210 354 840 308 1073 679 765 828 473 570 1060 180 722 1040 452 48 880 230 1049 573 153 327 485 471 486 444 314 317 349 915 344 197 981 932 410 775 613 995 859 745 844 594 431 311 362 1160 75 989 1033 609 344 467 364 1058 585 275 368 551 0 516 200 486 141 615 257 501 921 262 456 154 777 530 408 374 810 191 718 400 1201 466 247 579 554 356 156 436 351 1026 854 333 718 503 944 621 159
439 182 804 1081 537 330 518 1210 610 766 564 440 678 1238 975 582 748 199 729 1062 473 705 433 1085 325 850 474 551 319 253 488 1269 564 419 589 832 483 424 395 1132 1089 365 536 381 900 641 616 815 705 416 952 859 694 504 904 342 412 117 1000 1022 457 991 505 141 226 690 1213 527 628 870 347 376 808 542 985 737 543 520 492 516 0 551 799 520 102 410 44 1236 444 505 439 301 752 899 227 357 325 267 497 1050 897 460 441 116 485 392 904 426 537 367 319 1052 184 963 473 386
526 464 829 582 361 386 304 1164 403 254 300 545 784 1115 759 305 269 367 1197 857 1024 205 531 1036 456 1234 830 919 831 595 739 1257 380 628 1126 636 167 835 399 1249 614 232 523 641 636 684 642 301 507 523 1111 414 343 1051 1122 562 697 665 1190 1060 879 1044 763 515 408 173 1359 124 1111 1205 740 508 290 558 1245 784 83 559 723 200 551 0 299 60 654 432 522 1105 446 640 336 845 330 365 488 770 283 796 586 1379 631 435 737 547 543 311 357 527 1088 832 265 903 469 1139 780 311
825 665 1106 594 644 685 347 1409 669 360 573 844 1076 1338 971 572 418 601 1485 1065 1256 364 831 1286 754 1533 1127 1216 1031 887 1039 1509 657 727 1388 871 463 983 699 1529 655 528 814 940 841 972 930 380 759 823 1401 540 565 1303 1418 861 813 916 1482 1330 1171 1319 1063 793 696 126 1642 412 1395 1505 1032 808 43 850 1543 1067 264 854 1023 486 799 299 0 358 896 731 762 1325 743 938 633 1101 129 364 778 928 578 1061 883 1678 836 731 1036 761 839 611 300 826 1333 1008 481 1129 669 1431 1079 611
