0 1165 69 659 452 960 671 1005 1359 49 295 1271 585 535 248 1445
1165 0 1100 1416 725 1328 1475 1990 1404 1212 1321 2419 994 786 1061 1146
69 1100 0 696 394 922 664 1069 1359 112 308 1340 530 467 247 1426
659 1416 696 0 782 1618 1306 597 862 671 919 1195 1218 1095 489 1109
452 725 394 782 0 1041 950 1304 1172 501 671 1693 598 387 345 1137
960 1328 922 1618 1041 0 473 1901 2208 956 755 1911 443 666 1153 2167
671 1475 664 1306 950 473 0 1486 2024 645 387 1439 487 692 911 2071
1005 1990 1069 597 1304 1901 1486 0 1316 987 1146 702 1583 1533 962 1643
1359 1404 1359 862 1172 2208 2024 1316 0 1393 1654 2002 1765 1559 1113 409
49 1212 112 671 501 956 645 987 1393 0 261 1230 597 566 288 1488
295 1321 308 919 671 755 387 1146 1654 261 0 1243 492 570 543 1734
1271 2419 1340 1195 1693 1911 1439 702 2002 1230 1243 0 1736 1782 1362 2299
585 994 530 1218 598 443 487 1583 1765 597 492 1736 0 236 736 1729
535 786 467 1095 387 666 692 1533 1559 566 570 1782 236 0 607 1500
248 1061 247 489 345 1153 911 962 1113 288 543 1362 736 607 0 1200
1445 1146 1426 1109 1137 2167 2071 1643 409 1488 1734 2299 1729 1500 1200 0
