0 933 1314 1582 361 1417 604 430 138 366 1453 1448 273 832 983 659
933 0 510 2274 576 2172 1264 1313 1071 1112 2358 671 1094 1188 1821 886
1314 510 0 2764 995 2320 1742 1731 1448 1376 2767 933 1395 1696 2051 992
1582 2274 2764 0 1794 2275 1028 1183 1494 1807 902 2422 1708 1128 1846 2230
361 576 995 1794 0 1711 766 743 497 618 1787 1103 566 834 1308 643
1417 2172 2320 2275 1711 0 1777 1405 1332 1093 1526 2800 1154 2133 476 1332
604 1264 1742 1028 766 1777 0 371 565 920 1191 1543 813 376 1300 1261
430 1313 1731 1183 743 1405 371 0 317 629 1045 1730 527 735 929 1051
138 1071 1448 1494 497 1332 565 317 0 355 1319 1574 248 847 882 736
366 1112 1376 1807 618 1093 920 629 355 0 1490 1712 107 1192 709 474
1453 2358 2767 902 1787 1526 1191 1045 1319 1490 0 2729 1426 1509 1193 1964
1448 671 933 2422 1103 2800 1543 1730 1574 1712 2729 0 1669 1301 2411 1553
273 1094 1395 1708 566 1154 813 527 248 107 1426 1669 0 1088 742 547
832 1188 1696 1128 834 2133 376 735 847 1192 1509 1301 1088 0 1660 1439
983 1821 2051 1846 1308 476 1300 929 882 709 1193 2411 742 1660 0 1070
659 886 992 2230 643 1332 1261 1051 736 474 1964 1553 547 1439 1070 0
