0 164 606 269 1308 1317 155 60 1317 550 654 681 314 657 1005 1097
164 0 756 170 1376 1474 10 118 1182 642 782 844 390 554 1169 1239
606 756 0 873 1503 724 745 667 1922 355 178 228 741 1249 549 495
269 170 873 0 1261 1575 179 208 1049 801 922 926 328 392 1230 1366
1308 1376 1503 1261 0 1816 1377 1296 1662 1725 1669 1333 996 1200 1325 1865
1317 1474 724 1575 1816 0 1464 1376 2615 1000 773 659 1374 1927 492 363
155 10 745 179 1377 1464 0 112 1193 631 771 834 390 564 1160 1228
60 118 667 208 1296 1376 112 0 1256 604 714 736 300 597 1056 1158
1317 1182 1922 1049 1662 2615 1193 1256 0 1814 1964 1958 1258 691 2228 2415
550 642 355 801 1725 1000 631 604 1814 0 229 577 812 1193 904 683
654 782 178 922 1669 773 771 714 1964 229 0 403 850 1311 698 471
681 844 228 926 1333 659 834 736 1958 577 403 0 716 1269 347 551
314 390 741 328 996 1374 390 300 1258 812 850 716 0 567 970 1228
657 554 1249 392 1200 1927 564 597 691 1193 1311 1269 567 0 1537 1744
1005 1169 549 1230 1325 492 1160 1056 2228 904 698 347 970 1537 0 600
1097 1239 495 1366 1865 363 1228 1158 2415 683 471 551 1228 1744 600 0
