0 1349 1638 184 305 1181 241 1605 256 1107 634 830 260 1503 573 742
1349 0 2196 1517 1052 1587 1271 485 1482 382 1925 2159 1409 2172 1468 1432
1638 2196 0 1715 1625 610 1867 2661 1863 2244 1996 1981 1378 190 1066 2379
184 1517 1715 0 487 1304 298 1747 157 1255 450 648 362 1567 674 712
305 1052 1625 487 0 1090 349 1344 507 843 930 1135 387 1518 592 817
1181 1587 610 1304 1090 0 1384 2051 1432 1638 1676 1737 942 595 635 1891
241 1271 1867 298 349 1384 0 1463 212 979 654 894 497 1738 801 512
1605 485 2661 1747 1344 2051 1463 0 1672 500 2097 2351 1728 2625 1851 1453
256 1482 1863 157 507 1432 212 1672 0 1191 443 682 493 1718 810 555
1107 382 2244 1255 843 1638 979 500 1191 0 1626 1874 1229 2188 1367 1064
634 1925 1996 450 930 1676 654 2097 443 1626 0 262 769 1827 1043 789
830 2159 1981 648 1135 1737 894 2351 682 1874 262 0 903 1801 1128 1047
260 1409 1378 362 387 942 497 1728 493 1229 769 903 0 1243 317 1003
1503 2172 190 1567 1518 595 1738 2625 1718 2188 1827 1801 1243 0 940 2246
573 1468 1066 674 592 635 801 1851 810 1367 1043 1128 317 940 0 1312
742 1432 2379 712 817 1891 512 1453 555 1064 789 1047 1003 2246 1312 0
