0 530 1434 1168 1555 1422 658 106 1534 170 290 1527 726 766 1722 1311
530 0 1904 682 1095 1490 1188 530 1793 688 244 1741 1234 358 1225 880
1434 1904 0 2364 2983 1449 947 1501 945 1264 1701 2384 729 1962 3130 2744
1168 682 2364 0 1042 1487 1808 1195 1982 1299 912 2370 1788 418 1012 973
1555 1095 2983 1042 0 2460 2171 1505 2859 1726 1281 1990 2281 1201 267 260
1422 1490 1449 1487 2460 0 1602 1527 625 1366 1469 2934 1369 1264 2485 2307
658 1188 947 1808 2171 1602 0 676 1441 509 947 1496 278 1393 2358 1916
106 530 1501 1195 1505 1527 676 0 1636 242 287 1428 781 806 1684 1256
1534 1793 945 1982 2859 625 1441 1636 0 1416 1689 2913 1165 1671 2929 2668
170 688 1264 1299 1726 1366 509 242 1416 0 455 1567 555 886 1891 1482
290 244 1701 912 1281 1469 947 287 1689 455 0 1594 1009 539 1437 1046
1527 1741 2384 2370 1990 2934 1496 1428 2913 1567 1594 0 1772 2099 2256 1770
726 1234 729 1788 2281 1369 278 781 1165 555 1009 1772 0 1370 2446 2035
766 358 1962 418 1201 1264 1393 806 1671 886 539 2099 1370 0 1258 1043
1722 1225 3130 1012 267 2485 2358 1684 2929 1891 1437 2256 2446 1258 0 501
1311 880 2744 973 260 2307 1916 1256 2668 1482 1046 1770 2035 1043 501 0
