0 1084 222 903 173 1165 991 505 646 1049 405 1230 141 278 370 740
1084 0 1305 1610 1138 2238 611 1581 1165 1075 890 2266 1109 951 1005 1131
222 1305 0 839 231 955 1171 304 737 1192 557 1020 262 456 482 849
903 1610 839 0 730 1391 1141 999 1546 1943 757 928 1034 1172 663 1644
173 1138 231 730 0 1170 946 532 819 1218 329 1133 310 444 251 914
1165 2238 955 1391 1170 0 2115 659 1315 1794 1497 720 1129 1302 1403 1431
991 611 1171 1141 946 2115 0 1475 1388 1498 617 1952 1088 1024 715 1408
505 1581 304 999 532 659 1475 0 795 1286 861 878 477 662 780 918
646 1165 737 1546 819 1315 1388 795 0 493 965 1673 511 412 980 122
1049 1075 1192 1943 1218 1794 1498 1286 493 0 1259 2162 938 773 1312 371
405 890 557 757 329 1497 617 861 965 1259 0 1391 530 552 116 1030
1230 2266 1020 928 1133 720 1952 878 1673 2162 1391 0 1278 1475 1275 1795
141 1109 262 1034 310 1129 1088 477 511 938 530 1278 0 196 508 612
278 951 456 1172 444 1302 1024 662 412 773 552 1475 196 0 571 486
370 1005 482 663 251 1403 715 780 980 1312 116 1275 508 571 0 1057
740 1131 849 1644 914 1431 1408 918 122 371 1030 1795 612 486 1057 0
