0 815 813 962 929 1648 914 1304 162 211 538 167 292 1089 1214 560 1221
815 0 743 1762 1413 1160 1434 1898 656 1005 292 930 779 1439 601 992 800
813 743 0 1672 794 878 836 2118 758 864 739 980 543 741 1344 489 473
962 1762 1672 0 1299 2548 1244 832 1111 822 1473 832 1145 1547 2040 1227 2129
929 1413 794 1299 0 1548 62 2000 1017 788 1263 1030 711 249 1977 430 1220
1648 1160 878 2548 1548 0 1605 2932 1552 1733 1356 1813 1408 1383 1618 1354 427
914 1434 836 1244 62 1605 0 1955 1011 763 1272 1007 712 309 1990 443 1271
1304 1898 2118 832 2000 2932 1955 0 1381 1297 1624 1137 1585 2231 1923 1788 2507
162 656 758 1111 1017 1552 1011 1381 0 369 376 283 317 1149 1058 612 1126
211 1005 864 822 788 1733 763 1297 369 0 740 245 324 980 1425 492 1310
538 292 739 1473 1263 1356 1272 1624 376 740 0 641 570 1336 721 833 954
167 930 980 832 1030 1813 1007 1137 283 245 641 0 452 1211 1262 697 1386
292 779 543 1145 711 1408 712 1585 317 324 570 452 0 832 1291 295 986
1089 1439 741 1547 249 1383 309 2231 1149 980 1336 1211 832 0 2027 537 1103
1214 601 1344 2040 1977 1618 1990 1923 1058 1425 721 1262 1291 2027 0 1548 1336
560 992 489 1227 430 1354 443 1788 612 492 833 697 295 537 1548 0 962
1221 800 473 2129 1220 427 1271 2507 1126 1310 954 1386 986 1103 1336 962 0
