0 1431 709 1045 769 225 608 1246 1418 735 1616 970 1684 773 1433 1462 1387
1431 0 838 2089 1445 1430 1940 1107 2844 1573 2448 2280 2861 2197 2781 328 2317
709 838 0 1260 639 813 1306 1237 2057 749 2151 1669 2355 1417 1951 997 1514
1045 2089 1260 0 653 1260 1339 2265 1253 516 2502 1580 2299 889 891 2253 349
769 1445 639 653 0 984 1309 1792 1698 152 2385 1644 2387 1134 1464 1635 876
225 1430 813 1260 984 0 515 1074 1480 959 1409 870 1542 858 1565 1410 1605
608 1940 1306 1339 1309 515 0 1410 1089 1230 1163 363 1084 591 1318 1897 1682
1246 1107 1237 2265 1792 1074 1410 0 2494 1842 1435 1637 2005 1913 2636 846 2588
1418 2844 2057 1253 1698 1480 1089 2494 0 1552 1961 991 1422 646 510 2877 1453
735 1573 749 516 152 959 1230 1842 1552 0 2338 1551 2296 1004 1311 1746 772
1616 2448 2151 2502 2385 1409 1163 1435 1961 2338 0 1007 758 1704 2354 2250 2846
970 2280 1669 1580 1644 870 363 1637 991 1551 1007 0 744 718 1347 2212 1907
1684 2861 2355 2299 2387 1542 1084 2005 1422 2296 758 744 0 1412 1895 2731 2611
773 2197 1417 889 1134 858 591 1913 646 1004 1704 718 1412 0 736 2235 1199
1433 2781 1951 891 1464 1565 1318 2636 510 1311 2354 1347 1895 736 0 2872 1006
1462 328 997 2253 1635 1410 1897 846 2877 1746 2250 2212 2731 2235 2872 0 2511
1387 2317 1514 349 876 1605 1682 2588 1453 772 2846 1907 2611 1199 1006 2511 0
