0 666 711 1455 420 650 1725 157 141 331 1039 1416 941 687 80 686
666 0 806 1991 570 625 2119 823 544 895 1004 1405 1136 1327 594 817
711 806 0 2110 1032 1226 2430 778 618 573 331 2050 329 1273 658 1336
1455 1991 2110 0 1430 1484 581 1343 1591 1544 2438 1458 2225 849 1532 1286
420 570 1032 1430 0 230 1555 518 432 751 1332 1022 1312 861 419 306
650 625 1226 1484 230 0 1521 745 650 981 1508 826 1520 1030 644 208
1725 2119 2430 581 1555 1521 0 1655 1843 1904 2761 1170 2605 1274 1791 1314
157 823 778 1343 518 745 1655 0 290 278 1110 1460 962 544 233 741
141 544 618 1591 432 650 1843 290 0 375 937 1453 881 828 60 728
331 895 573 1544 751 981 1904 278 375 0 896 1731 700 700 352 1006
1039 1004 331 2438 1332 1508 2761 1110 937 896 0 2335 357 1597 981 1638
1416 1405 2050 1458 1022 826 1170 1460 1453 1731 2335 0 2334 1485 1433 729
941 1136 329 2225 1312 1520 2605 962 881 700 357 2334 0 1376 907 1609
687 1327 1273 849 861 1030 1274 544 828 700 1597 1485 1376 0 768 911
80 594 658 1532 419 644 1791 233 60 352 981 1433 907 768 0 704
686 817 1336 1286 306 208 1314 741 728 1006 1638 729 1609 911 704 0
