0 939 170 606 868 557 131 656 1483 1342 1317 315 355 886 1594 1589
939 0 1041 1537 1247 1496 1025 284 575 1914 378 1238 598 275 2275 2512
170 1041 0 570 1020 491 248 758 1558 1174 1414 328 491 946 1424 1471
606 1537 570 0 972 121 512 1256 2088 1370 1915 298 940 1491 1464 1078
868 1247 1020 972 0 1043 772 1075 1799 2179 1554 824 845 1385 2371 2015
557 1496 491 121 1043 0 485 1213 2036 1252 1874 282 905 1431 1360 1061
131 1025 248 512 772 485 0 746 1581 1412 1403 213 427 997 1637 1540
656 284 758 1256 1075 1213 746 0 837 1696 661 958 323 310 2038 2229
1483 575 1558 2088 1799 2036 1581 837 0 2224 259 1792 1161 617 2619 3012
1342 1914 1174 1370 2179 1252 1412 1696 2224 0 2204 1371 1576 1681 414 1340
1317 378 1414 1915 1554 1874 1403 661 259 2204 0 1617 976 527 2584 2884
315 1238 328 298 824 282 213 958 1792 1371 1617 0 641 1201 1546 1343
355 598 491 940 845 905 427 323 1161 1576 976 641 0 604 1875 1944
886 275 946 1491 1385 1431 997 310 617 1681 527 1201 604 0 2058 2395
1594 2275 1424 1464 2371 1360 1637 2038 2619 414 2584 1546 1875 2058 0 1106
1589 2512 1471 1078 2015 1061 1540 2229 3012 1340 2884 1343 1944 2395 1106 0
