0 1064 603 751 64 314 732 990 76 1476 797 1080 1609 1695 44 1220 273
1064 0 1421 1636 1009 1303 1668 1405 1141 1864 874 30 2674 2408 1025 2126 791
603 1421 0 218 657 327 279 1570 572 2032 723 1426 1449 2108 602 1528 744
751 1636 218 0 811 440 103 1666 703 2103 932 1641 1268 2100 761 1492 932
64 1009 657 811 0 376 794 955 136 1447 793 1026 1666 1695 55 1240 223
314 1303 327 440 376 0 417 1245 263 1705 807 1314 1399 1807 330 1254 534
732 1668 279 103 794 417 0 1611 676 2036 1002 1675 1177 2009 747 1396 937
990 1405 1570 1666 955 1245 1611 0 1001 506 1680 1435 1972 1027 1008 968 1027
76 1141 572 703 136 263 676 1001 0 1478 841 1156 1533 1662 117 1169 349
1476 1864 2032 2103 1447 1705 2036 506 1478 0 2187 1895 2165 765 1499 1036 1532
797 874 723 932 793 807 1002 1680 841 2187 0 866 2161 2489 757 2009 655
1080 30 1426 1641 1026 1314 1675 1435 1156 1895 866 0 2689 2437 1040 2151 807
1609 2674 1449 1268 1666 1399 1177 1972 1533 2165 2161 2689 0 1708 1649 1143 1882
1695 2408 2108 2100 1695 1807 2009 1027 1662 765 2489 2437 1708 0 1733 639 1860
44 1025 602 761 55 330 747 1008 117 1499 757 1040 1649 1733 0 1264 233
1220 2126 1528 1492 1240 1254 1396 968 1169 1036 2009 2151 1143 639 1264 0 1442
273 791 744 932 223 534 937 1027 349 1532 655 807 1882 1860 233 1442 0
