0 473 272 156 802 1100 1080 1162 454 3 791 491 1641 1092 834 568
473 0 535 343 525 1450 869 749 790 470 1113 761 2101 741 436 905
272 535 0 368 988 1326 874 1283 711 270 1038 759 1742 960 961 818
156 343 368 0 650 1142 1064 1007 476 154 814 478 1758 1026 678 595
802 525 988 650 0 1375 1350 447 838 802 1051 748 2213 1135 232 914
1100 1450 1326 1142 1375 0 2180 1820 665 1103 339 691 973 2168 1567 547
1080 869 874 1064 1350 2180 0 1359 1528 1077 1868 1542 2589 351 1171 1645
1162 749 1283 1007 447 1820 1359 0 1278 1161 1498 1193 2657 1058 328 1360
454 790 711 476 838 665 1528 1278 0 457 340 110 1379 1503 979 118
3 470 270 154 802 1103 1077 1161 457 0 794 493 1644 1089 832 571
791 1113 1038 814 1051 339 1868 1498 340 794 0 351 1202 1837 1233 223
491 761 759 478 748 691 1542 1193 110 493 351 0 1465 1491 905 167
1641 2101 1742 1758 2213 973 2589 2657 1379 1644 1202 1465 0 2701 2358 1298
1092 741 960 1026 1135 2168 351 1058 1503 1089 1837 1491 2701 0 926 1621
834 436 961 678 232 1567 1171 328 979 832 1233 905 2358 926 0 1072
568 905 818 595 914 547 1645 1360 118 571 223 167 1298 1621 1072 0
