0 385 1729 1473 242 46 1245 754 616 244 390 1023 1611 713 1606 1729
385 0 1379 1108 506 374 1585 1079 900 141 132 822 1540 393 1470 1954
1729 1379 0 310 1885 1700 2963 2459 1974 1512 1460 1695 1427 1016 1163 3277
1473 1108 310 0 1612 1449 2692 2185 1787 1245 1177 1386 1471 774 1232 2976
242 506 1885 1612 0 288 1080 573 789 377 443 912 1853 886 1844 1497
46 374 1700 1449 288 0 1280 793 590 238 394 1048 1565 683 1561 1774
1245 1585 2963 2692 1080 1280 0 507 1345 1451 1518 1735 2682 1954 2751 847
754 1079 2459 2185 573 793 507 0 999 947 1011 1289 2281 1454 2319 1051
616 900 1974 1787 789 590 1345 999 0 796 965 1638 1344 1039 1444 2049
244 141 1512 1245 377 238 1451 947 796 0 168 868 1571 509 1525 1853
390 132 1460 1177 443 394 1518 1011 965 168 0 708 1672 507 1601 1844
1023 822 1695 1386 912 1048 1735 1289 1638 868 708 0 2314 1059 2198 1714
1611 1540 1427 1471 1853 1565 2682 2281 1344 1571 1672 2314 0 1259 276 3319
713 393 1016 774 886 683 1954 1454 1039 509 507 1059 1259 0 1141 2347
1606 1470 1163 1232 1844 1561 2751 2319 1444 1525 1601 2198 276 1141 0 3335
1729 1954 3277 2976 1497 1774 847 1051 2049 1853 1844 1714 3319 2347 3335 0
