0 285 1549 624 736 1619 1681 1297 1671 1141 1153 601 814 979 732 1412 956
285 0 1291 380 898 1757 1557 1015 1554 1160 878 477 1004 1178 966 1126 1166
1549 1291 0 925 1749 2276 1034 439 1063 1465 455 1499 2279 2454 1987 585 2066
624 380 925 0 983 1746 1235 714 1237 1024 550 743 1384 1558 1150 871 1294
736 898 1749 983 0 882 1406 1673 1383 612 1497 1329 1339 1458 298 1849 319
1619 1757 2276 1746 882 0 1517 2343 1481 811 2165 2207 2150 2238 1000 2544 756
1681 1557 1034 1235 1406 1517 0 1342 37 839 1222 1978 2493 2653 1704 1547 1652
1297 1015 439 714 1673 2343 1342 0 1364 1547 179 1118 1946 2120 1861 213 1990
1671 1554 1063 1237 1383 1481 37 1364 0 809 1241 1980 2483 2642 1681 1569 1624
1141 1160 1465 1024 612 811 839 1547 809 0 1372 1637 1883 2021 906 1753 818
1153 878 455 550 1497 2165 1222 179 1241 1372 0 1045 1841 2016 1691 381 1815
601 477 1499 743 1329 2207 1978 1118 1980 1637 1045 0 865 1031 1328 1142 1557
814 1004 2279 1384 1339 2150 2493 1946 2483 1883 1841 865 0 175 1150 1997 1394
979 1178 2454 1558 1458 2238 2653 2120 2642 2021 2016 1031 175 0 1245 2168 1481
732 966 1987 1150 298 1000 1704 1861 1681 906 1691 1328 1150 1245 0 2020 250
1412 1126 585 871 1849 2544 1547 213 1569 1753 381 1142 1997 2168 2020 0 2163
956 1166 2066 1294 319 756 1652 1990 1624 818 1815 1557 1394 1481 250 2163 0
