0 1341 372 99 952 1318 1444 1056 446 826 1286 1707 442 377 97 923
1341 0 1542 1279 2267 1145 316 357 1342 1155 2295 2997 1685 1410 1257 1366
372 1542 0 469 969 1210 1701 1312 810 1197 916 1455 152 152 454 1293
99 1279 469 0 995 1340 1366 981 364 727 1384 1796 542 460 36 831
952 2267 969 995 0 2177 2318 1949 993 1399 1400 1136 843 1110 1022 1336
1318 1145 1210 1340 2177 0 1455 1233 1648 1777 1508 2453 1348 1067 1304 1975
1444 316 1701 1366 2318 1455 0 390 1343 1060 2515 3142 1833 1584 1351 1253
1056 357 1312 981 1949 1233 390 0 996 799 2143 2752 1443 1199 964 1013
446 1342 810 364 993 1648 1343 996 0 442 1707 1974 846 822 394 487
826 1155 1197 727 1399 1777 1060 799 442 0 2112 2416 1260 1171 744 216
1286 2295 916 1384 1400 1508 2515 2143 1707 2112 0 1028 862 973 1371 2195
1707 2997 1455 1796 1136 2453 3142 2752 1974 2416 1028 0 1313 1591 1804 2405
442 1685 152 542 843 1348 1833 1443 846 1260 862 1313 0 303 536 1333
377 1410 152 460 1110 1067 1584 1199 822 1171 973 1591 303 0 435 1290
97 1257 454 36 1022 1304 1351 964 394 744 1371 1804 536 435 0 855
923 1366 1293 831 1336 1975 1253 1013 487 216 2195 2405 1333 1290 855 0
