0 144 927 1050 916 1651 807 1396 957 227 845 1472 942 104 412 598 1297
144 0 784 1124 1057 1751 736 1485 886 107 908 1520 1044 91 340 552 1312
927 784 0 1765 1841 2439 932 2147 764 708 1388 1846 1758 860 681 946 1517
1050 1124 1765 0 807 683 974 383 2005 1232 1726 2343 265 1034 1457 841 2265
916 1057 1841 807 0 1022 1409 911 1749 1142 1167 1705 542 981 1272 1187 1732
1651 1751 2439 683 1022 0 1652 306 2602 1858 2165 2726 708 1659 2063 1525 2729
807 736 932 974 1409 1652 0 1346 1469 791 1643 2256 1078 708 1008 232 2031
1396 1485 2147 383 911 306 1346 0 2353 1592 1987 2578 470 1393 1808 1224 2544
957 886 764 2005 1749 2602 1469 2353 0 780 840 1130 1895 973 548 1365 775
227 107 708 1232 1142 1858 791 1592 780 0 874 1469 1150 199 240 627 1241
845 908 1388 1726 1167 2165 1643 1987 840 874 0 634 1524 937 737 1443 565
1472 1520 1846 2343 1705 2726 2256 2578 1130 1469 634 0 2126 1560 1286 2066 374
942 1044 1758 265 542 708 1078 470 1895 1150 1524 2126 0 952 1355 899 2077
104 91 860 1034 981 1659 708 1393 973 199 937 1560 952 0 425 506 1369
412 340 681 1457 1272 2063 1008 1808 548 240 737 1286 1355 425 0 860 1028
598 552 946 841 1187 1525 232 1224 1365 627 1443 2066 899 506 860 0 1864
1297 1312 1517 2265 1732 2729 2031 2544 775 1241 565 374 2077 1369 1028 1864 0
