0 530 114 1212 956 450 767 725 92 1558 933 1648 1409 146 188 1586
530 0 631 682 1060 608 239 611 442 1307 1114 1463 1885 659 575 1212
114 631 0 1314 1028 430 870 831 189 1666 989 1749 1294 141 153 1700
1212 682 1314 0 1458 1206 445 973 1125 1220 1566 1445 2542 1335 1247 926
956 1060 1028 1458 0 1392 1152 492 979 922 154 882 2106 896 1145 1183
450 608 430 1206 1392 0 812 1079 412 1874 1380 2000 1349 565 277 1816
767 239 870 445 1152 812 0 666 681 1215 1232 1400 2118 891 812 1054
725 611 831 973 492 1079 666 0 701 835 593 927 2089 744 893 922
92 442 189 1125 979 412 681 701 0 1527 969 1629 1474 236 192 1533
1558 1307 1666 1220 922 1874 1215 835 1527 0 1074 240 2913 1577 1719 405
933 1114 989 1566 154 1380 1232 593 969 1074 0 1025 1996 851 1119 1336
1648 1463 1749 1445 882 2000 1400 927 1629 240 1025 0 2953 1646 1820 641
1409 1885 1294 2542 2106 1349 2118 2089 1474 2913 1996 2953 0 1349 1310 2989
146 659 141 1335 896 565 891 744 236 1577 851 1646 1349 0 288 1641
188 575 153 1247 1145 277 812 893 192 1719 1119 1820 1310 288 0 1717
1586 1212 1700 926 1183 1816 1054 922 1533 405 1336 641 2989 1641 1717 0
