0 718 671 1006 496 543 151 243 547 490 1313 1623 1057 90 1176 1402
718 0 157 1724 854 1224 677 601 1239 1206 1111 971 339 717 1217 1129
671 157 0 1669 900 1203 600 509 1213 1161 968 958 421 651 1061 995
1006 1724 1669 0 1140 583 1072 1171 546 523 2039 2597 2063 1017 1730 2163
496 854 900 1140 0 557 637 700 595 668 1744 1824 1154 587 1658 1813
543 1224 1203 583 557 0 665 771 44 191 1805 2160 1560 596 1594 1907
151 677 600 1072 637 665 0 106 662 579 1165 1529 1008 69 1027 1256
243 601 509 1171 700 771 106 0 768 684 1071 1426 925 174 958 1159
547 1239 1213 546 595 44 662 768 0 153 1791 2168 1576 594 1572 1896
490 1206 1161 523 668 191 579 684 153 0 1670 2106 1545 516 1433 1779
1313 1111 968 2039 1744 1805 1165 1071 1791 1670 0 1021 1151 1234 410 139
1623 971 958 2597 1824 2160 1529 1426 2168 2106 1021 0 697 1589 1389 919
1057 339 421 2063 1154 1560 1008 925 1576 1545 1151 697 0 1053 1360 1127
90 717 651 1017 587 596 69 174 594 516 1234 1589 1053 0 1087 1326
1176 1217 1061 1730 1658 1594 1027 958 1572 1433 410 1389 1360 1087 0 548
1402 1129 995 2163 1813 1907 1256 1159 1896 1779 139 919 1127 1326 548 0
