0 239 107 308 397 576 185 423 810 672 495 361 672 582 765 17 118 290 302 450 386 536 575 581 95 422 491 66 63 713 452 576 1 21 124 261 42 102 204 765 777 254 861 546 618 406 270 858 468 216 346 572 261 800 315 337 583 358 785 81 343 765 488 657 695 193 757 548 175 525 860 78 485 322 554 739 843 429
239 0 255 507 599 788 289 188 698 912 486 459 807 691 634 235 175 330 440 237 291 622 747 773 187 547 263 180 293 481 407 338 240 260 208 189 197 146 405 976 736 446 1092 772 828 646 351 837 698 72 174 805 210 1040 438 245 370 442 972 210 192 745 669 880 698 135 574 602 269 512 694 238 416 423 451 933 1082 649
107 255 0 252 343 532 292 443 895 694 390 468 582 483 682 124 81 394 206 489 469 643 500 519 185 325 518 98 93 691 354 568 109 116 222 341 119 167 296 720 673 347 905 602 572 425 162 961 521 204 402 560 346 816 214 418 546 466 868 50 292 659 579 626 800 152 816 656 69 627 928 184 577 217 639 680 853 396
308 507 252 0 91 281 465 695 1115 519 441 599 394 344 807 323 332 576 143 740 694 756 272 273 403 202 770 340 246 919 459 810 308 298 429 570 343 403 378 468 699 417 765 513 320 278 239 1131 436 453 647 338 569 623 170 646 763 607 837 299 509 662 597 380 961 394 1061 793 255 809 1168 374 788 210 861 431 650 157
397 599 343 91 0 190 546 787 1200 476 488 666 344 325 863 411 423 655 207 832 781 816 200 186 492 217 862 431 334 1004 520 898 397 385 516 659 433 494 443 377 727 477 733 513 229 271 314 1202 442 544 738 273 656 567 230 734 845 677 848 390 594 683 633 295 1031 484 1152 858 344 886 1257 460 872 270 947 341 589 93
576 788 532 281 190 0 706 976 1363 400 641 799 345 397 1020 589 613 812 389 1019 954 930 187 107 669 359 1051 616 513 1192 688 1088 576 562 689 835 615 676 581 189 845 603 663 525 43 313 499 1335 475 734 922 175 830 452 409 908 1032 815 864 578 783 792 707 117 1163 674 1333 983 534 1034 1433 632 1035 446 1115 184 458 152
185 289 292 465 546 706 0 421 657 703 671 185 848 765 903 168 275 110 484 410 260 360 737 731 125 604 469 214 230 757 618 605 184 182 88 171 179 171 156 890 949 178 841 521 749 465 454 675 458 313 291 660 153 835 499 223 659 177 684 256 460 942 382 767 510 327 656 364 357 345 739 107 329 507 410 881 885 554
423 188 443 695 787 976 421 0 602 1091 604 555 975 851 641 416 363 416 619 88 285 692 928 958 354 719 77 367 480 346 513 190 423 443 361 261 381 322 563 1164 812 596 1256 935 1016 828 521 809 865 245 151 993 286 1220 613 263 297 532 1097 399 277 836 799 1068 698 309 419 650 450 520 550 406 394 592 390 1118 1265 838
810 698 895 1115 1200 1363 657 602 0 1300 1182 602 1478 1374 1236 794 836 551 1102 513 426 576 1385 1386 716 1220 551 797 869 836 1098 718 809 818 686 554 780 728 791 1546 1412 783 1355 1073 1406 1104 1035 329 1040 769 524 1305 550 1428 1108 478 872 577 1042 846 864 1431 837 1420 362 829 283 494 939 357 210 740 328 1103 256 1538 1484 1211
672 912 694 519 476 400 703 1091 1300 0 959 699 744 780 1326 676 765 778 663 1102 959 761 583 506 737 694 1153 735 623 1382 978 1248 672 651 736 871 714 769 547 447 1203 534 264 240 416 269 752 1176 260 884 986 225 856 132 689 927 1240 724 518 721 987 1158 488 326 1015 844 1355 835 734 943 1425 686 997 729 1085 532 184 383
495 486 390 441 488 641 671 604 1182 959 0 854 452 316 378 510 397 761 299 686 776 1030 494 563 550 282 675 457 480 649 93 607 496 507 589 660 492 510 685 788 283 736 1207 940 663 716 240 1313 859 417 659 761 675 1056 271 727 484 848 1240 417 327 270 962 759 1162 366 1023 1034 321 980 1155 566 899 233 938 697 1077 580
361 459 468 599 666 799 185 555 602 699 854 0 993 923 1085 345 460 139 646 519 310 175 866 845 310 763 585 398 392 901 803 746 359 353 272 295 362 356 223 971 1133 196 779 477 842 512 630 536 438 493 406 715 270 828 664 303 821 27 548 437 640 1125 266 838 365 512 680 194 536 246 732 287 306 678 395 983 883 651
672 807 582 394 344 345 848 975 1478 744 452 993 0 135 799 689 645 958 375 1042 1051 1151 163 238 764 260 1052 680 619 1093 533 1030 673 669 797 923 698 749 773 402 561 812 1008 841 336 604 456 1521 777 738 974 519 928 793 371 1000 927 1000 1181 631 719 498 977 442 1353 672 1381 1187 542 1194 1501 748 1157 384 1222 290 792 406
582 691 483 344 325 397 765 851 1374 780 316 923 135 0 671 599 538 872 280 921 948 1089 214 297 669 160 928 580 535 958 398 897 583 582 704 821 602 648 710 502 454 754 1043 838 403 597 340 1440 767 620 861 557 828 848 268 897 792 927 1172 530 589 397 942 509 1275 555 1263 1117 434 1108 1386 660 1060 271 1119 398 856 408
765 634 682 807 863 1020 903 641 1236 1326 378 1085 799 671 0 775 647 963 663 728 904 1254 867 940 780 660 684 707 775 472 348 529 766 783 815 821 744 732 969 1162 298 1019 1565 1278 1041 1071 577 1446 1197 592 763 1136 844 1428 637 865 368 1072 1549 685 445 360 1254 1137 1322 579 1007 1236 620 1137 1143 817 1024 597 1031 1067 1452 954
17 235 124 323 411 589 168 416 794 676 510 345 689 599 775 0 127 273 319 441 371 520 591 596 80 439 484 70 76 712 465 573 16 27 108 247 38 94 195 778 791 244 860 544 631 411 286 841 467 218 335 580 245 804 332 322 585 342 777 94 349 780 479 668 678 200 744 531 190 508 846 60 469 339 539 753 848 441
118 175 81 332 423 613 275 363 836 765 397 460 645 538 647 127 0 365 272 411 410 635 575 598 152 386 438 62 144 616 343 490 119 137 192 284 99 116 322 801 674 371 967 657 652 496 200 925 578 123 329 639 293 889 274 359 476 452 903 45 229 667 606 707 769 79 742 637 103 590 857 174 525 266 581 758 928 477
290 330 394 576 655 812 110 416 551 778 761 139 958 872 963 273 365 0 592 382 185 292 848 841 213 712 447 307 339 762 700 606 289 290 174 156 276 251 242 994 1034 244 890 576 855 557 555 567 523 373 267 756 131 910 605 168 685 116 685 353 518 1032 394 868 405 402 577 276 456 236 648 212 226 611 312 989 963 660
302 440 206 143 207 389 484 619 1102 663 299 646 375 280 663 319 272 592 0 677 675 816 309 346 390 120 696 305 255 804 316 708 303 302 425 548 324 373 441 566 565 488 908 645 422 417 110 1159 565 375 601 476 553 765 27 624 642 649 956 256 397 533 696 500 995 310 1013 839 171 828 1129 379 783 66 846 504 791 293
450 237 489 740 832 1019 410 88 513 1102 686 519 1042 921 728 441 411 382 677 0 224 641 985 1009 368 783 67 403 511 400 597 248 450 468 366 240 408 347 562 1208 900 589 1252 931 1060 847 585 727 866 304 119 1022 261 1234 674 216 376 494 1067 441 359 922 775 1106 624 369 341 592 506 451 469 418 320 657 307 1169 1281 876
386 291 469 694 781 954 260 285 426 959 776 310 1051 948 904 371 410 185 675 224 0 416 961 967 291 793 292 370 447 624 699 470 386 396 265 127 355 302 414 1141 1027 425 1076 761 997 726 610 547 706 358 141 919 125 1091 681 51 580 283 856 419 478 1037 575 1022 419 412 396 367 513 236 481 322 124 677 170 1123 1142 803
536 622 643 756 816 930 360 692 576 761 1030 175 1151 1089 1254 520 635 292 816 641 416 0 1016 987 484 930 708 573 565 1037 978 882 534 527 446 444 538 529 379 1090 1309 339 781 522 972 625 805 418 509 662 540 822 419 880 835 428 973 183 475 612 808 1300 274 952 254 685 725 81 711 240 746 463 358 850 435 1115 938 788
575 747 500 272 200 187 737 928 1385 583 494 866 163 214 867 591 575 848 309 985 961 1016 0 82 670 227 1005 597 515 1096 557 1011 576 567 698 835 607 664 643 295 668 677 848 679 189 445 412 1400 617 683 902 358 836 640 317 912 931 876 1019 550 698 612 826 295 1230 618 1316 1058 478 1081 1428 645 1059 345 1130 206 644 247
581 773 519 273 186 107 731 958 1386 506 563 845 238 297 940 596 598 841 346 1009 967 987 82 0 676 287 1034 612 519 1147 620 1054 582 571 701 843 617 676 622 226 749 652 770 618 106 391 454 1382 561 713 920 281 842 558 359 919 983 858 958 568 742 693 782 213 1211 650 1334 1035 508 1070 1441 646 1058 393 1133 160 561 200
95 187 185 403 492 669 125 354 716 737 550 310 764 669 780 80 152 213 390 368 291 484 670 676 0 510 416 94 157 668 493 523 94 106 39 167 66 48 217 857 826 259 906 586 711 478 342 777 513 194 258 655 166 867 400 242 554 301 789 141 339 820 487 746 618 202 664 484 243 442 765 52 393 402 460 833 913 520
422 547 325 202 217 359 604 719 1220 694 282 763 260 160 660 439 386 712 120 783 793 930 227 287 510 0 796 423 374 869 333 788 423 421 545 666 443 491 552 513 509 597 951 714 382 476 197 1279 638 479 714 485 672 782 111 742 703 766 1040 374 474 466 795 477 1114 413 1121 957 282 948 1241 499 903 126 964 433 799 311
491 263 518 770 862 1051 469 77 551 1153 675 585 1052 928 684 484 438 447 696 67 292 708 1005 1034 416 796 0 439 550 334 584 185 492 511 419 301 449 389 618 1239 873 647 1310 989 1091 894 599 783 922 322 181 1063 323 1284 691 283 324 560 1133 473 349 900 839 1142 686 386 348 659 527 516 482 467 384 670 363 1195 1330 911
66 180 98 340 431 616 214 367 797 735 457 398 680 580 707 70 62 307 305 403 370 573 597 612 94 423 439 0 114 648 405 513 67 87 133 242 37 68 265 805 735 313 926 612 657 468 249 871 534 151 307 625 248 862 312 319 517 391 847 49 279 728 548 703 712 130 722 577 150 536 831 112 479 311 541 771 904 473
63 293 93 246 334 513 230 480 869 623 480 392 619 535 775 76 144 339 255 511 447 565 515 519 157 374 550 114 0 758 448 626 63 51 183 324 102 164 205 702 763 256 823 514 555 355 243 905 434 261 409 512 322 749 271 399 621 394 774 99 373 746 486 594 739 224 820 584 160 575 922 129 543 285 614 676 790 366
713 481 691 919 1004 1192 757 346 836 1382 649 901 1093 958 472 712 616 762 804 400 624 1037 1096 1147 668 869 334 648 758 0 561 155 713 734 686 606 673 626 886 1370 739 925 1572 1253 1226 1112 694 1105 1179 497 497 1249 631 1506 788 608 166 878 1440 661 410 787 1139 1299 1019 539 573 992 665 851 704 720 718 754 690 1301 1544 1075
452 407 354 459 520 688 618 513 1098 978 93 803 533 398 348 465 343 700 316 597 699 978 557 620 493 333 584 405 448 561 0 514 453 466 532 588 441 450 651 847 333 702 1217 935 714 724 229 1241 854 341 576 792 605 1082 291 651 395 795 1220 371 237 337 934 804 1095 298 932 976 287 911 1064 517 823 251 857 763 1107 609
576 338 568 810 898 1088 605 190 718 1248 607 746 1030 897 529 573 490 606 708 248 470 882 1011 1054 523 788 185 513 626 155 514 0 576 597 537 451 535 484 739 1272 756 776 1429 1109 1125 981 600 966 1036 366 342 1129 476 1375 695 453 161 723 1286 532 313 793 986 1190 871 417 478 837 554 700 614 575 568 666 547 1212 1416 962
1 240 109 308 397 576 184 423 809 672 496 359 673 583 766 16 119 289 303 450 386 534 576 582 94 423 492 67 63 713 453 576 0 20 123 261 42 103 202 765 778 252 860 545 618 406 271 857 467 217 346 571 260 799 316 337 584 357 784 82 345 766 487 657 694 195 757 547 176 524 859 76 485 323 554 739 842 429
21 260 116 298 385 562 182 443 818 651 507 353 669 582 783 27 137 290 302 468 396 527 567 571 106 421 511 87 51 734 466 597 20 0 131 273 62 121 186 751 789 237 839 524 604 386 277 857 447 238 362 553 271 779 316 348 604 352 766 97 364 776 471 640 693 214 771 542 185 526 872 78 492 326 563 727 822 413
124 208 222 429 516 689 88 361 686 736 589 272 797 704 815 108 192 174 425 366 265 446 698 701 39 545 419 133 183 686 532 537 123 131 0 147 103 83 202 876 865 239 895 574 732 482 381 739 504 226 251 665 141 867 436 219 578 262 763 179 372 860 460 761 579 239 648 445 282 405 744 57 361 439 431 857 914 538
261 189 341 570 659 835 171 261 554 871 660 295 923 821 821 247 284 156 548 240 127 444 835 843 167 666 301 242 324 606 588 451 261 273 147 0 228 174 326 1023 920 349 1013 692 877 625 484 654 629 247 120 811 25 1003 554 76 530 273 836 292 381 925 539 908 509 293 501 416 387 324 599 204 242 550 298 1000 1052 685
42 197 119 343 433 615 179 381 780 714 492 362 698 602 744 38 99 276 324 408 355 538 607 617 66 443 449 37 102 673 441 535 42 62 103 228 0 61 229 804 771 277 899 582 657 448 278 843 506 180 306 614 230 842 333 305 547 356 811 77 313 763 511 697 682 165 718 543 179 508 824 75 459 336 524 775 885 469
102 146 167 403 494 676 171 322 728 769 510 356 749 648 732 94 116 251 373 347 302 529 664 676 48 491 389 68 164 626 450 484 103 121 83 174 61 0 262 865 784 305 946 626 718 505 314 808 552 146 245 674 180 898 380 251 508 345 837 117 291 781 535 759 653 156 658 526 215 473 765 94 412 378 472 835 942 530
204 405 296 378 443 581 156 563 791 547 685 223 773 710 969 195 322 242 441 562 414 379 643 622 217 552 618 265 205 886 651 739 202 186 202 326 229 262 0 758 968 50 693 372 624 315 448 759 304 405 443 514 309 679 462 380 771 235 581 284 543 950 284 629 588 395 811 415 365 453 889 167 468 482 554 762 729 431
765 976 720 468 377 189 890 1164 1546 447 788 971 402 502 1162 778 801 994 566 1208 1141 1090 295 226 857 513 1239 805 702 1370 847 1272 765 751 876 1023 804 865 758 0 955 775 686 635 148 465 676 1501 604 921 1111 273 1017 443 582 1095 1207 989 957 767 963 895 848 139 1331 860 1522 1149 719 1211 1621 819 1219 617 1300 115 424 338
777 736 673 699 727 845 949 812 1412 1203 283 1133 561 454 298 791 674 1034 565 900 1027 1309 668 749 826 509 873 735 763 739 333 756 778 789 865 920 771 784 968 955 0 1019 1460 1210 856 978 522 1573 1130 673 898 991 938 1287 538 981 601 1126 1518 697 551 67 1245 960 1429 632 1218 1310 604 1244 1354 846 1151 504 1180 848 1300 820
254 446 347 417 477 603 178 596 783 534 736 196 812 754 1019 244 371 244 488 589 425 339 677 652 259 597 647 313 256 925 702 776 252 237 239 349 277 305 50 775 1019 0 663 342 646 320 498 731 281 451 469 523 330 666 510 396 814 213 533 334 591 1000 234 643 560 443 821 382 416 437 893 211 467 531 554 787 718 456
861 1092 905 765 733 663 841 1256 1355 264 1207 779 1008 1043 1565 860 967 890 908 1252 1076 781 848 770 906 951 1310 926 823 1572 1217 1429 860 839 895 1013 899 946 693 686 1460 663 0 321 677 493 987 1170 393 1077 1132 489 993 247 935 1054 1443 807 387 922 1196 1417 519 580 1027 1047 1460 863 955 1002 1508 854 1085 974 1173 783 286 641
546 772 602 513 513 525 521 935 1073 240 940 477 841 838 1278 544 657 576 645 931 761 522 679 618 586 714 989 612 514 1253 935 1109 545 524 574 692 582 626 372 635 1210 342 321 0 557 241 706 936 81 762 812 366 673 358 672 736 1129 504 340 613 887 1175 248 498 777 737 1151 597 659 716 1210 534 782 707 871 695 416 436
618 828 572 320 229 43 749 1016 1406 416 663 842 336 403 1041 631 652 855 422 1060 997 972 189 106 711 382 1091 657 555 1226 714 1125 618 604 732 877 657 718 624 148 856 646 677 557 0 352 532 1377 511 773 963 197 873 457 440 951 1065 858 893 618 817 800 746 106 1206 712 1375 1026 572 1077 1476 674 1079 476 1158 144 457 195
406 646 425 278 271 313 465 828 1104 269 716 512 604 597 1071 411 496 557 417 847 726 625 445 391 478 476 894 468 355 1112 724 981 406 386 482 625 448 505 315 465 978 320 493 241 352 0 494 1037 173 616 733 202 612 394 445 688 971 532 577 451 717 940 394 328 867 575 1121 684 468 757 1204 428 783 483 869 496 436 198
270 351 162 239 314 499 454 521 1035 752 240 630 456 340 577 286 200 555 110 585 610 805 412 454 342 197 599 249 243 694 229 600 271 277 381 484 278 314 448 676 522 498 987 706 532 494 0 1120 625 281 520 577 493 861 95 559 532 628 1000 201 287 502 722 609 961 216 925 818 99 785 1046 346 725 71 780 612 889 395
858 837 961 1131 1202 1335 675 809 329 1176 1313 536 1521 1440 1446 841 925 567 1159 727 547 418 1400 1382 777 1279 783 871 905 1105 1241 966 857 857 739 654 843 808 759 1501 1573 731 1170 936 1377 1037 1120 0 927 900 684 1237 637 1293 1173 592 1104 524 812 919 1026 1579 688 1365 171 946 600 352 1021 335 540 780 424 1179 420 1518 1351 1188
468 698 521 436 442 475 458 865 1040 260 859 438 777 767 1197 467 578 523 565 866 706 509 617 561 513 638 922 534 434 1179 854 1036 467 447 504 629 506 552 304 604 1130 281 393 81 511 173 625 927 0 685 747 330 611 390 592 678 1052 463 405 533 807 1097 247 464 762 658 1100 580 577 683 1166 461 737 627 826 653 444 371
216 72 204 453 544 734 313 245 769 884 417 493 738 620 592 218 123 373 375 304 358 662 683 713 194 479 322 151 261 497 341 366 217 238 226 247 180 146 405 921 673 451 1077 762 773 616 281 900 685 0 246 763 265 1010 371 310 367 480 983 166 146 679 681 830 756 65 643 649 205 571 765 239 482 353 521 873 1050 600
346 174 402 647 738 922 291 151 524 986 659 406 974 861 763 335 329 267 601 119 141 540 902 920 258 714 181 307 409 497 576 342 346 362 251 120 306 245 443 1111 898 469 1132 812 963 733 520 684 747 246 0 913 142 1117 602 112 441 382 952 352 347 912 657 1003 560 308 414 500 431 377 527 305 260 591 281 1079 1165 775
572 805 560 338 273 175 660 993 1305 225 761 715 519 557 1136 580 639 756 476 1022 919 822 358 281 655 485 1063 625 512 1249 792 1129 571 553 665 811 614 674 514 273 991 523 489 366 197 202 577 1237 330 763 913 0 801 296 501 878 1096 735 698 598 841 942 576 133 1068 712 1312 885 584 960 1400 609 983 541 1068 330 315 182
261 210 346 569 656 830 153 286 550 856 675 270 928 828 844 245 293 131 553 261 125 419 836 842 166 672 323 248 322 631 605 476 260 271 141 25 230 180 309 1017 938 330 993 673 873 612 493 637 611 265 142 801 0 988 560 78 555 248 812 298 402 942 515 901 490 308 510 392 395 305 603 198 232 558 294 998 1037 679
800 1040 816 623 567 452 835 1220 1428 132 1056 828 793 848 1428 804 889 910 765 1234 1091 880 640 558 867 782 1284 862 749 1506 1082 1375 799 779 867 1003 842 898 679 443 1287 666 247 358 457 394 861 1293 390 1010 1117 296 988 0 791 1059 1362 853 586 845 1107 1238 606 353 1135 967 1487 956 852 1071 1556 816 1127 831 1216 546 57 475
315 438 214 170 230 409 499 613 1108 689 271 664 371 268 637 332 274 605 27 674 681 835 317 359 400 111 691 312 271 788 291 695 316 316 436 554 333 380 462 582 538 510 935 672 440 445 95 1173 592 371 602 501 560 791 0 630 625 666 983 262 383 507 721 521 1009 305 1012 856 171 840 1130 392 792 40 852 516 816 318
337 245 418 646 734 908 223 263 478 927 727 303 1000 897 865 322 359 168 624 216 51 428 912 919 242 742 283 319 399 608 651 453 337 348 219 76 305 251 380 1095 981 396 1054 736 951 688 559 592 678 310 112 878 78 1059 630 0 552 277 851 368 434 989 562 979 457 362 433 388 462 272 525 276 171 626 222 1075 1109 757
583 370 546 763 845 1032 659 297 872 1240 484 821 927 792 368 585 476 685 642 376 580 973 931 983 554 703 324 517 621 166 395 161 584 604 578 530 547 508 771 1207 601 814 1443 1129 1065 971 532 1104 1052 367 441 1096 555 1362 625 552 0 802 1342 522 255 642 1039 1140 996 397 638 939 512 816 775 603 691 590 684 1136 1398 920
358 442 466 607 677 815 177 532 577 724 848 27 1000 927 1072 342 452 116 649 494 283 183 876 858 301 766 560 391 394 878 795 723 357 352 262 273 356 345 235 989 1126 213 807 504 858 532 628 524 463 480 382 735 248 853 666 277 802 0 574 432 626 1119 294 856 354 501 653 190 532 225 706 283 278 678 367 997 908 666
785 972 868 837 848 864 684 1097 1042 518 1240 548 1181 1172 1549 777 903 685 956 1067 856 475 1019 958 789 1040 1133 847 774 1440 1220 1286 784 766 763 836 811 837 581 957 1518 533 387 340 893 577 1000 812 405 983 952 698 812 586 983 851 1342 574 0 864 1124 1490 302 825 690 977 1199 554 933 715 1220 744 826 1014 907 1028 639 775
81 210 50 299 390 578 256 399 846 721 417 437 631 530 685 94 45 353 256 441 419 612 550 568 141 374 473 49 99 661 371 532 82 97 179 292 77 117 284 767 697 334 922 613 618 451 201 919 533 166 352 598 298 845 262 368 522 432 864 0 273 687 569 669 759 124 766 620 102 584 877 149 529 261 590 728 884 439
343 192 292 509 594 783 460 277 864 987 327 640 719 589 445 349 229 518 397 359 478 808 698 742 339 474 349 279 373 410 237 313 345 364 372 381 313 291 543 963 551 591 1196 887 817 717 287 1026 807 146 347 841 402 1107 383 434 255 626 1124 273 0 567 823 889 890 150 696 792 257 704 827 381 603 352 628 899 1142 666
765 745 659 662 683 792 942 836 1431 1158 270 1125 498 397 360 780 667 1032 533 922 1037 1300 612 693 820 466 900 728 746 787 337 793 766 776 860 925 763 781 950 895 67 1000 1417 1175 800 940 502 1579 1097 679 912 942 942 1238 507 989 642 1119 1490 687 567 0 1222 906 1431 633 1247 1305 590 1247 1382 837 1161 476 1194 787 1249 775
488 669 579 597 633 707 382 799 837 488 962 266 977 942 1254 479 606 394 696 775 575 274 826 782 487 795 839 548 486 1139 934 986 487 471 460 539 511 535 284 848 1245 234 519 248 746 394 722 688 247 681 657 576 515 606 721 562 1039 294 302 569 823 1222 0 709 529 677 945 352 647 483 988 442 568 747 656 889 663 582
657 880 626 380 295 117 767 1068 1420 326 759 838 442 509 1137 668 707 868 500 1106 1022 952 295 213 746 477 1142 703 594 1299 804 1190 657 640 761 908 697 759 629 139 960 643 580 498 106 328 609 1365 464 830 1003 133 901 353 521 979 1140 856 825 669 889 906 709 0 1195 773 1410 1012 636 1080 1504 704 1094 560 1177 206 350 230
695 698 800 961 1031 1163 510 698 362 1015 1162 365 1353 1275 1322 678 769 405 995 624 419 254 1230 1211 618 1114 686 712 739 1019 1095 871 694 693 579 509 682 653 588 1331 1429 560 1027 777 1206 867 961 171 762 756 560 1068 490 1135 1009 457 996 354 690 759 890 1431 529 1195 0 797 580 183 861 186 560 617 304 1017 333 1347 1192 1016
193 135 152 394 484 674 327 309 829 844 366 512 672 555 579 200 79 402 310 369 412 685 618 650 202 413 386 130 224 539 298 417 195 214 239 293 165 156 395 860 632 443 1047 737 712 575 216 946 658 65 308 712 308 967 305 362 397 501 977 124 150 633 677 773 797 0 709 679 141 613 830 237 533 287 578 810 1005 544
757 574 816 1061 1152 1333 656 419 283 1355 1023 680 1381 1263 1007 744 742 577 1013 341 396 725 1316 1334 664 1121 348 722 820 573 932 478 757 771 648 501 718 658 811 1522 1218 821 1460 1151 1375 1121 925 600 1100 643 414 1312 510 1487 1012 433 638 653 1199 766 696 1247 945 1410 580 709 0 650 841 485 136 705 377 996 292 1493 1539 1185
548 602 656 793 858 983 364 650 494 835 1034 194 1187 1117 1236 531 637 276 839 592 367 81 1058 1035 484 957 659 577 584 992 976 837 547 542 445 416 543 526 415 1149 1310 382 863 597 1026 684 818 352 580 649 500 885 392 956 856 388 939 190 554 620 792 1305 352 1012 183 679 650 0 721 165 666 472 292 869 363 1168 1014 838
175 269 69 255 344 534 357 450 939 734 321 536 542 434 620 190 103 456 171 506 513 711 478 508 243 282 527 150 160 665 287 554 176 185 282 387 179 215 365 719 604 416 955 659 572 468 99 1021 577 205 431 584 395 852 171 462 512 532 933 102 257 590 647 636 861 141 841 721 0 686 958 249 627 163 684 668 886 410
525 512 627 809 886 1034 345 520 357 943 980 246 1194 1108 1137 508 590 236 828 451 236 240 1081 1070 442 948 516 536 575 851 911 700 524 526 405 324 508 473 453 1211 1244 437 1002 716 1077 757 785 335 683 571 377 960 305 1071 840 272 816 225 715 584 704 1247 483 1080 186 613 485 165 686 0 509 448 134 845 197 1215 1127 883
860 694 928 1168 1257 1433 739 550 210 1425 1155 732 1501 1386 1143 846 857 648 1129 469 481 746 1428 1441 765 1241 482 831 922 704 1064 614 859 872 744 599 824 765 889 1621 1354 893 1508 1210 1476 1204 1046 540 1166 765 527 1400 603 1556 1130 525 775 706 1220 877 827 1382 988 1504 560 830 136 666 958 509 0 801 428 1117 339 1599 1609 1283
78 238 184 374 460 632 107 406 740 686 566 287 748 660 817 60 174 212 379 418 322 463 645 646 52 499 467 112 129 720 517 575 76 78 57 204 75 94 167 819 846 211 854 534 674 428 346 780 461 239 305 609 198 816 392 276 603 283 744 149 381 837 442 704 617 237 705 472 249 448 801 0 414 400 487 800 862 481
485 416 577 788 872 1035 329 394 328 997 899 306 1157 1060 1024 469 525 226 783 320 124 358 1059 1058 393 903 384 479 543 718 823 568 485 492 361 242 459 412 468 1219 1151 467 1085 782 1079 783 725 424 737 482 260 983 232 1127 792 171 691 278 826 529 603 1161 568 1094 304 533 377 292 627 134 428 414 0 790 89 1210 1181 883
322 423 217 210 270 446 507 592 1103 729 233 678 384 271 597 339 266 611 66 657 677 850 345 393 402 126 670 311 285 754 251 666 323 326 439 550 336 378 482 617 504 531 974 707 476 483 71 1179 627 353 591 541 558 831 40 626 590 678 1014 261 352 476 747 560 1017 287 996 869 163 845 1117 400 790 0 848 548 856 358
554 451 639 861 947 1115 410 390 256 1085 938 395 1222 1119 1031 539 581 312 846 307 170 435 1130 1133 460 964 363 541 614 690 857 547 554 563 431 298 524 472 554 1300 1180 554 1173 871 1158 869 780 420 826 521 281 1068 294 1216 852 222 684 367 907 590 628 1194 656 1177 333 578 292 363 684 197 339 487 89 848 0 1287 1270 963
739 933 680 431 341 184 881 1118 1538 532 697 983 290 398 1067 753 758 989 504 1169 1123 1115 206 160 833 433 1195 771 676 1301 763 1212 739 727 857 1000 775 835 762 115 848 787 783 695 144 496 612 1518 653 873 1079 330 998 546 516 1075 1136 997 1028 728 899 787 889 206 1347 810 1493 1168 668 1215 1599 800 1210 548 1287 0 533 331
843 1082 853 650 589 458 885 1265 1484 184 1077 883 792 856 1452 848 928 963 791 1281 1142 938 644 561 913 799 1330 904 790 1544 1107 1416 842 822 914 1052 885 942 729 424 1300 718 286 416 457 436 889 1351 444 1050 1165 315 1037 57 816 1109 1398 908 639 884 1142 1249 663 350 1192 1005 1539 1014 886 1127 1609 862 1181 856 1270 533 0 498
429 649 396 157 93 152 554 838 1211 383 580 651 406 408 954 441 477 660 293 876 803 788 247 200 520 311 911 473 366 1075 609 962 429 413 538 685 469 530 431 338 820 456 641 436 195 198 395 1188 371 600 775 182 679 475 318 757 920 666 775 439 666 775 582 230 1016 544 1185 838 410 883 1283 481 883 358 963 331 498 0
