0 776 678 100 753 511 130 650 549 666 691 41 681 519 588 544 133 520 319 137 777 744 682 857 853 435 57 168 736 616 204 797 359 347 509 771 416 863 434 23 9 634 28 406 447 488 511 182 440 299 599 836 729 368 269 53 7 368 88 644 215 432 381 226 272 757 801 62 755 359 162 374 19 686 815 455 568 187
776 0 1239 702 1179 1081 686 922 1325 1112 768 810 240 1083 768 1226 644 960 1005 665 1534 1286 1356 109 1075 422 794 917 947 1257 791 386 1085 1111 1165 1185 646 111 1201 793 778 226 800 637 896 856 576 790 497 589 1151 266 83 1131 650 800 768 738 708 617 589 508 423 552 977 1534 239 717 1173 984 790 495 791 157 269 1185 388 611
678 1239 0 662 212 171 801 420 652 190 621 642 1253 166 540 989 764 286 370 799 951 68 1090 1274 1510 1054 720 724 478 147 511 1032 389 714 1002 1375 1092 1349 725 684 685 1196 680 603 1096 394 1179 847 1089 664 88 1402 1231 488 944 711 683 502 758 1314 858 732 836 828 821 769 1363 722 1360 943 539 748 682 1094 1386 365 871 834
100 702 662 0 710 491 154 577 629 624 599 118 633 498 501 644 101 468 332 144 871 726 783 776 911 402 151 268 659 622 154 699 395 442 608 850 439 795 526 123 108 582 128 310 518 419 517 256 428 198 578 788 662 429 292 150 96 286 118 652 195 331 291 175 372 838 752 85 834 452 123 275 119 601 768 495 470 171
753 1179 212 710 0 272 861 273 845 86 473 725 1233 263 422 1147 809 246 492 854 1149 191 1259 1195 1606 1067 804 839 301 356 557 917 544 869 1151 1500 1149 1290 895 766 762 1174 763 553 1196 331 1220 934 1118 650 209 1373 1184 654 1002 796 757 474 821 1354 897 678 812 853 946 976 1334 785 1483 1066 595 715 762 1025 1360 548 793 877
511 1081 171 491 272 0 632 350 591 196 530 478 1084 9 432 875 593 170 221 629 897 235 988 1121 1355 882 557 575 431 190 339 902 273 596 879 1234 924 1188 625 520 520 1027 516 450 941 265 1008 685 918 498 88 1234 1068 385 775 548 516 344 590 1143 687 576 670 656 679 746 1196 554 1218 800 368 586 517 939 1218 293 723 663
130 686 801 154 861 632 0 729 650 775 737 171 567 640 644 565 76 621 448 24 848 867 703 776 757 314 116 231 810 745 304 765 489 425 517 709 291 765 515 133 125 524 140 443 371 572 382 128 311 315 720 719 631 490 143 125 123 436 42 515 99 430 333 141 298 855 686 78 693 342 267 360 134 617 698 584 541 74
650 922 420 577 273 350 729 0 921 235 203 634 1002 345 154 1137 662 188 497 715 1226 434 1265 930 1486 869 707 780 90 523 448 644 584 870 1124 1421 994 1033 921 669 660 944 669 330 1094 162 1046 829 934 453 358 1133 936 696 856 701 651 293 695 1175 737 440 591 680 895 1091 1095 661 1405 1002 490 492 665 765 1122 632 534 723
549 1325 652 629 845 591 650 921 0 782 1061 515 1216 599 950 411 681 733 432 668 306 710 470 1405 1073 961 535 424 1009 508 596 1307 339 244 457 865 853 1411 170 532 547 1174 524 850 707 785 969 585 940 796 636 1368 1277 233 743 528 556 758 621 1079 749 929 921 774 423 209 1335 608 852 513 576 890 534 1231 1346 298 1083 723
666 1112 190 624 86 196 775 235 782 0 439 638 1156 187 371 1069 723 163 411 767 1088 199 1184 1134 1520 984 718 754 288 316 470 869 470 791 1071 1415 1062 1223 822 679 676 1098 677 480 1110 257 1135 847 1034 570 152 1299 1114 582 916 710 670 395 735 1269 812 607 735 769 863 925 1260 698 1399 981 508 639 676 960 1285 483 730 792
691 768 621 599 473 530 737 203 1061 439 0 687 886 526 111 1219 662 360 628 718 1358 638 1354 761 1475 801 747 844 187 713 511 452 723 969 1194 1446 965 877 1033 713 700 830 715 294 1108 278 995 854 878 424 553 1002 795 828 843 744 689 328 712 1116 717 351 511 652 958 1245 965 683 1430 1050 549 421 708 611 994 788 389 710
41 810 642 118 725 478 171 634 515 638 687 0 721 486 582 537 172 496 280 178 752 709 674 889 881 475 79 158 722 577 186 817 318 323 508 789 455 899 408 42 45 673 38 408 471 472 551 209 481 311 565 876 765 328 308 71 48 361 129 683 256 447 408 264 270 724 841 102 772 368 144 393 40 716 855 414 589 228
681 240 1253 633 1233 1084 567 1002 1216 1156 886 721 0 1088 855 1054 549 995 962 550 1389 1308 1177 348 836 256 683 793 1046 1242 758 586 1028 984 989 960 442 248 1074 693 680 58 701 680 694 901 353 643 302 590 1164 155 158 1050 487 691 674 762 599 378 469 561 421 460 829 1420 119 619 949 811 744 518 692 327 135 1128 500 496
519 1083 166 498 263 9 640 345 599 187 526 486 1088 0 429 884 599 166 230 636 905 228 997 1123 1363 888 565 584 425 191 345 901 282 605 888 1243 931 1191 634 528 528 1032 524 452 949 263 1015 694 924 502 80 1238 1071 394 783 557 524 346 597 1150 693 578 674 662 688 753 1200 561 1227 809 375 589 525 941 1222 300 724 670
588 768 540 501 422 432 644 154 950 371 111 582 855 429 0 1111 571 264 517 626 1246 567 1244 776 1392 741 645 738 191 620 402 497 612 858 1088 1351 887 879 921 609 598 798 611 208 1015 171 927 757 812 340 465 983 783 717 759 641 587 221 616 1053 634 298 455 572 852 1136 945 585 1335 948 441 358 605 611 973 680 379 624
544 1226 989 644 1147 875 565 1137 411 1069 1219 537 1054 884 1111 0 633 968 660 590 375 1054 139 1324 684 809 494 378 1228 861 708 1329 604 278 71 457 621 1287 271 521 536 1028 516 946 394 978 732 443 752 843 945 1187 1159 501 576 494 548 890 563 807 650 975 898 706 273 516 1163 576 445 243 670 912 525 1177 1164 628 1102 634
133 644 764 101 809 593 76 662 681 723 662 172 549 599 571 633 0 565 427 55 898 828 771 728 825 308 152 279 740 721 255 696 482 469 587 784 340 730 559 149 134 501 156 368 446 508 415 203 327 239 680 704 595 501 195 157 125 368 69 550 94 354 266 92 361 889 669 72 768 416 224 285 147 562 684 580 470 70
520 960 286 468 246 170 621 188 733 163 360 496 995 166 264 968 565 0 315 612 1038 326 1091 990 1373 821 574 627 276 355 318 746 397 695 960 1283 905 1071 740 535 530 937 534 324 967 107 974 702 872 407 205 1139 958 510 759 567 523 233 582 1108 652 452 573 607 740 903 1100 546 1267 853 358 479 532 812 1125 443 586 633
319 1005 370 332 492 221 448 497 432 411 628 280 962 230 517 660 427 315 0 451 732 438 779 1065 1140 734 355 355 588 296 214 907 97 383 659 1013 735 1106 425 322 325 909 317 437 725 353 830 479 753 422 303 1117 976 201 588 346 325 336 405 963 521 539 581 507 457 621 1080 372 997 578 219 520 320 882 1098 185 697 494
137 665 799 144 854 629 24 715 668 767 718 178 550 636 626 590 55 612 451 0 870 864 727 754 771 299 133 252 794 747 297 741 496 446 541 728 295 745 536 144 133 506 152 423 390 560 380 152 303 295 717 704 611 502 148 140 129 421 49 515 81 407 309 117 322 874 670 78 713 367 262 337 144 594 683 593 517 54
777 1534 951 871 1149 897 848 1226 306 1088 1358 752 1389 905 1246 375 898 1038 732 870 0 1004 330 1624 1044 1135 745 619 1314 803 872 1568 642 430 446 797 975 1608 344 756 772 1355 749 1128 766 1085 1090 748 1092 1057 940 1531 1475 531 901 741 783 1045 830 1176 944 1193 1158 985 561 224 1503 828 788 592 845 1144 759 1460 1508 605 1340 922
744 1286 68 726 191 235 867 434 710 199 638 709 1308 228 567 1054 828 326 438 864 1004 0 1153 1316 1579 1114 788 793 482 202 573 1063 457 780 1069 1444 1158 1396 789 752 752 1251 747 649 1164 433 1243 915 1152 718 147 1456 1281 553 1010 779 750 551 824 1378 922 778 890 889 889 816 1417 788 1428 1012 603 799 749 1138 1441 429 912 898
682 1356 1090 783 1259 988 703 1265 470 1184 1354 674 1177 997 1244 139 771 1091 779 727 330 1153 0 1457 717 937 633 516 1356 955 843 1467 715 396 191 466 738 1414 365 659 674 1154 655 1083 496 1107 844 579 875 981 1053 1305 1287 605 706 633 686 1025 702 907 787 1114 1037 843 412 519 1283 715 458 373 805 1051 663 1313 1282 724 1241 771
857 109 1274 776 1195 1121 776 930 1405 1134 761 889 348 1123 776 1324 728 990 1065 754 1624 1316 1457 0 1184 526 880 1005 945 1303 851 337 1150 1198 1266 1294 753 150 1287 876 860 336 883 671 1003 883 685 885 604 644 1187 349 192 1203 750 885 850 777 794 726 681 544 488 638 1070 1614 328 800 1282 1084 854 546 873 183 357 1248 404 702
853 1075 1510 911 1606 1355 757 1486 1073 1520 1475 881 836 1363 1392 684 825 1373 1140 771 1044 1579 717 1184 0 722 801 787 1565 1417 1055 1359 1135 860 623 260 513 1075 907 840 844 851 843 1185 414 1330 520 672 631 1052 1441 893 992 1070 633 809 850 1193 793 458 758 1134 985 822 703 1201 891 829 264 584 1015 1060 843 1119 874 1201 1183 767
435 422 1054 402 1067 882 314 869 961 984 801 475 256 888 741 809 308 821 734 299 1135 1114 937 526 722 0 430 537 931 1024 544 639 790 728 746 783 232 477 818 444 432 220 451 539 476 741 204 388 90 420 967 406 350 802 235 439 427 594 349 315 219 449 289 227 574 1164 374 373 770 566 522 383 444 413 384 888 465 247
57 794 720 151 804 557 116 707 535 718 747 79 683 565 645 494 152 574 355 133 745 788 633 880 801 430 0 127 793 650 260 839 383 317 457 714 382 877 407 39 47 639 41 460 393 545 484 129 424 349 645 836 742 375 240 9 57 426 86 614 214 480 415 242 221 742 803 84 698 303 218 418 42 714 815 475 610 188
168 917 724 268 839 575 231 780 424 754 844 158 793 584 738 378 279 627 355 252 619 793 516 1005 787 537 127 0 869 631 337 964 349 193 350 660 442 996 283 145 161 753 140 567 373 617 555 165 516 466 658 943 863 304 320 124 173 516 211 675 330 600 542 366 115 626 912 211 644 227 296 541 148 841 921 425 736 306
736 947 478 659 301 431 810 90 1009 288 187 722 1046 425 191 1228 740 276 588 794 1314 482 1356 945 1565 931 793 869 0 594 535 639 673 960 1214 1507 1068 1057 1011 755 746 989 756 393 1177 251 1113 913 1000 522 427 1171 968 786 933 788 736 373 777 1241 812 489 646 752 984 1176 1133 744 1491 1090 577 549 751 789 1161 718 561 799
616 1257 147 622 356 190 745 523 508 316 713 577 1242 191 620 861 721 355 296 747 803 202 955 1303 1417 1024 650 631 594 0 483 1091 282 591 880 1266 1032 1363 592 618 622 1187 612 636 1004 454 1127 770 1048 668 167 1395 1239 363 885 641 622 528 702 1260 815 759 839 796 717 622 1357 669 1250 839 502 761 616 1120 1377 232 909 789
204 791 511 154 557 339 304 448 596 470 511 186 758 345 402 708 255 318 214 297 872 573 843 851 1055 544 260 337 535 483 0 711 299 462 686 974 593 893 534 221 214 704 221 255 651 285 671 386 578 210 426 912 764 370 445 254 206 182 264 806 348 336 367 317 452 800 874 228 958 554 42 308 218 669 894 396 492 325
797 386 1032 699 917 902 765 644 1307 869 452 817 586 901 497 1329 696 746 907 741 1568 1063 1467 337 1359 639 839 964 639 1091 711 0 1002 1140 1282 1412 865 479 1223 820 803 545 825 470 1084 640 839 892 729 511 951 651 446 1082 802 841 791 577 765 923 692 377 432 629 1057 1512 621 755 1398 1107 730 424 816 258 652 1092 228 702
359 1085 389 395 544 273 489 584 339 470 723 318 1028 282 612 604 482 397 97 496 642 457 715 1150 1135 790 383 349 673 282 299 1002 0 326 613 987 765 1183 352 356 364 977 349 533 722 446 867 495 800 509 340 1183 1052 114 623 373 367 433 448 997 572 631 663 568 435 524 1147 419 972 558 295 608 355 968 1163 100 789 545
347 1111 714 442 869 596 425 870 244 791 969 323 984 605 858 278 469 695 383 446 430 780 396 1198 860 728 317 193 960 591 462 1140 326 0 288 680 609 1190 90 325 342 945 319 714 472 714 725 344 700 632 667 1133 1056 228 503 312 353 643 403 835 524 768 728 559 179 437 1102 399 665 280 429 716 328 1031 1111 360 912 500
509 1165 1002 608 1151 879 517 1124 457 1071 1194 508 989 888 1088 71 587 960 659 541 446 1069 191 1266 623 746 457 350 1214 880 686 1282 613 288 0 408 553 1224 302 486 501 964 483 915 323 962 662 391 686 806 953 1120 1097 516 515 458 513 867 519 736 597 935 850 655 237 578 1096 535 394 182 646 870 490 1122 1097 647 1058 583
771 1185 1375 850 1500 1234 709 1421 865 1415 1446 789 960 1243 1351 457 784 1283 1013 728 797 1444 466 1294 260 783 714 660 1507 1266 974 1412 987 680 408 0 550 1207 709 753 761 959 753 1152 339 1260 609 594 695 1024 1316 1049 1104 905 620 720 770 1136 734 603 743 1129 999 811 555 969 1038 765 16 434 932 1055 757 1196 1027 1038 1210 743
416 646 1092 439 1149 924 291 994 853 1062 965 455 442 931 887 621 340 905 735 295 975 1158 738 753 513 232 382 442 1068 1032 593 865 765 609 553 550 0 686 692 413 409 426 419 679 252 846 116 277 148 547 1012 567 569 743 148 392 410 701 334 233 256 621 472 315 433 1041 544 370 537 384 558 547 415 645 544 854 674 273
863 111 1349 795 1290 1188 765 1033 1411 1223 877 899 248 1191 879 1287 730 1071 1106 745 1608 1396 1414 150 1075 477 877 996 1057 1363 893 479 1183 1190 1224 1207 686 0 1280 879 864 260 886 747 939 967 601 860 541 694 1260 204 134 1224 712 883 855 846 790 618 666 618 525 637 1047 1619 191 802 1197 1043 888 602 877 268 216 1283 499 690
434 1201 725 526 895 625 515 921 170 822 1033 408 1074 634 921 271 559 740 425 536 344 789 365 1287 907 818 407 283 1011 592 534 1223 352 90 302 709 692 1280 0 413 429 1035 406 789 537 769 808 432 788 713 688 1222 1146 240 591 401 440 711 493 914 614 849 815 649 259 350 1191 487 695 343 503 799 416 1119 1200 360 995 590
23 793 684 123 766 520 133 669 532 679 713 42 693 528 609 521 149 535 322 144 756 752 659 876 840 444 39 145 755 618 221 820 356 325 486 753 413 879 413 0 16 647 7 428 432 506 511 168 445 322 608 847 745 358 268 32 28 389 95 643 224 455 402 241 249 740 813 76 736 338 179 396 4 706 826 450 591 197
9 778 685 108 762 520 125 660 547 676 700 45 680 528 598 536 134 530 325 133 772 752 674 860 844 432 47 161 746 622 214 803 364 342 501 761 409 864 429 16 0 634 23 415 437 498 505 172 436 306 608 835 730 370 263 43 12 378 84 638 213 439 385 227 264 755 800 62 745 350 172 380 13 690 814 459 575 185
634 226 1196 582 1174 1027 524 944 1174 1098 830 673 58 1032 798 1028 501 937 909 506 1355 1251 1154 336 851 220 639 753 989 1187 704 545 977 945 964 959 426 260 1035 647 634 0 655 622 679 843 350 607 280 532 1107 207 145 1002 455 647 627 704 554 395 425 503 363 410 794 1379 170 572 947 784 690 459 646 287 190 1077 446 451
28 800 680 128 763 516 140 669 524 677 715 38 701 524 611 516 156 534 317 152 749 747 655 883 843 451 41 140 756 612 221 825 349 319 483 753 419 886 406 7 23 655 0 432 433 506 517 170 452 326 604 855 752 350 274 33 34 391 102 649 232 460 408 249 246 733 820 84 737 336 179 402 9 713 834 444 597 205
406 637 603 310 553 450 443 330 850 480 294 408 680 452 208 946 368 324 437 423 1128 649 1083 671 1185 539 460 567 393 636 255 470 533 714 915 1152 679 747 789 428 415 622 432 0 814 222 720 562 607 132 516 819 634 619 551 458 403 108 419 848 426 128 262 363 678 1050 781 391 1136 762 285 163 424 490 806 621 273 417
447 896 1096 518 1196 941 371 1094 707 1110 1108 471 694 949 1015 394 446 967 725 390 766 1164 496 1003 414 476 393 373 1177 1004 651 1084 722 472 323 339 252 939 537 432 437 679 433 814 0 934 350 265 399 685 1026 814 821 665 284 400 445 804 400 413 405 790 664 473 299 870 793 433 323 194 610 717 435 884 790 793 876 404
488 856 394 419 331 265 572 162 785 257 278 472 901 263 171 978 508 107 353 560 1085 433 1107 883 1330 741 545 617 251 454 285 640 446 714 962 1260 846 967 769 506 498 843 506 222 934 0 905 668 798 321 311 1042 856 554 704 539 489 147 537 1038 589 350 480 537 733 967 1003 502 1243 839 327 383 503 706 1028 509 479 573
511 576 1179 517 1220 1008 382 1046 969 1135 995 551 353 1015 927 732 415 974 830 380 1090 1243 844 685 520 204 484 555 1113 1127 671 839 867 725 662 609 116 601 808 511 505 350 517 720 350 905 0 389 117 592 1096 464 495 852 244 493 504 758 424 135 323 644 486 368 549 1158 445 458 597 498 640 574 513 601 441 959 670 345
182 790 847 256 934 685 128 829 585 847 854 209 643 694 757 443 203 702 479 152 748 915 579 885 672 388 129 165 913 770 386 892 495 344 391 594 277 860 432 168 172 607 170 562 265 668 389 0 355 438 773 790 728 466 158 137 180 542 143 511 207 558 460 264 187 782 760 171 578 214 345 489 171 734 767 580 670 191
440 497 1089 428 1118 918 311 934 940 1034 878 481 302 924 812 752 327 872 753 303 1092 1152 875 604 631 90 424 516 1000 1048 578 729 800 700 686 695 148 541 788 445 436 280 452 607 399 798 117 355 0 481 1004 439 421 799 196 433 433 651 352 241 233 527 369 265 535 1137 412 382 683 509 551 457 445 501 416 895 554 258
299 589 664 198 650 498 315 453 796 570 424 311 590 502 340 843 239 407 422 295 1057 718 981 644 1052 420 349 466 522 668 210 511 509 632 806 1024 547 694 713 322 306 532 326 132 685 321 592 438 481 0 575 737 570 576 419 348 294 175 296 722 294 136 172 231 570 1003 699 272 1008 645 221 98 318 461 722 606 286 285
599 1151 88 578 209 88 720 358 636 152 553 565 1164 80 465 945 680 205 303 717 940 147 1053 1187 1441 967 645 658 427 167 426 951 340 667 953 1316 1012 1260 688 608 608 1107 604 516 1026 311 1096 773 1004 575 0 1313 1142 448 863 636 604 414 678 1231 774 644 748 742 760 773 1275 642 1300 881 456 660 605 1007 1297 338 785 750
836 266 1402 788 1373 1234 719 1133 1368 1299 1002 876 155 1238 983 1187 704 1139 1117 704 1531 1456 1305 349 893 406 836 943 1171 1395 912 651 1183 1133 1120 1049 567 204 1222 847 835 207 855 819 814 1042 464 790 439 737 1313 0 210 1204 632 844 828 906 753 447 623 696 566 615 973 1570 38 773 1040 946 898 659 846 405 23 1283 613 650
729 83 1231 662 1184 1068 631 936 1277 1114 795 765 158 1071 783 1159 595 958 976 611 1475 1281 1287 192 992 350 742 863 968 1239 764 446 1052 1056 1097 1104 569 134 1146 745 730 145 752 634 821 856 495 728 421 570 1142 210 0 1091 582 749 721 729 656 534 532 506 399 503 915 1484 177 668 1092 916 758 482 743 194 207 1152 407 556
368 1131 488 429 654 385 490 696 233 582 828 328 1050 394 717 501 501 510 201 502 531 553 605 1203 1070 802 375 304 786 363 370 1082 114 228 516 905 743 1224 240 358 370 1002 350 619 665 554 852 466 799 576 448 1204 1091 0 610 366 376 525 453 977 582 706 715 592 366 431 1170 430 889 486 354 672 358 1024 1184 133 862 555
269 650 944 292 1002 775 143 856 743 916 843 308 487 783 759 576 195 759 588 148 901 1010 706 750 633 235 240 320 933 885 445 802 623 503 515 620 148 712 591 268 263 455 274 551 284 704 244 158 196 419 863 632 582 610 0 249 263 563 185 375 126 511 380 193 341 941 603 221 605 333 409 437 269 613 609 715 592 134
53 800 711 150 796 548 125 701 528 710 744 71 691 557 641 494 157 567 346 140 741 779 633 885 809 439 9 124 788 641 254 841 373 312 458 720 392 883 401 32 43 647 33 458 400 539 493 137 433 348 636 844 749 366 249 0 55 421 93 623 221 480 418 247 222 735 811 87 704 306 212 419 36 719 823 465 612 195
7 768 683 96 757 516 123 651 556 670 689 48 674 524 587 548 125 523 325 129 783 750 686 850 850 427 57 173 736 622 206 791 367 353 513 770 410 855 440 28 12 627 34 403 445 489 504 180 433 294 604 828 721 376 263 55 0 368 81 637 207 427 374 218 276 765 793 54 754 361 165 368 24 679 807 463 563 180
368 738 502 286 474 344 436 293 758 395 328 361 762 346 221 890 368 233 336 421 1045 551 1025 777 1193 594 426 516 373 528 182 577 433 643 867 1136 701 846 711 389 378 704 391 108 804 147 758 542 651 175 414 906 729 525 563 421 368 0 404 890 444 232 340 390 631 955 867 371 1120 727 220 247 385 595 892 517 381 429
88 708 758 118 821 590 42 695 621 735 712 129 599 597 616 563 69 582 405 49 830 824 702 794 793 349 86 211 777 702 264 765 448 403 519 734 334 790 493 95 84 554 102 419 400 537 424 143 352 296 678 753 656 453 185 93 81 404 0 558 130 418 336 155 291 828 719 36 718 351 226 351 94 630 732 544 539 103
644 617 1314 652 1354 1143 515 1175 1079 1269 1116 683 378 1150 1053 807 550 1108 963 515 1176 1378 907 726 458 315 614 675 1241 1260 806 923 997 835 736 603 233 618 914 643 638 395 649 848 413 1038 135 511 241 722 1231 447 534 977 375 623 637 890 558 0 458 764 605 501 656 1261 439 592 594 587 775 696 644 673 425 1087 774 480
215 589 858 195 897 687 99 737 749 812 717 256 469 693 634 650 94 652 521 81 944 922 787 681 758 219 214 330 812 815 348 692 572 524 597 743 256 666 614 224 213 425 232 426 405 589 323 207 233 294 774 623 532 582 126 221 207 444 130 458 0 386 262 68 390 954 589 153 728 417 318 312 224 526 602 669 475 27
432 508 732 331 678 576 430 440 929 607 351 447 561 578 298 975 354 452 539 407 1193 778 1114 544 1134 449 480 600 489 759 336 377 631 768 935 1129 621 618 849 455 439 503 460 128 790 350 644 558 527 136 644 696 506 706 511 480 427 232 418 764 386 0 159 318 701 1135 657 400 1113 770 353 74 451 363 684 725 157 385
381 423 836 291 812 670 333 591 921 735 511 408 421 674 455 898 266 573 581 309 1158 890 1037 488 985 289 415 542 646 839 367 432 663 728 850 999 472 525 815 402 385 363 408 262 664 480 486 460 369 172 748 566 399 715 380 418 374 340 336 605 262 159 0 197 628 1130 527 331 984 674 367 98 399 310 551 762 212 271
226 552 828 175 853 656 141 680 774 769 652 264 460 662 572 706 92 607 507 117 985 889 843 638 822 227 242 366 752 796 317 629 568 559 655 811 315 637 649 241 227 410 249 363 473 537 368 264 265 231 742 615 503 592 193 247 218 390 155 501 68 318 197 0 439 982 579 165 796 478 294 244 240 476 595 668 409 73
272 977 821 372 946 679 298 895 423 863 958 270 829 688 852 273 361 740 457 322 561 889 412 1070 703 574 221 115 984 717 452 1057 435 179 237 555 433 1047 259 249 264 794 246 678 299 733 549 187 535 570 760 973 915 366 341 222 276 631 291 656 390 701 628 439 0 608 944 303 539 122 411 639 253 915 950 497 829 370
757 1534 769 838 976 746 855 1091 209 925 1245 724 1420 753 1136 516 889 903 621 874 224 816 519 1614 1201 1164 742 626 1176 622 800 1512 524 437 578 969 1041 1619 350 740 755 1379 733 1050 870 967 1158 782 1137 1003 773 1570 1484 431 941 735 765 955 828 1261 954 1135 1130 982 608 0 1538 817 958 679 782 1098 742 1440 1548 459 1290 929
801 239 1363 752 1334 1196 686 1095 1335 1260 965 841 119 1200 945 1163 669 1100 1080 670 1503 1417 1283 328 891 374 803 912 1133 1357 874 621 1147 1102 1096 1038 544 191 1191 813 800 170 820 781 793 1003 445 760 412 699 1275 38 177 1170 603 811 793 867 719 439 589 657 527 579 944 1538 0 739 1028 921 861 621 812 371 30 1246 576 616
62 717 722 85 785 554 78 661 608 698 683 102 619 561 585 576 72 546 372 78 828 788 715 800 829 373 84 211 744 669 228 755 419 399 535 765 370 802 487 76 62 572 84 391 433 502 458 171 382 272 642 773 668 430 221 87 54 371 36 592 153 400 331 165 303 817 739 0 749 373 190 336 74 632 753 516 527 126
755 1173 1360 834 1483 1218 693 1405 852 1399 1430 772 949 1227 1335 445 768 1267 997 713 788 1428 458 1282 264 770 698 644 1491 1250 958 1398 972 665 394 16 537 1197 695 736 745 947 737 1136 323 1243 597 578 683 1008 1300 1040 1092 889 605 704 754 1120 718 594 728 1113 984 796 539 958 1028 749 0 418 916 1040 740 1183 1018 1022 1195 728
359 984 943 452 1066 800 342 1002 513 981 1050 368 811 809 948 243 416 853 578 367 592 1012 373 1084 584 566 303 227 1090 839 554 1107 558 280 182 434 384 1043 343 338 350 784 336 762 194 839 498 214 509 645 881 946 916 486 333 306 361 727 351 587 417 770 674 478 122 679 921 373 418 0 512 702 342 941 923 618 884 404
162 790 539 123 595 368 267 490 576 508 549 144 744 375 441 670 224 358 219 262 845 603 805 854 1015 522 218 296 577 502 42 730 295 429 646 932 558 888 503 179 172 690 179 285 610 327 640 345 551 221 456 898 758 354 409 212 165 220 226 775 318 353 367 294 411 782 861 190 916 512 0 318 176 673 880 395 508 294
374 495 748 275 715 586 360 492 890 639 421 393 518 589 358 912 285 479 520 337 1144 799 1051 546 1060 383 418 541 549 761 308 424 608 716 870 1055 547 602 799 396 380 459 402 163 717 383 574 489 457 98 660 659 482 672 437 419 368 247 351 696 312 74 98 244 639 1098 621 336 1040 702 318 0 393 363 645 704 195 312
19 791 682 119 762 517 134 665 534 676 708 40 692 525 605 525 147 532 320 144 759 749 663 873 843 444 42 148 751 616 218 816 355 328 490 757 415 877 416 4 13 646 9 424 435 503 513 171 445 318 605 846 743 358 269 36 24 385 94 644 224 451 399 240 253 742 812 74 740 342 176 393 0 703 826 450 587 197
686 157 1094 601 1025 939 617 765 1231 960 611 716 327 941 611 1177 562 812 882 594 1460 1138 1313 183 1119 413 714 841 789 1120 669 258 968 1031 1122 1196 645 268 1119 706 690 287 713 490 884 706 601 734 501 461 1007 405 194 1024 613 719 679 595 630 673 526 363 310 476 915 1440 371 632 1183 941 673 363 703 0 402 1066 231 544
815 269 1386 768 1360 1218 698 1122 1346 1285 994 855 135 1222 973 1164 684 1125 1098 683 1508 1441 1282 357 874 384 815 921 1161 1377 894 652 1163 1111 1097 1027 544 216 1200 826 814 190 834 806 790 1028 441 767 416 722 1297 23 207 1184 609 823 807 892 732 425 602 684 551 595 950 1548 30 753 1018 923 880 645 826 402 0 1263 605 629
455 1185 365 495 548 293 584 632 298 483 788 414 1128 300 680 628 580 443 185 593 605 429 724 1248 1201 888 475 425 718 232 396 1092 100 360 647 1038 854 1283 360 450 459 1077 444 621 793 509 959 580 895 606 338 1283 1152 133 715 465 463 517 544 1087 669 725 762 668 497 459 1246 516 1022 618 395 704 450 1066 1263 0 882 642
568 388 871 470 793 723 541 534 1083 730 389 589 500 724 379 1102 470 586 697 517 1340 912 1241 404 1183 465 610 736 561 909 492 228 789 912 1058 1210 674 499 995 591 575 446 597 273 876 479 670 670 554 286 785 613 407 862 592 612 563 381 539 774 475 157 212 409 829 1290 576 527 1195 884 508 195 587 231 605 882 0 482
187 611 834 171 877 663 74 723 723 792 710 228 496 670 624 634 70 633 494 54 922 898 771 702 767 247 188 306 799 789 325 702 545 500 583 743 273 690 590 197 185 451 205 417 404 573 345 191 258 285 750 650 556 555 134 195 180 429 103 480 27 385 271 73 370 929 616 126 728 404 294 312 197 544 629 642 482 0
