0 501 473 636 492 148 115 703 813 90 349 432 281 208 432 118 702 246 346 184 48 554 10 243 127 334 135 804 225 279 322 207 65 547 7 356 502 475 277 749 558 48 725 324 196 647 125 281 343 376 159 398 224 720 511 842 117 685 552 330 249 272 484 580 713 184 721 349 447 365 274 524 638 154 90 342 193 89
501 0 845 1058 967 610 476 1013 426 481 284 363 707 590 925 523 973 605 736 605 502 840 504 269 443 755 587 643 378 273 427 657 564 987 498 751 668 874 568 1215 223 547 1172 660 374 440 376 416 462 126 585 898 315 1184 546 809 616 1119 824 266 704 599 303 235 654 685 1213 840 431 830 522 941 1139 615 552 425 694 412
473 845 0 872 274 537 406 1053 1236 417 801 898 635 277 549 574 1080 249 127 594 515 946 462 663 432 670 545 759 468 720 432 573 428 775 480 714 953 788 727 427 773 437 357 740 661 714 538 753 407 728 315 393 672 395 456 1311 452 293 174 776 244 247 645 1002 613 398 746 314 919 614 737 123 551 322 382 442 407 522
636 1058 872 0 656 488 739 279 1195 716 794 780 362 757 326 554 353 789 791 468 605 331 640 798 761 309 505 1434 861 785 951 429 603 97 633 307 524 186 495 808 1177 614 857 403 686 1283 739 652 966 955 702 486 745 801 1126 844 537 869 1030 801 667 826 1118 1016 1331 528 345 558 733 282 543 823 493 657 662 971 515 704
492 967 274 656 0 476 490 880 1306 487 840 913 520 387 333 548 924 386 280 527 517 809 485 731 523 535 494 1014 601 772 614 484 428 566 498 584 874 619 668 256 952 444 246 646 684 940 602 750 602 841 381 179 717 229 698 1251 409 230 448 823 262 409 836 1072 874 330 477 156 914 445 695 179 276 353 420 630 329 573
148 610 537 488 476 0 258 564 865 234 399 449 133 315 318 90 570 353 417 57 118 425 154 341 275 186 24 952 374 353 469 59 132 401 145 212 417 327 196 727 696 136 721 205 248 795 255 283 489 492 257 336 301 702 655 785 85 694 649 391 293 386 630 642 858 150 603 319 441 224 219 557 556 226 196 489 148 219
115 476 406 739 490 258 0 818 836 24 394 495 392 129 505 231 817 159 282 298 161 669 106 258 33 444 248 695 131 313 212 317 136 647 121 469 608 585 387 739 488 125 702 439 261 548 131 363 230 351 109 437 265 709 397 933 203 654 458 369 228 176 396 601 600 241 790 369 522 461 378 481 679 140 87 232 253 119
703 1013 1053 279 880 564 818 0 1048 793 729 676 435 876 550 592 82 913 951 519 659 172 711 785 829 389 570 1497 917 751 1023 509 696 332 697 353 366 266 465 1064 1175 700 1103 386 672 1321 771 600 1046 933 817 701 728 1053 1215 601 639 1106 1193 747 821 948 1147 910 1416 664 625 754 615 442 502 1029 761 780 760 1042 654 744
813 426 1236 1195 1306 865 836 1048 0 831 468 426 909 964 1172 777 982 987 1117 833 792 894 821 579 807 942 841 1033 772 533 843 890 877 1153 807 916 687 1016 729 1562 622 861 1534 809 625 840 709 586 879 517 942 1196 588 1533 973 601 907 1489 1239 483 1055 990 726 234 1069 986 1439 1160 464 1044 682 1317 1421 958 890 844 991 735
90 481 417 716 487 234 24 793 831 0 384 481 368 141 487 207 793 174 292 274 137 644 82 252 47 420 223 718 150 304 235 293 114 625 96 445 586 561 364 738 502 102 704 415 245 569 122 345 254 355 110 425 254 708 421 914 182 657 476 360 226 194 415 596 624 224 773 360 506 440 356 487 668 133 73 255 235 104
349 284 801 794 840 399 394 729 468 384 0 115 462 524 713 309 689 554 676 374 324 556 358 148 371 504 375 857 377 84 480 430 412 732 343 490 386 607 299 1097 470 396 1074 390 156 658 263 141 517 227 491 728 129 1069 661 593 438 1033 840 31 597 566 486 243 825 518 990 692 170 595 250 868 955 500 432 490 522 280
432 363 898 780 913 449 495 676 426 481 115 0 482 622 748 366 626 654 772 412 399 507 442 261 475 515 427 966 489 196 595 467 490 730 425 491 315 596 302 1169 568 476 1153 384 237 765 365 166 631 332 584 785 231 1142 777 478 504 1116 947 146 682 669 596 237 939 584 1012 760 67 618 255 957 1000 587 520 605 587 376
281 707 635 362 520 133 392 435 909 368 462 482 0 441 271 192 449 478 524 106 245 310 287 441 409 53 146 1085 505 437 603 75 263 281 277 82 355 193 182 755 815 269 765 128 333 925 377 326 622 597 382 352 392 735 788 734 204 749 763 463 394 512 758 701 992 237 530 369 456 135 227 634 531 345 327 622 228 343
208 590 277 757 387 315 129 876 964 141 524 622 441 0 480 322 886 38 153 367 255 741 197 387 156 488 314 694 216 442 236 367 185 660 216 523 709 625 482 626 566 186 581 517 386 579 261 483 234 467 58 375 394 594 375 1050 236 530 343 499 132 71 454 729 577 229 749 293 646 475 482 354 609 99 123 254 242 245
432 925 549 326 333 318 505 550 1172 487 713 748 271 480 0 408 599 505 480 339 423 500 431 656 534 257 342 1174 636 671 703 283 376 233 432 301 611 297 453 522 987 392 554 394 566 1048 555 586 709 804 434 160 618 508 855 986 314 556 713 707 367 541 902 956 1055 264 289 235 726 145 495 497 261 387 417 723 252 518
118 523 574 554 548 90 231 592 777 207 309 366 192 322 408 0 587 361 449 86 70 438 128 254 238 245 66 906 325 263 431 133 145 473 111 256 386 380 159 803 622 138 791 208 158 738 186 201 455 409 268 420 211 777 624 737 139 759 666 301 336 389 568 552 824 218 692 394 366 306 163 610 645 251 199 449 220 155
702 973 1080 353 924 570 817 82 982 793 689 626 449 886 599 587 0 924 973 521 656 148 711 758 825 410 574 1483 907 719 1016 520 703 394 696 368 311 305 446 1120 1145 704 1153 378 648 1302 758 566 1042 901 828 744 701 1107 1211 519 651 1152 1213 709 842 957 1126 855 1409 685 698 791 561 480 477 1065 823 793 766 1035 675 734
246 605 249 789 386 353 159 913 987 174 554 654 478 38 505 361 924 0 131 406 293 779 235 414 182 524 353 671 227 471 228 404 223 692 253 560 747 661 520 618 566 225 568 555 420 565 290 518 220 484 96 392 425 586 350 1086 273 514 306 528 146 36 450 753 550 261 769 307 680 508 520 336 621 134 162 245 274 278
346 736 127 791 280 417 282 951 1117 292 676 772 524 153 480 449 973 131 0 474 389 834 335 541 310 563 423 738 358 596 344 457 303 693 353 605 831 689 604 493 687 311 439 622 534 661 414 626 327 616 188 338 547 461 419 1185 332 383 242 652 130 140 565 882 602 287 713 250 792 520 612 204 540 197 255 358 297 396
184 605 594 468 527 57 298 519 833 274 374 412 106 367 339 86 521 406 474 0 143 374 192 337 311 159 53 985 404 339 506 56 182 387 179 174 360 296 141 776 708 183 773 149 233 821 271 247 528 493 310 379 290 752 695 730 141 748 704 370 350 438 653 616 897 205 617 370 397 225 169 613 588 281 246 525 202 238
48 502 515 605 517 118 161 659 792 137 324 399 245 255 423 70 656 293 389 143 0 508 58 236 169 298 99 842 261 262 363 175 91 519 41 317 453 438 228 773 578 78 754 278 167 680 137 241 387 381 204 408 206 746 555 797 117 717 599 309 285 320 513 561 756 195 712 368 409 341 226 561 643 193 134 382 201 101
554 840 946 331 809 425 669 172 894 644 556 507 310 741 500 438 148 779 834 374 508 0 563 615 676 278 427 1335 759 579 868 377 557 334 547 232 206 207 298 1022 1004 558 1046 229 503 1155 609 427 893 761 683 631 557 1006 1062 517 507 1039 1072 574 705 812 980 743 1260 548 654 667 447 365 332 939 744 650 620 886 539 585
10 504 462 640 485 154 106 711 821 82 358 442 287 197 431 128 711 235 335 192 58 563 0 249 121 340 141 797 220 287 315 213 60 551 18 363 512 481 287 741 557 42 716 333 205 642 128 291 336 380 148 394 232 712 504 853 117 676 541 339 240 261 481 587 706 180 720 342 458 368 284 514 634 144 79 335 189 93
243 269 663 798 731 341 258 785 579 252 148 261 441 387 656 254 758 414 541 337 236 615 249 0 231 491 317 739 228 64 333 388 308 722 239 491 480 616 322 986 390 291 955 410 114 548 130 196 369 157 362 641 57 956 519 734 352 909 693 118 476 423 371 344 693 426 944 592 308 561 282 739 878 380 312 344 434 158
127 443 432 761 523 275 33 829 807 47 371 475 409 156 534 238 825 182 310 311 169 676 121 231 0 461 263 676 103 289 194 335 161 670 132 484 605 603 389 772 456 148 733 447 246 523 109 351 217 318 142 470 244 741 385 922 228 684 473 345 261 194 368 572 586 271 821 402 506 485 376 510 713 173 119 214 283 106
334 755 670 309 535 186 444 389 942 420 504 515 53 488 257 245 410 524 563 159 298 278 340 491 461 0 200 1138 559 484 655 127 313 231 330 48 354 141 213 761 867 320 777 139 381 978 430 365 674 648 430 361 440 742 840 732 252 765 804 507 432 559 811 740 1044 275 497 390 483 112 261 661 517 391 376 675 265 397
135 587 545 505 494 24 248 570 841 223 375 427 146 314 342 66 574 353 423 53 99 427 141 317 263 200 0 939 359 329 457 76 129 420 130 221 408 340 183 747 675 130 739 202 224 779 235 261 478 470 256 358 277 721 645 772 93 710 652 367 302 385 613 618 848 166 627 338 421 245 202 570 579 229 192 477 165 199
804 643 759 1434 1014 952 695 1497 1033 718 857 966 1085 694 1174 906 1483 671 738 985 842 1335 797 739 676 1138 939 0 581 793 483 1011 830 1341 808 1159 1219 1279 1037 1182 421 820 1103 1110 839 203 726 935 469 633 741 1061 793 1151 322 1440 897 1035 615 827 816 636 370 878 151 917 1439 974 1027 1154 1008 881 1278 788 773 463 930 752
225 378 468 861 601 374 131 917 772 150 377 489 505 216 636 325 907 227 358 404 261 759 220 228 103 559 359 581 0 293 113 433 264 771 228 578 667 699 463 842 358 250 795 531 288 421 152 394 146 260 225 565 263 810 309 957 331 741 471 347 341 221 265 542 502 372 922 493 532 587 442 563 807 265 219 129 384 173
279 273 720 785 772 353 313 751 533 304 84 196 437 442 671 263 719 471 596 339 262 579 287 64 289 484 329 793 293 0 398 393 344 716 274 478 430 601 296 1028 426 327 1001 387 105 598 182 152 434 182 413 670 55 999 582 670 379 958 756 56 522 482 423 300 752 456 954 627 244 564 252 790 903 425 357 409 463 203
322 427 432 951 614 469 212 1023 843 235 480 595 603 236 703 431 1016 228 344 506 363 868 315 333 194 655 457 483 113 398 0 528 347 859 327 679 780 797 575 838 343 337 780 639 401 345 265 507 37 326 270 610 373 805 196 1066 414 721 397 449 369 205 222 621 393 440 981 530 641 672 554 542 846 317 291 20 453 283
207 657 573 429 484 59 317 509 890 293 430 467 75 367 283 133 520 404 457 56 175 377 213 388 335 127 76 1011 433 393 528 0 188 343 204 156 393 268 186 729 751 193 730 168 287 854 310 303 547 542 308 328 343 706 713 768 131 708 694 426 329 439 689 673 917 175 562 328 451 173 221 582 533 273 251 548 169 275
65 564 428 603 428 132 136 696 877 114 412 490 263 185 376 145 703 223 303 182 91 557 60 308 161 313 129 830 264 344 347 188 0 511 70 343 529 454 301 685 611 17 663 332 256 684 188 333 363 439 127 333 289 657 527 882 67 626 524 394 194 255 528 645 731 120 665 283 500 325 308 470 574 106 64 367 130 153
547 987 775 97 566 401 647 332 1153 625 732 730 281 660 233 473 394 692 693 387 519 334 551 722 670 231 420 1341 771 716 859 343 511 0 544 242 504 141 434 734 1095 522 777 346 613 1193 654 591 872 879 606 393 672 724 1031 850 444 785 933 736 569 729 1031 962 1235 431 320 462 689 186 483 730 429 561 568 879 418 619
7 498 480 633 498 145 121 697 807 96 343 425 277 216 432 111 696 253 353 179 41 547 18 239 132 330 130 808 228 274 327 204 70 544 0 352 494 471 270 754 558 53 731 318 189 650 123 273 349 374 166 402 219 726 517 834 119 691 559 325 256 280 486 575 718 187 722 354 440 363 266 531 641 161 98 346 196 86
356 751 714 307 584 212 469 353 916 445 490 491 82 523 301 256 368 560 605 174 317 232 363 491 484 48 221 1159 578 478 679 156 343 242 352 0 310 125 192 809 874 348 826 106 378 995 442 349 700 648 464 409 438 790 867 686 286 814 845 495 474 594 825 720 1070 317 527 437 454 155 241 708 560 427 407 698 308 411
502 668 953 524 874 417 608 366 687 586 386 315 355 709 611 386 311 747 831 360 453 206 512 480 605 354 408 1219 667 430 780 393 529 504 494 310 0 363 227 1111 853 523 1120 228 383 1028 514 283 811 608 654 708 425 1090 976 379 501 1101 1052 410 710 774 851 544 1164 565 819 720 250 465 230 973 870 634 586 796 560 501
475 874 788 186 619 327 585 266 1016 561 607 596 193 625 297 380 305 661 689 296 438 207 481 616 603 141 340 1279 699 601 797 268 454 141 471 125 363 0 308 819 1000 461 849 217 503 1118 567 466 815 773 567 439 562 805 981 717 391 847 931 615 559 696 949 831 1185 405 457 489 552 177 357 764 536 527 517 816 393 535
277 568 727 495 668 196 387 465 729 364 299 302 182 482 453 159 446 520 604 141 228 298 287 322 389 213 183 1037 463 296 575 186 301 434 270 192 227 308 0 915 712 296 914 92 208 857 312 157 602 474 427 515 265 892 771 589 277 889 825 306 485 549 682 528 966 346 710 511 273 317 49 753 711 406 359 592 343 291
749 1215 427 808 256 727 739 1064 1562 738 1097 1169 755 626 522 803 1120 618 493 776 773 1022 741 986 772 761 747 1182 842 1028 838 729 685 734 754 809 1111 819 915 0 1181 701 91 884 941 1141 856 1005 819 1090 630 403 973 32 884 1490 664 155 571 1080 512 633 1058 1328 1033 584 530 409 1168 658 945 304 323 606 674 851 583 828
558 223 773 1177 952 696 488 1175 622 502 470 568 815 566 987 622 1145 566 687 708 578 1004 557 390 456 867 675 421 358 426 343 751 611 1095 558 874 853 1000 712 1181 0 595 1124 799 504 220 441 578 365 245 583 924 447 1149 383 1029 674 1064 709 444 696 547 132 456 447 726 1275 851 634 920 672 885 1166 624 575 331 738 477
48 547 437 614 444 136 125 700 861 102 396 476 269 186 392 138 704 225 311 183 78 558 42 291 148 320 130 820 250 327 337 193 17 522 53 348 523 461 296 701 595 0 678 331 241 672 170 320 354 422 131 351 272 673 519 873 80 640 529 378 207 255 514 628 723 138 681 300 488 337 300 482 592 115 63 357 147 135
725 1172 357 857 246 721 702 1103 1534 704 1074 1153 765 581 554 791 1153 568 439 773 754 1046 716 955 733 777 739 1103 795 1001 780 730 663 777 731 826 1120 849 914 91 1124 678 0 892 920 1071 825 991 759 1049 593 416 947 71 812 1498 652 67 489 1054 479 579 998 1299 953 573 601 402 1157 681 941 238 387 575 644 792 574 799
324 660 740 403 646 205 439 386 809 415 390 384 128 517 394 208 378 555 622 149 278 229 333 410 447 139 202 1110 531 387 639 168 332 346 318 106 228 217 92 884 799 331 892 0 295 936 384 249 664 564 459 480 354 862 833 606 289 873 854 399 496 587 762 616 1032 344 633 492 347 250 140 751 655 430 394 657 338 358
196 374 661 686 684 248 261 672 625 245 156 237 333 386 566 158 648 420 534 233 167 503 205 114 246 381 224 839 288 105 401 287 256 613 189 378 383 503 208 941 504 241 920 295 0 653 140 106 433 269 347 572 59 913 595 676 282 881 719 143 445 438 477 396 781 361 849 535 260 459 171 719 802 349 283 415 366 142
647 440 714 1283 940 795 548 1321 840 569 658 765 925 579 1048 738 1302 565 661 821 680 1155 642 548 523 978 779 203 421 598 345 854 684 1193 650 995 1028 1118 857 1141 220 672 1071 936 653 0 553 745 345 433 616 954 604 1108 261 1237 751 1006 606 629 710 536 176 675 239 784 1327 872 828 1009 824 836 1186 662 633 326 797 583
125 376 538 739 602 255 131 771 709 122 263 365 377 261 555 186 758 290 414 271 137 609 128 130 109 430 235 726 152 182 265 310 188 654 123 442 514 567 312 856 441 170 825 384 140 553 0 247 296 251 233 521 134 827 462 816 242 779 582 238 346 303 382 474 654 308 845 467 398 479 289 609 762 250 182 282 317 36
281 416 753 652 750 283 363 600 586 345 141 166 326 483 586 201 566 518 626 247 241 427 291 196 351 365 261 935 394 152 507 303 333 591 273 349 283 466 157 1005 578 320 991 249 106 745 247 0 540 334 439 619 141 979 701 571 340 957 821 151 527 539 568 375 883 420 856 596 167 461 108 803 836 434 371 521 422 244
343 462 407 966 602 489 230 1046 879 254 517 631 622 234 709 455 1042 220 327 528 387 893 336 369 217 674 478 469 146 434 37 547 363 872 349 700 811 815 602 819 365 354 759 664 433 345 296 540 0 363 275 609 408 787 168 1102 429 698 363 486 364 193 239 657 370 449 983 526 676 685 584 520 841 321 304 36 461 312
376 126 728 955 841 492 351 933 517 355 227 332 597 467 804 409 901 484 616 493 381 761 380 157 318 648 470 633 260 182 326 542 439 879 374 648 608 773 474 1090 245 422 1049 564 269 433 251 334 363 0 460 772 210 1059 475 807 493 998 721 199 579 481 265 295 615 560 1093 714 395 715 432 821 1014 489 426 328 569 287
159 585 315 702 381 257 109 817 942 110 491 584 382 58 434 268 828 96 188 310 204 683 148 362 142 430 256 741 225 413 270 308 127 606 166 464 654 567 427 630 583 131 593 459 347 616 233 439 275 460 0 343 362 599 425 1001 178 547 397 468 119 130 480 707 629 176 710 268 604 420 430 377 583 46 69 290 189 211
398 898 393 486 179 336 437 701 1196 425 728 785 352 375 160 420 744 392 338 379 408 631 394 641 470 361 358 1061 565 670 610 328 333 393 402 409 708 439 515 403 924 351 416 480 572 954 521 619 609 772 343 0 615 382 739 1087 290 408 561 715 245 425 823 968 933 214 378 87 776 266 549 336 243 300 351 629 207 487
224 315 672 745 717 301 265 728 588 254 129 231 392 394 618 211 701 425 547 290 206 557 232 57 244 440 277 793 263 55 373 343 289 672 219 438 425 562 265 973 447 272 947 354 59 604 134 141 408 210 362 615 0 945 564 693 324 905 715 107 469 438 428 356 743 401 903 572 269 515 225 739 849 372 304 386 407 151
720 1184 395 801 229 702 709 1053 1533 708 1069 1142 735 594 508 777 1107 586 461 752 746 1006 712 956 741 742 721 1151 810 999 805 706 657 724 726 790 1090 805 892 32 1149 673 71 862 913 1108 827 979 787 1059 599 382 945 0 852 1469 638 129 540 1051 481 601 1026 1299 1002 558 533 383 1142 641 921 272 322 576 644 819 557 798
511 546 456 1126 698 655 397 1215 973 421 661 777 788 375 855 624 1211 350 419 695 555 1062 504 519 385 840 645 322 309 582 196 713 527 1031 517 867 976 981 771 884 383 519 812 833 595 261 462 701 168 475 425 739 564 852 0 1253 591 746 345 630 494 315 255 767 204 602 1117 652 827 844 751 579 958 472 465 180 615 479
842 809 1311 844 1251 785 933 601 601 914 593 478 734 1050 986 737 519 1086 1185 730 797 517 853 734 922 732 772 1440 957 670 1066 768 882 850 834 686 379 717 589 1490 1029 873 1498 606 676 1237 816 571 1102 807 1001 1087 693 1469 1253 0 866 1477 1391 624 1072 1108 1072 597 1418 935 1171 1096 426 841 574 1342 1243 988 931 1078 932 816
117 616 452 537 409 85 203 639 907 182 438 504 204 236 314 139 651 273 332 141 117 507 117 352 228 252 93 897 331 379 414 131 67 444 119 286 501 391 277 664 674 80 652 289 282 751 242 340 429 493 178 290 324 638 591 866 0 620 565 425 208 308 595 678 796 80 603 256 505 258 294 476 526 142 126 435 84 205
685 1119 293 869 230 694 654 1106 1489 657 1033 1116 749 530 556 759 1152 514 383 748 717 1039 676 909 684 765 710 1035 741 958 721 708 626 785 691 814 1101 847 889 155 1064 640 67 873 881 1006 779 957 698 998 547 408 905 129 746 1477 620 0 421 1012 436 523 937 1254 885 544 635 380 1124 674 913 179 419 533 601 732 546 755
552 824 174 1030 448 649 458 1193 1239 476 840 947 763 343 713 666 1213 306 242 704 599 1072 541 693 473 804 652 615 471 756 397 694 524 933 559 845 1052 931 825 571 709 529 489 854 719 606 582 821 363 721 397 561 715 540 345 1391 565 421 0 812 372 282 576 1012 464 528 920 478 979 762 826 283 725 423 466 399 539 577
330 266 776 801 823 391 369 747 483 360 31 146 463 499 707 301 709 528 652 370 309 574 339 118 345 507 367 827 347 56 449 426 394 736 325 495 410 615 306 1080 444 378 1054 399 143 629 238 151 486 199 468 715 107 1051 630 624 425 1012 812 0 576 539 456 253 794 504 987 677 201 594 259 846 945 479 411 459 509 257
249 704 244 667 262 293 228 821 1055 226 597 682 394 132 367 336 842 146 130 350 285 705 240 476 261 432 302 816 341 522 369 329 194 569 256 474 710 559 485 512 696 207 479 496 445 710 346 527 364 579 119 245 469 481 494 1072 208 436 372 576 0 179 587 820 691 157 623 161 695 392 498 275 477 97 165 387 167 320
272 599 247 826 409 386 176 948 990 194 566 669 512 71 541 389 957 36 140 438 320 812 261 423 194 559 385 636 221 482 205 439 255 729 280 594 774 696 549 633 547 255 579 587 438 536 303 539 193 481 130 425 438 601 315 1108 308 523 282 539 179 0 427 757 514 298 803 339 698 544 546 344 651 170 192 221 310 295
484 303 645 1118 836 630 396 1147 726 415 486 596 758 454 902 568 1126 450 565 653 513 980 481 371 368 811 613 370 265 423 222 689 528 1031 486 825 851 949 682 1058 132 514 998 762 477 176 382 568 239 265 480 823 428 1026 255 1072 595 937 576 456 587 427 0 534 354 637 1186 746 657 850 648 759 1062 524 484 207 649 414
580 235 1002 1016 1072 642 601 910 234 596 243 237 701 729 956 552 855 753 882 616 561 743 587 344 572 740 618 878 542 300 621 673 645 962 575 720 544 831 528 1328 456 628 1299 616 396 675 474 375 657 295 707 968 356 1299 767 597 678 1254 1012 253 820 757 534 0 888 756 1231 928 295 835 479 1083 1198 724 655 624 762 501
713 654 613 1331 874 858 600 1416 1069 624 825 939 992 577 1055 824 1409 550 602 897 756 1260 706 693 586 1044 848 151 502 752 393 917 731 1235 718 1070 1164 1185 966 1033 447 723 953 1032 781 239 654 883 370 615 629 933 743 1002 204 1418 796 885 464 794 691 514 354 888 0 805 1311 845 995 1049 943 734 1142 675 669 374 818 675
184 685 398 528 330 150 241 664 986 224 518 584 237 229 264 218 685 261 287 205 195 548 180 426 271 275 166 917 372 456 440 175 120 431 187 317 565 405 346 584 726 138 573 344 361 784 308 420 449 560 176 214 401 558 602 935 80 544 528 504 157 298 637 756 805 0 549 176 584 246 368 408 454 130 153 460 13 273
721 1213 746 345 477 603 790 625 1439 773 990 1012 530 749 289 692 698 769 713 617 712 654 720 944 821 497 627 1439 922 954 981 562 665 320 722 527 819 457 710 530 1275 681 601 633 849 1327 845 856 983 1093 710 378 903 533 1117 1171 603 635 920 987 623 803 1186 1231 1311 549 0 466 980 395 757 656 215 664 702 1000 537 808
349 840 314 558 156 319 369 754 1160 360 692 760 369 293 235 394 791 307 250 370 368 667 342 592 402 390 338 974 493 627 530 328 283 462 354 437 720 489 511 409 851 300 402 492 535 872 467 596 526 714 268 87 572 383 652 1096 256 380 478 677 161 339 746 928 845 176 466 0 759 312 539 275 316 229 288 548 173 434
447 431 919 733 914 441 522 615 464 506 170 67 456 646 726 366 561 680 792 397 409 447 458 308 506 483 421 1027 532 244 641 451 500 689 440 454 250 552 273 1168 634 488 1157 347 260 828 398 167 676 395 604 776 269 1142 827 426 505 1124 979 201 695 698 657 295 995 584 980 759 0 590 230 970 982 601 538 652 585 403
365 830 614 282 445 224 461 442 1044 440 595 618 135 475 145 306 480 508 520 225 341 365 368 561 485 112 245 1154 587 564 672 173 325 186 363 155 465 177 317 658 920 337 681 250 459 1009 479 461 685 715 420 266 515 641 844 841 258 674 762 594 392 544 850 835 1049 246 395 312 590 0 363 587 405 375 381 692 234 442
274 522 737 543 695 219 378 502 682 356 250 255 227 482 495 163 477 520 612 169 226 332 284 282 376 261 202 1008 442 252 554 221 308 483 266 241 230 357 49 945 672 300 941 140 171 824 289 108 584 432 430 549 225 921 751 574 294 913 826 259 498 546 648 479 943 368 757 539 230 363 0 770 751 414 360 571 367 273
524 941 123 823 179 557 481 1029 1317 487 868 957 634 354 497 610 1065 336 204 613 561 939 514 739 510 661 570 881 563 790 542 582 470 730 531 708 973 764 753 304 885 482 238 751 719 836 609 803 520 821 377 336 739 272 579 1342 476 179 283 846 275 344 759 1083 734 408 656 275 970 587 770 0 450 370 436 554 413 588
638 1139 551 493 276 556 679 761 1421 668 955 1000 531 609 261 645 823 621 540 588 643 744 634 878 713 517 579 1278 807 903 846 533 574 429 641 560 870 536 711 323 1166 592 387 655 802 1186 762 836 841 1014 583 243 849 322 958 1243 526 419 725 945 477 651 1062 1198 1142 454 215 316 982 405 751 450 0 542 594 864 445 727
154 615 322 657 353 226 140 780 958 133 500 587 345 99 387 251 793 134 197 281 193 650 144 380 173 391 229 788 265 425 317 273 106 561 161 427 634 527 406 606 624 115 575 430 349 662 250 434 321 489 46 300 372 576 472 988 142 533 423 479 97 170 524 724 675 130 664 229 601 375 414 370 542 0 68 336 143 223
90 552 382 662 420 196 87 760 890 73 432 520 327 123 417 199 766 162 255 246 134 620 79 312 119 376 192 773 219 357 291 251 64 568 98 407 586 517 359 674 575 63 644 394 283 633 182 371 304 426 69 351 304 644 465 931 126 601 466 411 165 192 484 655 669 153 702 288 538 381 360 436 594 68 0 311 165 154
342 425 442 971 630 489 232 1042 844 255 490 605 622 254 723 449 1035 245 358 525 382 886 335 344 214 675 477 463 129 409 20 548 367 879 346 698 796 816 592 851 331 357 792 657 415 326 282 521 36 328 290 629 386 819 180 1078 435 732 399 459 387 221 207 624 374 460 1000 548 652 692 571 554 864 336 311 0 473 301
193 694 407 515 329 148 253 654 991 235 522 587 228 242 252 220 675 274 297 202 201 539 189 434 283 265 165 930 384 463 453 169 130 418 196 308 560 393 343 583 738 147 574 338 366 797 317 422 461 569 189 207 407 557 615 932 84 546 539 509 167 310 649 762 818 13 537 173 585 234 367 413 445 143 165 473 0 282
89 412 522 704 573 219 119 744 735 104 280 376 343 245 518 155 734 278 396 238 101 585 93 158 106 397 199 752 173 203 283 275 153 619 86 411 501 535 291 828 477 135 799 358 142 583 36 244 312 287 211 487 151 798 479 816 205 755 577 257 320 295 414 501 675 273 808 434 403 442 273 588 727 223 154 301 282 0
