0 895 432 726 427 1537 113 741 1054 854 575 1416 1617 621 132 1301
895 0 663 362 1188 1742 808 277 776 843 648 1298 2364 934 987 2076
432 663 0 691 547 1252 433 416 621 442 143 1016 1701 318 564 1732
726 362 691 0 1109 1914 616 493 1044 1026 750 1553 2318 1008 777 1765
427 1188 547 1109 0 1221 536 961 1051 787 639 1260 1209 480 478 1403
1537 1742 1252 1914 1221 0 1605 1473 1019 901 1166 615 1367 945 1643 2590
113 808 433 616 536 1605 0 680 1047 872 575 1443 1731 671 179 1333
741 277 416 493 961 1473 680 0 551 572 376 1064 2109 661 856 2007
1054 776 621 1044 1051 1019 1047 551 0 275 478 521 1969 578 1186 2351
854 843 442 1026 787 901 872 572 275 0 311 573 1707 309 985 2128
575 648 143 750 639 1166 575 376 478 311 0 883 1739 285 708 1874
1416 1298 1016 1553 1260 615 1443 1064 521 573 883 0 1851 810 1544 2653
1617 2364 1701 2318 1209 1367 1731 2109 1969 1707 1739 1851 0 1468 1623 1894
621 934 318 1008 480 945 671 661 578 309 285 810 1468 0 743 1846
132 987 564 777 478 1643 179 856 1186 985 708 1544 1623 743 0 1171
1301 2076 1732 1765 1403 2590 1333 2007 2351 2128 1874 2653 1894 1846 1171 0
