0 72 267 573 498 722 361 392 238 550 289 271 677 30 339 485 621 670 112 853 378 367 679 241 65 833 218 760 853 802 703 682 414 362 668 519 218 295 22 789 91 200 14 726 169 238 711 768 91 233 668 539 35 468 153 65 52 50 758 365 164 218 634 33 176 656 672 826 167 129 77 612 604 787 409 156 559 294
72 0 197 637 485 795 386 446 295 554 361 246 644 63 399 554 596 598 66 828 306 426 612 277 48 790 247 767 924 814 774 689 342 434 699 528 281 284 72 808 155 168 67 675 116 306 717 835 52 248 661 469 104 411 81 129 76 55 686 438 222 247 564 104 160 718 636 862 222 58 39 668 535 860 422 181 616 300
267 197 0 832 558 977 457 580 448 658 556 229 649 260 550 727 630 439 169 850 153 574 485 450 212 648 415 868 1121 823 971 794 191 630 850 544 476 385 259 832 333 177 264 518 127 482 817 999 216 324 624 272 293 350 132 327 268 248 519 630 383 353 418 300 214 865 522 935 414 153 195 855 401 1054 458 353 804 342
573 637 832 0 645 455 757 611 555 567 321 815 884 573 549 451 788 1161 685 955 905 560 1121 411 638 1384 446 660 356 1154 245 609 931 262 407 935 356 577 588 1112 547 761 573 1290 742 472 637 620 617 713 1121 1104 559 876 702 509 564 584 1254 314 554 666 1110 541 725 651 1209 1022 418 680 651 128 1069 356 837 492 107 775
498 485 558 645 0 1023 859 859 710 130 596 724 241 468 794 865 150 639 547 366 508 820 550 332 530 1204 323 315 1001 1298 879 248 508 632 397 1013 463 203 518 1287 573 645 484 1067 579 669 266 1136 433 728 1144 750 524 335 466 472 445 453 722 683 644 716 577 495 645 1076 1080 1314 426 465 524 578 531 989 905 357 553 784
722 795 977 455 1023 0 669 472 543 979 456 848 1262 742 458 261 1173 1392 808 1370 1101 445 1391 708 767 1347 733 1105 312 919 249 1047 1137 399 861 801 587 888 724 861 645 834 731 1297 854 495 1076 183 806 714 984 1232 691 1160 876 682 747 761 1481 366 597 666 1354 693 789 299 1163 697 647 852 784 581 1321 202 743 741 560 751
361 386 457 757 859 669 0 197 204 906 441 240 1031 391 225 413 980 890 339 1212 610 229 943 574 338 680 563 1111 913 445 773 1033 649 494 982 180 486 657 341 428 293 280 375 630 343 287 1063 622 435 140 364 638 336 780 440 395 414 407 964 447 235 143 875 366 250 459 495 482 475 428 348 843 859 816 81 509 791 118
392 446 580 611 859 472 197 0 154 878 326 400 1062 422 70 219 996 1019 426 1225 727 51 1052 537 402 876 538 1068 724 542 589 993 766 356 899 344 420 667 380 504 301 409 406 826 453 195 1024 435 483 267 534 801 358 857 520 393 440 442 1100 297 227 229 994 379 368 286 691 462 437 501 418 714 971 624 272 503 665 289
238 295 448 555 710 543 204 154 0 737 237 307 909 268 104 284 845 882 284 1074 587 130 906 397 254 847 393 934 744 635 598 858 626 294 786 384 291 515 227 608 147 291 252 774 320 83 888 551 329 177 567 690 203 705 373 241 285 288 966 254 74 126 853 225 247 424 666 604 295 352 271 639 827 657 281 353 586 228
550 554 658 567 130 979 906 878 737 0 584 800 330 523 809 851 232 769 620 392 625 834 679 340 594 1307 345 213 921 1351 810 136 629 606 271 1070 461 277 573 1334 613 721 538 1174 659 683 162 1108 502 784 1215 868 571 465 551 511 500 512 852 663 678 764 707 541 714 1067 1174 1339 442 546 592 483 661 921 960 397 467 845
289 361 556 321 596 456 441 326 237 584 0 499 825 301 256 269 744 946 393 959 661 275 936 265 346 1065 283 758 564 861 414 685 694 73 573 621 135 438 297 827 237 453 293 977 448 154 717 543 360 391 805 826 264 704 438 235 301 317 1036 91 233 344 904 256 414 483 888 780 191 414 362 402 869 499 519 285 349 453
271 246 229 815 724 848 240 400 307 800 499 0 856 289 392 587 822 651 180 1050 380 410 712 512 212 570 487 1013 1046 599 897 935 418 570 939 315 476 526 249 604 268 79 279 477 146 373 962 835 297 135 420 402 269 574 260 332 310 294 724 547 271 182 640 296 95 684 402 708 435 258 210 871 627 963 229 421 817 122
677 644 649 884 241 1262 1031 1062 909 330 825 856 0 646 1001 1092 98 553 696 204 544 1028 432 560 692 1254 543 407 1240 1452 1120 378 527 867 592 1165 690 396 695 1450 764 781 663 1109 711 879 376 1368 596 892 1270 762 709 318 599 668 626 628 618 914 838 890 493 684 793 1298 1160 1503 644 607 682 811 452 1230 1063 562 790 939
30 63 260 573 468 742 391 422 268 523 301 289 646 0 368 509 590 650 119 822 361 395 654 223 77 846 197 734 862 831 713 656 395 373 649 547 217 265 50 819 121 215 16 735 175 263 684 792 65 262 693 533 64 440 137 66 23 20 739 381 194 248 612 49 196 684 687 857 159 113 83 606 581 800 438 132 554 321
339 399 550 549 794 458 225 70 104 809 256 392 1001 368 0 197 933 985 388 1160 691 27 1010 469 358 901 472 998 688 607 548 923 730 291 829 391 350 605 329 571 248 387 352 841 422 126 954 450 431 257 581 785 304 808 477 333 384 389 1069 235 177 210 957 323 344 319 717 532 370 456 375 648 932 593 306 440 598 293
485 554 727 451 865 261 413 219 284 851 269 587 1092 509 197 0 1013 1153 558 1228 859 185 1164 533 521 1093 548 1014 507 727 378 945 896 249 805 561 402 699 482 678 400 575 495 1037 601 248 976 284 574 453 749 974 451 944 635 456 518 529 1239 187 344 404 1119 460 531 218 909 570 449 612 539 571 1089 405 491 538 530 490
621 596 630 788 150 1173 980 996 845 232 744 822 98 590 933 1013 0 603 653 232 545 960 492 479 644 1256 466 330 1144 1411 1026 290 534 782 496 1123 610 329 640 1405 703 745 607 1115 676 809 293 1285 545 844 1241 777 651 331 561 604 568 573 676 832 776 838 541 623 751 1222 1150 1445 569 566 635 713 497 1136 1018 493 693 896
670 598 439 1161 639 1392 890 1019 882 769 946 651 553 650 985 1153 603 0 598 738 294 1010 133 751 632 800 715 929 1491 1201 1345 876 256 1014 1030 945 833 592 670 1224 752 615 661 656 565 904 886 1431 586 762 970 320 702 307 517 712 646 631 92 1030 813 792 62 698 653 1303 769 1356 767 541 614 1144 108 1441 878 677 1102 772
112 66 169 685 547 808 339 426 284 620 393 180 696 119 388 558 653 598 0 884 303 413 626 340 47 727 312 833 957 757 807 755 341 467 765 470 330 347 97 754 163 101 114 616 57 312 782 834 117 198 597 433 129 443 101 177 137 118 682 462 215 209 569 144 98 707 571 821 277 89 35 723 545 887 367 246 671 243
853 828 850 955 366 1370 1212 1225 1074 392 959 1050 204 822 1160 1228 232 738 884 0 749 1186 609 698 876 1458 689 351 1304 1642 1200 363 732 990 597 1355 828 559 872 1637 934 974 839 1313 905 1035 345 1494 777 1076 1468 965 882 523 791 834 800 805 792 1043 1006 1070 680 855 982 1441 1364 1676 792 796 867 861 642 1311 1250 721 852 1127
378 306 153 905 508 1101 610 727 587 625 661 380 544 361 691 859 545 294 303 749 0 716 332 499 337 711 462 823 1218 967 1069 755 38 732 852 692 559 378 377 979 459 330 370 569 274 611 774 1137 300 476 756 242 410 228 225 425 360 343 380 743 518 502 267 408 365 1010 616 1088 493 249 320 907 248 1160 610 412 861 495
367 426 574 560 820 445 229 51 130 834 275 410 1028 395 27 185 960 1010 413 1186 716 0 1037 495 384 909 498 1022 684 594 546 947 755 304 849 388 374 632 356 555 275 409 380 852 446 152 978 428 458 275 578 806 331 835 503 361 411 416 1093 246 203 230 983 350 366 293 724 508 396 482 401 662 958 586 309 467 613 307
679 612 485 1121 550 1391 943 1052 906 679 936 712 432 654 1010 1164 492 133 626 609 332 1037 0 715 652 923 682 822 1462 1286 1320 775 294 1001 948 1019 814 543 684 1304 767 663 668 778 604 917 783 1447 589 808 1063 432 713 244 533 710 646 634 185 1025 834 831 89 703 696 1330 880 1420 749 555 635 1089 85 1421 942 656 1052 828
241 277 450 411 332 708 574 537 397 340 265 512 560 223 469 533 479 751 340 698 499 495 715 0 300 1067 36 538 746 1020 606 461 523 310 427 746 130 181 263 999 282 438 232 952 393 343 492 807 238 464 905 714 251 472 317 185 203 222 843 354 341 436 700 221 417 743 911 998 101 299 306 409 659 709 635 97 362 529
65 48 212 638 530 767 338 402 254 594 346 212 692 77 358 521 644 632 47 876 337 384 652 300 0 770 275 806 911 768 760 728 375 420 727 482 283 327 49 760 122 137 69 661 104 273 756 799 98 200 620 480 82 457 119 130 98 82 718 417 182 199 600 97 120 678 610 814 232 98 17 677 574 842 375 209 625 254
833 790 648 1384 1204 1347 680 876 847 1307 1065 570 1254 846 901 1093 1256 800 727 1458 711 909 923 1067 770 0 1038 1516 1588 638 1444 1442 726 1133 1488 561 1046 1033 814 694 838 633 839 146 673 926 1466 1280 833 675 417 499 837 935 764 898 864 845 811 1101 832 725 834 862 664 1108 184 912 1001 776 762 1441 854 1495 604 971 1388 619
218 247 415 446 323 733 563 538 393 345 283 487 543 197 472 548 466 715 312 689 462 498 682 36 275 1038 0 548 779 1008 638 470 486 334 452 731 148 155 241 990 269 411 208 920 364 346 500 826 205 447 886 678 232 440 283 168 176 194 808 374 333 423 665 201 393 755 883 997 102 266 278 445 625 740 620 66 398 510
760 767 868 660 315 1105 1111 1068 934 213 758 1013 407 734 998 1014 330 929 833 351 823 1022 822 538 806 1516 548 0 990 1557 904 78 822 765 263 1279 648 489 783 1538 818 934 748 1381 872 873 50 1252 715 994 1426 1065 779 639 764 717 711 724 1005 827 880 971 867 748 926 1233 1386 1530 639 759 804 548 821 1013 1168 605 553 1055
853 924 1121 356 1001 312 913 724 744 921 564 1046 1240 862 688 507 1144 1491 957 1304 1218 684 1462 746 911 1588 779 990 0 1218 150 949 1248 491 727 1068 658 922 862 1163 798 1011 857 1518 1012 672 974 488 918 921 1257 1391 829 1219 999 796 859 878 1583 500 775 870 1443 820 969 609 1404 1009 725 975 927 445 1404 110 993 813 453 971
802 814 823 1154 1298 919 445 542 635 1351 861 599 1452 831 607 727 1411 1201 757 1642 967 594 1286 1020 768 638 1008 1557 1218 0 1103 1479 1001 898 1422 287 926 1095 780 65 738 671 815 687 741 711 1509 788 866 569 244 892 779 1172 852 840 854 845 1254 840 679 586 1205 810 659 624 507 295 920 845 775 1256 1202 1109 393 954 1206 514
703 774 971 245 879 249 773 589 598 810 414 897 1120 713 548 378 1026 1345 807 1200 1069 546 1320 606 760 1444 638 904 150 1103 0 854 1100 340 647 934 512 785 712 1051 648 861 707 1371 861 524 882 432 769 774 1124 1241 678 1078 850 646 710 728 1437 350 626 723 1299 670 819 517 1261 916 578 826 776 359 1260 110 854 668 352 826
682 689 794 609 248 1047 1033 993 858 136 685 935 378 656 923 945 290 876 755 363 755 947 775 461 728 1442 470 78 949 1479 854 0 756 696 234 1200 573 413 704 1460 740 856 670 1309 795 798 31 1189 637 915 1348 997 701 579 688 639 633 646 955 757 802 893 814 670 848 1164 1310 1455 562 682 726 504 768 964 1090 527 502 977
414 342 191 931 508 1137 649 766 626 629 694 418 527 395 730 896 534 256 341 732 38 755 294 523 375 726 486 822 1248 1001 1100 756 0 765 863 728 589 393 414 1015 496 369 405 582 313 648 774 1175 333 515 788 243 446 208 261 459 393 377 344 777 556 541 228 443 404 1048 639 1126 523 284 357 929 209 1192 648 439 884 534
362 434 630 262 632 399 494 356 294 606 73 570 867 373 291 249 782 1014 467 990 732 304 1001 310 420 1133 334 765 491 898 340 696 765 0 561 672 189 489 371 860 310 526 366 1047 522 210 728 504 431 457 859 900 338 765 510 307 372 389 1106 64 301 408 971 329 486 467 954 795 252 486 436 357 935 427 574 346 308 517
668 699 850 407 397 861 982 899 786 271 573 939 592 649 829 805 496 1030 765 597 852 849 948 427 727 1488 452 263 727 1422 647 234 863 561 0 1160 496 474 690 1394 700 864 659 1366 815 712 253 1019 654 886 1327 1091 676 723 725 610 629 647 1117 625 747 853 970 647 845 1021 1336 1353 513 712 731 288 924 754 1050 519 301 951
519 528 544 935 1013 801 180 344 384 1070 621 315 1165 547 391 561 1123 945 470 1355 692 388 1019 746 482 561 731 1279 1068 287 934 1200 728 672 1160 0 664 810 497 289 463 384 532 546 454 467 1230 720 580 285 190 654 499 890 565 562 570 560 1007 622 412 309 941 530 372 547 382 420 649 558 489 1023 934 966 110 673 971 228
218 281 476 356 463 587 486 420 291 461 135 476 690 217 350 402 610 833 330 828 559 374 814 130 283 1046 148 648 658 926 512 573 589 189 496 664 0 302 235 900 213 413 217 943 388 225 604 678 263 398 836 749 209 576 347 153 208 228 925 226 251 360 788 187 382 613 878 882 66 324 295 395 750 608 555 158 342 463
295 284 385 577 203 888 657 667 515 277 438 526 396 265 605 699 329 592 347 559 378 632 543 181 327 1033 155 489 922 1095 785 413 393 489 474 810 302 0 315 1084 374 447 281 903 383 482 439 980 231 525 944 616 323 298 274 274 242 250 684 529 446 514 537 295 444 901 897 1116 250 269 322 551 494 889 701 165 511 582
22 72 259 588 518 724 341 380 227 573 297 249 695 50 329 482 640 670 97 872 377 356 684 263 49 814 241 783 862 780 712 704 414 371 690 497 235 315 0 769 83 180 34 707 154 234 733 763 103 212 645 529 33 478 153 84 73 66 758 370 153 198 636 48 154 648 651 808 186 130 64 630 607 794 388 178 577 272
789 808 832 1112 1287 861 428 504 608 1334 827 604 1450 819 571 678 1405 1224 754 1637 979 555 1304 999 760 694 990 1538 1163 65 1051 1460 1015 860 1394 289 900 1084 769 0 721 672 803 735 742 681 1491 726 859 560 288 920 764 1178 851 823 842 834 1280 801 658 571 1224 795 657 564 555 230 899 842 769 1218 1219 1054 386 938 1169 510
91 155 333 547 573 645 293 301 147 613 237 268 764 121 248 400 703 752 163 934 459 275 767 282 122 838 269 818 798 738 648 740 496 310 700 463 213 374 83 721 0 216 104 743 214 152 770 680 183 186 627 596 56 560 236 102 138 141 839 300 74 154 719 79 177 565 666 742 186 213 139 604 691 725 353 218 551 251
200 168 177 761 645 834 280 409 291 721 453 79 781 215 387 575 745 615 101 974 330 409 663 438 137 633 411 934 1011 671 861 856 369 526 864 384 413 447 180 672 216 0 206 529 69 343 883 838 218 147 498 399 204 507 183 264 235 217 692 511 239 180 596 228 44 696 472 760 367 180 133 809 579 933 289 346 756 168
14 67 264 573 484 731 375 406 252 538 293 279 663 16 352 495 607 661 114 839 370 380 668 232 69 839 208 748 857 815 707 670 405 366 659 532 217 281 34 803 104 206 0 730 171 249 699 778 79 246 679 536 48 455 145 63 38 36 750 372 178 232 624 37 185 669 679 840 162 121 79 609 593 793 422 144 556 307
726 675 518 1290 1067 1297 630 826 774 1174 977 477 1109 735 841 1037 1115 656 616 1313 569 852 778 952 661 146 920 1381 1518 687 1371 1309 582 1047 1366 546 943 903 707 735 743 529 730 0 560 847 1331 1248 714 597 446 353 734 791 640 791 751 731 672 1022 747 647 688 756 565 1080 179 937 893 655 651 1338 708 1430 562 854 1285 548
169 116 127 742 579 854 343 453 320 659 448 146 711 175 422 601 676 565 57 905 274 446 604 393 104 673 364 872 1012 741 861 795 313 522 815 454 388 383 154 742 214 69 171 560 0 359 822 872 161 204 566 381 185 440 114 234 191 171 647 515 257 227 542 201 92 738 521 825 334 114 92 780 522 940 357 297 728 235
238 306 482 472 669 495 287 195 83 683 154 373 879 263 126 248 809 904 312 1035 611 152 917 343 273 926 346 873 672 711 524 798 648 210 712 467 225 482 234 681 152 343 249 847 359 0 829 529 328 251 651 738 203 703 387 217 275 284 991 175 104 201 871 215 300 424 745 657 243 364 291 556 842 590 365 317 503 308
711 717 817 637 266 1076 1063 1024 888 162 717 962 376 684 954 976 293 886 782 345 774 978 783 492 756 1466 500 50 974 1509 882 31 774 728 253 1230 604 439 733 1491 770 883 699 1331 822 829 0 1219 665 945 1377 1016 731 593 713 669 661 674 964 789 833 923 824 700 876 1195 1335 1486 593 708 754 529 778 992 1119 556 530 1006
768 835 999 620 1136 183 622 435 551 1108 543 835 1368 792 450 284 1285 1431 834 1494 1137 428 1447 807 799 1280 826 1252 488 788 432 1189 1175 504 1019 720 678 980 763 726 680 838 778 1248 872 529 1219 0 858 701 890 1234 733 1228 916 740 802 812 1517 453 618 658 1400 743 794 173 1098 539 730 893 817 748 1371 380 686 821 720 724
91 52 216 617 433 806 435 483 329 502 360 297 596 65 431 574 545 586 117 777 300 458 589 238 98 833 205 715 918 866 769 637 333 431 654 580 263 231 103 859 183 218 79 714 161 328 665 858 0 299 713 487 127 376 84 125 59 45 676 444 255 294 548 114 212 748 683 908 199 63 91 639 516 859 473 140 588 352
233 248 324 713 728 714 140 267 177 784 391 135 892 262 257 453 844 762 198 1076 476 275 808 464 200 675 447 994 921 569 774 915 515 457 886 285 398 525 212 560 186 147 246 597 204 251 945 701 299 0 441 533 214 640 299 279 285 275 839 426 158 50 743 245 112 553 496 623 372 287 210 782 725 834 176 388 728 65
668 661 624 1121 1144 984 364 534 567 1215 805 420 1270 693 581 749 1241 970 597 1468 756 578 1063 905 620 417 886 1426 1257 244 1124 1348 788 859 1327 190 836 944 645 288 627 498 679 446 566 651 1377 890 713 441 0 655 654 974 680 719 716 702 1018 811 586 476 979 684 501 717 266 496 813 679 622 1206 980 1154 285 824 1153 376
539 469 272 1104 750 1232 638 801 690 868 826 402 762 533 785 974 777 320 433 965 242 806 432 714 480 499 678 1065 1391 892 1241 997 243 900 1091 654 749 616 529 920 596 399 536 353 381 738 1016 1234 487 533 655 0 562 446 402 599 541 521 362 896 634 576 342 572 443 1086 449 1074 686 424 464 1123 357 1321 606 620 1073 522
35 104 293 559 524 691 336 358 203 571 264 269 709 64 304 451 651 702 129 882 410 331 713 251 82 837 232 779 829 779 678 701 446 338 676 499 209 323 33 764 56 204 48 734 185 203 731 733 127 214 654 562 0 503 185 65 83 84 791 337 130 193 668 30 174 621 671 794 166 161 98 604 638 761 388 174 551 278
468 411 350 876 335 1160 780 857 705 465 704 574 318 440 808 944 331 307 443 523 228 835 244 472 457 935 440 639 1219 1172 1078 579 208 765 723 890 576 298 478 1178 560 507 455 791 440 703 593 1228 376 640 974 446 503 0 342 488 427 419 395 794 631 652 247 488 530 1125 844 1263 513 358 442 846 202 1180 797 419 808 675
153 81 132 702 466 876 440 520 373 551 438 260 599 137 477 635 561 517 101 791 225 503 533 317 119 764 283 764 999 852 850 688 261 510 725 565 347 274 153 851 236 183 145 640 114 387 713 916 84 299 680 402 185 342 0 203 140 121 605 518 300 309 483 183 194 797 623 922 284 24 102 722 455 938 465 220 672 341
65 129 327 509 472 682 395 393 241 511 235 332 668 66 333 456 604 712 177 834 425 361 710 185 130 898 168 717 796 840 646 639 459 307 610 562 153 274 84 823 102 264 63 791 234 217 669 740 125 279 719 599 65 488 203 0 65 82 802 318 172 254 672 36 237 641 734 842 102 179 142 546 639 735 451 115 494 343
52 76 268 564 445 747 414 440 285 500 301 310 626 23 384 518 568 646 137 800 360 411 646 203 98 864 176 711 859 854 710 633 393 372 629 570 208 242 73 842 138 235 38 751 191 275 661 802 59 285 716 541 83 427 140 65 0 20 736 384 212 271 606 61 218 698 707 877 146 117 102 592 574 799 461 110 540 344
50 55 248 584 453 761 407 442 288 512 317 294 628 20 389 529 573 631 118 805 343 416 634 222 82 845 194 724 878 845 728 646 377 389 647 560 228 250 66 834 141 217 36 731 171 284 674 812 45 275 702 521 84 419 121 82 20 0 721 399 214 264 593 69 202 705 689 875 167 97 84 612 561 817 451 128 561 333
758 686 519 1254 722 1481 964 1100 966 852 1036 724 618 739 1069 1239 676 92 682 792 380 1093 185 843 718 811 808 1005 1583 1254 1437 955 344 1106 1117 1007 925 684 758 1280 839 692 750 672 647 991 964 1517 676 839 1018 362 791 395 605 802 736 721 0 1120 898 872 147 787 732 1385 802 1423 859 629 700 1235 193 1532 946 770 1194 845
365 438 630 314 683 366 447 297 254 663 91 547 914 381 235 187 832 1030 462 1043 743 246 1025 354 417 1101 374 827 500 840 350 757 777 64 625 622 226 529 370 801 300 511 372 1022 515 175 789 453 444 426 811 896 337 794 518 318 384 399 1120 0 276 376 990 334 468 406 920 731 282 494 434 417 956 425 528 376 369 482
164 222 383 554 644 597 235 227 74 678 233 271 838 194 177 344 776 813 215 1006 518 203 834 341 182 832 333 880 775 679 626 802 556 301 747 412 251 446 153 658 74 239 178 747 257 104 833 618 255 158 586 634 130 631 300 172 212 214 898 276 0 112 782 153 195 496 654 670 241 279 199 625 756 695 303 287 572 221
218 247 353 666 716 666 143 229 126 764 344 182 890 248 210 404 838 792 209 1070 502 230 831 436 199 725 423 971 870 586 723 893 541 408 853 309 360 514 198 571 154 180 232 647 227 201 923 658 294 50 476 576 193 652 309 254 271 264 872 376 112 0 770 223 139 515 545 615 340 294 212 738 749 783 198 367 684 108
634 564 418 1110 577 1354 875 994 853 707 904 640 493 612 957 1119 541 62 569 680 267 983 89 700 600 834 665 867 1443 1205 1299 814 228 971 970 941 788 537 636 1224 719 596 624 688 542 871 824 1400 548 743 979 342 668 247 483 672 606 593 147 990 782 770 0 661 632 1277 791 1348 721 506 583 1088 45 1396 869 630 1048 758
33 104 300 541 495 693 366 379 225 541 256 296 684 49 323 460 623 698 144 855 408 350 703 221 97 862 201 748 820 810 670 670 443 329 647 530 187 295 48 795 79 228 37 756 201 215 700 743 114 245 684 572 30 488 183 36 61 69 787 334 153 223 661 0 201 637 698 821 138 159 110 581 630 755 419 143 528 308
176 160 214 725 645 789 250 368 247 714 414 95 793 196 344 531 751 653 98 982 365 366 696 417 120 664 393 926 969 659 819 848 404 486 845 372 382 444 154 657 177 44 185 565 92 300 876 794 212 112 501 443 174 530 194 237 218 202 732 468 195 139 632 201 0 654 497 733 339 186 121 777 613 890 270 329 724 146
656 718 865 651 1076 299 459 286 424 1067 483 684 1298 684 319 218 1222 1303 707 1441 1010 293 1330 743 678 1108 755 1233 609 624 517 1164 1048 467 1021 547 613 901 648 564 565 696 669 1080 738 424 1195 173 748 553 717 1086 621 1125 797 641 698 705 1385 406 496 515 1277 637 654 0 927 401 653 775 695 776 1251 498 518 737 738 567
672 636 522 1209 1080 1163 495 691 666 1174 888 402 1160 687 717 909 1150 769 571 1364 616 724 880 911 610 184 883 1386 1404 507 1261 1310 639 954 1336 382 878 897 651 555 666 472 679 179 521 745 1335 1098 683 496 266 449 671 844 623 734 707 689 802 920 654 545 791 698 497 927 0 759 837 631 605 1271 802 1310 419 817 1218 437
826 862 935 1022 1314 697 482 462 604 1339 780 708 1503 857 532 570 1445 1356 821 1676 1088 508 1420 998 814 912 997 1530 1009 295 916 1455 1126 795 1353 420 882 1116 808 230 742 760 840 937 825 657 1486 539 908 623 496 1074 794 1263 922 842 877 875 1423 731 670 615 1348 821 733 401 759 0 897 908 827 1140 1335 898 479 956 1096 593
167 222 414 418 426 647 475 437 295 442 191 435 644 159 370 449 569 767 277 792 493 396 749 101 232 1001 102 639 725 920 578 562 523 252 513 649 66 250 186 899 186 367 162 893 334 243 593 730 199 372 813 686 166 513 284 102 146 167 859 282 241 340 721 138 339 653 837 897 0 261 241 446 684 674 539 94 394 437
129 58 153 680 465 852 428 501 352 546 414 258 607 113 456 612 566 541 89 796 249 482 555 299 98 776 266 759 975 845 826 682 284 486 712 558 324 269 130 842 213 180 121 655 114 364 708 893 63 287 679 424 161 358 24 179 117 97 629 494 279 294 506 159 186 775 631 908 261 0 83 702 477 914 456 202 651 332
77 39 195 651 524 784 348 418 271 592 362 210 682 83 375 539 635 614 35 867 320 401 635 306 17 762 278 804 927 775 776 726 357 436 731 489 295 322 64 769 139 133 79 651 92 291 754 817 91 210 622 464 98 442 102 142 102 84 700 434 199 212 583 110 121 695 605 827 241 83 0 688 556 859 383 212 635 261
612 668 855 128 578 581 843 714 639 483 402 871 811 606 648 571 713 1144 723 861 907 662 1089 409 677 1441 445 548 445 1256 359 504 929 357 288 1023 395 551 630 1218 604 809 609 1338 780 556 529 748 639 782 1206 1123 604 846 722 546 592 612 1235 417 625 738 1088 581 777 776 1271 1140 446 702 688 0 1045 466 920 502 53 846
604 535 401 1069 531 1321 859 971 827 661 869 627 452 581 932 1089 497 108 545 642 248 958 85 659 574 854 625 821 1404 1202 1260 768 209 935 924 934 750 494 607 1219 691 579 593 708 522 842 778 1371 516 725 980 357 638 202 455 639 574 561 193 956 756 749 45 630 613 1251 802 1335 684 477 556 1045 0 1358 857 593 1005 744
787 860 1054 356 989 202 816 624 657 921 499 963 1230 800 593 405 1136 1441 887 1311 1160 586 1421 709 842 1495 740 1013 110 1109 110 964 1192 427 754 966 608 889 794 1054 725 933 793 1430 940 590 992 380 859 834 1154 1321 761 1180 938 735 799 817 1532 425 695 783 1396 755 890 498 1310 898 674 914 859 466 1358 0 895 765 462 881
409 422 458 837 905 743 81 272 281 960 519 229 1063 438 306 491 1018 878 367 1250 610 309 942 635 375 604 620 1168 993 393 854 1090 648 574 1050 110 555 701 388 386 353 289 422 562 357 365 1119 686 473 176 285 606 388 797 465 451 461 451 946 528 303 198 869 419 270 518 419 479 539 456 383 920 857 895 0 563 868 123
156 181 353 492 357 741 509 503 353 397 285 421 562 132 440 538 493 677 246 721 412 467 656 97 209 971 66 605 813 954 668 527 439 346 519 673 158 165 178 938 218 346 144 854 297 317 556 821 140 388 824 620 174 419 220 115 110 128 770 376 287 367 630 143 329 737 817 956 94 202 212 502 593 765 563 0 453 450
559 616 804 107 553 560 791 665 586 467 349 817 790 554 598 530 693 1102 671 852 861 613 1052 362 625 1388 398 553 453 1206 352 502 884 308 301 971 342 511 577 1169 551 756 556 1285 728 503 530 720 588 728 1153 1073 551 808 672 494 540 561 1194 369 572 684 1048 528 724 738 1218 1096 394 651 635 53 1005 462 868 453 0 793
294 300 342 775 784 751 118 289 228 845 453 122 939 321 293 490 896 772 243 1127 495 307 828 529 254 619 510 1055 971 514 826 977 534 517 951 228 463 582 272 510 251 168 307 548 235 308 1006 724 352 65 376 522 278 675 341 343 344 333 845 482 221 108 758 308 146 567 437 593 437 332 261 846 744 881 123 450 793 0
