0 859 513 649 103 912 116 1453 1472 591 1412 1649 503 484 728 1583
859 0 387 645 928 843 839 2063 923 813 552 822 582 1028 1332 1033
513 387 0 356 564 630 529 1872 1008 714 925 1137 228 647 1124 1329
649 645 356 0 642 286 722 2099 849 1037 1089 1196 162 482 1361 1659
103 928 564 642 0 887 214 1484 1482 691 1479 1700 511 403 780 1683
912 843 630 286 887 0 995 2365 701 1324 1185 1203 449 616 1635 1877
116 839 529 722 214 995 0 1377 1520 477 1389 1648 566 600 640 1495
1453 2063 1872 2099 1484 2365 1377 0 2881 1256 2536 2871 1944 1850 748 2100
1472 923 1008 849 1482 701 1520 2881 0 1687 881 687 971 1299 2132 1812
591 813 714 1037 691 1324 477 1256 1687 0 1284 1615 877 1061 558 1098
1412 552 925 1089 1479 1185 1389 2536 881 1284 0 374 1081 1536 1834 967
1649 822 1137 1196 1700 1203 1648 2871 687 1615 374 0 1237 1675 2151 1317
503 582 228 162 511 449 566 1944 971 877 1081 1237 0 455 1203 1557
484 1028 647 482 403 616 600 1850 1299 1061 1536 1675 455 0 1174 1944
728 1332 1124 1361 780 1635 640 748 2132 558 1834 2151 1203 1174 0 1586
1583 1033 1329 1659 1683 1877 1495 2100 1812 1098 967 1317 1557 1944 1586 0
