0 774 1467 68 1481 104 903 878 722 714 1212 236 562 1079 1022 1456
774 0 2167 769 1656 877 1677 1650 882 1374 1781 930 1058 763 1308 1913
1467 2167 0 1511 2585 1371 815 769 1478 1474 586 1471 1143 2018 1240 2182
68 769 1511 0 1413 139 915 896 784 674 1273 191 630 1122 1090 1398
1481 1656 2585 1413 0 1504 1772 1815 2176 1111 2572 1297 2034 2360 2503 657
104 877 1371 139 1504 0 800 774 744 659 1140 213 530 1142 1005 1432
903 1677 815 915 1772 800 0 73 1304 665 975 798 931 1822 1316 1380
878 1650 769 896 1815 774 73 0 1245 704 903 791 869 1768 1246 1441
722 882 1478 784 2176 744 1304 1245 0 1396 978 950 379 547 425 2174
714 1374 1474 674 1111 659 665 704 1396 0 1503 483 1117 1793 1596 823
1212 1781 586 1273 2572 1140 975 903 978 1503 0 1309 725 1492 670 2307
236 930 1471 191 1297 213 798 791 950 483 1309 0 741 1312 1219 1224
562 1058 1143 630 2034 530 931 869 379 1117 725 741 0 920 482 1930
1079 763 2018 1122 2360 1142 1822 1768 547 1793 1492 1312 920 0 846 2496
1022 1308 1240 1090 2503 1005 1316 1246 425 1596 670 1219 482 846 0 2412
1456 1913 2182 1398 657 1432 1380 1441 2174 823 2307 1224 1930 2496 2412 0
