0 623 713 630 195 495 1233 1671 1133 395 1660 510 198 640 1674 1668
623 0 1064 974 818 955 1808 1412 1332 414 1834 669 507 816 2154 2112
713 1064 0 1305 674 1130 1551 1332 1821 1065 2339 405 893 1351 2128 2167
630 974 1305 0 633 197 961 2266 515 559 1035 1139 543 236 1187 1138
195 818 674 633 0 456 1071 1780 1148 564 1664 591 366 711 1555 1565
495 955 1130 197 456 0 877 2163 702 553 1210 1003 467 379 1209 1187
1233 1808 1551 961 1071 877 0 2823 1152 1425 1413 1640 1300 1197 634 735
1671 1412 1332 2266 1780 2163 2823 0 2709 1758 3228 1190 1723 2176 3335 3338
1133 1332 1821 515 1148 702 1152 2709 0 950 529 1633 1010 532 1083 970
395 414 1065 559 564 553 1425 1758 950 0 1470 756 199 419 1740 1697
1660 1834 2339 1035 1664 1210 1413 3228 529 1470 0 2162 1539 1057 1083 927
510 669 405 1139 591 1003 1640 1190 1633 756 2162 0 629 1117 2146 2155
198 507 893 543 366 467 1300 1723 1010 199 1539 629 0 488 1676 1651
640 816 1351 236 711 379 1197 2176 532 419 1057 1117 488 0 1391 1326
1674 2154 2128 1187 1555 1209 634 3335 1083 1740 1083 2146 1676 1391 0 162
1668 2112 2167 1138 1565 1187 735 3338 970 1697 927 2155 1651 1326 162 0
