0 558 752 879 1686 1089 431 291 261 1352 1447 146 1591 1408 1050 609
558 0 962 1097 2018 673 192 329 445 912 1827 528 1351 1401 1606 1046
752 962 0 1625 2357 998 774 686 584 1216 900 894 2266 710 1173 1278
879 1097 1625 0 932 1770 1125 1072 1110 2008 2181 750 1104 2285 1375 468
1686 2018 2357 932 0 2685 2019 1937 1945 2930 2659 1593 1736 3061 1626 1087
1089 673 998 1770 2685 0 679 798 850 263 1876 1128 1863 1039 2022 1670
431 192 774 1125 2019 679 0 154 262 937 1634 449 1514 1256 1454 991
291 329 686 1072 1937 798 154 0 118 1061 1513 344 1580 1242 1300 882
261 445 584 1110 1945 850 262 118 0 1113 1396 361 1684 1179 1207 870
1352 912 1216 2008 2930 263 937 1061 1113 0 2067 1387 1999 1120 2278 1929
1447 1827 900 2181 2659 1876 1634 1513 1396 2067 0 1589 3039 1144 1069 1732
146 528 894 750 1593 1128 449 344 361 1387 1589 0 1450 1535 1124 542
1591 1351 2266 1104 1736 1863 1514 1580 1684 1999 3039 1450 0 2751 2426 1519
1408 1401 710 2285 3061 1039 1256 1242 1179 1120 1144 1535 2751 0 1824 1976
1050 1606 1173 1375 1626 2022 1454 1300 1207 2278 1069 1124 2426 1824 0 915
609 1046 1278 468 1087 1670 991 882 870 1929 1732 542 1519 1976 915 0
