0 1042 1101 783 1057 1424 1666 257 828 163 13 119 452 282 1115 539
1042 0 1547 1782 211 1677 1490 1230 1686 1201 1052 987 1391 813 2138 1310
1101 1547 0 1581 1400 2524 910 919 1812 1147 1091 1208 1454 997 1304 597
783 1782 1581 0 1828 1376 2343 749 369 623 778 802 398 1064 733 1010
1057 211 1400 1828 0 1857 1281 1210 1773 1220 1065 1025 1450 797 2112 1236
1424 1677 2524 1376 1857 0 2956 1638 1010 1408 1434 1316 1177 1565 2105 1955
1666 1490 910 2343 1281 2956 0 1599 2486 1781 1662 1731 2106 1430 2198 1346
257 1230 919 749 1210 1638 1599 0 906 231 243 375 537 417 907 324
828 1686 1812 369 1773 1010 2486 906 0 705 830 792 380 1097 1103 1216
163 1201 1147 623 1220 1408 1781 231 705 0 156 227 326 441 977 555
13 1052 1091 778 1065 1434 1662 243 830 156 0 132 452 285 1103 527
119 987 1208 802 1025 1316 1731 375 792 227 132 0 433 308 1204 657
452 1391 1454 398 1450 1177 2106 537 380 326 452 433 0 727 991 857
282 813 997 1064 797 1565 1430 417 1097 441 285 308 727 0 1325 547
1115 2138 1304 733 2112 2105 2198 907 1103 977 1103 1204 991 1325 0 936
539 1310 597 1010 1236 1955 1346 324 1216 555 527 657 857 547 936 0
