0 502 1290 185 1081 1512 1673 1042 446 710 1239 188 1115 1296 160 165
502 0 1541 506 601 1872 1193 635 941 215 1139 682 1291 1677 513 656
1290 1541 0 1472 1794 2429 2636 1571 1321 1726 2529 1175 2328 2203 1148 1178
185 506 1472 0 1107 1398 1607 1111 467 685 1060 323 941 1191 343 309
1081 601 1794 1107 0 2457 865 261 1528 464 1489 1243 1815 2270 1042 1216
1512 1872 2429 1398 2457 0 2688 2501 1179 1997 1447 1462 793 229 1648 1479
1673 1193 2636 1607 865 2688 0 1122 2075 977 1344 1861 1916 2555 1706 1836
1042 635 1571 1111 261 2501 1122 0 1482 582 1667 1178 1918 2301 966 1152
446 941 1321 467 1528 1179 2075 1482 0 1140 1377 312 1023 951 524 336
710 215 1726 685 464 1997 977 582 1140 0 1092 894 1354 1814 729 868
1239 1139 2529 1060 1489 1447 1344 1667 1377 1092 0 1376 657 1377 1382 1366
188 682 1175 323 1243 1462 1861 1178 312 894 1376 0 1168 1238 213 26
1115 1291 2328 941 1815 793 1916 1918 1023 1354 657 1168 0 723 1276 1171
1296 1677 2203 1191 2270 229 2555 2301 951 1814 1377 1238 723 0 1428 1255
160 513 1148 343 1042 1648 1706 966 524 729 1382 213 1276 1428 0 188
165 656 1178 309 1216 1479 1836 1152 336 868 1366 26 1171 1255 188 0
