0 500 853 789 75 498 1294 1241 1286 365 810 1684 960 929 803 1352
500 0 969 576 429 807 1241 1597 815 860 902 2168 710 587 658 938
853 969 0 572 874 424 2117 808 1303 1015 1658 1688 648 1556 465 1177
789 576 572 0 758 700 1818 1361 737 1111 1451 2152 171 1122 113 658
75 429 874 758 0 544 1254 1303 1223 432 783 1759 928 857 782 1299
498 807 424 700 544 0 1793 790 1398 592 1302 1457 848 1357 641 1357
1294 1241 2117 1818 1254 1793 0 2497 1795 1371 521 2641 1946 808 1894 2034
1241 1597 808 1361 1303 790 2497 0 2098 1139 1980 982 1456 2144 1263 1985
1286 815 1303 737 1223 1398 1795 2098 0 1651 1623 2854 668 987 838 290
365 860 1015 1111 432 592 1371 1139 1651 0 850 1380 1282 1207 1102 1707
810 902 1658 1451 783 1302 521 1980 1623 850 0 2141 1602 732 1508 1811
1684 2168 1688 2152 1759 1457 2641 982 2854 1380 2141 0 2286 2586 2078 2809
960 710 648 171 928 848 1946 1456 668 1282 1602 2286 0 1217 208 531
929 587 1556 1122 857 1357 808 2144 987 1207 732 2586 1217 0 1219 1231
803 658 465 113 782 641 1894 1263 838 1102 1508 2078 208 1219 0 734
1352 938 1177 658 1299 1357 2034 1985 290 1707 1811 2809 531 1231 734 0
