0 669 430 814 1686 112 681 814 1046 1671 746 1298 636 578 382 1660
669 0 752 413 2010 587 1113 1478 1673 2334 1407 1582 839 1235 967 1402
430 752 0 1062 1313 357 1104 897 989 1706 977 1727 208 658 776 2006
814 413 1062 0 2367 783 972 1603 1859 2448 1451 1299 1195 1383 964 991
1686 2010 1313 2367 0 1650 2249 1464 1187 1707 1762 2873 1174 1422 1901 3319
112 587 357 783 1650 0 781 890 1097 1746 847 1388 555 647 493 1675
681 1113 1104 972 2249 781 0 960 1301 1673 676 632 1312 861 350 1384
814 1478 897 1603 1464 890 960 0 347 857 317 1508 1031 248 696 2302
1046 1673 989 1859 1187 1097 1301 347 0 735 662 1855 1061 485 1015 2620
1671 2334 1706 2448 1707 1746 1673 857 735 0 1019 2065 1794 1099 1502 3058
746 1407 977 1451 1762 847 676 317 662 1019 0 1193 1152 374 489 2051
1298 1582 1727 1299 2873 1388 632 1508 1855 2065 1193 0 1934 1463 982 1205
636 839 208 1195 1174 555 1312 1031 1061 1794 1152 1934 0 807 982 2164
578 1235 658 1383 1422 647 861 248 485 1099 374 1463 807 0 543 2139
382 967 776 964 1901 493 350 696 1015 1502 489 982 982 543 0 1607
1660 1402 2006 991 3319 1675 1384 2302 2620 3058 2051 1205 2164 2139 1607 0
