0 936 991 1327 274 1448 142 929 1677 1684 958 1397 1636 769 494 178
936 0 1916 2249 668 2345 796 1695 1618 748 784 1973 2146 539 1309 770
991 1916 0 597 1265 497 1133 614 2357 2661 1849 1140 1791 1725 674 1146
1327 2249 597 0 1582 825 1458 1211 2264 2993 1971 1729 1442 1928 1186 1504
274 668 1265 1582 0 1719 132 1157 1553 1415 760 1571 1701 530 728 152
1448 2345 497 825 1719 0 1589 761 2850 3078 2341 1078 2211 2203 1042 1586
142 796 1133 1458 132 1589 0 1044 1608 1545 850 1483 1664 641 611 92
929 1695 614 1211 1157 761 1044 0 2566 2395 1887 573 2241 1685 434 1006
1677 1618 2357 2264 1553 2850 1608 2566 0 1933 856 3072 1134 1135 2148 1686
1684 748 2661 2993 1415 3078 1545 2395 1933 0 1279 2588 2724 1146 2036 1517
958 784 1849 1971 760 2341 850 1887 856 1279 0 2330 1444 278 1453 909
1397 1973 1140 1729 1571 1078 1483 573 3072 2588 2330 0 2812 2095 931 1421
1636 2146 1791 1442 1701 2211 1664 2241 1134 2724 1444 2812 0 1617 1932 1756
769 539 1725 1928 530 2203 641 1685 1135 1146 278 2095 1617 0 1253 683
494 1309 674 1186 728 1042 611 434 2148 2036 1453 931 1932 1253 0 580
178 770 1146 1504 152 1586 92 1006 1686 1517 909 1421 1756 683 580 0
