0 611 1274 1259 748 440 204 746 162 1253 1707 422 307 1242 831 502
611 0 1377 1860 1121 1052 411 825 665 1003 1180 495 345 631 961 898
1274 1377 0 1634 667 1383 1245 1993 1118 739 1569 947 1176 1685 448 1766
1259 1860 1634 0 1045 840 1451 1750 1198 2112 2808 1477 1521 2478 1443 1323
748 1121 667 1045 0 731 815 1494 588 1070 1813 629 804 1640 398 1185
440 1052 1383 840 731 0 643 958 439 1568 2118 774 736 1682 1001 552
204 411 1245 1451 815 643 0 749 268 1113 1512 311 117 1039 796 619
746 825 1993 1750 1494 958 749 0 909 1799 1967 1058 835 1289 1544 426
162 665 1118 1198 588 439 268 909 0 1155 1679 337 323 1280 681 648
1253 1003 739 2112 1070 1568 1113 1799 1155 0 830 831 1001 1055 672 1732
1707 1180 1569 2808 1813 2118 1512 1967 1679 830 0 1352 1401 736 1438 2077
422 495 947 1477 629 774 311 1058 337 831 1352 0 228 1031 502 911
307 345 1176 1521 804 736 117 835 323 1001 1401 228 0 957 730 734
1242 631 1685 2478 1640 1682 1039 1289 1280 1055 736 1031 957 0 1366 1486
831 961 448 1443 398 1001 796 1544 681 672 1438 502 730 1366 0 1329
502 898 1766 1323 1185 552 619 426 648 1732 2077 911 734 1486 1329 0
