0 1097 935 717 831 385 216 1711 1620 1113 260 263 1410 1387 1204 1445 1624
1097 0 162 1635 1424 1478 1114 2701 1110 1926 837 847 529 2237 1869 1792 1655
935 162 0 1485 1292 1316 956 2551 1139 1789 674 685 614 2099 1746 1697 1600
717 1635 1485 0 1448 501 563 1066 1704 407 901 942 2050 670 573 2069 2313
831 1424 1292 1448 0 955 1047 2231 2301 1854 885 817 1432 2080 1996 623 910
385 1478 1316 501 955 0 409 1361 1874 902 643 648 1792 1126 1069 1572 1841
216 1114 956 563 1047 409 0 1609 1477 937 337 381 1494 1227 1002 1661 1830
1711 2701 2551 1066 2231 1361 1609 0 2630 864 1937 1965 3103 610 1080 2791 3142
1620 1110 1139 1704 2301 1874 1477 2630 0 1766 1444 1503 1590 2037 1566 2798 2738
1113 1926 1789 407 1854 902 937 864 1766 0 1270 1319 2381 311 270 2474 2720
260 837 674 901 885 643 337 1937 1444 1270 0 70 1167 1564 1313 1458 1560
263 847 685 942 817 648 381 1965 1503 1319 70 0 1148 1609 1371 1388 1492
1410 529 614 2050 1432 1792 1494 3103 1590 2381 1167 1148 0 2688 2354 1614 1350
1387 2237 2099 670 2080 1126 1227 610 2037 311 1564 1609 2688 0 474 2689 2967
1204 1869 1746 573 1996 1069 1002 1080 1566 270 1313 1371 2354 474 0 2619 2828
1445 1792 1697 2069 623 1572 1661 2791 2798 2474 1458 1388 1614 2689 2619 0 477
1624 1655 1600 2313 910 1841 1830 3142 2738 2720 1560 1492 1350 2967 2828 477 0
