0 579 813 625 163 219 323 622 27 258 855 338 719 86 83 839 622 432 398 157 544 666 387 100 250 241 602 761 106 100 147 774 256 708 240 747 546 192 770 192 646 496 341 819 96 494 678 766 864 540 314 683 508 693 816 817 729 333 854 436 458 865 634 792 58 719 472 731 312 814 314 789 642 693 114 264 595 846
579 0 926 911 607 547 885 292 600 789 1429 311 1000 645 496 1394 252 1011 937 693 79 823 451 679 820 359 1181 1271 596 678 719 1064 790 437 636 322 524 500 1059 556 552 263 601 1396 665 456 403 874 1424 612 513 1247 142 485 1095 482 1052 912 1317 404 334 1436 653 648 550 296 816 1236 277 254 332 1095 1207 276 465 631 1022 485
813 926 0 1439 654 1013 1024 669 835 1027 1158 682 267 883 814 1434 711 954 1122 721 847 148 1112 827 810 890 1068 803 710 856 798 1587 708 570 1053 749 402 966 292 992 1348 662 1138 1296 785 472 585 1559 1075 325 527 969 784 500 293 636 1539 935 722 536 1098 1150 273 1484 858 749 1286 1441 772 1146 962 1601 1239 744 813 552 1382 672
625 911 1439 0 787 442 531 1112 604 456 1082 861 1327 560 634 756 1091 731 464 738 932 1291 459 627 713 626 818 1198 729 596 670 158 796 1238 387 1204 1141 497 1374 457 486 998 331 896 666 1076 1203 263 1157 1155 927 1005 938 1247 1419 1328 142 654 1340 1007 584 1101 1246 558 582 1175 155 503 782 1028 601 185 674 1149 643 889 243 1347
163 607 654 787 0 378 413 570 182 384 835 310 558 229 193 908 581 447 504 107 554 505 526 181 246 336 613 670 57 208 175 933 187 625 403 701 426 342 611 353 785 452 502 848 140 389 601 928 820 399 190 645 502 597 656 739 885 372 738 348 572 840 494 931 215 677 632 840 331 858 419 946 703 653 209 102 737 773
219 547 1013 442 378 0 377 690 209 265 984 423 936 200 198 858 675 555 404 370 543 867 194 276 421 201 711 952 323 251 332 599 461 806 89 796 698 56 989 28 441 569 125 894 298 634 772 550 1015 716 490 836 531 809 1034 903 566 450 1059 565 307 997 805 586 163 767 304 688 351 740 216 621 685 740 202 476 485 925
323 885 1024 531 413 377 0 946 297 114 616 661 854 243 398 516 945 206 98 314 860 878 565 239 216 527 340 668 372 225 238 637 317 1024 306 1070 839 402 892 355 785 820 425 519 276 798 997 759 663 808 602 493 828 1003 936 1136 576 123 809 748 684 631 903 919 337 1043 391 427 631 1103 576 638 322 1017 427 497 380 1166
622 292 669 1112 570 690 946 0 649 875 1397 285 796 706 555 1460 43 1017 1020 676 222 592 667 710 816 490 1184 1168 588 721 730 1271 753 145 772 131 287 634 852 687 825 126 782 1417 680 244 111 1124 1368 389 403 1202 184 194 882 216 1247 934 1178 237 582 1400 400 933 621 110 991 1347 339 479 513 1297 1259 90 529 545 1173 235
27 600 835 604 182 209 297 649 0 230 839 364 734 58 104 813 648 413 371 160 567 687 386 84 237 256 582 757 125 77 136 751 255 736 221 773 574 189 785 182 644 523 328 797 91 522 706 751 851 565 340 670 532 721 830 845 705 312 855 464 465 849 660 789 59 746 450 703 336 832 325 766 617 720 134 284 568 874
258 789 1027 456 384 265 114 875 230 0 730 590 884 171 319 604 870 313 148 305 770 879 451 203 256 429 454 759 334 176 229 581 343 965 192 995 800 296 927 245 672 749 311 628 245 751 935 666 774 783 564 601 744 951 972 1074 525 215 891 694 572 745 878 807 254 967 306 473 548 999 471 588 421 941 346 480 355 1102
855 1429 1158 1082 835 984 616 1397 839 730 0 1145 899 807 939 474 1412 430 636 738 1384 1054 1177 755 608 1095 277 383 834 764 710 1134 648 1425 921 1529 1187 998 898 959 1402 1285 1041 253 765 1181 1408 1338 123 1110 994 199 1336 1379 924 1539 1067 535 537 1163 1287 22 1184 1534 896 1506 974 678 1152 1670 1161 1118 420 1484 969 853 856 1575
338 311 682 861 310 423 661 285 364 590 1145 0 708 421 270 1177 284 745 735 409 248 557 452 428 546 238 915 962 314 437 453 1019 497 384 498 409 303 366 767 415 669 159 530 1144 401 230 351 916 1129 357 204 955 193 386 806 487 988 657 1006 157 417 1150 429 802 336 382 728 1062 92 566 292 1043 977 356 246 320 897 513
719 1000 267 1327 558 936 854 796 734 884 899 708 0 769 747 1209 832 745 952 589 924 220 1075 700 638 864 836 536 613 731 658 1463 541 737 955 903 508 899 58 911 1329 747 1060 1054 662 558 740 1485 810 407 510 716 860 670 100 827 1409 749 457 598 1094 889 418 1473 773 895 1172 1248 785 1244 945 1471 1023 883 756 463 1230 865
86 645 883 560 229 200 243 706 58 171 807 421 769 0 154 759 704 378 313 182 617 735 390 76 222 292 544 752 174 50 132 704 263 794 188 829 631 196 818 172 642 580 307 751 108 580 764 723 827 620 397 647 584 780 864 903 656 274 859 523 483 818 715 787 94 801 405 644 387 871 353 717 565 775 184 331 512 931
83 496 814 634 193 198 398 555 104 319 939 270 747 154 0 914 551 516 466 226 463 669 332 184 332 161 686 834 146 182 229 788 329 650 249 676 512 153 801 178 592 429 323 901 176 452 619 747 946 520 294 766 430 642 846 756 748 416 919 388 387 948 612 738 65 648 487 792 232 731 238 807 719 621 30 284 634 784
839 1394 1434 756 908 858 516 1460 813 604 474 1177 1209 759 914 0 1461 485 457 801 1374 1302 1022 750 667 1034 374 792 877 739 735 754 758 1532 772 1586 1329 897 1228 843 1185 1335 857 221 782 1297 1506 1018 593 1282 1098 543 1344 1505 1264 1645 692 537 961 1254 1155 497 1372 1291 852 1559 704 260 1147 1599 1072 728 204 1533 943 974 513 1676
622 252 711 1091 581 675 945 43 648 870 1412 284 832 704 551 1461 0 1025 1017 685 185 631 642 712 824 474 1193 1192 594 721 735 1249 766 185 759 124 325 621 889 674 790 128 763 1425 684 277 151 1095 1386 426 422 1218 155 236 920 242 1227 940 1207 260 551 1416 440 896 616 97 974 1341 327 436 490 1277 1262 72 524 562 1160 256
432 1011 954 731 447 555 206 1017 413 313 430 745 745 378 516 485 1025 0 268 340 973 818 749 331 200 668 170 468 431 336 293 824 278 1070 498 1147 854 568 772 530 983 896 623 400 348 829 1047 966 461 800 630 288 930 1036 813 1184 760 105 619 794 857 442 888 1119 468 1122 596 506 739 1246 731 819 285 1097 546 498 551 1218
398 937 1122 464 504 404 98 1020 371 148 636 735 952 313 466 457 1017 268 0 410 919 976 579 326 315 577 362 737 460 306 333 556 415 1106 321 1142 929 440 989 387 776 894 423 500 365 885 1077 708 699 902 692 541 892 1088 1032 1216 493 209 886 832 706 654 997 902 401 1114 339 335 696 1143 615 553 282 1088 493 592 288 1245
157 693 721 738 107 370 314 676 160 305 738 409 589 182 226 801 685 340 410 0 646 574 544 110 139 386 508 607 96 142 77 876 102 733 370 807 530 349 637 342 803 556 486 741 74 496 709 905 731 494 296 553 598 704 682 847 824 264 696 456 612 744 588 949 215 782 582 742 416 939 465 886 596 757 252 182 660 880
544 79 847 932 554 543 860 222 567 770 1384 248 924 617 463 1374 185 973 919 646 0 745 475 643 778 345 1143 1211 549 645 679 1088 740 368 631 276 445 492 983 548 606 184 612 1364 625 377 333 916 1374 533 445 1198 64 412 1019 424 1071 877 1251 327 372 1390 574 711 523 247 827 1228 233 322 337 1118 1182 223 433 569 1026 432
666 823 148 1291 505 867 878 592 687 879 1054 557 220 735 669 1302 631 818 976 574 745 0 974 678 666 752 941 720 562 708 651 1439 564 520 905 691 306 821 269 845 1215 561 992 1174 636 367 526 1415 981 211 387 859 680 452 293 607 1391 793 666 421 968 1048 200 1354 711 685 1138 1298 644 1056 827 1452 1103 676 669 403 1234 645
387 451 1112 459 526 194 565 667 386 451 1177 452 1075 390 332 1022 642 749 579 544 475 974 0 462 612 222 903 1141 478 440 518 614 641 802 260 749 754 196 1130 221 259 563 168 1077 477 682 766 465 1209 795 587 1030 486 822 1174 883 600 644 1241 609 136 1190 876 406 329 720 372 825 361 594 161 644 861 695 319 613 587 898
100 679 827 627 181 276 239 710 84 203 755 428 700 76 184 750 712 331 326 110 643 678 462 0 154 340 501 679 134 31 56 766 186 785 263 836 603 266 747 247 716 585 384 720 42 559 757 798 767 581 366 586 605 764 793 896 715 233 783 508 547 765 676 861 143 810 471 662 410 915 409 777 550 784 215 278 557 927
250 820 810 713 246 421 216 816 237 256 608 546 638 222 332 667 824 200 315 139 778 666 612 154 0 491 369 531 231 172 102 836 101 871 391 946 661 418 677 393 863 695 517 601 156 632 848 913 614 616 433 433 733 840 722 985 778 132 647 595 701 617 708 1006 297 921 561 632 545 1061 563 841 463 897 362 306 592 1019
241 359 890 626 336 201 527 490 256 429 1095 238 864 292 161 1034 474 668 577 386 345 752 222 340 491 0 836 994 299 331 389 785 489 611 288 594 535 148 920 203 466 372 294 1042 337 464 577 681 1106 573 366 925 329 621 964 705 757 565 1073 392 235 1105 655 609 199 565 500 882 155 579 83 810 848 538 134 409 687 726
602 1181 1068 818 613 711 340 1184 582 454 277 915 836 544 686 374 1193 170 362 508 1143 941 903 501 369 836 0 443 600 505 464 886 436 1232 645 1315 1009 729 853 687 1125 1065 765 239 518 989 1210 1069 338 947 792 202 1101 1195 890 1347 820 270 610 958 1016 292 1032 1257 636 1290 702 481 910 1415 896 874 212 1266 716 656 605 1381
761 1271 803 1198 670 952 668 1168 757 759 383 962 536 752 834 792 1192 468 737 607 1211 720 1141 679 531 994 443 0 696 702 623 1292 505 1163 920 1296 916 945 526 924 1394 1074 1047 592 666 930 1153 1425 279 824 774 250 1153 1107 548 1271 1228 547 168 932 1219 369 880 1538 816 1278 1058 924 999 1525 1073 1287 655 1259 860 642 1017 1309
106 596 710 729 57 323 372 588 125 334 834 314 613 174 146 877 594 431 460 96 549 562 478 134 231 299 600 696 0 157 142 876 195 654 345 717 468 289 666 297 737 465 446 830 96 425 628 872 828 449 231 650 502 631 711 767 829 346 774 377 532 841 544 884 159 692 575 796 319 843 381 890 674 667 167 159 684 799
100 678 856 596 208 251 225 721 77 176 764 437 731 50 182 739 721 336 306 142 645 708 440 31 172 331 505 702 157 0 83 735 214 800 233 846 625 245 779 222 692 595 355 719 71 579 772 767 780 606 388 600 609 782 824 911 684 235 809 526 530 775 701 837 131 819 440 641 413 909 397 746 541 793 212 306 529 941
147 719 798 670 175 332 238 730 136 229 710 453 658 132 229 735 735 293 333 77 679 651 518 56 102 389 464 623 142 83 0 805 131 796 316 859 601 322 703 303 773 607 438 690 54 564 770 849 716 570 365 536 637 771 749 909 752 204 727 519 601 719 664 918 196 833 515 666 446 959 461 814 532 808 259 259 584 941
774 1064 1587 158 933 599 637 1271 751 581 1134 1019 1463 704 788 754 1249 824 556 876 1088 1439 614 766 836 785 886 1292 876 735 805 0 925 1397 539 1361 1298 655 1508 613 606 1157 490 923 807 1234 1362 307 1221 1308 1081 1082 1096 1405 1553 1487 66 760 1443 1165 733 1154 1400 650 734 1332 302 493 940 1169 759 37 714 1306 798 1035 280 1505
256 790 708 796 187 461 317 753 255 343 648 497 541 263 329 758 766 278 415 102 740 564 641 186 101 489 436 505 195 214 131 925 0 796 448 884 576 445 583 432 899 637 570 674 163 553 775 981 634 523 356 458 689 760 628 910 869 230 599 523 714 653 613 1045 313 861 641 733 513 1039 567 931 555 837 355 220 689 945
708 437 570 1238 625 806 1024 145 736 965 1425 384 737 794 650 1532 185 1070 1106 733 368 520 802 785 871 611 1232 1163 654 800 796 1397 796 0 883 179 247 749 789 799 969 240 906 1470 750 243 36 1263 1383 343 439 1226 327 69 813 114 1369 997 1152 277 724 1426 320 1079 716 183 1110 1439 456 604 644 1422 1328 185 628 577 1281 150
240 636 1053 387 403 89 306 772 221 192 921 498 955 188 249 772 759 498 321 370 631 905 260 263 391 288 645 920 345 233 316 539 448 883 0 881 760 139 1005 85 484 649 127 817 296 699 850 534 960 768 541 784 617 882 1050 983 499 395 1038 633 385 935 861 623 195 852 238 599 433 826 305 558 603 825 262 504 400 1007
747 322 749 1204 701 796 1070 131 773 995 1529 409 903 829 676 1586 124 1147 1142 807 276 691 749 836 946 594 1315 1296 717 846 859 1361 884 179 881 0 397 742 958 796 875 251 878 1547 808 367 165 1192 1498 499 534 1333 266 249 984 168 1341 1063 1300 367 647 1532 492 968 741 29 1091 1465 450 438 603 1389 1386 55 649 676 1281 164
546 524 402 1141 426 698 839 287 574 800 1187 303 508 631 512 1329 325 854 929 530 445 306 754 603 661 535 1009 916 468 625 601 1298 576 247 760 397 0 644 564 684 970 260 816 1248 563 74 240 1216 1140 102 237 987 382 193 594 355 1260 792 907 145 717 1187 131 1100 572 387 998 1265 395 751 595 1318 1125 374 499 356 1141 394
192 500 966 497 342 56 402 634 189 296 998 366 899 196 153 897 621 568 440 349 492 821 196 266 418 148 729 945 289 245 322 655 445 749 139 742 644 0 953 55 454 513 173 921 281 579 715 593 1022 664 441 843 477 753 998 847 622 462 1044 510 288 1010 753 600 134 712 361 736 295 703 175 677 718 686 152 437 539 870
770 1059 292 1374 611 989 892 852 785 927 898 767 58 818 801 1228 889 772 989 637 983 269 1130 747 677 920 853 526 666 779 703 1508 583 789 1005 958 564 953 0 963 1385 805 1112 1065 710 615 794 1537 804 463 569 721 918 721 45 877 1452 783 430 656 1152 887 469 1529 826 950 1218 1278 843 1303 1002 1515 1046 939 811 517 1270 915
192 556 992 457 353 28 355 687 182 245 959 415 911 172 178 843 674 530 387 342 548 845 221 247 393 203 687 924 297 222 303 613 432 799 85 796 684 55 963 0 470 565 149 873 270 621 766 575 988 698 471 809 532 800 1008 898 577 424 1031 553 329 972 789 614 137 767 315 680 348 755 228 633 666 740 185 452 486 922
646 552 1348 486 785 441 785 825 644 672 1402 669 1329 642 592 1185 790 983 776 803 606 1215 259 716 863 466 1125 1394 737 692 773 606 899 969 484 875 970 454 1385 470 0 745 360 1274 735 896 933 344 1445 1025 830 1269 642 1003 1429 1030 620 879 1499 825 253 1417 1098 146 588 848 482 955 577 582 388 642 1050 827 577 870 693 1037
496 263 662 998 452 569 820 126 523 749 1285 159 747 580 429 1335 128 896 894 556 184 561 563 585 695 372 1065 1074 465 595 607 1157 637 240 649 251 260 513 805 565 745 0 666 1296 556 193 204 1026 1261 349 300 1091 122 260 839 333 1130 811 1098 151 494 1289 390 864 495 226 872 1221 218 497 404 1182 1135 201 403 438 1050 357
341 601 1138 331 502 125 425 782 328 311 1041 530 1060 307 323 857 763 623 423 486 612 992 168 384 517 294 765 1047 446 355 438 490 570 906 127 878 816 173 1112 149 360 666 0 923 412 749 871 426 1084 838 614 910 612 915 1157 998 464 520 1163 679 304 1056 926 497 286 849 214 657 450 761 275 515 703 823 325 601 423 1017
819 1396 1296 896 848 894 519 1417 797 628 253 1144 1054 751 901 221 1425 400 500 741 1364 1174 1077 720 601 1042 239 592 830 719 690 923 674 1470 817 1547 1248 921 1065 873 1274 1296 923 0 743 1228 1448 1158 373 1187 1030 349 1325 1434 1098 1584 858 487 758 1195 1201 275 1271 1395 846 1522 812 443 1131 1621 1095 903 225 1497 932 894 657 1619
96 665 785 666 140 298 276 680 91 245 765 401 662 108 176 782 684 348 365 74 625 636 477 42 156 337 518 666 96 71 54 807 163 750 296 808 563 281 710 270 735 556 412 743 0 522 723 831 769 539 326 589 583 727 756 862 756 256 763 473 554 773 634 881 150 782 510 701 391 905 411 818 580 756 205 235 599 894
494 456 472 1076 389 634 798 244 522 751 1181 230 558 580 452 1297 277 829 885 496 377 367 682 559 632 464 989 930 425 579 564 1234 553 243 699 367 74 579 615 621 896 193 749 1228 522 0 227 1145 1142 156 199 983 313 207 648 358 1198 761 934 72 642 1182 205 1025 514 351 936 1220 321 690 522 1255 1093 335 437 333 1086 394
678 403 585 1203 601 772 997 111 706 935 1408 351 740 764 619 1506 151 1047 1077 709 333 526 766 757 848 577 1210 1153 628 772 770 1362 775 36 850 165 240 715 794 766 933 204 871 1448 723 227 0 1227 1369 340 418 1209 291 88 820 139 1334 972 1147 252 688 1409 327 1043 685 163 1076 1409 421 577 608 1387 1303 161 596 557 1249 171
766 874 1559 263 928 550 759 1124 751 666 1338 916 1485 723 747 1018 1095 966 708 905 916 1415 465 798 913 681 1069 1425 872 767 849 307 981 1263 534 1192 1216 593 1537 575 344 1026 426 1158 831 1145 1227 0 1407 1250 1032 1248 940 1286 1582 1337 347 878 1557 1073 544 1357 1335 352 712 1164 369 762 826 927 626 344 935 1140 745 1027 506 1349
864 1424 1075 1157 820 1015 663 1368 851 774 123 1129 810 827 946 593 1386 461 699 731 1374 981 1209 767 614 1106 338 279 828 780 716 1221 634 1383 960 1498 1140 1022 804 988 1445 1261 1084 373 769 1142 1369 1407 0 1057 964 180 1322 1333 827 1495 1154 565 421 1131 1310 103 1124 1581 910 1478 1039 783 1147 1671 1176 1207 516 1456 975 823 941 1533
540 612 325 1155 399 716 808 389 565 783 1110 357 407 620 520 1282 426 800 902 494 533 211 795 581 616 573 947 824 449 606 570 1308 523 343 768 499 102 664 463 698 1025 349 838 1187 539 156 340 1250 1057 0 227 910 469 283 494 447 1266 748 808 212 774 1108 94 1160 574 489 1006 1236 448 846 641 1326 1078 476 513 312 1132 486
314 513 527 927 190 490 602 403 340 564 994 204 510 397 294 1098 422 630 692 296 445 387 587 366 433 366 792 774 231 388 365 1081 356 439 541 534 237 441 569 471 830 300 614 1030 326 199 418 1032 964 227 0 798 384 407 610 554 1039 561 806 168 588 997 320 971 347 513 779 1028 274 767 442 1098 893 492 288 141 909 589
683 1247 969 1005 645 836 493 1202 670 601 199 955 716 647 766 543 1218 288 541 553 1198 859 1030 586 433 925 202 250 650 600 536 1082 458 1226 784 1333 987 843 721 809 1269 1091 910 349 589 983 1209 1248 180 910 798 0 1148 1180 752 1339 1016 389 418 966 1130 199 984 1407 729 1311 878 682 969 1492 996 1072 411 1289 795 657 802 1376
508 142 784 938 502 531 828 184 532 744 1336 193 860 584 430 1344 155 930 892 598 64 680 486 605 733 329 1101 1153 502 609 637 1096 689 327 617 266 382 477 918 532 642 122 612 1325 583 313 291 940 1322 469 384 1148 0 364 954 397 1075 838 1190 262 398 1342 512 754 492 237 824 1208 197 386 337 1123 1149 211 400 511 1016 411
693 485 500 1247 597 809 1003 194 721 951 1379 386 670 780 642 1505 236 1036 1088 704 412 452 822 764 840 621 1195 1107 631 782 771 1405 760 69 882 249 193 753 721 800 1003 260 915 1434 727 207 88 1286 1333 283 407 1180 364 0 745 164 1375 969 1090 256 754 1379 252 1118 707 250 1114 1423 466 666 662 1429 1301 250 623 539 1277 202
816 1095 293 1419 656 1034 936 882 830 972 924 806 100 864 846 1264 920 813 1032 682 1019 293 1174 793 722 964 890 548 711 824 749 1553 628 813 1050 984 594 998 45 1008 1429 839 1157 1098 756 648 820 1582 827 494 610 752 954 745 0 897 1497 826 440 692 1194 913 493 1573 871 977 1264 1320 884 1337 1045 1560 1085 967 856 562 1314 935
817 482 636 1328 739 903 1136 216 845 1074 1539 487 827 903 756 1645 242 1184 1216 847 424 607 883 896 985 705 1347 1271 767 911 909 1487 910 114 983 168 355 847 877 898 1030 333 998 1584 862 358 139 1337 1495 447 554 1339 397 164 897 0 1462 1111 1254 391 793 1539 409 1130 822 189 1205 1547 551 604 729 1513 1441 206 733 691 1383 38
729 1052 1539 142 885 566 576 1247 705 525 1067 988 1409 656 748 692 1227 760 493 824 1071 1391 600 715 778 757 820 1228 829 684 752 66 869 1369 499 1341 1260 622 1452 577 620 1130 464 858 756 1198 1334 347 1154 1266 1039 1016 1075 1375 1497 1462 0 698 1379 1130 726 1088 1359 678 692 1312 262 432 912 1170 737 62 648 1286 761 987 214 1482
333 912 935 654 372 450 123 934 312 215 535 657 749 274 416 537 940 105 209 264 877 793 644 233 132 565 270 547 346 235 204 760 230 997 395 1063 792 462 783 424 879 811 520 487 256 761 972 878 565 748 561 389 838 969 826 1111 698 0 686 720 751 547 840 1018 366 1038 511 506 644 1144 627 759 332 1012 447 438 498 1144
854 1317 722 1340 738 1059 809 1178 855 891 537 1006 457 859 919 961 1207 619 886 696 1251 666 1241 783 647 1073 610 168 774 809 727 1443 599 1152 1038 1300 907 1044 430 1031 1499 1098 1163 758 763 934 1147 1557 421 808 806 418 1190 1090 440 1254 1379 686 0 949 1306 520 848 1644 911 1286 1196 1090 1055 1572 1155 1439 822 1269 941 689 1170 1292
436 404 536 1007 348 565 748 237 464 694 1163 157 598 523 388 1254 260 794 832 456 327 421 609 508 595 392 958 932 377 526 519 1165 523 277 633 367 145 510 656 553 825 151 679 1195 473 72 252 1073 1131 212 168 966 262 256 692 391 1130 720 949 0 571 1165 274 955 452 348 868 1167 249 646 450 1186 1051 327 371 309 1023 424
458 334 1098 584 572 307 684 582 465 572 1287 417 1094 483 387 1155 551 857 706 612 372 968 136 547 701 235 1016 1219 532 530 601 733 714 724 385 647 717 288 1152 329 253 494 304 1201 554 642 688 544 1310 774 588 1130 398 754 1194 793 726 751 1306 571 0 1299 845 386 405 619 507 962 326 457 152 765 989 596 364 644 724 804
865 1436 1150 1101 840 997 631 1400 849 745 22 1150 889 818 948 497 1416 442 654 744 1390 1048 1190 765 617 1105 292 369 841 775 719 1154 653 1426 935 1532 1187 1010 887 972 1417 1289 1056 275 773 1182 1409 1357 103 1108 997 199 1342 1379 913 1539 1088 547 520 1165 1299 0 1181 1549 906 1510 992 700 1160 1678 1171 1139 441 1487 978 856 876 1576
634 653 273 1246 494 805 903 400 660 878 1184 429 418 715 612 1372 440 888 997 588 574 200 876 676 708 655 1032 880 544 701 664 1400 613 320 861 492 131 753 469 789 1098 390 926 1271 634 205 327 1335 1124 94 320 984 512 252 493 409 1359 840 848 274 845 1181 0 1229 667 487 1099 1331 521 874 719 1418 1168 479 603 405 1227 448
792 648 1484 558 931 586 919 933 789 807 1534 802 1473 787 738 1291 896 1119 902 949 711 1354 406 861 1006 609 1257 1538 884 837 918 650 1045 1079 623 968 1100 600 1529 614 146 864 497 1395 881 1025 1043 352 1581 1160 971 1407 754 1118 1573 1130 678 1018 1644 955 386 1549 1229 0 734 943 588 1051 712 624 529 688 1169 924 722 1015 786 1132
58 550 858 582 215 163 337 621 59 254 896 336 773 94 65 852 616 468 401 215 523 711 329 143 297 199 636 816 159 131 196 734 313 716 195 741 572 134 826 137 588 495 286 846 150 514 685 712 910 574 347 729 492 707 871 822 692 366 911 452 405 906 667 734 0 713 432 726 295 778 266 751 659 686 92 314 571 849
719 296 749 1175 677 767 1043 110 746 967 1506 382 895 801 648 1559 97 1122 1114 782 247 685 720 810 921 565 1290 1278 692 819 833 1332 861 183 852 29 387 712 950 767 848 226 849 1522 782 351 163 1164 1478 489 513 1311 237 250 977 189 1312 1038 1286 348 619 1510 487 943 713 0 1062 1437 422 424 574 1360 1360 26 621 654 1252 189
472 816 1286 155 632 304 391 991 450 306 974 728 1172 405 487 704 974 596 339 582 827 1138 372 471 561 500 702 1058 575 440 515 302 641 1110 238 1091 998 361 1218 315 482 872 214 812 510 936 1076 369 1039 1006 779 878 824 1114 1264 1205 262 511 1196 868 507 992 1099 588 432 1062 0 475 654 964 490 319 586 1035 499 735 219 1226
731 1236 1441 503 840 688 427 1347 703 473 678 1062 1248 644 792 260 1341 506 335 742 1228 1298 825 662 632 882 481 924 796 641 666 493 733 1439 599 1465 1265 736 1278 680 955 1221 657 443 701 1220 1409 762 783 1236 1028 682 1208 1423 1320 1547 432 506 1090 1167 962 700 1331 1051 726 1437 475 0 1015 1417 904 468 271 1410 817 925 265 1575
312 277 772 782 331 351 631 339 336 548 1152 92 785 387 232 1147 327 739 696 416 233 644 361 410 545 155 910 999 319 413 446 940 513 456 433 450 395 295 843 348 577 218 450 1131 391 321 421 826 1147 448 274 969 197 466 884 551 912 644 1055 249 326 1160 521 712 295 422 654 1015 0 527 201 965 952 395 203 367 834 574
814 254 1146 1028 858 740 1103 479 832 999 1670 566 1244 871 731 1599 436 1246 1143 939 322 1056 594 915 1061 579 1415 1525 843 909 959 1169 1039 604 826 438 751 703 1303 755 582 497 761 1621 905 690 577 927 1671 846 767 1492 386 666 1337 604 1170 1144 1572 646 457 1678 874 624 778 424 964 1417 527 0 528 1204 1421 418 700 885 1182 592
314 332 962 601 419 216 576 513 325 471 1161 292 945 353 238 1072 490 731 615 465 337 827 161 409 563 83 896 1073 381 397 461 759 567 644 305 603 595 175 1002 228 388 404 275 1095 411 522 608 626 1176 641 442 996 337 662 1045 729 737 627 1155 450 152 1171 719 529 266 574 490 904 201 528 0 786 893 548 214 492 690 746
789 1095 1601 185 946 621 638 1297 766 588 1118 1043 1471 717 807 728 1277 819 553 886 1118 1452 644 777 841 810 874 1287 890 746 814 37 931 1422 558 1389 1318 677 1515 633 642 1182 515 903 818 1255 1387 344 1207 1326 1098 1072 1123 1429 1560 1513 62 759 1439 1186 765 1139 1418 688 751 1360 319 468 965 1204 786 0 697 1334 818 1048 270 1532
642 1207 1239 674 703 685 322 1259 617 421 420 977 1023 565 719 204 1262 285 282 596 1182 1103 861 550 463 848 212 655 674 541 532 714 555 1328 603 1386 1125 718 1046 666 1050 1135 703 225 580 1093 1303 935 516 1078 893 411 1149 1301 1085 1441 648 332 822 1051 989 441 1168 1169 659 1360 586 271 952 1421 893 697 0 1334 749 769 439 1474
693 276 744 1149 653 740 1017 90 720 941 1484 356 883 775 621 1533 72 1097 1088 757 223 676 695 784 897 538 1266 1259 667 793 808 1306 837 185 825 55 374 686 939 740 827 201 823 1497 756 335 161 1140 1456 476 492 1289 211 250 967 206 1286 1012 1269 327 596 1487 479 924 686 26 1035 1410 395 418 548 1334 1334 0 594 632 1225 210
114 465 813 643 209 202 427 529 134 346 969 246 756 184 30 943 524 546 493 252 433 669 319 215 362 134 716 860 167 212 259 798 355 628 262 649 499 152 811 185 577 403 325 932 205 437 596 745 975 513 288 795 400 623 856 733 761 447 941 371 364 978 603 722 92 621 499 817 203 700 214 818 749 594 0 294 654 759
264 631 552 889 102 476 497 545 284 480 853 320 463 331 284 974 562 498 592 182 569 403 613 278 306 409 656 642 159 306 259 1035 220 577 504 676 356 437 517 452 870 438 601 894 235 333 557 1027 823 312 141 657 511 539 562 691 987 438 689 309 644 856 405 1015 314 654 735 925 367 885 492 1048 769 632 294 0 835 727
595 1022 1382 243 737 485 380 1173 568 355 856 897 1230 512 634 513 1160 551 288 660 1026 1234 587 557 592 687 605 1017 684 529 584 280 689 1281 400 1281 1141 539 1270 486 693 1050 423 657 599 1086 1249 506 941 1132 909 802 1016 1277 1314 1383 214 498 1170 1023 724 876 1227 786 571 1252 219 265 834 1182 690 270 439 1225 654 835 0 1407
846 485 672 1347 773 925 1166 235 874 1102 1575 513 865 931 784 1676 256 1218 1245 880 432 645 898 927 1019 726 1381 1309 799 941 941 1505 945 150 1007 164 394 870 915 922 1037 357 1017 1619 894 394 171 1349 1533 486 589 1376 411 202 935 38 1482 1144 1292 424 804 1576 448 1132 849 189 1226 1575 574 592 746 1532 1474 210 759 727 1407 0
