0 1345 516 914 1680 692 223 717 583 1440 1344 308 1622 12 1330 720 37
1345 0 1771 675 2091 1647 1300 1659 1071 2093 2650 1330 378 1334 1219 2053 1355
516 1771 0 1211 1431 1034 472 435 776 1116 878 446 1993 528 1389 586 486
914 675 1211 0 1449 1461 777 1012 442 1421 2079 771 795 908 662 1623 907
1680 2091 1431 1449 0 2365 1462 1010 1258 374 1831 1374 2049 1686 906 2009 1644
692 1647 1034 1461 2365 0 916 1373 1242 2103 1580 1000 1999 688 1987 743 725
223 1300 472 777 1462 916 0 532 388 1239 1349 89 1536 227 1121 854 193
717 1659 435 1012 1010 1373 532 0 587 730 1133 447 1806 726 1010 1021 679
583 1071 776 442 1258 1242 388 587 0 1127 1638 353 1236 582 748 1238 563
1440 2093 1116 1421 374 2103 1239 730 1127 0 1456 1149 2119 1448 1023 1677 1404
1344 2650 878 2079 1831 1580 1349 1133 1638 1456 0 1324 2868 1356 2137 838 1323
308 1330 446 771 1374 1000 89 447 353 1149 1324 0 1547 313 1062 887 274
1622 378 1993 795 2049 1999 1536 1806 1236 2119 2868 1547 0 1613 1144 2342 1626
12 1334 528 908 1686 688 227 726 582 1448 1356 313 1613 0 1329 729 47
1330 1219 1389 662 906 1987 1121 1010 748 1023 2137 1062 1144 1329 0 1933 1307
720 2053 586 1623 2009 743 854 1021 1238 1677 838 887 2342 729 1933 0 720
37 1355 486 907 1644 725 193 679 563 1404 1323 274 1626 47 1307 720 0
