0 185 1659 912 87 514 1692 1081 1291 1431 324 1477 810 1343 1639 1576
185 0 1488 916 156 370 1875 897 1449 1333 161 1301 928 1210 1456 1624
1659 1488 0 2113 1645 1157 3219 657 2933 917 1430 1072 2374 606 365 2085
912 916 2113 0 835 1237 2126 1456 1154 2212 835 1407 580 2026 1933 2484
87 156 1645 835 0 521 1754 1047 1292 1466 260 1410 780 1359 1606 1658
514 370 1157 1237 521 0 2098 645 1806 977 402 1212 1298 839 1184 1478
1692 1875 3219 2126 1754 2098 0 2737 1204 2625 2014 3163 1560 2729 3283 1817
1081 897 657 1456 1047 645 2737 0 2311 1049 807 693 1734 739 558 1966
1291 1449 2933 1154 1292 1806 1204 2311 0 2678 1507 2487 613 2630 2860 2391
1431 1333 917 2212 1466 977 2625 1049 2678 0 1379 1729 2241 339 1220 1199
324 161 1430 835 260 402 2014 807 1507 1379 0 1152 947 1218 1362 1765
1477 1301 1072 1407 1410 1212 3163 693 2487 1729 1152 0 1873 1402 738 2640
810 928 2374 580 780 1298 1560 1734 613 2241 947 1873 0 2138 2271 2218
1343 1210 606 2026 1359 839 2729 739 2630 339 1218 1402 2138 0 885 1479
1639 1456 365 1933 1606 1184 3283 558 2860 1220 1362 738 2271 885 0 2331
1576 1624 2085 2484 1658 1478 1817 1966 2391 1199 1765 2640 2218 1479 2331 0
