0 302 1507 602 1708 14 544 1677 487 1485 1422 769 1725 60 1212 606
302 0 1633 904 2004 304 846 1980 498 1416 1317 1069 2009 256 1509 878
1507 1633 0 1447 2132 1493 1415 1828 1145 988 1141 1549 1347 1557 1796 1104
602 904 1447 0 1120 601 64 1076 885 1793 1789 180 1200 650 625 349
1708 2004 2132 1120 0 1710 1184 383 1986 2787 2823 943 1006 1748 496 1338
14 304 1493 601 1710 0 542 1675 474 1472 1410 769 1718 71 1213 597
544 846 1415 64 1184 542 0 1133 821 1735 1728 245 1233 594 689 311
1677 1980 1828 1076 383 1675 1133 0 1866 2567 2626 924 625 1726 553 1198
487 498 1145 885 1986 474 821 1866 0 998 946 1065 1744 512 1500 669
1485 1416 988 1793 2787 1472 1735 2567 998 0 192 1958 2222 1504 2346 1478
1422 1317 1141 1789 2823 1410 1728 2626 946 192 0 1961 2319 1435 2366 1494
769 1069 1549 180 943 769 245 924 1065 1958 1961 0 1124 813 447 488
1725 2009 1347 1200 1006 1718 1233 625 1744 2222 2319 1124 0 1783 972 1132
60 256 1557 650 1748 71 594 1726 512 1504 1435 813 1783 0 1253 666
1212 1509 1796 625 496 1213 689 553 1500 2346 2366 447 972 1253 0 872
606 878 1104 349 1338 597 311 1198 669 1478 1494 488 1132 666 872 0
