0 829 188 106 840 733 1617 1104 1203 62 223 1513 423 1679 1637 396
829 0 795 831 1636 1435 789 535 1964 770 986 1352 1206 1635 1626 948
188 795 0 291 841 905 1568 1154 1347 159 403 1654 412 1838 1449 581
106 831 291 0 891 663 1620 1054 1157 138 160 1417 492 1577 1739 290
840 1636 841 891 0 902 2408 1943 971 887 805 2226 430 2315 1739 1035
733 1435 905 663 902 0 2197 1480 541 789 510 1446 778 1468 2310 489
1617 789 1568 1620 2408 2197 0 849 2735 1559 1773 1668 1981 1988 1936 1708
1104 535 1154 1054 1943 1480 849 0 2018 1063 1170 878 1526 1187 2161 1017
1203 1964 1347 1157 971 541 2735 2018 0 1264 996 1884 1081 1836 2636 1027
62 770 159 138 887 789 1559 1063 1264 0 278 1507 463 1683 1602 426
223 986 403 160 805 510 1773 1170 996 278 0 1440 455 1569 1843 248
1513 1352 1654 1417 2226 1446 1668 878 1884 1507 1440 0 1893 319 2935 1196
423 1206 412 492 430 778 1981 1526 1081 463 455 1893 0 2024 1562 703
1679 1635 1838 1577 2315 1468 1988 1187 1836 1683 1569 319 2024 0 3181 1321
1637 1626 1449 1739 1739 2310 1936 2161 2636 1602 1843 2935 1562 3181 0 2028
396 948 581 290 1035 489 1708 1017 1027 426 248 1196 703 1321 2028 0
