0 202 206 737 376 77 257 783 788 45 133 860 794 486 97 672 116 89 842 460 319 822 794 817 463 455 68 258 55 212 414 267 862 200 344 738 364 261 567 88 247 832 828 469 749 421 736 395 229 178 616 725 169 805 513 77 460 772 830 817 206 405 283 435 44 62 782 432 59 350 712 179 21 575 163 244 34 294
202 0 182 619 545 221 374 612 716 194 321 840 997 616 290 608 199 139 663 603 469 945 830 616 312 639 265 179 253 217 617 283 1032 250 540 910 389 219 453 156 148 645 890 604 921 269 905 560 80 29 815 658 174 833 621 219 330 576 642 1020 388 306 260 380 174 258 854 621 254 303 677 336 182 376 364 332 193 362
206 182 0 532 415 155 219 779 586 235 249 678 922 692 298 785 289 222 823 666 525 773 650 736 278 650 227 64 257 355 556 101 888 368 529 938 529 379 635 237 75 796 1017 444 780 241 937 600 125 159 782 523 304 655 715 273 264 714 668 960 291 201 86 552 217 220 975 623 264 470 847 385 188 447 344 167 226 477
737 619 532 0 834 685 650 936 199 761 765 430 1377 1218 831 1160 801 731 936 1196 1055 945 593 716 313 1179 757 479 789 836 1050 507 1191 866 1055 1469 1007 833 965 749 496 875 1508 769 1107 353 1468 1132 544 619 1287 197 791 571 1233 798 288 764 392 1432 782 332 468 968 741 750 1473 1151 796 904 1252 915 717 450 873 601 753 979
376 545 415 834 0 326 202 1153 790 416 244 753 543 665 359 1031 480 465 1208 620 514 474 595 1148 672 488 309 475 359 579 261 362 488 551 369 754 696 634 942 465 491 1190 1068 146 376 643 761 521 526 516 491 729 543 619 726 430 639 1118 1066 600 170 560 415 800 421 314 1013 452 367 718 1054 440 387 862 304 259 407 608
77 221 155 685 326 0 184 826 723 122 104 786 788 552 149 744 192 150 881 522 382 755 717 834 430 494 71 217 112 285 413 197 815 276 374 783 441 329 628 156 214 865 903 404 702 390 782 449 220 192 631 659 238 728 583 155 419 797 812 819 166 356 221 506 114 65 857 468 120 421 787 246 73 571 189 167 111 371
257 374 219 650 202 184 0 986 637 303 170 651 735 683 294 928 374 334 1035 645 513 575 550 955 470 566 213 275 272 469 401 160 668 457 437 855 620 513 808 340 294 1011 1060 230 560 441 858 557 339 345 639 573 423 565 727 332 438 933 864 784 145 359 213 690 298 212 1010 533 281 605 970 396 257 663 286 56 292 544
783 612 779 936 1153 826 986 0 1116 751 916 1313 1543 942 837 447 702 694 78 962 886 1552 1376 299 691 1094 852 745 816 619 1171 875 1641 667 1044 1285 634 561 304 699 715 129 956 1216 1529 676 1273 980 654 641 1316 1080 635 1370 895 751 744 206 655 1546 988 787 835 477 740 845 959 1092 811 515 558 816 769 487 915 942 757 701
788 716 586 199 790 723 637 1116 0 821 783 233 1324 1274 873 1298 873 805 1122 1246 1105 804 421 911 447 1198 791 549 834 927 1033 527 1078 949 1069 1489 1103 936 1111 821 574 1064 1599 695 1006 478 1491 1170 636 709 1272 64 878 394 1301 859 404 953 590 1388 781 410 505 1089 803 786 1560 1167 842 1017 1382 967 772 629 899 599 812 1061
45 194 235 761 416 122 303 751 821 0 171 900 812 457 97 627 71 60 813 435 294 866 839 799 477 447 106 282 65 167 432 306 899 154 345 725 319 218 526 51 266 805 788 513 786 434 721 377 236 173 622 758 127 849 479 37 480 750 833 831 245 429 317 390 20 101 744 427 62 306 666 154 51 571 174 289 11 251
133 321 249 765 244 104 170 916 783 171 0 818 683 513 129 793 237 223 974 477 343 701 720 937 528 416 65 313 118 336 309 260 728 312 290 708 467 390 698 221 315 961 891 348 615 490 709 392 324 293 533 718 298 735 557 188 512 897 914 715 73 443 298 558 177 70 840 386 127 475 823 228 146 676 118 187 163 384
860 840 678 430 753 786 651 1313 233 900 818 0 1249 1330 929 1445 962 899 1327 1295 1159 636 230 1129 624 1214 844 661 897 1033 1013 594 936 1045 1085 1497 1208 1054 1271 913 692 1273 1688 628 884 646 1502 1209 762 826 1244 242 983 198 1368 937 573 1164 822 1323 795 550 592 1221 886 840 1643 1180 906 1143 1518 1031 848 833 936 632 889 1151
794 997 922 1377 543 788 735 1543 1324 812 683 1249 0 721 717 1280 846 873 1611 675 681 729 1049 1611 1197 489 732 986 748 923 380 893 462 875 501 536 946 982 1272 862 994 1612 1079 629 424 1163 555 606 1008 971 263 1264 912 1079 797 802 1171 1562 1590 89 631 1093 944 1096 828 740 1019 476 749 1036 1254 727 814 1359 638 790 810 860
486 616 692 1218 665 552 683 942 1274 457 513 1330 721 0 403 585 420 488 1019 49 170 1128 1228 1109 925 238 488 739 440 415 467 749 1028 370 307 343 311 451 639 470 722 1042 407 809 928 881 331 147 681 608 458 1210 446 1245 76 420 934 1032 1245 687 549 887 770 464 477 492 349 263 432 445 540 307 504 967 396 698 466 272
97 290 298 831 359 149 294 837 873 97 129 929 717 403 0 672 134 156 901 372 233 826 844 896 560 358 85 354 41 228 338 346 829 194 250 642 339 286 595 145 344 896 766 475 717 518 640 301 325 268 525 809 201 858 438 86 557 845 926 734 193 499 370 443 115 89 717 335 37 363 697 102 118 667 79 299 97 255
672 608 785 1160 1031 744 928 447 1298 627 793 1445 1280 585 672 0 557 594 523 620 600 1493 1435 712 854 793 730 787 674 459 950 884 1494 480 791 913 345 415 203 587 756 573 510 1140 1382 820 897 675 684 627 1025 1246 505 1440 520 605 894 616 998 1260 863 897 867 237 630 727 517 803 666 322 113 601 670 747 734 905 637 436
116 199 289 801 480 192 374 702 873 71 237 962 846 420 134 557 0 69 767 404 269 936 908 774 505 447 173 326 121 98 470 369 960 84 360 711 250 153 463 52 305 765 728 583 847 461 705 361 260 188 640 811 67 917 432 50 514 718 841 858 310 473 374 321 79 170 686 432 114 238 595 139 119 570 212 359 82 189
89 139 222 731 465 150 334 694 805 60 223 899 873 488 156 594 69 0 754 471 333 905 853 739 437 500 158 257 125 139 493 307 952 146 402 772 309 179 479 18 235 746 796 553 839 393 767 422 193 123 680 743 90 861 502 79 445 690 781 891 296 403 308 356 46 152 755 482 123 271 642 197 79 515 234 310 63 256
842 663 823 936 1208 881 1035 78 1122 813 974 1327 1611 1019 901 523 767 754 0 1038 959 1595 1402 257 711 1167 911 785 878 688 1237 916 1696 737 1114 1363 710 629 382 761 757 71 1032 1265 1584 700 1350 1055 699 693 1388 1090 701 1394 973 815 764 177 629 1616 1045 814 874 554 801 905 1036 1164 873 589 633 885 827 494 980 989 818 775
460 603 666 1196 620 522 645 962 1246 435 477 1295 675 49 372 620 404 471 1038 0 141 1081 1187 1117 908 190 456 717 411 411 418 719 978 363 258 328 327 452 661 453 701 1059 456 764 878 865 318 99 664 592 413 1182 437 1205 124 399 914 1043 1238 645 508 864 742 484 455 460 397 213 404 456 581 281 479 962 359 663 442 275
319 469 525 1055 514 382 513 886 1105 294 343 1159 681 170 233 600 269 333 959 141 0 986 1061 1013 770 208 317 576 271 294 358 579 920 242 193 443 265 343 598 315 561 972 556 653 813 727 437 98 526 456 435 1041 310 1078 215 259 774 945 1109 669 383 723 601 419 315 321 502 209 263 370 587 140 338 836 229 527 302 184
822 945 773 945 474 755 575 1552 804 866 701 636 729 1128 826 1493 936 905 1595 1081 986 0 405 1479 938 924 763 810 819 1034 675 678 317 1013 823 1146 1166 1083 1383 909 838 1564 1535 353 306 928 1158 982 898 917 837 766 991 438 1193 888 888 1474 1289 817 632 815 723 1257 866 766 1478 890 828 1173 1523 913 826 1167 778 612 856 1080
794 830 650 593 595 717 550 1376 421 839 720 230 1049 1228 844 1435 908 853 1402 1187 1061 405 0 1234 693 1079 761 656 819 992 856 551 709 992 954 1350 1158 1025 1282 864 688 1356 1611 455 664 701 1357 1094 759 809 1075 398 942 32 1276 872 639 1253 973 1128 679 588 570 1201 829 760 1560 1044 828 1117 1494 946 788 922 832 550 828 1088
817 616 736 716 1148 834 955 299 911 799 937 1129 1611 1109 896 712 774 739 257 1117 1013 1479 1234 0 548 1213 881 683 863 720 1231 813 1624 772 1135 1446 800 670 527 751 661 186 1204 1176 1516 552 1436 1111 621 643 1415 888 714 1222 1078 813 601 96 376 1630 1001 666 763 662 783 874 1198 1202 862 664 825 909 798 315 973 902 801 842
463 312 278 313 672 430 470 691 447 477 528 624 1197 925 560 854 505 437 711 908 770 938 693 548 0 918 500 214 518 528 835 309 1114 563 803 1201 696 522 664 455 216 662 1196 661 1013 43 1198 855 244 317 1061 400 486 684 933 511 54 559 394 1238 567 123 256 656 456 492 1164 894 523 591 942 631 441 232 617 413 471 675
455 639 650 1179 488 494 566 1094 1198 447 416 1214 489 238 358 793 447 500 1167 190 208 924 1079 1213 918 0 423 709 400 493 249 676 796 441 129 291 469 546 805 484 702 1179 632 634 700 876 292 118 683 621 232 1133 501 1101 314 420 913 1148 1281 467 421 850 711 626 468 430 572 35 396 579 764 307 477 1015 306 599 451 393
68 265 227 757 309 71 213 852 791 106 65 844 732 488 85 730 173 158 911 456 317 763 761 881 500 423 0 287 59 272 353 263 794 251 303 712 409 324 632 155 283 900 851 410 681 459 711 380 279 238 564 726 233 774 524 125 490 839 878 759 139 427 291 494 112 7 802 396 68 411 763 187 84 630 117 214 97 331
258 179 64 479 475 217 275 745 549 282 313 661 986 739 354 787 326 257 785 717 576 810 656 683 214 709 287 0 312 379 621 132 941 400 591 996 555 394 626 274 32 753 1050 493 835 177 994 654 103 164 846 488 329 657 758 319 203 667 603 1025 355 147 90 560 262 280 1011 684 318 481 856 435 238 387 405 220 274 512
55 253 257 789 359 112 272 816 834 65 118 897 748 440 41 674 121 125 878 411 271 819 819 863 518 400 59 312 0 219 367 309 839 194 289 684 350 275 585 117 302 871 795 466 726 476 681 342 284 230 562 770 185 832 472 70 515 815 885 768 189 457 330 440 80 59 747 377 9 358 705 134 77 628 110 270 62 272
212 217 355 836 579 285 469 619 927 167 336 1033 923 415 228 459 98 139 688 411 294 1034 992 720 528 493 272 379 219 0 553 445 1057 51 426 735 176 59 367 129 353 692 674 681 944 485 727 392 293 219 703 867 50 1001 410 149 547 655 829 928 409 518 441 223 170 268 637 484 212 139 503 197 211 551 302 449 178 148
414 617 556 1050 261 413 401 1171 1033 432 309 1013 380 467 338 950 470 493 1237 418 358 675 856 1231 835 249 353 621 367 553 0 546 564 508 166 494 605 612 912 482 625 1235 873 402 461 798 503 321 632 591 238 970 536 881 539 424 816 1183 1223 406 270 742 592 744 448 361 814 215 369 675 945 361 434 983 259 448 430 514
267 283 101 507 362 197 160 875 527 306 260 594 893 749 346 884 369 307 916 719 579 678 551 813 309 676 263 132 309 445 546 0 814 452 550 967 616 474 737 320 159 885 1095 363 709 282 968 643 222 260 781 463 394 557 780 343 278 799 703 940 276 199 53 649 291 258 1050 647 317 566 943 443 254 511 373 104 295 557
862 1032 888 1191 488 815 668 1641 1078 899 728 936 462 1028 829 1494 960 952 1696 978 920 317 709 1624 1114 796 794 941 839 1057 564 814 0 1023 730 955 1149 1113 1424 949 963 1677 1429 452 113 1093 971 884 1007 1003 641 1030 1024 742 1101 909 1071 1601 1495 551 655 992 866 1271 906 799 1369 767 845 1193 1500 892 874 1325 761 721 892 1058
200 250 368 866 551 276 457 667 949 154 312 1045 875 370 194 480 84 146 737 363 242 1013 992 772 563 441 251 400 194 51 508 452 1023 0 377 684 165 107 406 131 376 742 650 661 910 519 677 340 322 247 652 887 77 1002 370 126 578 707 875 879 383 543 454 249 163 249 611 433 185 171 513 148 204 598 263 444 165 113
344 540 529 1055 369 374 437 1044 1069 345 290 1085 501 307 250 791 360 402 1114 258 193 823 954 1135 803 129 303 591 289 426 166 550 730 377 0 419 449 484 770 388 586 1118 714 515 626 762 421 159 574 518 279 1005 422 975 375 324 794 1077 1175 502 291 729 587 596 365 310 656 97 287 535 781 229 366 916 185 470 347 361
738 910 938 1469 754 783 855 1285 1489 725 708 1497 536 343 642 913 711 772 1363 328 443 1146 1350 1446 1201 291 712 996 684 735 494 967 955 684 419 0 654 779 982 754 986 1386 574 897 880 1159 19 349 961 895 315 1424 754 1374 395 693 1199 1372 1552 469 709 1139 1002 808 746 718 518 322 678 785 850 574 760 1280 596 889 730 603
364 389 529 1007 696 441 620 634 1103 319 467 1208 946 311 339 345 250 309 710 327 265 1166 1158 800 696 469 409 555 350 176 605 616 1149 165 449 654 0 175 337 295 528 731 500 815 1039 654 642 352 467 394 699 1043 225 1168 278 288 719 721 967 934 533 693 616 157 329 408 467 474 341 136 357 258 369 688 394 609 330 91
261 219 379 833 634 329 513 561 936 218 390 1054 982 451 286 415 153 179 629 452 343 1083 1025 670 522 546 324 394 275 59 612 474 1113 107 484 779 175 0 310 174 365 635 674 731 1000 480 770 441 299 229 760 878 91 1032 436 204 546 602 799 986 463 526 464 177 217 320 643 539 268 92 468 255 257 520 361 489 228 178
567 453 635 965 942 628 808 304 1111 526 698 1271 1272 639 595 203 463 479 382 661 598 1383 1282 527 664 805 632 626 585 367 912 737 1424 406 770 982 337 310 0 478 594 416 676 1033 1311 633 969 688 522 477 1033 1062 399 1283 591 514 708 435 795 1266 772 720 712 179 522 628 671 807 578 237 310 551 559 544 669 776 535 413
88 156 237 749 465 156 340 699 821 51 221 913 862 470 145 587 52 18 761 453 315 909 864 751 455 484 155 274 117 129 482 320 949 131 388 754 295 174 478 0 253 754 779 557 836 412 750 405 211 141 666 759 82 873 484 64 463 700 798 879 294 420 323 350 44 150 738 466 113 265 633 180 83 531 223 319 58 240
247 148 75 496 491 214 294 715 574 266 315 692 994 722 344 756 305 235 757 701 561 838 688 661 216 702 283 32 302 353 625 159 963 376 586 986 528 365 594 253 0 726 1025 516 855 176 984 642 71 135 846 514 304 689 738 302 213 642 598 1030 363 167 121 529 246 276 987 677 307 451 826 420 226 371 400 241 259 489
832 645 796 875 1190 865 1011 129 1064 805 961 1273 1612 1042 896 573 765 746 71 1059 972 1564 1356 186 662 1179 900 753 871 692 1235 885 1677 742 1118 1386 731 635 416 754 726 0 1080 1240 1565 656 1374 1069 672 674 1395 1034 699 1347 1001 811 717 111 559 1620 1031 771 841 579 792 893 1081 1174 867 604 685 889 815 439 976 963 809 791
828 890 1017 1508 1068 903 1060 956 1599 788 891 1688 1079 407 766 510 728 796 1032 456 556 1535 1611 1204 1196 632 851 1050 795 674 873 1095 1429 650 714 574 500 674 676 779 1025 1080 0 1209 1331 1155 555 554 967 893 820 1538 721 1625 342 751 1220 1112 1440 1026 938 1192 1103 569 803 853 60 662 785 612 404 664 840 1166 782 1065 799 539
469 604 444 769 146 404 230 1216 695 513 348 628 629 809 475 1140 583 553 1265 764 653 353 455 1176 661 634 410 493 466 681 402 363 452 661 515 897 815 731 1033 557 516 1240 1209 0 351 641 905 666 567 576 621 637 639 480 867 535 620 1158 1046 699 282 540 414 904 513 413 1154 598 475 820 1172 567 474 874 434 276 503 731
749 921 780 1107 376 702 560 1529 1006 786 615 884 424 928 717 1382 847 839 1584 878 813 306 664 1516 1013 700 681 835 726 944 461 709 113 910 626 880 1039 1000 1311 836 855 1565 1331 351 0 990 894 782 897 891 564 955 911 696 1000 796 972 1491 1398 513 542 892 762 1159 793 686 1272 669 732 1080 1391 781 761 1220 648 614 779 948
421 269 241 353 643 390 441 676 478 434 490 646 1163 881 518 820 461 393 700 865 727 928 701 552 43 876 459 177 476 485 798 282 1093 519 762 1159 654 480 633 412 176 656 1155 641 990 0 1155 812 200 273 1022 428 443 694 890 468 74 556 427 1202 532 115 229 617 413 452 1121 853 481 551 906 587 399 238 576 384 428 631
736 905 937 1468 761 782 858 1273 1491 721 709 1502 555 331 640 897 705 767 1350 318 437 1158 1357 1436 1198 292 711 994 681 727 503 968 971 677 421 19 642 770 969 750 984 1374 555 905 894 1155 0 344 957 890 330 1426 747 1381 381 689 1197 1361 1546 487 712 1138 1002 795 742 717 499 324 676 774 833 570 757 1273 596 891 727 594
395 560 600 1132 521 449 557 980 1170 377 392 1209 606 147 301 675 361 422 1055 99 98 982 1094 1111 855 118 380 654 342 392 321 643 884 340 159 349 352 441 688 405 642 1069 554 666 782 812 344 0 613 546 350 1106 407 1113 217 345 856 1043 1202 585 417 800 671 509 398 385 496 130 336 465 649 225 416 931 273 579 383 279
229 80 125 544 526 220 339 654 636 236 324 762 1008 681 325 684 260 193 699 664 526 898 759 621 244 683 279 103 284 293 632 222 1007 322 574 961 467 299 522 211 71 672 967 567 897 200 957 613 0 74 843 578 247 761 691 268 255 594 600 1038 382 226 190 459 215 272 931 661 287 383 756 388 207 351 391 290 231 435
178 29 159 619 516 192 345 641 709 173 293 826 971 608 268 627 188 123 693 592 456 917 809 643 317 621 238 164 230 219 591 260 1003 247 518 895 394 229 477 141 135 674 893 576 891 273 890 546 74 0 793 649 172 813 616 201 330 605 659 995 359 299 240 396 153 231 856 601 231 316 693 320 157 398 340 304 171 360
616 815 782 1287 491 631 639 1316 1272 622 533 1244 263 458 525 1025 640 680 1388 413 435 837 1075 1415 1061 232 564 846 562 703 238 781 641 652 279 315 699 760 1033 666 846 1395 820 621 564 1022 330 350 843 793 0 1208 701 1101 533 603 1045 1356 1443 235 504 974 825 854 641 572 760 226 561 802 993 507 637 1191 452 686 622 619
725 658 523 197 729 659 573 1080 64 758 718 242 1264 1210 809 1246 811 743 1090 1182 1041 766 398 888 400 1133 726 488 770 867 970 463 1030 887 1005 1424 1043 878 1062 759 514 1034 1538 637 955 428 1426 1106 578 649 1208 0 818 375 1237 796 354 924 586 1328 716 352 441 1033 740 721 1498 1102 778 960 1327 904 708 596 834 534 748 999
169 174 304 791 543 238 423 635 878 127 298 983 912 446 201 505 67 90 701 437 310 991 942 714 486 501 233 329 185 50 536 394 1024 77 422 754 225 91 399 82 304 699 721 639 911 443 747 407 247 172 701 818 0 950 447 116 502 655 801 922 372 470 391 267 125 229 683 488 179 182 552 195 165 526 279 401 136 188
805 833 655 571 619 728 565 1370 394 849 735 198 1079 1245 858 1440 917 861 1394 1205 1078 438 32 1222 684 1101 774 657 832 1001 881 557 742 1002 975 1374 1168 1032 1283 873 689 1347 1625 480 696 694 1381 1113 761 813 1101 375 950 0 1292 883 630 1243 954 1157 697 583 573 1207 838 773 1575 1066 841 1124 1501 960 798 912 849 562 838 1100
513 621 715 1233 726 583 727 895 1301 479 557 1368 797 76 438 520 432 502 973 124 215 1193 1276 1078 933 314 524 758 472 410 539 780 1101 370 375 395 278 436 591 484 738 1001 342 867 1000 890 381 217 691 616 533 1237 447 1292 0 441 946 997 1236 762 599 905 796 422 497 527 287 338 463 415 468 337 529 957 444 738 489 262
77 219 273 798 430 155 332 751 859 37 188 937 802 420 86 605 50 79 815 399 259 888 872 813 511 420 125 319 70 149 424 343 909 126 324 693 288 204 514 64 302 811 751 535 796 468 689 345 268 201 603 796 116 883 441 0 515 760 861 817 260 466 355 370 56 122 706 402 63 287 639 120 88 595 165 322 47 216
460 330 264 288 639 419 438 744 404 480 512 573 1171 934 557 894 514 445 764 914 774 888 639 601 54 913 490 203 515 547 816 278 1071 578 794 1199 719 546 708 463 213 717 1220 620 972 74 1197 856 255 330 1045 354 502 630 946 515 0 614 427 1215 546 80 226 689 459 483 1185 887 520 621 979 634 440 286 608 382 473 691
772 576 714 764 1118 797 933 206 953 750 897 1164 1562 1032 845 616 718 690 177 1043 945 1474 1253 96 559 1148 839 667 815 655 1183 799 1601 707 1077 1372 721 602 435 700 642 111 1112 1158 1491 556 1361 1043 594 605 1356 924 655 1243 997 760 614 0 453 1576 964 671 752 578 735 831 1106 1140 813 587 730 849 754 332 923 882 753 769
830 642 668 392 1066 812 864 655 590 833 914 822 1590 1245 926 998 841 781 629 1238 1109 1289 973 376 394 1281 878 603 885 829 1223 703 1495 875 1175 1552 967 799 795 798 598 559 1440 1046 1398 427 1546 1202 600 659 1443 586 801 954 1236 861 427 453 0 1628 959 508 650 871 812 870 1420 1261 888 837 1106 978 808 279 991 807 830 976
817 1020 960 1432 600 819 784 1546 1388 831 715 1323 89 687 734 1260 858 891 1616 645 669 817 1128 1630 1238 467 759 1025 768 928 406 940 551 879 502 469 934 986 1266 879 1030 1620 1026 699 513 1202 487 585 1038 995 235 1328 922 1157 762 817 1215 1576 1628 0 670 1139 989 1088 848 766 967 460 768 1033 1226 731 838 1389 657 838 830 852
206 388 291 782 170 166 145 988 781 245 73 795 631 549 193 863 310 296 1045 508 383 632 679 1001 567 421 139 355 189 409 270 276 655 383 291 709 533 463 772 294 363 1031 938 282 542 532 712 417 382 359 504 716 372 697 599 260 546 964 959 670 0 471 322 630 251 144 886 388 197 548 890 284 218 731 156 183 237 448
405 306 201 332 560 356 359 787 410 429 443 550 1093 887 499 897 473 403 814 864 723 815 588 666 123 850 427 147 457 518 742 199 992 543 729 1139 693 526 720 420 167 771 1192 540 892 115 1138 800 226 299 974 352 470 583 905 466 80 671 508 1139 471 0 149 681 410 420 1154 823 464 607 976 583 385 352 544 303 421 656
283 260 86 468 415 221 213 835 505 317 298 592 944 770 370 867 374 308 874 742 601 723 570 763 256 711 291 90 330 441 592 53 866 454 587 1002 616 464 712 323 121 841 1103 414 762 229 1002 671 190 240 825 441 391 573 796 355 226 752 650 989 322 149 0 636 300 285 1060 683 338 554 932 463 267 459 405 156 307 563
435 380 552 968 800 506 690 477 1089 390 558 1221 1096 464 443 237 321 356 554 484 419 1257 1201 662 656 626 494 560 440 223 744 649 1271 249 596 808 157 177 179 350 529 579 569 904 1159 617 795 509 459 396 854 1033 267 1207 422 370 689 578 871 1088 630 681 636 0 392 491 550 628 432 85 296 384 433 597 510 667 401 236
44 174 217 741 421 114 298 740 803 20 177 886 828 477 115 630 79 46 801 455 315 866 829 783 456 468 112 262 80 170 448 291 906 163 365 746 329 217 522 44 246 792 803 513 793 413 742 398 215 153 641 740 125 838 497 56 459 735 812 848 251 410 300 392 0 106 760 448 79 307 672 174 41 551 191 281 18 265
62 258 220 750 314 65 212 845 786 101 70 840 740 492 89 727 170 152 905 460 321 766 760 874 492 430 7 280 59 268 361 258 799 249 310 718 408 320 628 150 276 893 853 413 686 452 717 385 272 231 572 721 229 773 527 122 483 831 870 766 144 420 285 491 106 0 805 403 68 408 762 190 77 622 124 211 93 331
782 854 975 1473 1013 857 1010 959 1560 744 840 1643 1019 349 717 517 686 755 1036 397 502 1478 1560 1198 1164 572 802 1011 747 637 814 1050 1369 611 656 518 467 643 671 738 987 1081 60 1154 1272 1121 499 496 931 856 760 1498 683 1575 287 706 1185 1106 1420 967 886 1154 1060 550 760 805 0 602 738 586 417 615 795 1143 730 1017 754 498
432 621 623 1151 452 468 533 1092 1167 427 386 1180 476 263 335 803 432 482 1164 213 209 890 1044 1202 894 35 396 684 377 484 215 647 767 433 97 322 474 539 807 466 677 1174 662 598 669 853 324 130 661 601 226 1102 488 1066 338 402 887 1140 1261 460 388 823 683 628 448 403 602 0 373 577 779 293 454 998 279 567 430 393
59 254 264 796 367 120 281 811 842 62 127 906 749 432 37 666 114 123 873 404 263 828 828 862 523 396 68 318 9 212 369 317 845 185 287 678 341 268 578 113 307 867 785 475 732 481 676 336 287 231 561 778 179 841 463 63 520 813 888 768 197 464 338 432 79 68 738 373 0 350 696 125 81 629 111 279 61 262
350 303 470 904 718 421 605 515 1017 306 475 1143 1036 445 363 322 238 271 589 456 370 1173 1117 664 591 579 411 481 358 139 675 566 1193 171 535 785 136 92 237 265 451 604 612 820 1080 551 774 465 383 316 802 960 182 1124 415 287 621 587 837 1033 548 607 554 85 307 408 586 577 350 0 377 314 348 558 434 582 316 186
712 677 847 1252 1054 787 970 558 1382 666 823 1518 1254 540 697 113 595 642 633 581 587 1523 1494 825 942 764 763 856 705 503 945 943 1500 513 781 850 357 468 310 633 826 685 404 1172 1391 906 833 649 756 693 993 1327 552 1501 468 639 979 730 1106 1226 890 976 932 296 672 762 417 779 696 377 0 614 713 850 751 952 677 446
179 336 385 915 440 246 396 816 967 154 228 1031 727 307 102 601 139 197 885 281 140 913 946 909 631 307 187 435 134 197 361 443 892 148 229 574 258 255 551 180 420 889 664 567 781 587 570 225 388 320 507 904 195 960 337 120 634 849 978 731 284 583 463 384 174 190 615 293 125 314 614 0 197 709 136 401 161 168
21 182 188 717 387 73 257 769 772 51 146 848 814 504 118 670 119 79 827 479 338 826 788 798 441 477 84 238 77 211 434 254 874 204 366 760 369 257 559 83 226 815 840 474 761 399 757 416 207 157 637 708 165 798 529 88 440 754 808 838 218 385 267 433 41 77 795 454 81 348 713 197 0 553 184 239 41 303
575 376 447 450 862 571 663 487 629 571 676 833 1359 967 667 747 570 515 494 962 836 1167 922 315 232 1015 630 387 628 551 983 511 1325 598 916 1280 688 520 544 531 371 439 1166 874 1220 238 1273 931 351 398 1191 596 526 912 957 595 286 332 279 1389 731 352 459 597 551 622 1143 998 629 558 850 709 553 0 738 607 569 697
163 364 344 873 304 189 286 915 899 174 118 936 638 396 79 734 212 234 980 359 229 778 832 973 617 306 117 405 110 302 259 373 761 263 185 596 394 361 669 223 400 976 782 434 648 576 596 273 391 340 452 834 279 849 444 165 608 923 991 657 156 544 405 510 191 124 730 279 111 434 751 136 184 738 0 306 172 304
244 332 167 601 259 167 56 942 599 289 187 632 790 698 299 905 359 310 989 663 527 612 550 902 413 599 214 220 270 449 448 104 721 444 470 889 609 489 776 319 241 963 1065 276 614 384 891 579 290 304 686 534 401 562 738 322 382 882 807 838 183 303 156 667 281 211 1017 567 279 582 952 401 239 607 306 0 278 538
34 193 226 753 407 111 292 757 812 11 163 889 810 466 97 637 82 63 818 442 302 856 828 801 471 451 97 274 62 178 430 295 892 165 347 730 330 228 535 58 259 809 799 503 779 428 727 383 231 171 622 748 136 838 489 47 473 753 830 830 237 421 307 401 18 93 754 430 61 316 677 161 41 569 172 278 0 262
294 362 477 979 608 371 544 701 1061 251 384 1151 860 272 255 436 189 256 775 275 184 1080 1088 842 675 393 331 512 272 148 514 557 1058 113 361 603 91 178 413 240 489 791 539 731 948 631 594 279 435 360 619 999 188 1100 262 216 691 769 976 852 448 656 563 236 265 331 498 393 262 186 446 168 303 697 304 538 262 0
