0 1648 1039 1459 194 446 1381 118 761 414 474 1197 263 525 791 565
1648 0 1869 2098 1527 1900 1200 1766 1174 1718 1249 2733 1878 1815 2424 2213
1039 1869 0 2489 1183 710 2204 1043 1604 631 875 2009 1214 549 1208 1214
1459 2098 2489 0 1305 1878 952 1488 1060 1873 1701 1396 1364 1983 1871 1625
194 1527 1183 1305 0 638 1186 293 570 580 472 1239 352 700 956 711
446 1900 710 1878 638 0 1814 391 1188 193 652 1309 530 172 594 518
1381 1200 2204 952 1186 1814 0 1475 627 1713 1329 2001 1463 1839 2094 1829
118 1766 1043 1488 293 391 1475 0 863 412 576 1107 185 504 673 447
761 1174 1604 1060 570 1188 627 863 0 1086 733 1596 881 1213 1511 1253
414 1718 631 1873 580 193 1713 412 1086 0 477 1449 588 126 783 676
474 1249 875 1701 472 652 1329 576 733 477 0 1671 738 589 1188 1006
1197 2733 2009 1396 1239 1309 2001 1107 1596 1449 1671 0 933 1481 866 795
263 1878 1214 1364 352 530 1463 185 881 588 738 933 0 668 632 372
525 1815 549 1983 700 172 1839 504 1213 126 589 1481 668 0 753 690
791 2424 1208 1871 956 594 2094 673 1511 783 1188 866 632 753 0 267
565 2213 1214 1625 711 518 1829 447 1253 676 1006 795 372 690 267 0
