0 1486 521 1060 644 749 450 887 1312 576 655 1050 1436 954 460 201 867
1486 0 1109 2320 1713 1068 1757 2372 1993 1052 1450 2423 2672 1602 1905 1636 1328
521 1109 0 1573 1081 239 653 1326 1678 62 968 1572 1950 669 832 588 459
1060 2320 1573 0 609 1807 1280 900 845 1621 887 265 377 1949 1061 1093 1915
644 1713 1081 609 0 1320 1032 1055 682 1117 284 757 960 1598 905 778 1493
749 1068 239 1807 1320 0 785 1498 1908 206 1199 1796 2184 558 999 784 295
450 1757 653 1280 1032 785 0 728 1714 714 1097 1176 1629 686 247 261 735
887 2372 1326 900 1055 1498 728 0 1637 1388 1276 676 1142 1374 498 743 1462
1312 1993 1678 845 682 1908 1714 1637 0 1701 709 1105 981 2257 1579 1459 2122
576 1052 62 1621 1117 206 714 1388 1701 0 992 1627 1999 688 894 650 460
655 1450 968 887 284 1199 1097 1276 709 992 0 1041 1224 1566 1030 836 1415
1050 2423 1572 265 757 1796 1176 676 1105 1627 1041 0 474 1861 937 1033 1864
1436 2672 1950 377 960 2184 1629 1142 981 1999 1224 474 0 2308 1398 1459 2286
954 1602 669 1949 1598 558 686 1374 2257 688 1566 1861 2308 0 931 860 273
460 1905 832 1061 905 999 247 498 1579 894 1030 937 1398 931 0 273 978
201 1636 588 1093 778 784 261 743 1459 650 836 1033 1459 860 273 0 831
867 1328 459 1915 1493 295 735 1462 2122 460 1415 1864 2286 273 978 831 0
