0 403 1256 622 1667 1113 194 125 1526 633 1410 846 460 1603 373 120
403 0 852 1025 1349 1476 321 464 1821 281 1227 1119 724 1200 190 306
1256 852 0 1875 896 2297 1141 1303 2526 697 1211 1873 1490 348 950 1152
622 1025 1875 0 2184 709 746 576 1146 1248 1796 786 565 2220 978 723
1667 1349 896 2184 0 2779 1483 1644 2415 1373 631 2468 1649 860 1526 1547
1113 1476 2297 709 2779 0 1296 1139 1697 1603 2464 521 1252 2644 1347 1233
194 321 1141 746 1483 1296 0 170 1505 596 1216 1040 406 1481 389 93
125 464 1303 576 1644 1139 170 0 1409 720 1344 925 335 1646 475 159
1526 1821 2526 1146 2415 1697 1505 1409 0 2101 1820 1928 1098 2820 1881 1554
633 281 697 1248 1373 1603 596 720 2101 0 1377 1178 1002 1041 272 562
1410 1227 1211 1796 631 2464 1216 1344 1820 1377 0 2257 1231 1335 1417 1302
846 1119 1873 786 2468 521 1040 925 1928 1178 2257 0 1165 2212 955 956
460 724 1490 565 1649 1252 406 335 1098 1002 1231 1165 0 1815 788 461
1603 1200 348 2220 860 2644 1481 1646 2820 1041 1335 2212 1815 0 1298 1497
373 190 950 978 1526 1347 389 475 1881 272 1417 955 788 1298 0 327
120 306 1152 723 1547 1233 93 159 1554 562 1302 956 461 1497 327 0
