0 634 593 74 621 822 50 860 81 587 235 116 658 163 0 407 182 210 263 0 573 40 246 464 762 359 716 561 249 445 258 528 475 779 864 61 659 11 405 623 821 598 493 472 68 654 166 74 553 762 723 456 374 809 260 573 409 282 751 240 567 706 407 345 322 794 690 663 691 706 176 147 129 160 59 67 177 547
634 0 1226 634 829 1390 650 313 553 956 433 716 128 553 635 227 471 587 625 634 1068 620 862 687 852 962 1349 594 842 1063 647 819 1079 1007 714 582 923 622 261 867 1161 340 727 389 702 1281 549 639 1177 1065 1357 1078 873 281 446 1049 267 581 1286 574 1030 715 456 917 398 526 1304 1200 381 264 806 780 652 518 592 683 748 1176
593 1226 0 596 880 522 584 1429 673 699 806 516 1240 710 592 999 760 688 688 593 584 612 400 862 1051 312 124 1025 446 206 665 830 240 1012 1326 649 913 605 986 913 838 1132 865 995 525 108 698 591 111 850 138 243 508 1377 811 617 997 736 478 742 560 1076 909 442 874 1280 289 438 1244 1284 420 446 612 719 641 544 502 84
74 634 596 0 547 870 124 837 101 516 210 82 644 226 74 409 163 142 190 74 638 112 290 536 689 333 717 624 304 429 184 603 451 853 923 116 734 76 389 697 751 558 566 426 105 647 112 5 543 689 731 488 313 785 221 640 431 214 705 307 505 638 354 403 285 743 723 616 731 733 178 159 204 123 120 58 126 542
621 829 880 547 0 1322 671 829 609 215 532 550 748 748 621 696 551 421 361 621 1162 657 784 1067 171 583 959 1118 819 676 362 1147 641 1398 1385 647 1279 621 603 1240 341 523 1101 439 635 859 484 547 775 240 1009 914 379 785 486 1170 795 359 627 833 363 229 383 915 487 524 1122 570 1112 1052 625 635 750 517 656 582 501 797
822 1390 522 870 1322 0 782 1662 893 1175 1055 817 1449 841 821 1180 1001 1005 1034 821 350 813 579 789 1490 746 546 961 573 677 1018 684 731 737 1200 849 689 831 1210 721 1345 1419 766 1293 765 614 981 866 627 1343 476 407 946 1613 1082 383 1124 1073 1000 817 1053 1479 1224 482 1143 1613 233 959 1256 1345 719 721 750 982 837 812 843 595
50 650 584 124 671 782 0 890 110 631 272 150 684 139 50 425 218 261 313 50 525 31 215 422 812 375 708 528 209 451 309 480 487 730 834 70 611 54 434 576 865 637 449 514 71 652 214 124 553 807 710 429 412 839 301 524 412 332 775 205 604 757 452 302 361 837 661 688 678 703 181 148 81 204 59 101 213 545
860 313 1429 837 829 1662 890 0 781 1008 628 915 215 821 861 484 679 745 759 861 1356 858 1104 996 787 1136 1546 908 1095 1244 783 1128 1247 1321 1004 820 1235 849 455 1179 1170 322 1037 452 927 1466 731 842 1362 1067 1566 1317 999 52 618 1340 564 710 1391 859 1118 644 541 1180 555 356 1551 1312 673 541 1015 996 911 713 832 894 928 1367
81 553 673 101 609 893 110 781 0 603 162 177 578 140 81 326 108 187 248 81 628 79 323 458 737 428 796 531 319 520 252 540 546 791 826 47 673 69 326 631 839 527 492 406 149 732 126 105 629 771 804 536 412 730 194 624 334 253 806 225 603 669 349 412 252 730 769 718 629 635 254 227 161 103 59 134 228 625
587 956 699 516 215 1175 631 1008 603 0 584 487 896 740 586 784 583 432 372 587 1063 627 686 1051 371 429 765 1135 731 504 359 1109 459 1357 1424 631 1238 591 705 1206 235 689 1080 578 577 664 498 514 589 180 820 774 242 960 546 1078 864 398 412 823 151 444 501 818 571 729 961 355 1186 1148 530 550 713 537 636 531 426 615
235 433 806 210 532 1055 272 628 162 584 0 290 434 260 236 217 53 163 214 236 786 241 482 559 633 529 926 588 481 632 232 661 647 906 854 207 792 225 180 746 813 365 598 247 299 852 116 215 748 731 941 691 450 576 48 779 280 186 863 336 624 544 203 574 91 571 925 776 602 573 388 367 317 87 219 265 315 749
116 716 516 82 550 817 150 915 177 487 290 0 724 280 116 491 245 190 218 117 613 156 243 571 704 251 636 676 270 347 204 622 369 870 981 176 750 126 470 719 718 627 597 492 90 564 183 77 460 665 651 424 262 862 296 620 511 255 635 354 454 669 414 369 360 802 658 546 804 812 104 95 229 202 175 50 63 460
658 128 1240 644 748 1449 684 215 578 896 434 724 0 608 659 269 481 570 596 659 1141 652 899 785 751 958 1360 708 886 1064 620 915 1073 1116 841 613 1025 647 254 970 1087 233 826 317 726 1285 545 649 1181 988 1375 1113 844 172 433 1124 350 548 1251 643 986 611 397 969 374 401 1345 1167 509 391 821 799 700 521 625 698 745 1183
163 553 710 226 748 841 139 821 140 740 260 280 608 0 164 338 216 327 388 163 541 124 318 318 873 514 835 398 291 589 392 406 626 654 700 110 538 155 377 494 976 608 352 504 210 785 264 228 688 910 831 531 537 773 304 530 296 391 913 84 730 797 463 363 349 825 752 825 541 574 319 287 101 234 106 230 341 677
0 635 592 74 621 821 50 861 81 586 236 116 659 164 0 408 183 210 262 0 573 41 245 465 761 359 715 562 248 444 258 529 474 779 865 62 660 12 406 623 821 598 494 472 67 653 166 74 552 761 722 456 374 810 260 573 409 282 750 240 566 707 407 345 322 794 690 662 692 707 175 146 129 161 59 66 176 546
407 227 999 409 696 1180 425 484 326 784 217 491 269 338 408 0 248 379 426 407 872 394 638 539 760 740 1122 499 621 838 446 664 857 883 711 355 783 395 99 729 1005 329 580 288 475 1055 332 414 952 916 1130 853 667 437 243 857 117 389 1081 375 838 641 314 701 213 555 1082 993 417 364 579 553 433 298 365 457 526 950
182 471 760 163 551 1001 218 679 108 583 53 245 481 216 183 248 0 151 210 183 734 188 429 524 663 491 881 567 427 591 224 621 609 868 843 154 753 172 226 708 816 418 562 298 247 810 89 168 706 739 894 639 429 627 89 728 291 194 839 296 610 581 248 521 143 623 873 751 608 591 340 318 265 51 167 217 277 705
210 587 688 142 421 1005 261 745 187 432 163 190 570 327 210 379 151 0 62 211 781 242 427 646 553 391 802 708 445 499 73 727 504 978 992 227 859 207 326 819 666 444 680 307 246 720 66 144 617 592 826 614 287 692 140 782 439 71 701 412 462 496 225 545 195 612 847 614 759 736 293 284 335 104 237 195 185 622
263 625 688 190 361 1034 313 759 248 372 214 218 596 388 262 426 210 62 0 263 825 297 462 707 499 381 797 770 485 491 24 785 488 1036 1053 286 918 261 363 878 605 448 740 311 289 711 128 191 609 530 826 636 248 707 183 829 494 49 661 473 411 452 223 584 226 596 866 575 816 787 316 313 390 166 295 235 195 618
0 634 593 74 621 821 50 861 81 587 236 117 659 163 0 407 183 211 263 0 573 40 246 464 762 360 716 561 248 445 259 528 475 778 864 61 659 12 406 623 822 598 493 472 68 654 166 75 552 762 723 456 375 809 260 572 409 282 751 239 567 707 407 345 322 794 690 663 691 706 176 147 129 161 58 67 177 547
573 1068 584 638 1162 350 525 1356 628 1063 786 613 1141 541 573 872 734 781 825 573 0 551 379 438 1318 656 672 610 343 637 815 335 697 441 858 581 363 579 918 384 1272 1146 415 1033 536 693 739 636 650 1243 622 351 820 1310 822 37 801 852 1018 497 977 1277 977 247 877 1357 401 952 907 1001 539 526 469 729 568 590 660 620
40 620 612 112 657 813 31 858 79 627 241 156 652 124 41 394 188 242 297 40 551 0 246 424 795 393 736 521 240 474 295 490 507 741 824 38 622 36 402 584 862 606 453 485 90 678 190 113 578 802 739 461 415 807 272 549 385 312 788 199 608 735 425 332 331 809 693 701 658 679 202 171 93 177 28 106 217 571
246 862 400 290 784 579 215 1104 323 686 482 243 899 318 245 638 429 427 462 246 379 246 0 479 943 303 524 631 55 329 448 479 382 705 937 285 590 256 649 573 901 843 490 715 186 487 402 286 400 866 514 215 443 1054 505 392 614 496 706 342 611 913 644 132 567 1034 446 626 844 890 159 150 217 405 273 233 283 382
464 687 862 536 1067 789 422 996 458 1051 559 571 785 318 465 539 524 646 707 464 438 424 479 0 1188 762 979 175 426 807 710 132 857 350 463 423 244 460 617 191 1286 861 41 783 484 959 582 537 878 1225 953 630 834 957 607 408 435 708 1172 233 1025 1103 761 423 639 1087 792 1088 470 571 570 539 342 551 416 523 634 858
762 852 1051 689 171 1490 812 787 737 371 633 704 751 873 761 760 663 553 499 762 1318 795 943 1188 0 754 1128 1220 975 847 505 1278 812 1528 1468 780 1410 760 661 1368 420 518 1224 476 784 1028 611 690 946 322 1180 1082 549 749 585 1324 870 484 773 956 523 143 450 1072 569 445 1292 725 1174 1096 785 793 888 638 790 731 660 968
359 962 312 333 583 746 375 1136 428 429 529 251 958 514 359 740 491 391 381 360 656 393 303 762 754 0 416 893 357 109 358 778 118 1008 1202 421 893 370 708 874 619 829 779 692 304 330 414 328 227 602 449 345 204 1083 525 676 763 431 410 574 322 767 604 423 584 969 539 327 1051 1064 196 229 436 443 418 295 214 237
716 1349 124 717 959 546 708 1546 796 765 926 636 1360 835 715 1122 881 802 797 716 672 736 524 979 1128 416 0 1144 568 306 774 939 322 1109 1443 773 1015 728 1106 1019 875 1244 980 1107 648 101 816 712 190 901 71 351 598 1494 929 707 1121 846 478 866 618 1165 1020 556 991 1384 318 461 1368 1409 542 569 736 838 765 666 617 179
561 594 1025 624 1118 961 528 908 531 1135 588 676 708 398 562 499 567 708 770 561 610 521 631 175 1220 893 1144 0 581 951 778 282 997 416 308 508 347 554 593 291 1370 828 195 776 597 1117 642 627 1031 1300 1121 798 936 874 636 578 382 761 1301 323 1128 1119 774 591 652 1054 967 1215 310 428 697 664 458 605 505 626 738 1014
249 842 446 304 819 573 209 1095 319 731 481 270 886 291 248 621 427 445 485 248 343 240 55 426 975 357 568 581 0 384 473 423 438 651 886 277 535 257 640 517 950 845 435 721 198 536 412 301 452 912 553 241 489 1045 509 351 588 516 761 302 661 938 655 99 570 1043 462 682 804 856 200 184 190 410 264 251 317 433
445 1063 206 429 676 677 451 1244 520 504 632 347 1064 589 444 838 591 499 491 445 637 474 329 807 847 109 306 951 384 0 467 806 60 1022 1259 506 911 457 812 899 668 938 819 801 383 221 519 424 118 666 342 297 301 1192 630 662 854 540 385 640 376 869 714 427 691 1078 457 315 1130 1152 271 303 501 545 501 385 318 128
258 647 665 184 362 1018 309 783 252 359 232 204 620 392 258 446 224 73 24 259 815 295 448 710 505 358 774 778 473 467 0 785 464 1036 1064 287 917 258 386 878 594 472 742 335 279 687 138 185 585 521 803 618 225 731 203 819 511 73 638 477 392 465 246 572 249 617 847 552 832 806 299 298 388 177 295 225 176 594
528 819 830 603 1147 684 480 1128 540 1109 661 622 915 406 529 664 621 727 785 528 335 490 479 132 1278 778 939 282 423 806 785 0 861 251 525 499 132 527 738 96 1340 981 94 895 532 932 667 603 862 1287 904 588 880 1087 708 301 565 794 1184 325 1065 1203 865 390 746 1206 718 1104 590 699 599 571 399 640 490 578 684 838
475 1079 240 451 641 731 487 1247 546 459 647 369 1073 626 474 857 609 504 488 475 697 507 382 857 812 118 322 997 438 60 464 861 0 1080 1305 537 968 486 824 954 613 936 870 799 416 227 531 446 134 616 368 357 276 1195 640 723 880 538 326 682 325 842 711 485 699 1064 507 254 1165 1181 306 339 543 561 532 412 331 156
779 1007 1012 853 1398 737 730 1321 791 1357 906 870 1116 654 779 883 868 978 1036 778 441 741 705 350 1528 1008 1109 416 651 1022 1036 251 1080 0 514 750 119 778 965 160 1586 1209 309 1133 780 1119 917 854 1062 1536 1062 770 1124 1285 953 404 774 1044 1407 572 1307 1450 1109 595 988 1436 841 1330 708 837 839 813 649 889 741 828 931 1035
864 714 1326 923 1385 1200 834 1004 826 1424 854 981 841 700 865 711 843 992 1053 864 858 824 937 463 1468 1202 1443 308 886 1259 1064 525 1305 514 0 808 517 856 810 479 1659 1018 466 1000 904 1421 926 926 1338 1582 1415 1094 1236 985 899 822 598 1037 1609 629 1429 1353 1018 887 901 1231 1242 1522 333 463 1005 973 766 887 806 930 1042 1319
61 582 649 116 647 849 70 820 47 631 207 176 613 110 62 355 154 227 286 61 581 38 285 423 780 421 773 508 277 506 287 499 537 750 808 0 632 50 364 592 866 572 455 452 125 713 169 118 612 802 777 499 428 769 241 577 349 295 811 192 620 714 396 368 298 777 731 723 629 645 236 206 114 150 12 127 234 606
659 923 913 734 1279 689 611 1235 673 1238 792 750 1025 538 660 783 753 859 918 659 363 622 590 244 1410 893 1015 347 535 911 917 132 968 119 517 632 0 658 861 56 1467 1105 202 1023 660 1019 799 734 957 1416 973 669 1005 1197 839 325 678 926 1294 457 1188 1335 996 485 876 1331 764 1217 654 775 720 694 530 772 622 708 811 931
11 622 605 76 621 831 54 849 69 591 225 126 647 155 12 395 172 207 261 12 579 36 256 460 760 370 728 554 257 457 258 527 486 778 856 50 658 0 394 621 826 588 490 463 80 666 160 77 564 765 735 467 381 798 251 578 397 279 760 234 574 703 399 353 312 786 701 672 680 695 188 159 129 152 49 76 185 559
405 261 986 389 603 1210 434 455 326 705 180 470 254 377 406 99 226 326 363 406 918 402 649 617 661 708 1106 593 640 812 386 738 824 965 810 364 861 394 0 809 920 243 658 189 473 1032 293 394 928 829 1120 862 611 404 186 906 215 321 1024 430 771 542 219 728 137 470 1095 938 513 449 567 544 460 267 376 443 494 929
623 867 913 697 1240 721 576 1179 631 1206 746 719 970 494 623 729 708 819 878 623 384 584 573 191 1368 874 1019 291 517 899 878 96 954 160 479 592 56 621 809 0 1437 1052 150 974 628 1017 758 698 951 1383 980 670 977 1141 793 347 623 885 1279 412 1162 1289 948 477 828 1279 781 1200 600 720 696 668 494 729 583 674 780 926
821 1161 838 751 341 1345 865 1170 839 235 813 718 1087 976 821 1005 816 666 605 822 1272 862 901 1286 420 619 875 1370 950 668 594 1340 613 1586 1659 866 1467 826 920 1437 0 865 1314 773 808 776 732 749 726 102 940 959 462 1126 772 1290 1091 626 426 1058 296 543 706 1031 791 852 1119 416 1414 1368 751 774 946 771 872 764 656 756
598 340 1132 558 523 1419 637 322 527 689 365 627 233 608 598 329 418 444 448 598 1146 606 843 861 518 829 1244 828 845 938 472 981 936 1209 1018 572 1105 588 243 1052 865 0 902 137 658 1159 446 562 1057 764 1270 1047 680 272 338 1137 445 398 1069 669 795 378 225 939 276 227 1282 990 697 598 731 717 679 438 584 616 630 1064
493 727 865 566 1101 766 449 1037 492 1080 598 597 826 352 494 580 562 680 740 493 415 453 490 41 1224 779 980 195 435 819 742 94 870 309 466 455 202 490 658 150 1314 902 0 823 509 963 617 567 886 1255 950 629 859 998 645 383 477 743 1188 268 1049 1142 800 423 679 1129 780 1106 499 605 589 559 368 586 447 550 660 864
472 389 995 426 439 1293 514 452 406 578 247 492 317 504 472 288 298 307 311 472 1033 485 715 783 476 692 1107 776 721 801 335 895 799 1133 1000 452 1023 463 189 974 773 137 823 0 528 1022 314 430 919 676 1133 914 547 400 212 1027 404 261 943 573 673 353 89 817 155 324 1149 862 697 621 597 583 564 311 465 485 493 927
68 702 525 105 635 765 71 927 149 577 299 90 726 210 67 475 247 246 289 68 536 90 186 484 784 304 648 597 198 383 279 532 416 780 904 125 660 80 473 628 808 658 509 528 0 588 216 102 487 756 654 391 350 875 319 540 474 317 705 274 540 741 458 298 382 848 626 618 748 769 111 81 142 219 118 53 152 481
654 1281 108 647 859 614 652 1466 732 664 852 564 1285 785 653 1055 810 720 711 654 693 678 487 959 1028 330 101 1117 536 221 687 932 227 1119 1421 713 1019 666 1032 1017 776 1159 963 1022 588 0 740 641 104 800 163 349 503 1413 852 726 1063 761 390 824 516 1067 934 543 913 1292 381 364 1324 1356 478 507 689 765 706 599 539 107
166 549 698 112 484 981 214 731 126 498 116 183 545 264 166 332 89 66 128 166 739 190 402 582 611 414 816 642 412 519 138 667 531 917 926 169 799 160 293 758 732 446 617 314 216 740 0 116 635 658 834 601 339 679 113 738 381 127 751 348 520 545 242 510 176 631 836 663 698 681 286 270 282 39 181 171 201 638
74 639 591 5 547 866 124 842 105 514 215 77 649 228 74 414 168 144 191 75 636 113 286 537 690 328 712 627 301 424 185 603 446 854 926 118 734 77 394 698 749 562 567 430 102 641 116 0 538 688 726 484 310 790 226 638 436 216 701 309 502 640 357 400 290 747 719 612 735 738 173 154 204 128 122 54 122 537
553 1177 111 543 775 627 553 1362 629 589 748 460 1181 688 552 952 706 617 609 552 650 578 400 878 946 227 190 1031 452 118 585 862 134 1062 1338 612 957 564 928 951 726 1057 886 919 487 104 635 538 0 739 233 299 409 1310 748 680 962 658 379 731 448 976 832 473 809 1193 396 331 1228 1257 376 406 594 661 606 496 435 32
762 1065 850 689 240 1343 807 1067 771 180 731 665 988 910 761 916 739 592 530 762 1243 802 866 1225 322 602 901 1300 912 666 521 1287 616 1536 1582 802 1416 765 829 1383 102 764 1255 676 756 800 658 688 739 0 962 947 423 1024 689 1258 1007 546 481 994 291 442 612 999 703 750 1123 453 1328 1278 711 731 889 696 808 708 605 767
723 1357 138 731 1009 476 710 1566 804 820 941 651 1375 831 722 1130 894 826 826 723 622 739 514 953 1180 449 71 1121 553 342 803 904 368 1062 1415 777 973 735 1120 980 940 1270 950 1133 654 163 834 726 233 962 0 322 641 1514 948 658 1122 874 549 855 676 1209 1047 529 1011 1418 252 527 1357 1404 553 577 730 854 768 677 640 214
456 1078 243 488 914 407 429 1317 536 774 691 424 1113 531 456 853 639 614 636 456 351 461 215 630 1082 345 351 798 241 297 618 588 357 770 1094 499 669 467 862 670 959 1047 629 914 391 349 601 484 299 947 322 0 540 1266 709 381 827 677 670 542 663 1074 838 207 773 1226 235 608 1041 1097 321 331 429 609 488 430 441 269
374 873 508 313 379 946 412 999 412 242 450 262 844 537 374 667 429 287 248 375 820 415 443 834 549 204 598 936 489 301 225 880 276 1124 1236 428 1005 381 611 977 462 680 859 547 350 503 339 310 409 423 641 540 0 947 427 835 720 295 413 614 192 568 458 575 475 792 743 327 1034 1020 289 312 491 377 430 311 199 427
809 281 1377 785 785 1613 839 52 730 960 576 862 172 773 810 437 627 692 707 809 1310 807 1054 957 749 1083 1494 874 1045 1192 731 1087 1195 1285 985 769 1197 798 404 1141 1126 272 998 400 875 1413 679 790 1310 1024 1514 1266 947 0 566 1294 522 657 1341 813 1068 606 489 1131 503 329 1500 1262 652 523 963 944 862 661 781 842 876 1315
260 446 811 221 486 1082 301 618 194 546 48 296 433 304 260 243 89 140 183 260 822 272 505 607 585 525 929 636 509 630 203 708 640 953 899 241 839 251 186 793 772 338 645 212 319 852 113 226 748 689 948 709 427 566 0 817 318 148 841 382 595 496 159 604 63 536 944 754 641 605 398 381 354 100 253 279 312 751
573 1049 617 640 1170 383 524 1340 624 1078 779 620 1124 530 573 857 728 782 829 572 37 549 392 408 1324 676 707 578 351 662 819 301 723 404 822 577 325 578 906 347 1290 1137 383 1027 540 726 738 638 680 1258 658 381 835 1294 817 0 782 854 1045 481 995 1279 973 259 871 1351 439 977 878 974 550 535 463 726 564 593 669 651
409 267 997 431 795 1124 412 564 334 864 280 511 350 296 409 117 291 439 494 409 801 385 614 435 870 763 1121 382 588 854 511 565 880 774 598 349 678 397 215 623 1091 445 477 404 474 1063 381 436 962 1007 1122 827 720 522 318 782 0 466 1129 307 901 756 420 655 307 671 1048 1041 322 302 585 555 398 343 356 469 557 955
282 581 736 214 359 1073 332 710 253 398 186 255 548 391 282 389 194 71 49 282 852 312 496 708 484 431 846 761 516 540 73 794 538 1044 1037 295 926 279 321 885 626 398 743 261 317 761 127 216 658 546 874 677 295 657 148 854 466 0 705 475 450 424 173 615 183 551 909 620 788 752 356 351 405 158 306 265 240 667
751 1286 478 705 627 1000 775 1391 806 412 863 635 1251 913 750 1081 839 701 661 751 1018 788 706 1172 773 410 478 1301 761 385 638 1184 326 1407 1609 811 1294 760 1024 1279 426 1069 1188 943 705 390 751 701 379 481 549 670 413 1341 841 1045 1129 705 0 979 275 856 856 812 887 1136 766 88 1436 1431 604 637 843 788 810 684 578 412
240 574 742 307 833 817 205 859 225 823 336 354 643 84 240 375 296 412 473 239 497 199 342 233 956 574 866 323 302 640 477 325 682 572 629 192 457 234 430 412 1058 669 268 573 274 824 348 309 731 994 855 542 614 813 382 481 307 475 979 0 807 877 539 354 422 891 751 892 502 554 377 344 138 318 186 304 416 717
567 1030 560 505 363 1053 604 1118 603 151 624 454 986 730 566 838 610 462 411 567 977 608 611 1025 523 322 618 1128 661 376 392 1065 325 1307 1429 620 1188 574 771 1162 296 795 1049 673 540 516 520 502 448 291 676 663 192 1068 595 995 901 450 275 807 0 589 588 739 633 862 832 208 1219 1198 467 494 682 560 623 503 391 476
706 715 1076 638 229 1479 757 644 669 444 544 669 611 797 707 641 581 496 452 707 1277 735 913 1103 143 767 1165 1119 938 869 465 1203 842 1450 1353 714 1335 703 542 1289 543 378 1142 353 741 1067 545 640 976 442 1209 1074 568 606 496 1279 756 424 856 877 589 0 345 1037 468 309 1295 797 1049 965 762 764 827 565 725 687 636 995
407 456 909 354 383 1224 452 541 349 501 203 414 397 463 407 314 248 225 223 407 977 425 644 761 450 604 1020 774 655 714 246 865 711 1109 1018 396 996 399 219 948 706 225 800 89 458 934 242 357 832 612 1047 838 458 489 159 973 420 173 856 539 588 345 0 752 122 389 1072 775 731 668 518 507 510 248 409 411 409 840
345 917 442 403 915 482 302 1180 412 818 574 369 969 363 345 701 521 545 584 345 247 332 132 423 1072 423 556 591 99 427 572 390 485 595 887 368 485 353 728 477 1031 939 423 817 298 543 510 400 473 999 529 207 575 1131 604 259 655 615 812 354 739 1037 752 0 664 1140 397 737 842 907 292 279 269 506 355 350 413 448
322 398 874 285 487 1143 361 555 252 571 91 360 374 349 322 213 143 195 226 322 877 331 567 639 569 584 991 652 570 691 249 746 699 988 901 298 876 312 137 828 791 276 679 155 382 913 176 290 809 703 1011 773 475 503 63 871 307 183 887 422 633 468 122 664 0 479 1008 802 626 577 462 445 408 163 310 343 373 812
794 526 1280 743 524 1613 837 356 730 729 571 802 401 825 794 555 623 612 596 794 1357 809 1034 1087 445 969 1384 1054 1043 1078 617 1206 1064 1436 1231 777 1331 786 470 1279 852 227 1129 324 848 1292 631 747 1193 750 1418 1226 792 329 536 1351 671 551 1136 891 862 309 389 1140 479 0 1459 1068 902 791 905 896 888 633 789 801 791 1206
690 1304 289 723 1122 233 661 1551 769 961 925 658 1345 752 690 1082 873 847 866 690 401 693 446 792 1292 539 318 967 462 457 847 718 507 841 1242 731 764 701 1095 781 1119 1282 780 1149 626 381 836 719 396 1123 252 235 743 1500 944 439 1048 909 766 751 832 1295 1072 397 1008 1459 0 726 1235 1304 554 565 652 845 720 665 670 364
663 1200 438 616 570 959 688 1312 718 355 776 546 1167 825 662 993 751 614 575 663 952 701 626 1088 725 327 461 1215 682 315 552 1104 254 1330 1522 723 1217 672 938 1200 416 990 1106 862 618 364 663 612 331 453 527 608 327 1262 754 977 1041 620 88 892 208 797 775 737 802 1068 726 0 1347 1343 519 551 756 700 722 596 490 363
691 381 1244 731 1112 1256 678 673 629 1186 602 804 509 541 692 417 608 759 816 691 907 658 844 470 1174 1051 1368 310 804 1130 832 590 1165 708 333 629 654 680 513 600 1414 697 499 697 748 1324 698 735 1228 1328 1357 1041 1034 652 641 878 322 788 1436 502 1219 1049 731 842 626 902 1235 1347 0 136 860 827 634 659 633 757 857 1217
706 264 1284 733 1052 1345 703 541 635 1148 573 812 391 574 707 364 591 736 787 706 1001 679 890 571 1096 1064 1409 428 856 1152 806 699 1181 837 463 645 775 695 449 720 1368 598 605 621 769 1356 681 738 1257 1278 1404 1097 1020 523 605 974 302 752 1431 554 1198 965 668 907 577 791 1304 1343 136 0 881 850 674 643 651 768 859 1249
176 806 420 178 625 719 181 1015 254 530 388 104 821 319 175 579 340 293 316 176 539 202 159 570 785 196 542 697 200 271 299 599 306 839 1005 236 720 188 567 696 751 731 589 597 111 478 286 173 376 711 553 321 289 963 398 550 585 356 604 377 467 762 518 292 462 905 554 519 860 881 0 32 239 301 230 123 126 371
147 780 446 159 635 721 148 996 227 550 367 95 799 287 146 553 318 284 313 147 526 171 150 539 793 229 569 664 184 303 298 571 339 813 973 206 694 159 544 668 774 717 559 583 81 507 270 154 406 731 577 331 312 944 381 535 555 351 637 344 494 764 507 279 445 896 565 551 827 850 32 0 206 282 199 101 133 400
129 652 612 204 750 750 81 911 161 713 317 229 700 101 129 433 265 335 390 129 469 93 217 342 888 436 736 458 190 501 388 399 543 649 766 114 530 129 460 494 946 679 368 564 142 689 282 204 594 889 730 429 491 862 354 463 398 405 843 138 682 827 510 269 408 888 652 756 634 674 239 206 0 264 102 182 292 582
160 518 719 123 517 982 204 713 103 537 87 202 521 234 161 298 51 104 166 161 729 177 405 551 638 443 838 605 410 545 177 640 561 889 887 150 772 152 267 729 771 438 586 311 219 765 39 128 661 696 854 609 377 661 100 726 343 158 788 318 560 565 248 506 163 633 845 700 659 643 301 282 264 0 162 180 229 662
59 592 641 120 656 837 59 832 59 636 219 175 625 106 59 365 167 237 295 58 568 28 273 416 790 418 765 505 264 501 295 490 532 741 806 12 622 49 376 583 872 584 447 465 118 706 181 122 606 808 768 488 430 781 253 564 356 306 810 186 623 725 409 355 310 789 720 722 633 651 230 199 102 162 0 126 235 599
67 683 544 58 582 812 101 894 134 531 265 50 698 230 66 457 217 195 235 67 590 106 233 523 731 295 666 626 251 385 225 578 412 828 930 127 708 76 443 674 764 616 550 485 53 599 171 54 496 708 677 430 311 842 279 593 469 265 684 304 503 687 411 350 343 801 665 596 757 768 123 101 182 180 126 0 112 493
177 748 502 126 501 843 213 928 228 426 315 63 745 341 176 526 277 185 195 177 660 217 283 634 660 214 617 738 317 318 176 684 331 931 1042 234 811 185 494 780 656 630 660 493 152 539 201 122 435 605 640 441 199 876 312 669 557 240 578 416 391 636 409 413 373 791 670 490 857 859 126 133 292 229 235 112 0 438
547 1176 84 542 797 595 545 1367 625 615 749 460 1183 677 546 950 705 622 618 547 620 571 382 858 968 237 179 1014 433 128 594 838 156 1035 1319 606 931 559 929 926 756 1064 864 927 481 107 638 537 32 767 214 269 427 1315 751 651 955 667 412 717 476 995 840 448 812 1206 364 363 1217 1249 371 400 582 662 599 493 438 0
