0 1343 202 899 477 1571 1147 26 1581 454 1443 953 862 261 740 709
1343 0 1266 1060 1540 1649 303 1362 1340 930 1382 1339 785 1552 1813 1913
202 1266 0 1003 676 1713 1037 195 1683 475 1241 752 694 290 942 674
899 1060 1003 0 724 753 1085 926 683 566 1958 1612 1196 1156 903 1606
477 1540 676 724 0 1224 1423 491 1337 630 1907 1428 1261 632 294 1032
1571 1649 1713 753 1224 0 1762 1596 400 1314 2708 2363 1943 1806 1228 2240
1147 303 1037 1085 1423 1762 0 1162 1502 792 1100 1036 485 1327 1711 1655
26 1362 195 926 491 1596 1162 0 1608 478 1437 942 868 234 748 682
1581 1340 1683 683 1337 400 1502 1608 0 1230 2526 2245 1766 1836 1424 2285
454 930 475 566 630 1314 792 478 1230 0 1431 1049 696 705 920 1138
1443 1382 1241 1958 1907 2708 1100 1437 2526 1431 0 528 765 1423 2183 1443
953 1339 752 1612 1428 2363 1036 942 2245 1049 528 0 559 901 1690 930
862 785 694 1196 1261 1943 485 868 1766 696 765 559 0 968 1554 1222
261 1552 290 1156 632 1806 1327 234 1836 705 1423 901 968 0 835 450
740 1813 942 903 294 1228 1711 748 1424 920 2183 1690 1554 835 0 1164
709 1913 674 1606 1032 2240 1655 682 2285 1138 1443 930 1222 450 1164 0
