0 589 1015 69 352 1646 930 1308 229 1695 921 13 146 1298 54 1533
589 0 1176 658 322 1940 564 1855 372 2001 919 596 664 1815 563 2122
1015 1176 0 1015 908 2616 902 1249 981 2658 1911 1003 883 1102 1062 1868
69 658 1015 0 414 1624 987 1245 296 1671 948 62 131 1241 109 1464
352 322 908 414 0 1927 583 1542 137 1982 1036 354 374 1496 353 1857
1646 1940 2616 1624 1927 0 2477 2184 1793 69 1116 1654 1751 2314 1613 1739
930 564 902 987 583 2477 0 1935 719 2536 1483 930 915 1841 936 2369
1308 1855 1249 1245 1542 2184 1935 0 1488 2195 2065 1296 1198 189 1354 731
229 372 981 296 137 1793 719 1488 0 1847 935 234 292 1458 221 1758
1695 2001 2658 1671 1982 69 2536 2195 1847 0 1184 1703 1797 2329 1664 1729
921 919 1911 948 1036 1116 1483 2065 935 1184 0 934 1067 2110 868 2001
13 596 1003 62 354 1654 930 1296 234 1703 934 0 133 1286 68 1526
146 664 883 131 374 1751 915 1198 292 1797 1067 133 0 1175 201 1483
1298 1815 1102 1241 1496 2314 1841 189 1458 2329 2110 1286 1175 0 1348 920
54 563 1062 109 353 1613 936 1354 221 1664 868 68 201 1348 0 1560
1533 2122 1868 1464 1857 1739 2369 731 1758 1729 2001 1526 1483 920 1560 0
