0 626 366 189 154 290 245 318 720 695 315 488 807 316 732 426 93 715 107 533 516 332 715 493 330 196 529 664 495 320 724 248 463 700 195 640 279 101 145 325 780 453 441 493 704 783 563 276 407 66 619 32 467 386 777 306 170 732 423 654 208 458 468 341 276 118 119 648 611 692 537 730 295 499 861 644 662 390
626 0 271 552 537 778 501 396 1180 1286 525 463 1427 350 614 463 687 1320 526 862 389 567 978 589 463 431 540 1154 1122 930 1349 405 244 1304 443 1126 624 685 758 863 1319 869 334 931 1260 1349 393 810 475 680 648 601 1086 839 342 330 456 615 363 1195 769 1085 1094 417 901 520 582 26 1192 139 603 1256 921 807 1478 906 1176 368
366 271 0 282 265 571 236 144 926 1014 277 419 1174 85 650 265 439 1048 277 722 383 322 768 398 221 170 497 894 860 682 1082 133 120 1032 210 865 446 415 507 592 1110 695 287 675 990 1079 298 539 382 426 616 345 833 577 521 60 202 531 176 983 536 822 834 178 643 253 349 290 920 370 545 991 662 573 1228 797 912 157
189 552 282 0 46 477 66 170 658 734 125 569 946 202 821 243 282 773 198 709 571 144 569 304 151 171 629 619 619 487 824 150 338 756 235 591 435 169 322 311 963 638 479 409 708 797 391 258 499 253 736 196 617 304 781 228 184 544 262 838 397 580 600 176 423 114 271 569 639 650 654 711 438 353 1004 814 633 234
154 537 265 46 0 437 91 176 692 748 163 526 934 193 778 272 247 782 152 665 531 188 615 345 176 133 585 650 611 464 823 132 337 766 192 622 389 157 294 331 933 596 440 445 730 816 413 276 455 220 691 155 601 339 750 208 141 579 276 808 362 572 589 191 406 68 227 556 655 628 608 738 422 398 991 768 661 245
290 778 571 477 437 0 527 577 924 782 601 443 697 553 627 704 202 771 311 264 510 621 987 782 608 418 438 856 469 240 706 492 687 761 360 837 167 361 206 538 542 165 484 733 836 895 825 505 369 235 477 282 383 635 807 519 379 1014 680 417 105 446 431 609 289 382 227 804 724 796 409 888 305 777 738 384 836 648
245 501 236 66 91 527 0 109 690 791 78 569 1012 152 820 181 338 832 229 747 562 114 566 260 86 168 635 657 685 551 889 118 278 816 243 629 467 235 384 365 1024 684 466 439 758 848 325 314 505 311 746 246 684 340 750 191 193 488 196 899 453 646 666 110 489 147 310 516 695 607 665 755 504 356 1071 847 676 168
318 396 144 170 176 577 109 0 787 900 133 532 1110 62 775 145 407 941 266 772 510 178 626 268 78 166 605 758 786 637 994 88 168 925 241 729 487 333 463 474 1097 723 411 536 866 956 248 423 479 385 721 309 777 443 665 119 203 449 104 970 518 747 765 41 582 202 350 410 804 508 644 860 599 429 1168 862 780 72
720 1180 926 658 692 924 690 787 0 375 655 1203 869 841 1451 734 758 455 807 1187 1220 613 358 639 717 826 1249 77 631 740 633 805 939 443 877 88 988 618 722 396 1140 1075 1132 250 247 314 868 444 1124 730 1338 750 727 353 1439 881 830 824 824 1055 819 614 653 763 656 747 839 1192 319 1295 1256 166 648 393 927 1308 127 813
695 1286 1014 734 748 782 791 900 375 0 794 1166 505 937 1391 907 685 79 802 1019 1206 764 701 859 853 867 1189 310 351 548 264 880 1069 68 888 323 902 611 622 426 829 898 1136 457 131 125 1063 477 1083 670 1252 727 462 492 1473 957 854 1093 974 769 692 355 386 893 494 776 795 1303 98 1374 1177 220 477 639 560 1137 252 952
315 525 277 125 163 601 78 133 655 794 0 641 1052 193 890 126 408 841 308 825 628 45 499 182 62 243 709 630 723 608 913 182 286 825 320 601 546 286 447 369 1087 760 531 406 748 840 283 324 579 379 821 319 731 318 798 244 271 418 180 963 523 684 707 107 539 225 388 536 696 641 741 736 553 296 1112 926 655 161
488 463 419 569 526 443 569 532 1203 1166 641 0 1140 473 251 674 480 1173 395 421 81 683 1135 801 604 402 80 1151 896 668 1137 459 522 1159 334 1126 281 588 545 812 933 464 140 965 1189 1263 714 761 83 497 198 456 821 856 370 414 385 950 594 820 494 867 860 573 685 463 375 489 1090 416 140 1218 705 922 1180 446 1150 571
807 1427 1174 946 934 697 1012 1110 869 505 1052 1140 0 1120 1303 1179 740 430 901 827 1207 1042 1150 1183 1095 1003 1129 796 329 497 241 1052 1268 437 983 800 863 778 668 727 407 719 1172 865 636 614 1335 751 1066 748 1144 828 340 843 1503 1113 973 1439 1208 417 667 368 346 1122 531 923 847 1450 550 1472 1090 725 513 1024 62 919 741 1178
316 350 85 202 193 553 152 62 841 937 193 473 1120 0 713 201 398 974 245 732 448 238 688 329 140 135 547 809 801 636 1016 67 147 958 201 781 449 349 461 513 1083 692 350 590 909 998 277 460 423 380 664 301 782 493 605 58 173 494 134 956 504 762 777 102 589 198 326 366 842 454 588 908 607 490 1176 817 828 105
732 614 650 821 778 627 820 775 1451 1391 890 251 1303 713 0 913 712 1390 645 495 266 932 1386 1043 849 653 203 1397 1097 866 1334 707 739 1378 586 1372 489 834 770 1058 1031 586 364 1216 1424 1494 933 1008 327 733 159 701 1009 1107 362 655 637 1171 826 935 702 1072 1059 816 900 714 615 635 1320 515 218 1459 918 1173 1335 454 1393 807
426 463 265 243 272 704 181 145 734 907 126 674 1179 201 913 0 520 959 397 912 646 144 517 134 96 308 748 718 849 730 1037 231 219 942 385 690 628 410 565 488 1206 857 548 493 852 944 158 445 624 492 865 425 857 420 770 259 343 310 100 1080 634 810 833 104 663 322 481 469 809 592 789 832 678 347 1238 1005 750 108
93 687 439 282 247 202 338 407 758 685 408 480 740 398 712 520 0 695 162 456 522 424 789 586 423 269 508 696 443 244 680 331 544 681 243 674 231 161 73 362 689 367 461 547 712 784 654 320 397 33 585 98 399 444 801 380 236 826 512 563 115 409 412 432 221 204 114 710 610 738 504 749 241 576 792 571 686 479
715 1320 1048 773 782 771 832 941 455 79 841 1173 430 974 1390 959 695 0 823 998 1218 814 777 918 898 895 1191 389 317 532 189 915 1110 16 910 401 902 637 627 472 770 876 1153 525 210 185 1116 519 1090 683 1247 746 427 550 1491 990 879 1157 1020 719 688 330 355 937 490 804 807 1339 162 1402 1174 299 472 706 484 1113 331 996
107 526 277 198 152 311 229 266 807 802 308 395 901 245 645 397 162 823 0 518 416 337 763 490 302 110 446 756 597 406 829 181 386 808 88 730 238 197 232 419 838 459 336 570 807 887 514 367 318 153 546 77 560 461 670 219 74 708 369 711 260 560 568 299 375 84 84 549 717 586 463 829 395 546 953 618 758 336
533 862 722 709 665 264 747 772 1187 1019 825 421 827 732 495 912 456 998 518 0 503 853 1245 1008 819 605 369 1118 681 472 899 683 842 989 531 1100 284 618 470 803 536 121 528 997 1087 1138 1009 769 387 489 337 517 577 898 779 685 568 1220 866 440 370 667 643 809 540 600 438 888 972 835 310 1144 553 1031 852 121 1096 836
516 389 383 571 531 510 562 510 1220 1206 628 81 1207 448 266 646 522 1218 416 503 0 672 1127 777 585 401 151 1171 951 726 1192 446 476 1204 342 1145 344 613 591 836 1012 543 98 976 1221 1299 669 783 140 535 259 484 882 868 297 390 391 907 559 896 551 920 916 550 735 473 411 414 1126 335 215 1245 755 918 1249 526 1174 540
332 567 322 144 188 621 114 178 613 764 45 683 1042 238 932 144 424 814 337 853 672 0 455 162 104 282 749 590 712 611 894 225 326 798 358 561 576 290 456 343 1094 782 575 365 714 805 302 301 619 393 861 340 727 281 843 289 307 411 215 971 538 673 698 150 537 253 415 578 666 685 780 698 550 251 1102 956 617 201
715 978 768 569 615 987 566 626 358 701 499 1135 1150 688 1386 517 789 777 763 1245 1127 455 0 389 548 732 1198 398 857 877 934 680 737 763 804 380 991 627 785 480 1343 1152 1030 293 587 666 608 494 1068 755 1306 737 925 361 1285 742 752 498 618 1237 885 827 864 589 787 683 826 983 620 1110 1224 518 788 217 1212 1359 455 621
493 589 398 304 345 782 260 268 639 859 182 801 1183 329 1043 134 586 918 490 1008 777 162 389 0 198 417 873 635 854 769 1019 346 349 901 495 607 727 450 618 462 1254 942 679 415 787 879 230 432 746 555 988 500 879 367 903 387 448 257 233 1132 700 816 844 227 693 407 570 593 760 722 910 755 704 245 1244 1108 673 242
330 463 221 151 176 608 86 78 717 853 62 604 1095 140 849 96 423 898 302 819 585 104 548 198 0 219 675 692 767 638 964 147 223 882 297 664 536 320 470 427 1110 761 487 468 810 901 240 379 548 397 790 329 769 380 742 195 252 406 121 985 538 728 749 45 574 225 386 474 755 581 712 798 589 352 1154 914 717 100
196 431 170 171 133 418 168 166 826 867 243 402 1003 135 653 308 269 895 110 605 401 282 732 417 219 0 467 783 692 512 917 78 275 879 78 756 321 257 336 459 949 558 308 579 857 942 409 404 337 255 578 175 663 472 618 110 38 615 265 822 371 654 665 204 473 91 190 452 776 507 498 868 492 519 1057 697 793 233
529 540 497 629 585 438 635 605 1249 1189 709 80 1129 547 203 748 508 1191 446 369 151 749 1198 873 675 467 0 1194 903 673 1142 529 602 1178 394 1169 289 631 567 854 896 430 220 1016 1220 1291 793 805 130 529 118 498 821 907 410 489 446 1028 671 788 504 876 866 646 700 519 411 565 1117 484 65 1255 719 983 1166 379 1189 647
664 1154 894 619 650 856 657 758 77 310 630 1151 796 809 1397 718 696 389 756 1118 1171 590 398 635 692 783 1194 0 554 666 563 768 916 376 829 28 927 563 656 339 1063 1005 1085 225 189 268 860 389 1071 670 1280 695 650 316 1400 845 784 838 804 978 751 537 576 738 583 700 782 1167 246 1264 1198 124 575 391 855 1239 58 791
495 1122 860 619 611 469 685 786 631 351 723 896 329 801 1097 849 443 317 597 681 951 712 857 854 767 692 903 554 0 230 240 734 947 310 684 549 617 453 370 404 508 560 900 564 448 476 1006 423 816 444 947 521 110 525 1240 799 666 1110 882 428 402 38 38 795 222 606 557 1144 334 1181 878 526 202 708 390 796 510 853
320 930 682 487 464 240 551 637 740 548 608 668 497 636 866 730 244 532 406 472 726 611 877 769 638 512 673 666 230 0 469 569 783 522 486 652 387 321 175 397 486 352 681 594 616 666 877 386 588 256 718 337 158 516 1018 622 480 1023 740 367 175 205 192 656 90 438 349 953 500 975 648 677 92 688 548 591 637 708
724 1349 1082 824 823 706 889 994 633 264 913 1137 241 1016 1334 1037 680 189 829 899 1192 894 934 1019 964 917 1142 563 240 469 0 952 1161 196 916 570 857 667 607 556 599 781 1139 661 395 373 1196 593 1056 678 1182 751 326 659 1479 1022 895 1269 1084 565 642 272 276 998 459 829 795 1370 319 1415 1115 484 439 832 296 1008 507 1057
248 405 133 150 132 492 118 88 805 880 182 459 1052 67 707 231 331 915 181 683 446 225 680 346 147 78 529 768 734 569 952 0 215 899 153 740 399 284 393 460 1018 635 349 554 859 946 333 406 401 312 643 233 715 452 634 77 115 537 188 891 439 696 710 127 521 130 264 424 786 499 564 862 539 473 1108 774 784 156
463 244 120 338 337 687 278 168 939 1069 286 522 1268 147 739 219 544 1110 386 842 476 326 737 349 223 275 602 916 947 783 1161 215 0 1094 327 887 566 495 608 642 1224 815 384 691 1032 1122 193 592 494 527 721 447 930 604 555 168 312 431 119 1097 647 909 924 179 737 346 463 253 972 372 654 1022 755 562 1324 915 941 125
700 1304 1032 756 766 761 816 925 443 68 825 1159 437 958 1378 942 681 16 808 989 1204 798 763 901 882 879 1178 376 310 522 196 899 1094 0 895 387 889 622 614 455 771 868 1138 509 200 182 1099 503 1077 669 1236 731 421 533 1477 974 864 1141 1003 717 676 321 347 921 478 788 793 1323 146 1386 1162 289 460 690 492 1105 319 980
195 443 210 235 192 360 243 241 877 888 320 334 983 201 586 385 243 910 88 531 342 358 804 495 297 78 394 829 684 486 916 153 327 895 0 803 247 279 316 497 900 491 256 634 889 971 478 443 264 239 503 165 643 526 585 159 51 690 335 773 330 647 654 280 461 130 141 467 802 498 422 908 481 589 1035 620 835 304
640 1126 865 591 622 837 629 729 88 323 601 1126 800 781 1372 690 674 401 730 1100 1145 561 380 607 664 756 1169 28 549 652 570 740 887 387 803 0 905 538 636 314 1057 987 1059 196 206 290 832 364 1046 647 1256 671 642 288 1372 817 757 813 776 970 732 530 569 709 568 674 758 1138 251 1236 1174 150 560 364 860 1221 75 762
279 624 446 435 389 167 467 487 988 902 546 281 863 449 489 628 231 902 238 284 344 576 991 727 536 321 289 927 617 387 857 399 566 889 247 905 0 377 282 592 696 251 318 771 938 1006 726 547 203 258 355 255 540 664 640 404 284 936 583 573 215 588 580 525 411 322 166 651 832 632 276 978 430 775 905 380 917 552
101 685 415 169 157 361 235 333 618 611 286 588 778 349 834 410 161 637 197 618 613 290 627 450 320 257 631 563 453 321 667 284 495 622 279 538 377 0 171 224 804 527 534 393 610 691 561 174 507 128 721 132 448 287 864 355 243 701 430 681 264 414 432 344 253 166 220 705 522 764 638 632 269 415 835 732 562 400
145 758 507 322 294 206 384 463 722 622 447 545 668 461 770 565 73 627 232 470 591 456 785 618 470 336 567 656 370 175 607 393 608 614 316 636 282 171 0 333 640 368 533 527 656 724 707 299 462 81 636 161 327 430 873 447 305 866 567 515 100 335 338 485 147 263 187 782 551 811 558 699 168 579 721 589 641 535
325 863 592 311 331 538 365 474 396 426 369 812 727 513 1058 488 362 472 419 803 836 343 480 462 427 459 854 339 404 397 556 460 642 455 497 314 592 224 333 0 866 698 753 198 399 486 646 54 732 333 942 356 454 124 1077 537 454 715 548 757 432 369 402 466 307 371 443 880 330 959 860 411 308 306 789 923 338 525
780 1319 1110 963 933 542 1024 1097 1140 829 1087 933 407 1083 1031 1206 689 770 838 536 1012 1094 1343 1254 1110 949 896 1063 508 486 599 1018 1224 771 900 1057 696 804 640 866 0 469 1010 1051 945 953 1344 864 877 714 874 787 419 989 1303 1056 912 1505 1201 127 579 527 489 1122 569 894 760 1345 836 1326 842 1028 562 1168 399 593 1018 1169
453 869 695 638 596 165 684 723 1075 898 760 464 719 692 586 857 367 876 459 121 543 782 1152 942 761 558 430 1005 560 352 781 635 815 868 491 987 251 527 368 698 469 0 547 894 968 1017 968 667 410 400 426 442 457 798 834 650 520 1167 823 357 267 546 522 758 423 536 375 896 852 862 381 1026 435 942 749 239 981 791
441 334 287 479 440 484 466 411 1132 1136 531 140 1172 350 364 548 461 1153 336 528 98 575 1030 679 487 308 220 1085 900 681 1139 349 384 1138 256 1059 318 534 533 753 1010 547 0 886 1144 1224 577 699 141 469 338 409 840 779 340 292 302 814 463 889 507 867 866 452 680 385 346 361 1053 316 278 1164 700 822 1218 572 1091 443
493 931 675 409 445 733 439 536 250 457 406 965 865 590 1216 493 547 525 570 997 976 365 293 415 468 579 1016 225 564 594 661 554 691 509 634 196 771 393 527 198 1051 894 886 0 373 464 637 228 888 516 1112 521 633 109 1188 630 585 637 579 947 628 534 571 514 503 503 612 943 363 1044 1029 340 503 182 927 1116 258 566
704 1260 990 708 730 836 758 866 247 131 748 1189 636 909 1424 852 712 210 807 1087 1221 714 587 787 810 857 1220 189 448 616 395 859 1032 200 889 206 938 610 656 399 945 968 1144 373 0 92 1004 453 1106 692 1293 736 556 432 1473 936 850 1008 928 876 739 444 479 853 548 768 814 1275 117 1358 1214 89 534 554 691 1207 131 910
783 1349 1079 797 816 895 848 956 314 125 840 1263 614 998 1494 944 784 185 887 1138 1299 805 666 879 901 942 1291 268 476 666 373 946 1122 182 971 290 1006 691 724 486 953 1017 1224 464 92 0 1096 540 1180 765 1359 815 587 524 1556 1024 933 1098 1019 895 801 479 510 944 606 851 889 1364 173 1445 1282 148 590 644 666 1257 215 1001
563 393 298 391 413 825 325 248 868 1063 283 714 1335 277 933 158 654 1116 514 1009 669 302 608 230 240 409 793 860 1006 877 1196 333 193 1099 478 832 726 561 707 646 1344 968 577 637 1004 1096 0 604 680 630 912 556 1009 573 729 324 448 238 144 1217 766 967 989 221 814 450 598 390 965 532 843 978 830 475 1394 1091 896 177
276 810 539 258 276 505 314 423 444 477 324 761 751 460 1008 445 320 519 367 769 783 301 494 432 379 404 805 389 423 386 593 406 592 503 443 364 547 174 299 54 864 667 699 228 453 540 604 0 681 290 895 306 461 133 1022 484 400 687 500 751 400 386 416 417 297 317 394 827 381 905 812 465 301 303 812 887 391 476
407 475 382 499 455 369 505 479 1124 1083 579 83 1066 423 327 624 397 1090 318 387 140 619 1068 746 548 337 130 1071 816 588 1056 401 494 1077 264 1046 203 507 462 732 877 410 141 888 1106 1180 680 681 0 414 242 375 743 779 438 366 315 912 552 760 413 786 780 521 603 389 292 502 1006 452 165 1136 623 853 1108 434 1069 526
66 680 426 253 220 235 311 385 730 670 379 497 748 380 733 492 33 683 153 489 535 393 755 555 397 255 529 670 444 256 678 312 527 669 239 647 258 128 81 333 714 400 469 516 692 765 630 290 414 0 610 80 407 412 809 366 225 797 489 588 145 408 414 408 222 183 124 703 592 737 528 725 242 543 802 604 662 457
619 648 616 736 691 477 746 721 1338 1252 821 198 1144 664 159 865 585 1247 546 337 259 861 1306 988 790 578 118 1280 947 718 1182 643 721 1236 503 1256 355 721 636 942 874 426 338 1112 1293 1359 912 895 242 610 0 590 856 1003 470 606 554 1147 789 775 560 924 909 763 758 623 500 672 1186 578 83 1334 776 1090 1176 309 1272 765
32 601 345 196 155 282 246 309 750 727 319 456 828 301 701 425 98 746 77 517 484 340 737 500 329 175 498 695 521 337 751 233 447 731 165 671 255 132 161 356 787 442 409 521 736 815 556 306 375 80 590 0 488 413 746 285 145 734 414 661 210 484 492 335 300 106 90 624 643 663 507 762 319 520 882 625 694 381
467 1086 833 617 601 383 684 777 727 462 731 821 340 782 1009 857 399 427 560 577 882 727 925 879 769 663 821 650 110 158 326 715 930 421 643 642 540 448 327 454 419 457 840 633 556 587 1009 461 743 407 856 488 0 578 1175 773 633 1135 877 327 333 114 77 792 195 584 507 1109 441 1133 791 632 179 760 394 690 610 846
386 839 577 304 339 635 340 443 353 492 318 856 843 493 1107 420 444 550 461 898 868 281 361 367 380 472 907 316 525 516 659 452 604 533 526 288 664 287 430 124 989 798 779 109 432 524 573 133 779 412 1003 413 578 0 1085 529 477 611 497 879 531 491 525 425 426 395 504 852 393 947 920 418 429 183 905 1015 337 480
777 342 521 781 750 807 750 665 1439 1473 798 370 1503 605 362 770 801 1491 670 779 297 843 1285 903 742 618 410 1400 1240 1018 1479 634 555 1477 585 1372 640 864 873 1077 1303 834 340 1188 1473 1556 729 1022 438 809 470 746 1175 1085 0 559 623 957 670 1190 842 1207 1205 698 1020 706 686 353 1387 206 470 1487 1040 1094 1546 777 1411 664
306 330 60 228 208 519 191 119 881 957 244 414 1113 58 655 259 380 990 219 685 390 289 742 387 195 110 489 845 799 622 1022 77 168 974 159 817 404 355 447 537 1056 650 292 630 936 1024 324 484 366 366 606 285 773 529 559 0 145 548 187 929 480 761 773 160 582 193 295 349 863 421 531 940 601 540 1167 766 861 160
170 456 202 184 141 379 193 203 830 854 271 385 973 173 637 343 236 879 74 568 391 307 752 448 252 38 446 784 666 480 895 115 312 864 51 757 284 243 305 454 912 520 302 585 850 933 448 400 315 225 554 145 633 477 623 145 0 652 303 785 335 629 638 240 445 83 152 478 765 523 473 865 465 537 1027 662 791 271
732 615 531 544 579 1014 488 449 824 1093 418 950 1439 494 1171 310 826 1157 708 1220 907 411 498 257 406 615 1028 838 1110 1023 1269 537 431 1141 690 813 936 701 866 715 1505 1167 814 637 1008 1098 238 687 912 797 1147 734 1135 611 957 548 652 0 360 1381 941 1073 1101 411 948 632 792 608 997 754 1076 963 960 455 1500 1310 885 388
423 363 176 262 276 680 196 104 824 974 180 594 1208 134 826 100 512 1020 369 866 559 215 618 233 121 265 671 804 882 740 1084 188 119 1003 335 776 583 430 567 548 1201 823 463 579 928 1019 144 500 552 489 789 414 877 497 670 187 303 360 0 1075 623 843 862 86 682 307 453 371 876 491 716 914 699 444 1266 952 832 32
654 1195 983 838 808 417 899 970 1055 769 963 820 417 956 935 1080 563 719 711 440 896 971 1237 1132 985 822 788 978 428 367 565 891 1097 717 773 970 573 681 515 757 127 357 889 947 876 895 1217 751 760 588 775 661 327 879 1190 929 785 1381 1075 0 452 440 402 996 454 767 633 1221 762 1205 737 955 450 1055 428 515 936 1042
208 769 536 397 362 105 453 518 819 692 523 494 667 504 702 634 115 688 260 370 551 538 885 700 538 371 504 751 402 175 642 439 647 676 330 732 215 264 100 432 579 267 507 628 739 801 766 400 413 145 560 210 333 531 842 480 335 941 623 452 0 373 366 545 198 316 188 794 628 805 485 787 216 677 714 490 733 590
458 1085 822 580 572 446 646 747 614 355 684 867 368 762 1072 810 409 330 560 667 920 673 827 816 728 654 876 537 38 205 272 696 909 321 647 530 588 414 335 369 527 546 867 534 444 479 967 386 786 408 924 484 114 491 1207 761 629 1073 843 440 373 0 38 756 187 568 523 1107 327 1145 853 518 167 674 428 784 496 814
468 1094 834 600 589 431 666 765 653 386 707 860 346 777 1059 833 412 355 568 643 916 698 864 844 749 665 866 576 38 192 276 710 924 347 654 569 580 432 338 402 489 522 866 571 479 510 989 416 780 414 909 492 77 525 1205 773 638 1101 862 402 366 38 0 776 192 581 525 1116 363 1150 840 554 172 708 404 758 533 833
341 417 178 176 191 609 110 41 763 893 107 573 1122 102 816 104 432 937 299 809 550 150 589 227 45 204 646 738 795 656 998 127 179 921 280 709 525 344 485 466 1122 758 452 514 853 944 221 417 521 408 763 335 792 425 698 160 240 411 86 996 545 756 776 0 596 229 383 429 796 535 686 843 613 397 1180 901 762 59
276 901 643 423 406 289 489 582 656 494 539 685 531 589 900 663 221 490 375 540 735 537 787 693 574 473 700 583 222 90 459 521 737 478 461 568 411 253 147 307 569 423 680 503 548 606 814 297 603 222 758 300 195 426 1020 582 445 948 682 454 198 187 192 596 0 391 335 924 435 958 683 603 20 600 586 661 557 651
118 520 253 114 68 382 147 202 747 776 225 463 923 198 714 322 204 804 84 600 473 253 683 407 225 91 519 700 606 438 829 130 346 788 130 674 322 166 263 371 894 536 385 503 768 851 450 317 389 183 623 106 584 395 706 193 83 632 307 767 316 568 581 229 391 0 163 541 685 598 541 782 410 466 978 702 707 274
119 582 349 271 227 227 310 350 839 795 388 375 847 326 615 481 114 807 84 438 411 415 826 570 386 190 411 782 557 349 795 264 463 793 141 758 166 220 187 443 760 375 346 612 814 889 598 394 292 124 500 90 507 504 686 295 152 792 453 633 188 523 525 383 335 163 0 606 716 626 417 844 355 609 897 542 778 420
648 26 290 569 556 804 516 410 1192 1303 536 489 1450 366 635 469 710 1339 549 888 414 578 983 593 474 452 565 1167 1144 953 1370 424 253 1323 467 1138 651 705 782 880 1345 896 361 943 1275 1364 390 827 502 703 672 624 1109 852 353 349 478 608 371 1221 794 1107 1116 429 924 541 606 0 1209 147 628 1270 944 815 1502 932 1190 378
611 1192 920 639 655 724 695 804 319 98 696 1090 550 842 1320 809 610 162 717 972 1126 666 620 760 755 776 1117 246 334 500 319 786 972 146 802 251 832 522 551 330 836 852 1053 363 117 173 965 381 1006 592 1186 643 441 393 1387 863 765 997 876 762 628 327 363 796 435 685 716 1209 0 1282 1108 192 420 544 609 1091 191 854
692 139 370 650 628 796 607 508 1295 1374 641 416 1472 454 515 592 738 1402 586 835 335 685 1110 722 581 507 484 1264 1181 975 1415 499 372 1386 498 1236 632 764 811 959 1326 862 316 1044 1358 1445 532 905 452 737 578 663 1133 947 206 421 523 754 491 1205 805 1145 1150 535 958 598 626 147 1282 0 549 1361 978 931 1520 862 1282 492
537 603 545 654 608 409 665 644 1256 1177 741 140 1090 588 218 789 504 1174 463 310 215 780 1224 910 712 498 65 1198 878 648 1115 564 654 1162 422 1174 276 638 558 860 842 381 278 1029 1214 1282 843 812 165 528 83 507 791 920 470 531 473 1076 716 737 485 853 840 686 683 541 417 628 1108 549 0 1253 702 1007 1124 313 1191 691
730 1256 991 711 738 888 755 860 166 220 736 1218 725 908 1459 832 749 299 829 1144 1245 698 518 755 798 868 1255 124 526 677 484 862 1022 289 908 150 978 632 699 411 1028 1026 1164 340 89 148 978 465 1136 725 1334 762 632 418 1487 940 865 963 914 955 787 518 554 843 603 782 844 1270 192 1361 1253 0 591 513 781 1265 81 898
295 921 662 438 422 305 504 599 648 477 553 705 513 607 918 678 241 472 395 553 755 550 788 704 589 492 719 575 202 92 439 539 755 460 481 560 430 269 168 308 562 435 700 503 534 590 830 301 623 242 776 319 179 429 1040 601 465 960 699 450 216 167 172 613 20 410 355 944 420 978 702 591 0 605 569 673 547 668
499 807 573 353 398 777 356 429 393 639 296 922 1024 490 1173 347 576 706 546 1031 918 251 217 245 352 519 983 391 708 688 832 473 562 690 589 364 775 415 579 306 1168 942 822 182 554 644 475 303 853 543 1090 520 760 183 1094 540 537 455 444 1055 677 674 708 397 600 466 609 815 544 931 1007 513 605 0 1086 1144 433 439
861 1478 1228 1004 991 738 1071 1168 927 560 1112 1180 62 1176 1335 1238 792 484 953 852 1249 1102 1212 1244 1154 1057 1166 855 390 548 296 1108 1324 492 1035 860 905 835 721 789 399 749 1218 927 691 666 1394 812 1108 802 1176 882 394 905 1546 1167 1027 1500 1266 428 714 428 404 1180 586 978 897 1502 609 1520 1124 781 569 1086 0 939 800 1236
644 906 797 814 768 384 847 862 1308 1137 926 446 919 817 454 1005 571 1113 618 121 526 956 1359 1108 914 697 379 1239 796 591 1008 774 915 1105 620 1221 380 732 589 923 593 239 572 1116 1207 1257 1091 887 434 604 309 625 690 1015 777 766 662 1310 952 515 490 784 758 901 661 702 542 932 1091 862 313 1265 673 1144 939 0 1217 922
662 1176 912 633 661 836 676 780 127 252 655 1150 741 828 1393 750 686 331 758 1096 1174 617 455 673 717 793 1189 58 510 637 507 784 941 319 835 75 917 562 641 338 1018 981 1091 258 131 215 896 391 1069 662 1272 694 610 337 1411 861 791 885 832 936 733 496 533 762 557 707 778 1190 191 1282 1191 81 547 433 800 1217 0 817
390 368 157 234 245 648 168 72 813 952 161 571 1178 105 807 108 479 996 336 836 540 201 621 242 100 233 647 791 853 708 1057 156 125 980 304 762 552 400 535 525 1169 791 443 566 910 1001 177 476 526 457 765 381 846 480 664 160 271 388 32 1042 590 814 833 59 651 274 420 378 854 492 691 898 668 439 1236 922 817 0
