0 352 457 12 1466 583 838 958 1178 598 1340 1541 59 903 816 1681 1532
352 0 243 345 1363 760 966 1256 875 915 1628 1490 308 860 790 1572 1654
457 243 0 457 1596 972 1194 1200 724 897 1794 1730 398 1103 1034 1801 1887
12 345 457 0 1454 575 829 969 1176 609 1338 1529 61 891 804 1669 1524
1466 1363 1596 1454 0 1085 905 2351 1917 1990 1705 245 1483 573 663 214 972
583 760 972 575 1085 0 264 1289 1627 944 923 1083 632 535 454 1289 950
838 966 1194 829 905 264 0 1531 1806 1197 888 861 884 437 389 1095 698
958 1256 1200 969 2351 1289 1531 0 1822 366 1451 2371 973 1778 1688 2562 2104
1178 875 724 1176 1917 1627 1806 1822 0 1576 2502 2114 1120 1577 1538 2089 2462
598 915 897 609 1990 944 1197 366 1576 0 1280 2021 619 1417 1327 2203 1811
1340 1628 1794 1338 1705 923 888 1451 2502 1280 0 1573 1399 1324 1276 1854 927
1541 1490 1730 1529 245 1083 861 2371 2114 2021 1573 0 1566 642 725 289 766
59 308 398 61 1483 632 884 973 1120 619 1399 1566 0 926 841 1697 1580
903 860 1103 891 573 535 437 1778 1577 1417 1324 642 926 0 89 786 908
816 790 1034 804 663 454 389 1688 1538 1327 1276 725 841 89 0 876 930
1681 1572 1801 1669 214 1289 1095 2562 2089 2203 1854 289 1697 786 876 0 1052
1532 1654 1887 1524 972 950 698 2104 2462 1811 927 766 1580 908 930 1052 0
