0 354 266 1703 1396 159 575 1488 357 1086 850 1276 1471 688 837 597
354 0 179 1486 1618 500 655 1525 636 1168 608 1250 1798 971 860 422
266 179 0 1663 1438 426 731 1633 471 1002 587 1116 1737 801 705 345
1703 1486 1663 0 3089 1749 1306 1159 2059 2643 1832 2651 2570 2391 2322 1819
1396 1618 1438 3089 0 1392 1918 2770 1039 687 1581 1038 1873 735 950 1410
159 500 426 1749 1392 0 528 1421 370 1160 1009 1386 1311 661 942 752
575 655 731 1306 1918 528 0 914 896 1661 1263 1836 1374 1184 1405 1064
1488 1525 1633 1159 2770 1421 914 0 1790 2573 2109 2747 1611 2040 2319 1948
357 636 471 2059 1039 370 896 1790 0 807 918 1075 1440 338 637 654
1086 1168 1002 2643 687 1160 1661 2573 807 0 947 389 2111 718 326 840
850 608 587 1832 1581 1009 1263 2109 918 947 0 836 2309 1162 635 267
1276 1250 1116 2651 1038 1386 1836 2747 1075 389 836 0 2460 1071 443 846
1471 1798 1737 2570 1873 1311 1374 1611 1440 2111 2309 2460 0 1393 2053 2043
688 971 801 2391 735 661 1184 2040 338 718 1162 1071 1393 0 697 916
837 860 705 2322 950 942 1405 2319 637 326 635 443 2053 697 0 513
597 422 345 1819 1410 752 1064 1948 654 840 267 846 2043 916 513 0
