0 244 622 91 1688 1695 1474 884 1280 1570 1626 1183 1182 49 791 247
244 0 495 220 1623 1548 1475 718 1307 1750 1588 1402 1283 195 563 417
622 495 0 534 1136 1888 1958 277 921 2192 2049 1782 1773 595 784 863
91 220 534 0 1597 1733 1554 800 1199 1658 1698 1259 1273 87 782 339
1688 1623 1136 1597 0 2937 3094 1014 657 3180 3181 2691 2870 1677 1844 1934
1695 1548 1888 1733 2937 0 991 1928 2805 2199 773 2243 1488 1659 1108 1611
1474 1475 1958 1554 3094 991 0 2125 2753 1264 281 1455 612 1466 1385 1267
884 718 277 800 1014 1928 2125 0 975 2453 2186 2056 1999 851 829 1116
1280 1307 921 1199 657 2805 2753 975 0 2633 2890 2115 2425 1287 1706 1504
1570 1750 2192 1658 3180 2199 1264 2453 2633 0 1544 548 714 1601 2052 1338
1626 1588 2049 1698 3181 773 281 2186 2890 1544 0 1729 890 1610 1395 1443
1183 1402 1782 1259 2691 2243 1455 2056 2115 548 1729 0 843 1223 1818 989
1182 1283 1773 1273 2870 1488 612 1999 2425 714 890 843 0 1194 1438 937
49 195 595 87 1677 1659 1466 851 1287 1601 1610 1223 1194 0 743 268
791 563 784 782 1844 1108 1385 829 1706 2052 1395 1818 1438 743 0 863
247 417 863 339 1934 1611 1267 1116 1504 1338 1443 989 937 268 863 0
