0 1355 1531 137 818 1149 476 1437 1377 267 186 1145 1684 1109 855 672 216
1355 0 2014 1221 1941 2496 1814 972 2569 1304 1452 1145 2296 1429 2205 1315 1157
1531 2014 0 1559 997 1782 1467 2678 1280 1787 1701 2534 3211 2594 1661 2176 1459
137 1221 1559 0 921 1286 613 1320 1499 237 261 1048 1681 1045 993 617 125
818 1941 997 921 0 823 523 2239 628 1076 919 1963 2356 1912 664 1474 892
1149 2496 1782 1286 823 0 682 2494 692 1290 1105 2127 2074 1952 294 1576 1339
476 1814 1467 613 523 682 0 1887 949 667 482 1559 1834 1453 394 1028 657
1437 972 2678 1320 2239 2494 1887 0 2814 1221 1408 413 1503 721 2211 933 1350
1377 2569 1280 1499 628 692 949 2814 0 1606 1427 2504 2685 2401 781 1977 1492
267 1304 1787 237 1076 1290 667 1221 1606 0 187 898 1444 842 999 404 358
186 1452 1701 261 919 1105 482 1408 1427 187 0 1077 1510 993 813 557 378
1145 1145 2534 1048 1963 2127 1559 413 2504 898 1077 0 1167 322 1852 550 1110
1684 2296 3211 1681 2356 2074 1834 1503 2685 1444 1510 1167 0 866 1904 1114 1799
1109 1429 2594 1045 1912 1952 1453 721 2401 842 993 322 866 0 1694 438 1136
855 2205 1661 993 664 294 394 2211 781 999 813 1852 1904 1694 0 1302 1048
672 1315 2176 617 1474 1576 1028 933 1977 404 557 550 1114 438 1302 0 719
216 1157 1459 125 892 1339 657 1350 1492 358 378 1110 1799 1136 1048 719 0
