0 161 1543 1119 1084 140 508 1491 165 996 1017 707 117 1145 975 376 504
161 0 1668 1280 924 111 669 1468 154 868 1157 555 54 1196 972 534 551
1543 1668 0 889 2516 1684 1179 1517 1530 2038 1578 2206 1648 2292 1262 1355 1865
1119 1280 889 0 2204 1236 612 1935 1204 1985 706 1821 1236 1479 1476 774 1212
1084 924 2516 2204 0 973 1592 1782 1020 739 1981 402 967 1679 1475 1443 1205
140 111 1684 1236 973 0 624 1569 233 974 1063 584 67 1086 1065 470 441
508 669 1179 612 1592 624 0 1634 608 1431 672 1209 624 1160 1114 182 687
1491 1468 1517 1935 1782 1569 1634 0 1339 1050 2306 1710 1501 2634 527 1678 1995
165 154 1530 1204 1020 233 608 1339 0 845 1170 677 167 1303 832 509 658
996 868 2038 1985 739 974 1431 1050 845 0 2013 775 922 2007 833 1353 1389
1017 1157 1578 706 1981 1063 672 2306 1170 2013 0 1578 1102 807 1787 672 791
707 555 2206 1821 402 584 1209 1710 677 775 1578 0 590 1328 1307 1052 809
117 54 1648 1236 967 67 624 1501 167 922 1102 590 0 1153 998 483 507
1145 1196 2292 1479 1679 1086 1160 2634 1303 2007 807 1328 1153 0 2113 1026 646
975 972 1262 1476 1475 1065 1114 527 832 833 1787 1307 998 2113 0 1151 1479
376 534 1355 774 1443 470 182 1678 509 1353 672 1052 483 1026 1151 0 509
504 551 1865 1212 1205 441 687 1995 658 1389 791 809 507 646 1479 509 0
