0 432 414 1512 940 1231 650 1567 115 1258 1679 178 937 1177 180 279
432 0 742 1509 1043 875 253 1514 356 1304 1886 603 1092 1131 253 156
414 742 0 1898 623 1605 874 1966 409 1634 1949 414 580 1580 539 626
1512 1509 1898 0 2447 1245 1700 180 1579 280 863 1486 2449 383 1484 1468
940 1043 623 2447 0 1883 1019 2490 868 2198 2570 1012 128 2099 971 1012
1231 875 1605 1245 1883 0 870 1145 1198 1202 1969 1355 1950 917 1070 979
650 253 874 1700 1019 870 0 1685 552 1516 2129 828 1095 1317 481 398
1567 1514 1966 180 2490 1145 1685 0 1623 414 1040 1561 2502 391 1519 1492
115 356 409 1579 868 1198 552 1623 0 1333 1784 288 879 1232 130 220
1258 1304 1634 280 2198 1202 1516 414 1333 0 775 1220 2194 288 1249 1244
1679 1886 1949 863 2570 1969 2129 1040 1784 775 0 1565 2528 1062 1745 1780
178 603 414 1486 1012 1355 828 1561 288 1220 1565 0 987 1180 351 447
937 1092 580 2449 128 1950 1095 2502 879 2194 2528 987 0 2110 992 1043
1177 1131 1580 383 2099 917 1317 391 1232 288 1062 1180 2110 0 1128 1102
180 253 539 1484 971 1070 481 1519 130 1249 1745 351 992 1128 0 99
279 156 626 1468 1012 979 398 1492 220 1244 1780 447 1043 1102 99 0
