0 451 275 775 301 202 632 16 215 97 81 625 518 207 680 150 531 368 413 512 270 604 770 533 590 555 210 475 360 285 741 74 139 548 22 355 20 147 622 829 330 678 533 525 261 37 542 598 719 406 270 731 167 232 767 199 494 648 214 260 131 363 671 537 383 661 622 729 31 409 22 8 150 89 448 394 278 450
451 0 719 1121 473 276 521 456 255 440 405 867 919 651 246 581 707 799 643 895 661 955 851 166 602 948 547 875 171 382 1010 525 466 901 458 753 435 583 1068 507 780 682 390 485 667 473 993 372 574 234 582 678 614 670 557 650 933 489 615 460 475 790 1037 987 401 852 276 1007 467 653 434 456 403 501 117 161 678 58
275 719 0 712 401 477 765 266 468 334 314 687 421 157 936 216 659 103 397 292 297 406 914 808 667 318 239 390 602 446 599 204 348 515 276 156 294 135 349 1031 132 740 786 753 267 266 297 861 956 677 265 815 158 182 1018 101 314 895 142 467 333 106 598 298 531 754 851 743 271 380 296 268 337 218 697 635 282 724
775 1121 712 0 1056 857 1406 784 966 720 856 328 291 610 1367 631 489 767 1102 951 505 1067 609 1102 1346 944 909 323 1105 1059 1286 731 679 228 755 861 775 761 718 1586 581 1428 898 785 517 738 568 995 936 931 955 1492 646 574 1037 664 433 935 830 661 676 783 114 550 1157 413 1363 205 744 1087 775 777 922 809 1172 1136 498 1088
301 473 401 1056 0 386 365 287 256 390 229 927 779 448 622 427 827 432 171 454 557 492 1058 621 291 511 162 739 306 91 539 326 437 833 324 346 311 300 710 642 521 377 735 767 540 337 695 770 935 570 150 436 409 482 958 401 707 854 258 543 431 416 946 697 135 962 494 1028 332 180 312 296 158 246 396 328 559 508
202 276 477 857 386 0 621 213 149 166 197 633 643 384 520 310 494 571 542 706 384 789 695 332 632 752 372 599 256 321 899 273 190 633 201 550 183 349 822 732 517 722 355 380 391 213 730 406 552 207 426 752 350 399 586 394 659 474 407 210 198 565 767 723 401 640 506 764 208 544 181 210 242 279 315 284 402 261
632 521 765 1406 365 621 0 622 475 701 551 1240 1137 807 509 775 1113 785 423 756 901 748 1313 685 162 813 526 1096 388 347 683 675 747 1180 653 689 634 663 1054 345 886 194 897 970 889 669 1056 893 1091 725 504 159 767 840 1079 764 1072 1005 622 824 745 768 1299 1059 249 1257 334 1356 663 443 635 629 483 600 404 376 907 578
16 456 266 784 287 213 622 0 216 114 73 639 524 207 683 156 546 357 397 498 279 589 787 542 577 541 193 481 359 275 724 70 155 557 37 340 35 135 614 825 327 664 548 542 268 49 538 612 735 419 253 718 166 235 782 195 495 664 199 276 147 351 679 533 373 676 621 742 44 392 38 9 139 73 449 393 286 458
215 255 468 966 256 149 475 216 0 246 154 769 726 422 469 362 638 545 424 643 469 710 844 378 483 695 294 682 145 179 790 286 287 738 229 498 206 333 817 621 543 573 480 523 466 246 752 513 681 313 335 603 382 448 701 410 710 599 360 349 290 535 868 748 252 782 408 892 240 429 205 219 149 250 233 178 482 273
97 440 334 720 390 166 701 114 246 0 161 541 485 220 682 145 437 435 510 595 226 693 674 492 674 634 307 441 387 361 837 137 46 492 78 437 81 224 667 867 354 763 453 434 228 76 567 526 632 346 367 810 190 233 687 240 493 565 302 162 44 433 622 559 457 571 649 655 76 506 80 105 233 184 463 419 241 427
81 405 314 856 229 197 551 73 154 161 0 701 597 277 623 229 598 394 360 512 351 592 830 509 513 560 175 554 293 204 706 138 208 629 102 359 84 178 663 753 391 602 549 559 341 118 598 604 743 404 231 652 236 306 782 257 564 668 216 315 202 386 752 595 302 732 552 808 112 358 85 79 72 96 386 327 359 414
625 867 687 328 927 633 1240 639 769 541 701 0 373 538 1104 518 172 774 1020 973 396 1089 304 816 1214 985 811 365 890 902 1286 612 495 239 603 842 617 675 842 1361 586 1303 588 469 424 590 684 682 609 652 868 1352 559 507 710 602 531 611 759 423 498 785 316 666 998 97 1130 147 594 1010 616 630 773 690 939 917 406 825
518 919 421 291 779 643 1137 524 726 485 597 373 0 331 1164 368 452 478 813 667 259 783 669 936 1065 665 626 43 870 792 999 463 453 135 500 570 522 480 476 1346 290 1145 787 697 259 483 317 883 886 767 669 1213 370 297 976 380 164 858 543 482 446 493 176 298 889 467 1133 362 489 798 523 518 657 536 949 903 244 897
207 651 157 610 448 384 807 207 422 220 277 538 331 0 886 76 502 258 498 450 142 562 757 713 736 474 299 291 567 463 748 139 217 394 195 306 218 151 451 1031 134 817 653 608 114 179 346 735 812 565 347 883 41 35 880 63 287 756 226 324 203 263 499 338 559 601 829 609 185 485 219 203 331 206 655 600 132 644
680 246 936 1367 622 520 509 683 469 682 623 1104 1164 886 0 819 939 1006 777 1073 905 1113 1056 309 641 1129 735 1120 335 535 1124 754 711 1147 691 945 668 801 1283 333 1011 699 575 688 910 707 1221 521 722 454 757 664 847 907 674 878 1171 645 818 705 719 994 1283 1217 508 1081 174 1247 700 792 666 685 602 717 238 305 922 280
150 581 216 631 427 310 775 156 362 145 229 518 368 76 819 0 458 320 503 503 130 611 711 638 718 533 294 325 507 427 783 101 140 407 133 351 156 158 528 980 210 803 578 538 114 116 422 659 741 488 350 863 58 89 807 114 352 683 244 252 127 322 524 413 525 570 771 604 123 492 157 149 291 180 592 541 132 571
531 707 659 489 827 494 1113 546 638 437 598 172 452 502 939 458 0 757 942 952 364 1064 255 646 1106 974 734 428 747 789 1242 537 391 340 509 807 518 614 881 1208 585 1195 415 298 395 500 730 510 452 485 793 1237 510 478 551 562 585 445 700 290 399 764 453 713 881 146 976 320 503 936 516 537 669 608 787 772 382 662
368 799 103 767 432 571 785 357 545 435 394 774 478 258 1006 320 757 0 384 198 393 315 1012 899 669 216 279 454 670 493 522 301 450 586 372 105 388 221 280 1074 193 733 888 857 363 364 277 961 1060 774 283 815 262 279 1120 205 344 997 188 571 436 17 653 284 567 847 908 819 368 365 390 360 404 299 767 702 377 809
413 643 397 1102 171 542 423 397 424 510 360 1020 813 498 777 503 942 384 0 333 629 341 1184 792 289 390 209 779 474 261 368 409 553 891 434 280 429 348 637 748 529 349 896 918 606 442 661 936 1095 735 152 432 467 533 1123 438 710 1015 272 672 544 366 988 668 269 1067 635 1104 440 20 431 406 301 334 561 494 625 679
512 895 292 951 454 706 756 498 643 595 512 973 667 450 1073 503 952 198 333 0 589 117 1207 1018 614 57 349 646 744 538 335 459 620 781 522 158 533 371 333 1079 389 658 1045 1029 559 519 412 1110 1228 914 316 747 446 474 1280 391 519 1160 299 746 607 188 839 425 583 1045 948 1015 521 313 535 504 494 427 840 771 573 916
270 661 297 505 557 384 901 279 469 226 351 396 259 142 905 130 364 393 629 589 0 703 619 689 849 610 423 215 612 554 891 231 194 278 250 449 271 281 540 1091 226 934 577 512 30 233 406 668 715 525 477 993 163 115 792 206 294 668 363 247 186 401 401 393 652 458 875 475 239 618 271 272 418 311 689 645 23 641
604 955 406 1067 492 789 748 589 710 693 592 1089 783 562 1113 611 1064 315 341 117 703 0 1319 1088 595 127 419 763 794 581 226 558 721 899 617 259 624 470 418 1084 507 624 1136 1127 673 616 518 1196 1323 996 374 714 555 588 1371 501 633 1253 390 848 708 304 955 533 609 1160 976 1132 617 324 627 595 562 516 887 819 688 981
770 851 914 609 1058 695 1313 787 844 674 830 304 669 757 1056 711 255 1012 1184 1207 619 1319 0 747 1325 1229 978 655 930 1009 1494 785 631 540 750 1061 756 865 1124 1358 838 1415 482 368 649 743 969 553 402 617 1038 1448 765 733 502 817 819 444 952 515 641 1019 618 952 1095 207 1128 403 745 1179 754 778 899 853 950 950 636 797
533 166 808 1102 621 332 685 542 378 492 509 816 936 713 309 638 646 899 792 1018 689 1088 747 0 769 1068 670 894 332 532 1161 605 504 894 533 868 514 678 1154 626 847 848 265 380 702 545 1060 220 425 171 713 843 681 725 396 727 978 343 725 455 516 892 1030 1052 563 783 409 962 540 801 512 540 525 601 281 326 710 116
590 602 667 1346 291 632 162 577 483 674 513 1214 1065 736 641 718 1106 669 289 614 849 595 1325 769 0 669 439 1027 443 316 521 617 720 1125 612 568 597 585 926 507 796 90 948 1005 832 626 946 960 1148 775 402 148 699 771 1150 685 981 1063 528 816 716 652 1235 951 231 1244 471 1319 621 309 598 585 441 538 490 443 850 655
555 948 318 944 511 752 813 541 695 634 560 985 665 474 1129 533 974 216 390 57 610 127 1229 1068 669 0 401 648 799 594 354 497 656 785 564 201 576 410 294 1137 399 711 1087 1065 579 559 391 1154 1266 959 372 800 475 495 1321 419 511 1200 345 780 642 211 833 406 641 1061 1006 1019 562 370 578 547 546 472 895 826 593 968
210 547 239 909 162 372 526 193 294 307 175 811 626 299 735 294 734 279 209 349 423 419 978 670 439 401 0 588 401 214 534 199 347 692 229 209 227 147 559 797 360 519 725 730 402 235 534 779 918 578 60 587 264 334 958 246 546 843 97 470 337 265 797 536 292 857 629 899 233 202 229 202 145 125 498 430 421 567
475 875 390 323 739 599 1096 481 682 441 554 365 43 291 1120 325 428 454 779 646 215 763 655 894 1027 648 588 0 826 751 976 421 409 138 457 542 479 441 477 1303 262 1107 750 663 215 440 318 846 854 726 633 1174 330 256 943 342 165 823 507 441 402 468 209 300 848 456 1089 372 446 764 480 475 616 496 905 859 200 853
360 171 602 1105 306 256 388 359 145 387 293 890 870 567 335 507 747 670 474 744 612 794 930 332 443 799 401 826 0 214 840 430 425 878 374 610 351 468 948 481 685 526 511 582 610 391 892 517 708 338 427 536 526 592 707 551 854 623 482 467 429 659 1009 888 230 893 263 1019 385 486 350 363 266 385 97 33 625 216
285 382 446 1059 91 321 347 275 179 361 204 902 792 463 535 427 789 493 261 538 554 581 1009 532 316 594 214 751 214 0 629 329 407 832 307 417 289 328 774 584 555 406 660 701 542 322 744 689 861 490 224 449 422 496 878 426 739 778 309 500 404 479 952 744 98 929 416 1013 316 271 289 282 136 257 306 237 560 418
741 1010 599 1286 539 899 683 724 790 837 706 1286 999 748 1124 783 1242 522 368 335 891 226 1494 1161 521 354 534 976 840 629 0 711 873 1109 758 443 760 629 642 1028 715 517 1254 1264 862 761 744 1301 1450 1098 476 603 733 778 1485 685 855 1374 543 999 861 509 1173 759 620 1349 967 1340 761 361 762 733 658 652 922 857 879 1047
74 525 204 731 326 273 675 70 286 137 138 612 463 139 754 101 537 301 409 459 231 558 785 605 617 497 199 421 430 329 711 0 163 508 72 301 91 88 549 892 257 702 589 570 215 63 468 660 769 473 258 762 97 169 823 125 425 702 170 290 151 297 624 463 426 658 690 704 66 401 93 69 194 79 520 463 233 525
139 466 348 679 437 190 747 155 287 46 208 495 453 217 711 140 391 450 553 620 194 721 631 504 720 656 347 409 425 407 873 163 0 452 119 463 126 251 669 906 350 809 439 408 201 112 560 518 609 349 407 857 194 223 670 249 474 546 333 127 14 450 584 550 503 524 686 609 113 548 124 146 279 222 498 457 212 448
548 901 515 228 833 633 1180 557 738 492 629 239 135 394 1147 407 340 586 891 781 278 899 540 894 1125 785 692 138 878 832 1109 508 452 0 527 670 547 545 611 1359 394 1208 714 612 292 511 452 812 789 723 742 1270 427 358 884 453 298 771 619 444 449 600 136 433 931 335 1137 234 517 878 547 550 696 586 947 909 274 871
22 458 276 755 324 201 653 37 229 78 102 603 500 195 691 133 509 372 434 522 250 617 750 533 612 564 229 457 374 307 758 72 119 527 0 364 23 153 620 846 322 700 523 511 242 17 535 591 706 401 289 753 156 218 757 194 481 637 226 241 110 368 651 529 405 639 637 707 10 429 24 28 172 105 461 408 259 455
355 753 156 861 346 550 689 340 498 437 359 842 570 306 945 351 807 105 280 158 449 259 1061 868 568 201 209 542 610 417 443 301 463 670 364 0 375 213 366 988 280 630 887 871 420 361 381 953 1070 758 196 712 296 335 1122 244 445 1002 143 589 450 87 747 388 481 908 834 899 363 261 377 346 350 271 708 640 436 770
20 435 294 775 311 183 634 35 206 81 84 617 522 218 668 156 518 388 429 533 271 624 756 514 597 576 227 479 351 289 760 91 126 547 23 375 0 167 640 824 344 686 513 506 264 40 557 578 699 386 287 737 179 241 747 215 505 628 234 243 119 383 672 551 387 650 614 724 33 424 2 29 156 109 437 384 280 433
147 583 135 761 300 349 663 135 333 224 178 675 480 151 801 158 614 221 348 371 281 470 865 678 585 410 147 441 468 328 629 88 251 545 153 213 167 0 485 909 227 666 676 658 258 149 425 745 857 554 197 733 118 187 910 101 411 789 86 378 238 215 650 423 419 728 720 755 151 337 169 139 207 83 563 501 277 590
622 1068 349 718 710 822 1054 614 817 667 663 842 476 451 1283 528 881 280 637 333 540 418 1124 1154 926 294 559 477 948 774 642 549 669 611 620 366 640 485 0 1353 322 980 1103 1050 513 608 159 1186 1254 1014 560 1067 477 452 1327 427 312 1203 468 771 655 294 618 177 845 931 1188 836 613 617 642 615 681 567 1044 980 518 1072
829 507 1031 1586 642 732 345 825 621 867 753 1361 1346 1031 333 980 1208 1074 748 1079 1091 1084 1358 626 507 1137 797 1303 481 584 1028 892 906 1359 846 988 824 909 1353 0 1136 524 886 990 1087 863 1329 845 1049 741 793 455 990 1060 1005 1004 1315 968 893 941 910 1058 1490 1329 507 1354 231 1495 857 767 823 830 703 831 421 450 1103 560
330 780 132 581 521 517 886 327 543 354 391 586 290 134 1011 210 585 193 529 389 226 507 838 847 796 399 360 262 685 555 715 257 350 394 322 280 344 227 322 1136 0 870 781 729 196 307 213 866 933 698 393 944 167 130 1005 133 186 881 267 449 337 206 467 206 646 662 943 626 313 513 346 325 432 305 777 719 205 776
678 682 740 1428 377 722 194 664 573 763 602 1303 1145 817 699 803 1195 733 349 658 934 624 1415 848 90 711 519 1107 526 406 517 702 809 1208 700 630 686 666 980 524 870 0 1035 1093 916 713 1011 1044 1234 861 477 90 781 853 1234 765 1054 1149 604 906 804 716 1316 1017 320 1333 526 1405 709 368 687 673 530 622 567 524 935 736
533 390 786 898 735 355 897 548 480 453 549 588 787 653 575 578 415 888 896 1045 577 1136 482 265 948 1087 725 750 511 660 1254 589 439 714 523 887 513 676 1103 886 781 1035 0 122 600 527 981 97 201 173 780 1047 633 651 234 688 869 119 747 332 453 886 845 969 721 539 663 735 524 898 510 542 597 620 502 521 600 333
525 485 753 785 767 380 970 542 523 434 559 469 697 608 688 538 298 857 918 1029 512 1127 368 380 1005 1065 730 663 582 701 1264 570 408 612 511 871 506 658 1050 990 729 1093 122 0 537 511 918 213 204 252 789 1115 595 600 282 652 795 160 737 285 422 858 739 904 774 418 762 616 510 917 504 534 617 615 589 598 535 430
261 667 267 517 540 391 889 268 466 228 341 424 259 114 910 114 395 363 606 559 30 673 649 702 832 579 402 215 610 542 862 215 201 292 242 420 264 258 513 1087 196 916 600 537 0 225 381 689 741 541 455 977 139 85 817 178 276 693 338 268 192 370 410 369 640 487 874 497 231 595 264 261 406 294 690 644 19 650
37 473 266 738 337 213 669 49 246 76 118 590 483 179 707 116 500 364 442 519 233 616 743 545 626 559 235 440 391 322 761 63 112 511 17 361 40 149 608 863 307 713 527 511 225 0 521 597 708 410 295 767 141 202 761 181 465 640 225 237 101 361 634 514 420 628 654 693 6 436 41 40 187 110 477 425 242 468
542 993 297 568 695 730 1056 538 752 567 598 684 317 346 1221 422 730 277 661 412 406 518 969 1060 946 391 534 318 892 744 744 468 560 452 535 381 557 425 159 1329 213 1011 981 918 381 521 0 1069 1120 909 552 1092 380 336 1199 343 153 1074 437 649 547 295 463 18 827 774 1146 678 527 642 559 537 632 507 985 925 383 989
598 372 861 995 770 406 893 612 513 526 604 682 883 735 521 659 510 961 936 1110 668 1196 553 220 960 1154 779 846 517 689 1301 660 518 812 591 953 578 745 1186 845 866 1044 97 213 689 597 1069 0 204 202 831 1048 712 736 190 766 961 123 810 421 532 958 943 1057 740 630 630 830 594 941 576 607 643 682 489 521 691 314
719 574 956 936 935 552 1091 735 681 632 743 609 886 812 722 741 452 1060 1095 1228 715 1323 402 425 1148 1266 918 854 708 861 1450 769 609 789 706 1070 699 857 1254 1049 933 1234 201 204 741 708 1120 204 0 373 975 1243 799 805 102 855 993 85 932 489 623 1060 906 1106 922 534 835 748 707 1096 697 728 794 808 689 715 737 515
406 234 677 931 570 207 725 419 313 346 404 652 767 565 454 488 485 774 735 914 525 996 617 171 775 959 578 726 338 490 1098 473 349 723 401 758 386 554 1014 741 698 861 173 252 541 410 909 202 373 0 629 874 537 572 388 587 818 289 614 285 362 769 859 899 549 626 511 796 406 739 384 414 441 486 337 350 547 181
270 582 265 955 150 426 504 253 335 367 231 868 669 347 757 350 793 283 152 316 477 374 1038 713 402 372 60 633 427 224 476 258 407 742 289 196 287 197 560 793 393 477 780 789 455 295 552 831 975 629 0 550 316 383 1012 290 579 899 127 530 397 267 842 555 285 916 640 952 293 142 289 262 189 185 523 454 474 607
731 678 815 1492 436 752 159 718 603 810 652 1352 1213 883 664 863 1237 815 432 747 993 714 1448 843 148 800 587 1174 536 449 603 762 857 1270 753 712 737 733 1067 455 944 90 1047 1115 977 767 1092 1048 1243 874 550 0 846 918 1236 833 1129 1158 677 946 854 797 1382 1098 355 1378 490 1460 762 451 737 727 581 683 562 527 996 735
167 614 158 646 409 350 767 166 382 190 236 559 370 41 847 58 510 262 467 446 163 555 765 681 699 475 264 330 526 422 733 97 194 427 156 296 179 118 477 990 167 781 633 595 139 141 380 712 799 537 316 846 0 73 863 56 328 739 200 310 180 264 536 373 519 617 788 637 147 455 180 163 290 166 615 560 158 609
232 670 182 574 482 399 840 235 448 233 306 507 297 35 907 89 478 279 533 474 115 588 733 725 771 495 334 256 592 496 778 169 223 358 218 335 241 187 452 1060 130 853 651 600 85 202 336 736 805 572 383 918 73 0 876 96 263 751 261 319 210 286 463 327 592 573 855 574 208 520 242 230 362 239 679 626 101 660
767 557 1018 1037 958 586 1079 782 701 687 782 710 976 880 674 807 551 1120 1123 1280 792 1371 502 396 1150 1321 958 943 707 878 1485 823 670 884 757 1122 747 910 1327 1005 1005 1234 234 282 817 761 1199 190 102 388 1012 1236 863 876 0 919 1077 124 982 556 684 1119 1004 1185 930 637 802 850 759 1127 745 776 826 855 674 710 815 501
199 650 101 664 401 394 764 195 410 240 257 602 380 63 878 114 562 205 438 391 206 501 817 727 685 419 246 342 551 426 685 125 249 453 194 244 215 101 427 1004 133 765 688 652 178 181 343 766 855 587 290 833 56 96 919 0 312 795 166 366 235 208 552 338 519 664 809 671 187 425 217 194 300 172 643 585 196 649
494 933 314 433 707 659 1072 495 710 493 564 531 164 287 1171 352 585 344 710 519 294 633 819 978 981 511 546 165 854 739 855 425 474 298 481 445 505 411 312 1315 186 1054 869 795 276 465 153 961 993 818 579 1129 328 263 1077 312 0 954 453 542 463 360 323 135 830 621 1116 527 471 693 506 491 612 484 942 888 271 920
648 489 895 935 854 474 1005 664 599 565 668 611 858 756 645 683 445 997 1015 1160 668 1253 444 343 1063 1200 843 823 623 778 1374 702 546 771 637 1002 628 789 1203 968 881 1149 119 160 693 640 1074 123 85 289 899 1158 739 751 124 795 954 0 863 432 561 997 894 1061 838 547 752 756 638 1018 626 657 716 736 604 630 691 430
214 615 142 830 258 407 622 199 360 302 216 759 543 226 818 244 700 188 272 299 363 390 952 725 528 345 97 507 482 309 543 170 333 619 226 143 234 86 468 893 267 604 747 737 338 225 437 810 932 614 127 677 200 261 982 166 453 863 0 460 321 176 717 439 389 814 720 835 226 258 236 205 215 128 579 513 357 629
260 460 467 661 543 210 824 276 349 162 315 423 482 324 705 252 290 571 672 746 247 848 515 455 816 780 470 441 467 500 999 290 127 444 241 589 243 378 771 941 449 906 332 285 268 237 649 421 489 285 530 946 310 319 556 366 542 432 460 0 139 572 580 636 590 433 712 554 238 668 241 268 384 347 520 494 270 427
131 475 333 676 431 198 745 147 290 44 202 498 446 203 719 127 399 436 544 607 186 708 641 516 716 642 337 402 429 404 861 151 14 449 110 450 119 238 655 910 337 804 453 422 192 101 547 532 623 362 397 854 180 210 684 235 463 561 321 139 0 436 579 537 501 531 690 610 104 538 118 138 274 212 503 461 203 458
363 790 106 783 416 565 768 351 535 433 386 785 493 263 994 322 764 17 366 188 401 304 1019 892 652 211 265 468 659 479 509 297 450 600 368 87 383 215 294 1058 206 716 886 858 370 361 295 958 1060 769 267 797 264 286 1119 208 360 997 176 572 436 0 669 301 551 856 894 831 364 347 385 355 392 291 756 690 385 801
671 1037 598 114 946 767 1299 679 868 622 752 316 176 499 1283 524 453 653 988 839 401 955 618 1030 1235 833 797 209 1009 952 1173 624 584 136 651 747 672 650 618 1490 467 1316 845 739 410 634 463 943 906 859 842 1382 536 463 1004 552 323 894 717 580 579 669 0 445 1050 411 1270 239 641 973 672 672 816 700 1081 1041 393 1008
537 987 298 550 697 723 1059 533 748 559 595 666 298 338 1217 413 713 284 668 425 393 533 952 1052 951 406 536 300 888 744 759 463 550 433 529 388 551 423 177 1329 206 1017 969 904 369 514 18 1057 1106 899 555 1098 373 327 1185 338 135 1061 439 636 537 301 445 0 829 756 1143 659 520 649 553 532 630 504 981 922 369 982
383 401 531 1157 135 401 249 373 252 457 302 998 889 559 508 525 881 567 269 583 652 609 1095 563 231 641 292 848 230 98 620 426 503 931 405 481 387 419 845 507 646 320 721 774 640 420 827 740 922 549 285 355 519 592 930 519 830 838 389 590 501 551 1050 829 0 1022 367 1110 415 285 387 381 234 352 303 241 658 447
661 852 754 413 962 640 1257 676 782 571 732 97 467 601 1081 570 146 847 1067 1045 458 1160 207 783 1244 1061 857 456 893 929 1349 658 524 335 639 908 650 728 931 1354 662 1333 539 418 487 628 774 630 534 626 916 1378 617 573 637 664 621 547 814 433 531 856 411 756 1022 0 1122 215 632 1059 649 667 804 734 934 919 472 805
622 276 851 1363 494 506 334 621 408 649 552 1130 1133 829 174 771 976 908 635 948 875 976 1128 409 471 1006 629 1089 263 416 967 690 686 1137 637 834 614 720 1188 231 943 526 663 762 874 654 1146 630 835 511 640 490 788 855 802 809 1116 752 720 712 690 894 1270 1143 367 1122 0 1266 648 652 613 625 513 639 191 230 888 331
729 1007 743 205 1028 764 1356 742 892 655 808 147 362 609 1247 604 320 819 1104 1015 475 1132 403 962 1319 1019 899 372 1019 1013 1340 704 609 234 707 899 724 755 836 1495 626 1405 735 616 497 693 678 830 748 796 952 1460 637 574 850 671 527 756 835 554 610 831 239 659 1110 215 1266 0 698 1093 723 733 879 784 1074 1048 478 967
31 467 271 744 332 208 663 44 240 76 112 594 489 185 700 123 503 368 440 521 239 617 745 540 621 562 233 446 385 316 761 66 113 517 10 363 33 151 613 857 313 709 524 510 231 6 527 594 707 406 293 762 147 208 759 187 471 638 226 238 104 364 641 520 415 632 648 698 0 434 34 35 181 109 471 418 248 463
409 653 380 1087 180 544 443 392 429 506 358 1010 798 485 792 492 936 365 20 313 618 324 1179 801 309 370 202 764 486 271 361 401 548 878 429 261 424 337 617 767 513 368 898 917 595 436 642 941 1096 739 142 451 455 520 1127 425 693 1018 258 668 538 347 973 649 285 1059 652 1093 434 0 426 401 302 327 574 506 614 688
22 434 296 775 312 181 635 38 205 80 85 616 523 219 666 157 516 390 431 535 271 627 754 512 598 578 229 480 350 289 762 93 124 547 24 377 2 169 642 823 346 687 510 504 264 41 559 576 697 384 289 737 180 242 745 217 506 626 236 241 118 385 672 553 387 649 613 723 34 426 0 31 157 111 436 384 281 432
8 456 268 777 296 210 629 9 219 105 79 630 518 203 685 149 537 360 406 504 272 595 778 540 585 547 202 475 363 282 733 69 146 550 28 346 29 139 615 830 325 673 542 534 261 40 537 607 728 414 262 727 163 230 776 194 491 657 205 268 138 355 672 532 381 667 625 733 35 401 31 0 147 80 452 397 279 457
150 403 337 922 158 242 483 139 149 233 72 773 657 331 602 291 669 404 301 494 418 562 899 525 441 546 145 616 266 136 658 194 279 696 172 350 156 207 681 703 432 530 597 617 406 187 632 643 794 441 189 581 290 362 826 300 612 716 215 384 274 392 816 630 234 804 513 879 181 302 157 147 0 127 363 298 424 422
89 501 218 809 246 279 600 73 250 184 96 690 536 206 717 180 608 299 334 427 311 516 853 601 538 472 125 496 385 257 652 79 222 586 105 271 109 83 567 831 305 622 620 615 294 110 507 682 808 486 185 683 166 239 855 172 484 736 128 347 212 291 700 504 352 734 639 784 109 327 111 80 127 0 480 418 312 510
448 117 697 1172 396 315 404 449 233 463 386 939 949 655 238 592 787 767 561 840 689 887 950 281 490 895 498 905 97 306 922 520 498 947 461 708 437 563 1044 421 777 567 502 589 690 477 985 489 689 337 523 562 615 679 674 643 942 604 579 520 503 756 1081 981 303 934 191 1074 471 574 436 452 363 480 0 68 704 174
394 161 635 1136 328 284 376 393 178 419 327 917 903 600 305 541 772 702 494 771 645 819 950 326 443 826 430 859 33 237 857 463 457 909 408 640 384 501 980 450 719 524 521 598 644 425 925 521 715 350 454 527 560 626 710 585 888 630 513 494 461 690 1041 922 241 919 230 1048 418 506 384 397 298 418 68 0 658 212
278 678 282 498 559 402 907 286 482 241 359 406 244 132 922 132 382 377 625 573 23 688 636 710 850 593 421 200 625 560 879 233 212 274 259 436 280 277 518 1103 205 935 600 535 19 242 383 691 737 547 474 996 158 101 815 196 271 691 357 270 203 385 393 369 658 472 888 478 248 614 281 279 424 312 704 658 0 660
450 58 724 1088 508 261 578 458 273 427 414 825 897 644 280 571 662 809 679 916 641 981 797 116 655 968 567 853 216 418 1047 525 448 871 455 770 433 590 1072 560 776 736 333 430 650 468 989 314 515 181 607 735 609 660 501 649 920 430 629 427 458 801 1008 982 447 805 331 967 463 688 432 457 422 510 174 212 660 0
