0 1132 970 149 125 1186 237 1580 900 288 937 249 681 1203 1664 973
1132 0 1990 985 1192 467 1320 2679 1283 1417 444 1276 1003 2023 2712 1509
970 1990 0 1076 860 1863 734 1314 1005 727 1651 1033 1094 476 722 1735
149 985 1076 0 219 1041 350 1728 853 431 791 365 599 1261 1782 1014
125 1192 860 219 0 1199 131 1568 807 236 953 335 618 1078 1563 1085
1186 467 1863 1041 1199 0 1307 2764 985 1436 249 1394 776 1789 2573 1818
237 1320 734 350 131 1307 0 1473 815 147 1065 375 672 981 1433 1139
1580 2679 1314 1728 1568 2764 1473 0 2184 1334 2516 1403 2130 1780 1294 1553
900 1283 1005 853 807 985 815 2184 0 957 849 1141 308 816 1659 1864
288 1417 727 431 236 1436 147 1334 957 0 1190 310 820 1040 1393 1056
937 444 1651 791 953 249 1065 2516 849 1190 0 1145 591 1621 2368 1598
249 1276 1033 365 335 1394 375 1403 1141 310 1145 0 931 1344 1675 764
681 1003 1094 599 618 776 672 2130 308 820 591 931 0 1029 1798 1609
1203 2023 476 1261 1078 1789 981 1780 816 1040 1621 1344 1029 0 892 2096
1664 2712 722 1782 1563 2573 1433 1294 1659 1393 2368 1675 1798 892 0 2281
973 1509 1735 1014 1085 1818 1139 1553 1864 1056 1598 764 1609 2096 2281 0
