0 230 329 1256 1678 449 29 179 986 201 1294 1121 1026 1630 1596 1196
230 0 553 1161 1448 304 202 161 1159 401 1086 1191 891 1774 1369 1120
329 553 0 1512 1998 690 353 443 887 171 1559 1197 1318 1380 1922 1280
1256 1161 1512 0 1475 1400 1249 1314 1359 1449 1707 845 333 2881 1281 2188
1678 1448 1998 1475 0 1371 1651 1561 2449 1836 761 2166 1216 2979 203 1657
449 304 690 1400 1371 0 423 272 1434 519 868 1495 1098 1671 1333 822
29 202 353 1249 1651 423 0 154 1011 218 1265 1134 1013 1640 1569 1178
179 161 443 1314 1561 272 154 0 1165 275 1129 1274 1051 1613 1496 1031
986 1159 887 1359 2449 1434 1011 1165 0 1002 2238 601 1370 2044 2311 2151
201 401 171 1449 1836 519 218 275 1002 0 1387 1237 1227 1432 1767 1148
1294 1086 1559 1707 761 868 1265 1129 2238 1387 0 2146 1377 2292 854 902
1121 1191 1197 845 2166 1495 1134 1274 601 1237 2146 0 969 2523 1997 2304
1026 891 1318 333 1216 1098 1013 1051 1370 1227 1377 969 0 2653 1036 1867
1630 1774 1380 2881 2979 1671 1640 1613 2044 1432 2292 2523 2653 0 2979 1469
1596 1369 1922 1281 203 1333 1569 1496 2311 1767 854 1997 1036 2979 0 1721
1196 1120 1280 2188 1657 822 1178 1031 2151 1148 902 2304 1867 1469 1721 0
