0 1234 285 425 75 551 1695 616 1097 489 958 287 1 192 1709 228
1234 0 1461 838 1177 1762 2203 912 2227 1278 865 1507 1233 1383 1990 1031
285 1461 0 623 361 302 1496 901 1063 400 1021 104 287 92 1930 509
425 838 623 0 389 924 1664 567 1510 502 608 675 425 548 1839 299
75 1177 361 389 0 623 1749 540 1121 534 953 359 73 268 1655 157
551 1762 302 924 623 0 1528 1140 902 640 1294 264 553 379 2020 780
1695 2203 1496 1664 1749 1528 0 2210 2416 1221 1338 1587 1696 1555 3404 1823
616 912 901 567 540 1140 2210 0 1351 999 1135 884 614 808 1282 409
1097 2227 1063 1510 1121 902 2416 1351 0 1464 2049 960 1097 1070 1539 1230
489 1278 400 502 534 640 1221 999 1464 0 659 503 491 406 2189 602
958 865 1021 608 953 1294 1338 1135 2049 659 0 1112 959 988 2417 902
287 1507 104 675 359 264 1587 884 960 503 1112 0 288 130 1856 515
1 1233 287 425 73 553 1696 614 1097 491 959 288 0 194 1707 227
192 1383 92 548 268 379 1555 808 1070 406 988 130 194 0 1859 416
1709 1990 1930 1839 1655 2020 3404 1282 1539 2189 2417 1856 1707 1859 0 1602
228 1031 509 299 157 780 1823 409 1230 602 902 515 227 416 1602 0
