0 1516 247 725 1170 631 262 725 1458 825 204 1196 259 1638 275 1597 807
1516 0 1275 2197 1369 1530 1737 969 2836 2014 1596 2620 1676 409 1451 675 2324
247 1275 0 968 1020 583 467 497 1688 995 394 1390 421 1420 260 1406 1050
725 2197 968 0 1812 1206 636 1448 756 539 601 979 729 2250 936 2141 352
1170 1369 1020 1812 0 612 1176 636 2569 1994 1371 1674 1083 1728 901 1887 1714
631 1530 583 1206 612 0 574 561 1962 1446 834 1151 483 1791 360 1855 1104
262 1737 467 636 1176 574 0 864 1393 909 375 935 93 1885 321 1856 608
725 969 497 1448 636 561 864 0 2182 1484 892 1670 783 1239 544 1333 1472
1458 2836 1688 756 2569 1962 1393 2182 0 843 1297 1452 1486 2814 1688 2647 940
825 2014 995 539 1994 1446 909 1484 843 0 622 1511 983 1972 1100 1805 889
204 1596 394 601 1371 834 375 892 1297 622 0 1251 415 1669 480 1591 769
1196 2620 1390 979 1674 1151 935 1670 1452 1511 1251 0 968 2808 1172 2791 627
259 1676 421 729 1083 483 93 783 1486 983 415 968 0 1840 238 1825 690
1638 409 1420 2250 1728 1791 1885 1239 2814 1972 1669 2808 1840 0 1640 301 2432
275 1451 260 936 901 360 321 544 1688 1100 480 1172 238 1640 0 1650 928
1597 675 1406 2141 1887 1855 1856 1333 2647 1805 1591 2791 1825 301 1650 0 2360
807 2324 1050 352 1714 1104 608 1472 940 889 769 627 690 2432 928 2360 0
