0 1062 775 672 1236 814 1192 502 1174 679 780 375 1539 495 1529 451
1062 0 1542 390 2297 1606 420 1127 1584 648 1303 1374 2597 1209 2542 1509
775 1542 0 1210 1122 65 1817 1264 1911 911 330 949 1339 1235 1110 794
672 390 1210 0 1907 1270 609 796 1352 417 1018 991 2208 867 2164 1120
1236 2297 1122 1907 0 1076 2404 1411 1760 1811 1433 995 308 1324 540 802
814 1606 65 1270 1076 0 1875 1296 1935 977 392 964 1285 1262 1047 798
1192 420 1817 609 2404 1875 0 1069 1351 992 1625 1420 2711 1162 2721 1601
502 1127 1264 796 1411 1296 1069 0 676 1027 1280 432 1717 93 1825 658
1174 1584 1911 1352 1760 1935 1351 676 0 1666 1954 981 2035 681 2260 1191
679 648 911 417 1811 977 992 1027 1666 0 655 1053 2092 1070 1969 1100
780 1303 330 1018 1433 392 1625 1280 1954 655 0 1062 1664 1275 1439 967
375 1374 949 991 995 964 1420 432 981 1053 1062 0 1303 358 1392 227
1539 2597 1339 2208 308 1285 2711 1717 2035 2092 1664 1303 0 1629 440 1109
495 1209 1235 867 1324 1262 1162 93 681 1070 1275 358 1629 0 1747 586
1529 2542 1110 2164 540 1047 2721 1825 2260 1969 1439 1392 440 1747 0 1169
451 1509 794 1120 802 798 1601 658 1191 1100 967 227 1109 586 1169 0
