0 291 718 941 517 437 1430 1612 1021 90 475 741 43 874 214 1396
291 0 560 707 491 354 1251 1883 741 256 482 1008 248 828 492 1526
718 560 0 316 1048 289 712 2289 570 748 1042 1438 696 1367 921 1268
941 707 316 0 1144 564 590 2548 301 945 1155 1681 909 1413 1154 1549
517 491 1048 1144 0 837 1719 1680 1080 428 62 862 496 358 546 1914
437 354 289 564 837 0 997 2001 741 480 819 1148 420 1181 634 1218
1430 1251 712 590 1719 997 0 2976 806 1458 1723 2142 1408 2001 1631 1501
1612 1883 2289 2548 1680 2001 2976 0 2625 1627 1626 874 1648 1773 1398 2166
1021 741 570 301 1080 741 806 2625 0 998 1107 1750 981 1286 1231 1835
90 256 748 945 428 480 1458 1627 998 0 388 752 69 786 239 1485
475 482 1042 1155 62 819 1723 1626 1107 388 0 801 457 399 488 1870
741 1008 1438 1681 862 1148 2142 874 1750 752 801 0 775 1059 527 1646
43 248 696 909 496 420 1408 1648 981 69 457 775 0 853 250 1420
874 828 1367 1413 358 1181 2001 1773 1286 786 399 1059 853 0 874 2270
214 492 921 1154 546 634 1631 1398 1231 239 488 527 250 874 0 1428
1396 1526 1268 1549 1914 1218 1501 2166 1835 1485 1870 1646 1420 2270 1428 0
