0 422 1288 1677 914 1157 1117 825 1218 1697 146 31 1044 1197 555 555
422 0 1355 1770 738 741 1449 1231 1608 1379 561 443 637 1361 962 133
1288 1355 0 416 2089 1601 943 1271 2133 2670 1350 1313 1481 2468 1570 1421
1677 1770 416 0 2502 1994 1085 1514 2398 3084 1724 1700 1878 2834 1894 1837
914 738 2089 2502 0 1070 2026 1670 1656 858 964 907 1050 947 1201 705
1157 741 1601 1994 1070 0 2036 1924 2346 1194 1300 1180 132 1953 1704 619
1117 1449 943 1085 2026 2036 0 502 1361 2807 1066 1120 1904 2013 1014 1572
825 1231 1271 1514 1670 1924 502 0 884 2500 723 816 1799 1526 538 1365
1218 1608 2133 2398 1656 2346 1361 884 0 2500 1072 1190 2245 1015 669 1726
1697 1379 2670 3084 858 1194 2807 2500 2500 0 1779 1699 1268 1660 2055 1276
146 561 1350 1724 964 1300 1066 723 1072 1779 0 120 1189 1118 408 692
31 443 1313 1700 907 1180 1120 816 1190 1699 120 0 1069 1168 528 574
1044 637 1481 1878 1050 132 1904 1799 2245 1268 1189 1069 0 1899 1595 523
1197 1361 2468 2834 947 1953 2013 1526 1015 1660 1118 1168 1899 0 998 1418
555 962 1570 1894 1201 1704 1014 538 669 2055 408 528 1595 998 0 1089
555 133 1421 1837 705 619 1572 1365 1726 1276 692 574 523 1418 1089 0
