0 1677 151 1111 1351 1627 1559 391 835 409 896 383 290 883 508 295
1677 0 1806 969 1342 1512 335 2024 2476 2025 2053 1682 1920 2145 1765 1433
151 1806 0 1181 1496 1641 1701 239 687 380 962 493 274 928 601 447
1111 969 1181 0 1669 710 1095 1331 1738 1521 1857 1333 1402 1895 1464 1021
1351 1342 1496 1669 0 2380 1017 1722 2112 1435 1039 1050 1396 1168 1017 1078
1627 1512 1641 710 2380 0 1727 1707 2012 2019 2473 1931 1904 2489 2068 1632
1559 335 1701 1095 1017 1727 0 1933 2387 1865 1803 1493 1770 1906 1557 1286
391 2024 239 1331 1722 1707 1933 0 454 434 1087 690 381 1028 777 686
835 2476 687 1738 2112 2012 2387 454 0 693 1317 1062 716 1222 1110 1126
409 2025 380 1521 1435 2019 1865 434 693 0 660 400 119 594 420 592
896 2053 962 1857 1039 2473 1803 1087 1317 660 0 542 710 131 405 843
383 1682 493 1333 1050 1931 1493 690 1062 400 542 0 346 562 137 312
290 1920 274 1402 1396 1904 1770 381 716 119 710 346 0 663 405 488
883 2145 928 1895 1168 2489 1906 1028 1222 594 131 562 663 0 431 874
508 1765 601 1464 1017 2068 1557 777 1110 420 405 137 405 431 0 443
295 1433 447 1021 1078 1632 1286 686 1126 592 843 312 488 874 443 0
