0 578 810 902 220 1035 1484 297 102 42 702 870 184 690 1386 1189
578 0 871 451 750 875 1814 516 653 538 1097 1447 466 1008 1807 899
810 871 0 736 1007 364 1013 523 900 814 548 1378 658 1500 2149 618
902 451 736 0 1112 558 1750 692 998 872 1166 1748 732 1446 2233 485
220 750 1007 1112 0 1252 1572 512 118 242 799 715 405 509 1166 1410
1035 875 364 558 1252 0 1290 739 1135 1026 913 1715 856 1706 2417 259
1484 1814 1013 1750 1572 1290 0 1327 1522 1514 782 1437 1435 2056 2421 1537
297 516 523 692 512 739 1327 0 396 294 582 1061 135 983 1678 907
102 653 900 998 118 1135 1522 396 0 126 741 795 286 603 1284 1291
42 538 814 872 242 1026 1514 294 126 0 733 909 169 688 1401 1172
702 1097 548 1166 799 913 782 582 741 733 0 894 670 1298 1787 1163
870 1447 1378 1748 715 1715 1437 1061 795 909 894 0 1020 899 990 1932
184 466 658 732 405 856 1435 135 286 169 670 1020 0 854 1569 1005
690 1008 1500 1446 509 1706 2056 983 603 688 1298 899 854 0 806 1827
1386 1807 2149 2233 1166 2417 2421 1678 1284 1401 1787 990 1569 806 0 2574
1189 899 618 485 1410 259 1537 907 1291 1172 1163 1932 1005 1827 2574 0
