0 861 893 1465 931 1633 1549 1449 103 1554 1541 1653 915 962 1667 307
861 0 1265 841 1019 1918 1677 1107 939 725 837 966 1770 1758 2475 786
893 1265 0 2086 1800 743 683 2221 821 1677 2101 1517 1362 882 1485 633
1465 841 2086 0 943 2759 2517 491 1566 1058 168 1500 2243 2428 3130 1528
931 1019 1800 943 0 2543 2411 650 1025 1664 1095 1981 1423 1790 2425 1168
1633 1918 743 2759 2543 0 357 2941 1556 2152 2750 1853 1934 1310 1634 1375
1549 1677 683 2517 2411 357 0 2746 1489 1832 2492 1509 2017 1452 1890 1258
1449 1107 2221 491 650 2941 2746 0 1552 1511 656 1928 2068 2381 3046 1605
103 939 821 1566 1025 1556 1489 1552 0 1616 1639 1690 858 862 1570 289
1554 725 1677 1058 1664 2152 1832 1511 1616 0 934 463 2470 2361 3066 1401
1541 837 2101 168 1095 2750 2492 656 1639 934 0 1389 2353 2500 3208 1572
1653 966 1517 1500 1981 1853 1509 1928 1690 463 1389 0 2543 2313 2985 1427
915 1770 1362 2243 1423 1934 2017 2068 858 2470 2353 2543 0 661 1060 1118
962 1758 882 2428 1790 1310 1452 2381 862 2361 2500 2313 661 0 717 975
1667 2475 1485 3130 2425 1634 1890 3046 1570 3066 3208 2985 1060 717 0 1691
307 786 633 1528 1168 1375 1258 1605 289 1401 1572 1427 1118 975 1691 0
