0 279 1628 897 1595 609 406 1070 45 282 21 1495 1567 224 1285 757
279 0 1602 658 1479 885 482 1077 266 282 270 1548 1328 496 1051 656
1628 1602 0 1311 3035 1937 2026 566 1667 1854 1608 454 2594 1754 1275 2251
897 658 1311 0 1790 1495 1123 961 902 925 881 1450 1283 1121 392 1120
1595 1479 3035 1790 0 1874 1245 2546 1550 1313 1607 3026 874 1644 2055 839
609 885 1937 1495 1874 0 680 1381 619 747 622 1668 2071 389 1874 1123
406 482 2026 1123 1245 680 0 1473 363 200 425 1901 1398 399 1513 446
1070 1077 566 961 2546 1381 1473 0 1111 1310 1050 498 2212 1187 1094 1733
45 266 1667 902 1550 619 363 1111 0 236 62 1539 1532 229 1293 712
282 282 1854 925 1313 747 200 1310 236 0 294 1757 1335 387 1316 475
21 270 1608 881 1607 622 425 1050 62 294 0 1477 1568 240 1268 769
1495 1548 454 1450 3026 1668 1901 498 1539 1757 1477 0 2710 1567 1529 2202
1567 1328 2594 1283 874 2071 1398 2212 1532 1335 1568 2710 0 1722 1410 984
224 496 1754 1121 1644 389 399 1187 229 387 240 1567 1722 0 1508 829
1285 1051 1275 392 2055 1874 1513 1094 1293 1316 1268 1529 1410 1508 0 1470
757 656 2251 1120 839 1123 446 1733 712 475 769 2202 984 829 1470 0
