0 853 926 906 260 1001 370 215 1416 63 1233 1293 111 1400 263 654
853 0 1713 1725 1089 1360 1192 639 2248 872 2085 2106 958 1913 813 574
926 1713 0 830 667 1648 806 1104 576 945 614 1062 818 826 900 1574
906 1725 830 0 767 1008 538 1115 905 868 561 387 826 1647 1094 1325
260 1089 667 767 0 1132 313 454 1162 280 1004 1146 151 1206 334 908
1001 1360 1648 1008 1132 0 861 1063 1898 939 1568 1228 1036 2332 1259 787
370 1192 806 538 313 861 0 577 1180 329 934 924 307 1475 589 852
215 639 1104 1115 454 1063 577 0 1617 247 1446 1502 319 1478 262 538
1416 2248 576 905 1162 1898 1180 1617 0 1418 362 909 1305 1187 1446 2024
63 872 945 868 280 939 329 247 1418 0 1219 1254 131 1450 327 628
1233 2085 614 561 1004 1568 934 1446 362 1219 0 556 1126 1392 1325 1786
1293 2106 1062 387 1146 1228 924 1502 909 1254 556 0 1212 1885 1477 1677
111 958 818 826 151 1036 307 319 1305 131 1126 1212 0 1326 283 757
1400 1913 826 1647 1206 2332 1475 1478 1187 1450 1392 1885 1326 0 1215 2016
263 813 900 1094 334 1259 589 262 1446 327 1325 1477 283 1215 0 801
654 574 1574 1325 908 787 852 538 2024 628 1786 1677 757 2016 801 0
