0 1011 307 780 636 837 733 1220 1154 575 147 1292 838 903 1056 264
1011 0 948 237 1567 1366 1691 2113 2076 1556 1024 2292 1226 111 2059 1274
307 948 0 750 623 1136 754 1490 1413 639 449 1477 542 855 1243 456
780 237 750 0 1357 1158 1477 1880 1841 1336 788 2056 1105 125 1823 1044
636 1567 623 1357 0 1293 139 1217 1111 157 732 990 762 1469 781 435
837 1366 1136 1158 1293 0 1315 900 919 1155 690 1328 1675 1265 1162 878
733 1691 754 1477 139 1315 0 1140 1031 168 811 867 893 1592 669 501
1220 2113 1490 1880 1217 900 1140 0 114 1065 1133 573 1907 2003 557 1041
1154 2076 1413 1841 1111 919 1031 114 0 962 1078 479 1814 1965 444 960
575 1556 639 1336 157 1155 168 1065 962 0 645 881 877 1454 659 334
147 1024 449 788 732 690 811 1133 1078 645 0 1268 985 914 1037 311
1292 2292 1477 2056 990 1328 867 573 479 881 1268 0 1752 2181 236 1041
838 1226 542 1105 762 1675 893 1907 1814 877 985 1752 0 1169 1536 889
903 111 855 125 1469 1265 1592 2003 1965 1454 914 2181 1169 0 1949 1167
1056 2059 1243 1823 781 1162 669 557 444 659 1037 236 1536 1949 0 804
264 1274 456 1044 435 878 501 1041 960 334 311 1041 889 1167 804 0
