0 862 1271 1701 1005 816 352 59 1337 518 120 1145 695 1718 350 1610
862 0 450 2524 1574 577 782 912 673 1326 982 1169 1269 2440 515 2105
1271 450 0 2959 1803 981 1105 1326 810 1760 1390 1557 1720 2707 922 2545
1701 2524 2959 0 1930 2209 1972 1643 2788 1199 1587 2031 1361 1760 2041 1275
1005 1574 1803 1930 0 1778 821 1016 2206 1200 969 2149 1585 912 1165 2403
816 577 981 2209 1778 0 970 834 583 1083 906 592 856 2535 626 1579
352 782 1105 1972 821 970 0 404 1387 839 423 1415 1046 1660 346 1962
59 912 1326 1643 1016 834 404 0 1368 458 74 1132 649 1703 403 1560
1337 673 810 2788 2206 583 1387 1368 0 1663 1443 946 1429 3031 1055 2049
518 1326 1760 1199 1200 1083 839 458 1663 0 417 1144 428 1652 844 1210
120 982 1390 1587 969 906 423 74 1443 417 0 1184 658 1635 470 1559
1145 1169 1557 2031 2149 592 1415 1132 946 1144 1184 0 746 2775 1111 1111
695 1269 1720 1361 1585 856 1046 649 1429 428 658 746 0 2080 899 918
1718 2440 2707 1760 912 2535 1660 1703 3031 1652 1635 2775 2080 0 1976 2679
350 515 922 2041 1165 626 346 403 1055 844 470 1111 899 1976 0 1807
1610 2105 2545 1275 2403 1579 1962 1560 2049 1210 1559 1111 918 2679 1807 0
