0 235 141 952 1308 1618 701 1423 124 1638 856 112 1688 101 1525 562
235 0 199 745 1528 1833 640 1618 298 1831 1022 347 1517 335 1750 333
141 199 0 837 1338 1639 562 1555 113 1771 996 218 1554 196 1565 526
952 745 837 0 2071 2337 617 2363 945 2577 1764 1053 813 1032 2312 589
1308 1528 1338 2071 0 321 1503 1361 1231 1502 1343 1203 2556 1207 242 1861
1618 1833 1639 2337 321 0 1747 1595 1535 1710 1646 1516 2761 1518 229 2165
701 640 562 617 1503 1747 0 2066 615 2281 1544 750 1091 725 1746 782
1423 1618 1555 2363 1361 1595 2066 0 1467 215 625 1338 3109 1362 1369 1853
124 298 113 945 1231 1535 615 1467 0 1683 929 134 1644 109 1455 630
1638 1831 1771 2577 1502 1710 2281 215 1683 0 828 1554 3325 1578 1480 2061
856 1022 996 1764 1343 1646 1544 625 929 828 0 794 2536 819 1456 1233
112 347 218 1053 1203 1516 750 1338 134 1554 794 0 1771 24 1417 673
1688 1517 1554 813 2556 2761 1091 3109 1644 3325 2536 1771 0 1747 2797 1402
101 335 196 1032 1207 1518 725 1362 109 1578 819 24 1747 0 1423 664
1525 1750 1565 2312 242 229 1746 1369 1455 1480 1456 1417 2797 1423 0 2083
562 333 526 589 1861 2165 782 1853 630 2061 1233 673 1402 664 2083 0
