0 968 1442 212 486 101 1086 456 1119 330 1181 263 1452 1251 402 503
968 0 1400 900 966 1063 1673 1388 1815 819 1517 1231 1304 1450 1134 1471
1442 1400 0 1596 1854 1514 2528 1815 1175 1641 551 1573 160 2592 1842 1716
212 900 1596 0 278 241 943 493 1331 128 1377 395 1589 1047 270 615
486 966 1854 278 0 485 733 587 1592 213 1655 597 1836 768 234 769
101 1063 1514 241 485 0 1023 355 1107 369 1223 169 1531 1234 353 408
1086 1673 2528 943 733 1023 0 817 2002 936 2239 1016 2529 596 686 1014
456 1388 1815 493 587 355 817 0 1187 600 1455 242 1849 1190 355 212
1119 1815 1175 1331 1592 1107 2002 1187 0 1449 625 1025 1302 2331 1434 989
330 819 1641 128 213 369 936 600 1449 0 1460 522 1622 966 316 738
1181 1517 551 1377 1655 1223 2239 1455 625 1460 0 1228 684 2423 1576 1312
263 1231 1573 395 597 169 1016 242 1025 522 1228 0 1606 1307 411 240
1452 1304 160 1589 1836 1531 2529 1849 1302 1622 684 1606 0 2557 1844 1766
1251 1450 2592 1047 768 1234 596 1190 2331 966 2423 1307 2557 0 896 1403
402 1134 1842 270 234 353 686 355 1434 316 1576 411 1844 896 0 547
503 1471 1716 615 769 408 1014 212 989 738 1312 240 1766 1403 547 0
