0 1199 1037 2 1452 829 1367 413 513 1213 1560 1602 1421 409 208 753
1199 0 187 1197 2122 489 702 1506 786 1674 1087 2458 1388 1596 1386 1850
1037 187 0 1035 1940 429 802 1327 602 1634 1176 2375 1414 1441 1231 1669
2 1197 1035 0 1451 828 1366 413 511 1214 1560 1604 1421 411 210 754
1452 2122 1940 1451 0 2039 2622 1095 1432 2646 2910 2791 2861 1508 1510 949
829 489 429 828 2039 0 585 1206 607 1205 887 1969 1017 1189 983 1559
1367 702 802 1366 2622 585 0 1766 1190 1239 385 2127 780 1674 1485 2117
413 1506 1327 413 1095 1206 1766 0 730 1554 1973 1763 1823 436 417 353
513 786 602 511 1432 607 1190 730 0 1512 1488 2064 1525 917 721 1067
1213 1674 1634 1214 2646 1205 1239 1554 1512 0 1086 906 597 1184 1136 1795
1560 1087 1176 1560 2910 887 385 1973 1488 1086 0 1991 518 1801 1636 2312
1602 2458 2375 1604 2791 1969 2127 1763 2064 906 1991 0 1491 1327 1425 1843
1421 1388 1414 1421 2861 1017 780 1823 1525 597 518 1491 0 1551 1430 2128
409 1596 1441 411 1508 1189 1674 436 917 1184 1801 1327 1551 0 210 611
208 1386 1231 210 1510 983 1485 417 721 1136 1636 1425 1430 210 0 697
753 1850 1669 754 949 1559 2117 353 1067 1795 2312 1843 2128 611 697 0
