0 295 626 461 282 574 704 99 507 17 281 393 616 485 172 88 574 314 122 637 109 566 224 628 818 568 258 837 736 834 403 509 843 611 639 16 775 310 48 509 718 502 840 605 501 527 449 89 729 604 734 156 575 493 833 325 437 21 703 794 366 653 310 429 642 753 646 580 575 74 19 288 631 202 164 256 200 517 726 142 127 358 653 836 101 719 525 740 485 489 200 301 96 545 760 790 123 252 268 408 201 559 836 628 479 29 249 229 590 716 689 193 799 793 761 50
295 0 907 169 335 478 594 266 609 312 396 104 597 401 423 216 458 30 285 932 358 493 84 333 526 381 432 1131 828 651 401 804 1135 400 345 294 738 486 248 542 1004 261 1018 365 765 403 248 278 743 693 713 451 297 626 846 51 655 290 572 788 339 542 586 717 843 539 716 337 357 233 278 421 497 94 367 521 495 662 702 310 238 651 936 553 196 423 789 484 781 556 287 76 207 728 806 496 323 267 415 290 370 852 542 360 662 294 433 219 642 975 487 337 804 973 654 330
626 907 0 1077 839 934 1271 642 604 612 600 1011 1122 1064 602 715 961 931 709 215 549 901 825 1232 1402 1038 715 392 699 1435 746 217 265 1097 1234 633 967 721 667 993 454 1042 529 1125 531 941 1072 630 849 988 1220 495 1144 540 1264 946 349 624 1065 924 767 1224 490 201 793 1371 704 1108 1198 676 645 573 1019 821 552 387 448 852 1217 707 674 361 460 1459 715 1320 151 1263 252 664 778 926 701 792 1162 1384 678 843 561 1013 566 318 1424 1181 427 618 518 838 717 628 1303 602 1245 497 1319 611
461 169 1077 0 432 535 551 435 742 478 548 69 613 406 573 378 505 147 431 1098 528 561 251 174 376 388 557 1294 948 553 516 971 1303 381 196 459 806 607 415 593 1159 242 1164 320 910 455 205 447 835 759 717 615 203 768 860 137 817 458 595 869 454 506 740 886 956 424 833 292 260 402 444 574 526 259 533 690 661 756 705 452 406 814 1089 386 364 263 957 400 946 680 411 172 376 836 842 340 471 370 571 305 533 1014 388 271 816 462 594 331 756 1115 387 498 816 1121 608 493
282 335 839 432 0 778 437 359 784 285 553 373 333 225 236 231 767 328 160 784 391 783 333 601 805 712 148 947 1015 597 644 669 1009 735 627 266 1015 185 280 234 781 596 1119 700 511 713 295 357 987 363 452 349 618 774 559 321 713 301 890 1047 592 388 383 638 524 549 920 671 401 305 268 565 814 277 447 517 393 328 444 145 367 497 706 724 284 685 768 813 635 758 83 275 301 404 497 764 173 67 547 195 480 670 813 684 761 310 532 116 858 700 480 465 522 1072 489 261
574 478 934 535 778 0 1066 476 364 586 361 525 1073 879 746 565 40 501 659 1058 529 41 447 565 626 182 820 1276 483 1089 197 942 1199 235 539 587 270 875 540 1006 1218 308 774 304 1054 80 711 487 318 1140 1190 687 414 423 1320 521 587 553 137 337 210 1016 861 810 1216 958 373 311 794 508 573 380 86 503 474 610 708 1078 1179 687 447 855 1168 835 510 614 783 403 936 289 706 555 498 1117 1272 638 681 715 400 768 435 1038 656 397 526 548 450 667 301 1266 923 414 1279 741 1126 624
704 594 1271 551 437 1066 0 759 1175 711 945 543 206 219 669 631 1041 567 588 1194 813 1085 649 637 799 937 557 1329 1403 215 990 1088 1421 932 676 690 1331 562 688 314 1141 792 1544 869 867 988 355 761 1336 441 227 786 744 1177 368 547 1142 719 1142 1382 929 52 794 1072 753 272 1297 843 305 703 687 963 1071 604 860 951 829 540 216 580 754 919 1065 575 670 681 1205 928 1053 1133 510 519 689 645 405 747 608 452 948 313 886 1068 791 807 1181 728 945 479 1227 1005 232 863 326 1497 60 693
99 266 642 435 359 476 759 0 425 110 194 370 691 540 270 129 478 292 206 684 94 467 183 590 768 481 355 892 656 868 304 556 877 527 595 114 677 408 78 592 789 430 788 529 589 432 467 14 635 697 810 227 516 420 917 308 400 78 606 698 267 706 395 456 740 775 560 506 592 55 102 207 535 187 107 255 262 615 802 231 36 422 729 820 90 679 523 667 537 399 275 297 71 644 849 746 217 315 190 450 127 622 789 564 425 72 187 280 500 803 714 106 881 742 817 148
507 609 604 742 784 364 1175 425 0 509 232 700 1117 960 645 555 399 639 628 764 408 324 535 838 951 517 758 977 230 1259 234 667 868 578 824 524 368 803 503 1016 962 587 432 631 865 402 853 427 265 1107 1236 537 705 64 1340 660 259 487 478 342 291 1122 693 528 1083 1148 144 626 966 480 518 219 449 573 344 381 533 1008 1228 649 423 635 928 1108 509 909 453 753 672 76 701 672 489 1012 1267 952 629 741 238 862 306 780 979 713 176 477 264 703 117 1058 1096 319 1305 393 1235 543
17 312 612 478 285 586 711 110 509 0 286 409 617 492 159 103 588 331 125 620 106 578 242 645 835 584 252 820 738 843 413 492 827 627 656 21 784 301 65 509 701 519 835 622 485 541 462 99 735 599 735 139 592 493 832 342 430 33 717 801 378 659 293 414 629 765 650 597 588 91 34 292 645 218 166 245 183 509 727 142 141 341 636 852 118 736 513 757 468 494 203 316 113 534 757 807 120 258 271 417 204 542 853 646 475 38 249 238 595 700 700 199 798 788 767 38
281 396 600 548 553 361 945 194 232 286 0 496 885 729 435 323 378 426 399 702 195 338 316 672 819 438 538 919 462 1038 163 583 859 497 666 298 508 587 273 786 857 450 621 526 706 349 632 197 449 885 1005 346 560 233 1111 447 281 260 498 517 168 892 517 454 895 934 366 511 750 249 291 28 439 347 130 249 358 795 996 422 191 496 808 929 277 753 456 663 576 207 470 452 257 811 1041 809 404 509 40 632 86 677 844 589 268 251 89 471 308 913 878 89 1075 577 1004 323
393 104 1011 69 373 525 543 370 700 409 496 0 582 376 504 309 499 79 362 1029 462 547 189 242 443 396 492 1225 913 571 481 902 1235 399 261 390 794 543 347 549 1090 255 1116 348 842 446 188 382 813 711 691 546 247 721 831 67 759 390 600 851 419 495 671 819 895 451 799 319 274 335 375 521 528 191 472 625 592 700 679 384 343 745 1020 449 297 332 894 445 877 642 346 105 310 776 804 408 402 308 516 268 474 945 456 315 763 395 536 267 723 1048 405 440 787 1072 602 423
616 597 1122 613 333 1073 206 691 1117 617 885 582 0 206 535 561 1055 578 493 1023 724 1084 629 740 926 973 411 1142 1347 421 962 926 1249 981 776 599 1325 400 613 129 949 837 1448 929 679 1001 409 689 1310 235 120 661 817 1108 249 561 1040 634 1169 1365 906 192 633 928 548 458 1250 900 422 636 601 897 1094 575 780 840 698 338 111 476 696 762 874 740 610 802 1074 1012 889 1087 417 521 629 443 235 875 501 377 880 314 813 892 923 884 1093 644 866 419 1185 803 402 797 206 1401 226 591
485 401 1064 406 225 879 219 540 960 492 729 376 206 0 461 412 859 378 370 1004 594 893 444 539 731 770 360 1156 1189 374 784 891 1229 776 574 471 1138 378 469 211 978 632 1324 722 703 804 203 542 1132 381 315 573 610 960 454 360 922 499 969 1183 725 167 601 863 647 344 1086 694 241 485 467 746 895 394 641 733 617 426 303 363 537 720 902 577 452 607 990 806 857 922 293 324 472 527 436 682 392 233 731 111 667 884 731 678 962 509 726 260 1017 869 275 645 411 1277 276 474
172 423 602 573 236 746 669 270 645 159 435 504 535 461 0 212 747 433 141 555 240 738 371 747 946 737 126 732 868 834 571 435 777 777 764 160 940 160 211 412 586 659 922 764 342 700 499 259 884 468 645 127 718 619 722 438 514 192 876 953 537 622 167 402 469 780 789 738 618 243 176 435 804 331 306 310 163 362 640 124 300 264 515 920 256 837 539 895 403 639 186 400 260 377 636 913 102 250 413 421 349 451 960 777 578 198 380 262 740 555 711 351 693 875 719 122
88 216 715 378 231 565 631 129 555 103 323 309 561 412 212 0 560 232 93 720 187 564 159 548 742 532 256 916 786 751 415 593 929 568 562 82 789 312 56 466 787 447 912 552 554 509 361 130 756 581 681 237 507 550 791 241 515 94 687 817 368 579 371 517 663 666 688 526 487 74 69 337 612 122 228 343 283 513 672 122 135 436 720 749 55 639 613 683 568 526 149 213 70 557 726 712 121 185 320 327 255 636 759 565 549 102 313 152 626 767 602 236 754 866 689 114
574 458 961 505 767 40 1041 478 399 588 378 499 1055 859 747 560 0 480 653 1079 537 81 434 528 586 143 816 1297 524 1058 217 961 1225 195 501 587 302 871 539 992 1233 273 813 264 1061 54 686 490 358 1130 1172 695 376 457 1303 499 615 555 128 374 218 992 868 831 1216 926 413 272 765 506 572 400 60 490 485 628 718 1073 1160 682 447 868 1182 797 505 575 811 363 954 324 697 535 495 1115 1258 598 678 703 418 748 447 1054 616 358 558 550 467 654 340 1274 893 424 1261 779 1101 625
314 30 931 147 328 501 567 292 639 331 426 79 578 378 433 232 480 0 293 951 383 518 113 316 512 397 433 1148 857 621 430 824 1156 412 331 312 764 487 268 528 1017 270 1048 372 774 426 219 303 771 682 692 468 294 656 826 21 684 311 591 815 368 516 599 739 843 509 746 343 326 256 297 451 517 112 394 546 514 657 681 316 265 668 948 528 217 406 815 485 799 586 287 57 230 726 790 481 332 261 445 267 399 869 527 358 692 316 462 214 672 983 457 366 784 1003 627 346
122 285 709 431 160 659 588 206 628 125 399 362 493 370 141 93 653 293 0 686 231 657 243 605 805 623 162 870 858 730 504 562 904 657 623 106 878 219 127 388 728 531 960 637 481 602 368 201 841 492 611 213 582 615 712 296 554 141 781 903 459 537 309 507 572 661 765 610 491 157 109 408 706 196 287 363 261 419 603 28 221 396 657 781 149 695 624 765 533 605 78 258 161 464 643 771 39 137 389 305 322 589 819 643 601 151 372 130 706 690 594 310 677 913 643 104
637 932 215 1098 784 1058 1194 684 764 620 702 1029 1023 1004 555 720 1079 951 686 0 591 1030 858 1265 1451 1134 643 217 893 1378 862 128 226 1189 1275 639 1133 632 684 894 238 1111 745 1204 368 1051 1053 670 1024 856 1108 483 1201 704 1131 962 506 642 1194 1100 869 1152 402 248 618 1333 882 1184 1174 702 654 679 1140 839 618 456 437 718 1107 676 719 291 251 1466 737 1356 328 1344 153 813 741 933 727 640 1025 1426 649 806 662 975 645 136 1470 1247 595 639 613 814 882 421 1264 677 1118 712 1236 607
109 358 549 528 391 529 813 94 408 106 195 462 724 594 240 187 537 383 231 591 0 515 277 684 863 558 350 801 634 938 341 464 782 609 690 125 703 396 130 615 707 520 730 616 524 497 545 81 643 699 842 158 609 388 937 398 329 94 664 712 319 762 331 362 701 852 550 594 671 129 126 194 597 274 65 163 181 602 834 248 128 338 650 911 170 773 433 755 447 398 309 383 153 616 861 841 225 361 172 513 108 535 883 655 370 85 144 336 499 736 789 117 904 684 870 136
566 493 901 561 783 41 1085 467 324 578 338 547 1084 893 738 564 81 518 657 1030 515 0 456 599 666 221 817 1248 442 1114 175 916 1166 276 575 581 246 872 536 1013 1195 340 732 343 1038 112 731 478 282 1143 1202 672 449 384 1329 538 553 546 164 307 200 1034 846 782 1207 985 331 348 818 503 567 356 125 511 457 586 691 1076 1192 685 441 834 1147 871 508 651 750 444 912 250 708 570 496 1112 1279 677 678 721 376 783 416 1014 696 436 489 539 426 673 259 1249 948 398 1289 699 1144 616
224 84 825 251 333 447 649 183 535 242 316 189 629 444 371 159 434 113 243 858 277 456 0 409 594 383 403 1061 758 724 341 730 1057 414 416 227 696 459 176 558 941 288 937 394 713 380 317 195 688 697 748 381 351 548 873 132 571 216 556 739 281 597 528 637 815 617 649 367 433 156 210 340 480 56 282 438 424 649 737 271 154 582 876 637 123 498 706 524 708 486 269 137 130 705 824 568 278 269 332 337 286 784 612 407 579 219 349 219 577 927 562 253 833 892 709 266
628 333 1232 174 601 565 637 590 838 645 672 242 740 539 747 548 528 316 605 1265 684 599 409 0 204 388 730 1464 1023 578 604 1137 1466 354 39 628 827 779 581 741 1332 260 1269 279 1084 487 338 603 882 910 832 784 151 874 978 309 951 623 584 902 547 600 914 1046 1124 438 908 261 332 564 612 700 529 427 681 844 829 919 819 626 558 984 1263 272 528 90 1106 295 1114 769 585 347 539 1004 974 166 645 541 701 451 674 1185 214 192 938 626 732 504 830 1289 428 638 934 1228 687 663
818 526 1402 376 805 626 799 768 951 835 819 443 926 731 946 742 586 512 805 1451 863 666 594 204 0 445 934 1655 1108 697 720 1323 1645 390 182 819 860 984 770 937 1530 370 1381 324 1285 561 536 782 940 1108 1009 974 258 996 1156 508 1100 810 599 943 672 770 1112 1224 1329 562 995 325 505 749 802 847 565 620 850 1016 1018 1122 996 827 734 1176 1461 288 717 124 1268 243 1302 877 788 548 725 1208 1161 52 844 745 853 650 836 1377 30 237 1074 813 889 708 919 1491 573 800 1112 1344 843 856
568 381 1038 388 712 182 937 481 517 584 438 396 973 770 737 532 143 397 623 1134 558 221 383 388 445 0 785 1349 663 935 299 1010 1297 61 359 578 439 841 525 924 1266 146 942 121 1069 117 583 495 501 1074 1085 708 236 568 1222 412 704 551 207 515 270 890 876 888 1195 800 550 129 648 494 561 464 142 438 518 678 739 1032 1074 652 446 897 1208 655 481 432 892 236 998 441 652 454 477 1087 1187 456 654 645 478 659 488 1092 475 214 660 548 524 595 475 1284 771 458 1179 906 995 618
258 432 715 557 148 820 557 355 758 252 538 492 411 360 126 256 816 433 162 643 350 817 403 730 934 785 0 800 984 734 659 532 869 817 753 242 1033 56 282 287 632 687 1047 793 364 765 441 347 987 349 520 253 728 736 596 432 640 280 943 1053 618 512 240 519 413 695 900 765 549 314 253 543 869 351 414 436 287 259 514 134 377 362 558 870 311 818 662 916 498 745 146 388 322 302 513 895 139 192 521 344 455 525 945 791 702 288 494 226 847 559 625 451 567 1001 604 215
837 1131 392 1294 947 1276 1329 892 977 820 919 1225 1142 1156 732 916 1297 1148 870 217 801 1248 1061 1464 1655 1349 800 0 1091 1525 1079 339 208 1404 1476 836 1345 777 885 1018 204 1322 906 1417 462 1268 1230 878 1233 947 1213 680 1408 915 1210 1157 717 844 1412 1308 1086 1292 567 466 661 1495 1089 1396 1346 905 853 897 1357 1037 832 672 636 814 1213 856 928 479 272 1652 938 1555 530 1556 354 1028 916 1125 930 719 1102 1627 832 978 879 1142 861 281 1673 1456 804 842 830 993 1093 404 1425 892 1205 880 1365 801
736 828 699 948 1015 483 1403 656 230 738 462 913 1347 1189 868 786 524 857 858 893 634 442 758 1023 1108 663 984 1091 0 1479 431 818 946 719 1004 753 335 1027 734 1246 1113 764 318 784 1057 547 1074 658 205 1333 1467 753 880 248 1570 879 409 716 553 260 494 1350 897 684 1289 1363 115 786 1184 711 748 449 555 799 572 583 743 1229 1458 879 653 822 1090 1296 739 1085 565 886 831 272 931 894 720 1227 1496 1117 858 971 468 1089 535 937 1138 875 318 707 490 933 193 1235 1314 550 1535 300 1463 771
834 651 1435 553 597 1089 215 868 1259 843 1038 571 421 374 834 751 1058 621 730 1378 938 1114 724 578 697 935 734 1525 1479 0 1051 1265 1604 916 616 822 1359 749 807 523 1342 789 1655 845 1067 1008 406 873 1384 656 429 940 713 1272 555 600 1266 844 1142 1421 988 238 975 1233 967 139 1368 822 297 815 815 1060 1076 691 974 1089 986 751 419 728 855 1094 1266 430 777 595 1354 872 1231 1207 657 587 796 857 610 645 757 593 1049 426 993 1257 681 767 1292 853 1055 605 1293 1214 166 964 518 1609 214 833
403 401 746 516 644 197 990 304 234 413 163 481 962 784 571 415 217 430 504 862 341 175 341 604 720 299 659 1079 431 1051 0 745 1009 361 589 418 374 712 378 878 1021 353 666 405 863 195 649 313 348 996 1082 498 470 276 1201 452 406 381 335 403 62 938 672 613 1039 933 317 397 754 347 406 183 277 390 281 412 516 919 1072 531 283 658 972 874 360 674 597 534 739 165 564 472 345 947 1141 719 520 588 202 678 240 840 747 482 360 374 252 543 241 1073 885 224 1162 626 1050 451
509 804 217 971 669 942 1088 556 667 492 583 902 926 891 435 593 961 824 562 128 464 916 730 1137 1323 1010 532 339 818 1265 745 0 341 1065 1146 511 1034 528 556 796 296 984 712 1078 314 931 930 542 931 777 1018 356 1073 609 1054 834 415 514 1079 1008 748 1044 294 139 576 1215 793 1057 1052 574 526 562 1022 711 492 334 309 640 1016 553 592 171 274 1340 608 1227 268 1218 36 709 620 806 599 575 950 1298 526 685 543 856 522 120 1342 1119 507 511 494 691 785 432 1146 552 1037 674 1133 480
843 1135 265 1303 1009 1199 1421 877 868 827 859 1235 1249 1229 777 929 1225 1156 904 226 782 1166 1057 1466 1645 1297 869 208 946 1604 1009 341 0 1355 1472 846 1229 859 888 1120 378 1292 726 1379 584 1204 1272 863 1108 1076 1332 694 1389 804 1349 1168 615 845 1330 1182 1027 1379 628 420 819 1557 962 1361 1394 902 861 833 1284 1044 797 630 647 938 1331 895 911 512 427 1678 939 1555 417 1518 373 929 962 1143 927 855 1241 1623 868 1027 819 1198 817 357 1666 1430 691 840 774 1033 980 585 1488 851 1338 705 1463 817
611 400 1097 381 735 235 932 527 578 627 497 399 981 776 777 568 195 412 657 1189 609 276 414 354 390 61 817 1404 719 916 361 1065 1355 0 322 620 479 873 566 940 1316 144 1002 75 1112 176 583 542 551 1094 1091 755 205 630 1230 425 765 595 230 559 329 887 921 944 1229 779 607 94 636 536 603 523 179 466 572 733 788 1060 1079 685 492 947 1257 614 520 388 951 174 1051 502 680 469 517 1119 1200 405 690 668 536 667 543 1144 420 169 721 593 581 619 533 1327 755 512 1187 966 989 660
639 345 1234 196 627 539 676 595 824 656 666 261 776 574 764 562 501 331 623 1275 690 575 416 39 182 359 753 1476 1004 616 589 1146 1472 322 0 639 798 803 591 774 1348 239 1256 247 1103 463 372 609 857 943 869 795 125 862 1015 326 946 632 552 874 534 639 930 1052 1151 477 888 231 370 572 623 694 499 439 683 847 839 948 857 645 562 997 1279 296 538 86 1106 256 1124 753 607 366 547 1031 1010 151 662 565 697 484 673 1198 196 156 929 635 729 527 810 1310 467 637 971 1216 726 675
16 294 633 459 266 587 690 114 524 21 298 390 599 471 160 82 587 312 106 639 125 581 227 628 819 578 242 836 753 822 418 511 846 620 639 0 791 294 53 493 714 508 855 612 493 540 440 105 745 587 718 156 578 509 816 323 451 37 716 810 380 639 303 435 628 743 663 587 566 83 17 305 643 200 181 267 201 502 710 125 140 357 649 832 104 718 535 746 486 505 184 296 103 531 744 791 106 237 285 395 218 558 836 633 495 46 266 216 606 707 678 209 782 808 746 40
775 738 967 806 1015 270 1331 677 368 784 508 794 1325 1138 940 789 302 764 878 1133 703 246 696 827 860 439 1033 1345 335 1359 374 1034 1229 479 798 791 0 1085 752 1248 1327 576 654 554 1209 351 978 686 131 1370 1444 855 675 430 1568 784 627 754 262 89 422 1281 1024 895 1404 1228 271 567 1064 721 779 515 299 750 638 729 863 1293 1434 906 657 987 1289 1093 733 867 819 620 1037 327 937 815 718 1317 1512 881 894 956 538 1028 595 1144 890 648 541 746 582 910 251 1410 1193 588 1528 635 1391 822
310 486 721 607 185 875 562 408 803 301 587 543 400 378 160 312 871 487 219 632 396 872 459 779 984 841 56 777 1027 749 712 528 859 873 803 294 1085 0 336 272 601 743 1077 849 329 821 480 399 1036 308 502 283 781 778 566 484 672 331 999 1103 672 520 233 529 357 720 946 821 583 368 306 590 925 407 461 467 311 207 497 190 431 361 526 909 366 866 679 971 492 793 199 440 377 246 478 944 194 239 568 377 502 508 993 845 738 339 538 276 894 515 650 500 540 1031 605 264
48 248 667 415 280 540 688 78 503 65 273 347 613 469 211 56 539 268 127 684 130 536 176 581 770 525 282 885 734 807 378 556 888 566 591 53 752 336 0 513 766 455 856 558 546 490 415 76 713 619 732 204 527 495 838 280 459 43 667 776 336 636 356 472 677 721 639 533 541 32 36 284 594 156 172 289 248 542 724 153 95 406 701 793 53 671 560 693 533 478 197 259 49 577 770 743 142 240 266 384 201 608 788 581 493 49 257 208 579 761 658 184 802 809 746 93
509 542 993 593 234 1006 314 592 1016 509 786 549 129 211 412 466 992 528 388 894 615 1013 558 741 937 924 287 1018 1246 523 878 796 1120 940 774 493 1248 272 513 0 827 797 1331 895 555 938 402 589 1222 170 233 539 795 1002 324 515 923 529 1112 1281 826 285 504 801 449 532 1153 866 453 539 497 796 1036 502 674 720 575 229 227 367 602 633 752 787 519 813 948 993 760 992 316 471 536 335 265 890 389 291 777 290 710 764 939 863 980 538 759 339 1092 691 468 697 289 1285 347 479
718 1004 454 1159 781 1218 1141 789 962 701 857 1090 949 978 586 787 1233 1017 728 238 707 1195 941 1332 1530 1266 632 204 1113 1342 1021 296 378 1316 1348 714 1327 601 766 827 0 1218 982 1319 275 1198 1072 775 1226 746 1014 564 1293 905 1007 1023 711 729 1355 1303 1015 1106 418 434 457 1321 1090 1295 1182 791 731 839 1294 910 750 609 527 615 1015 709 826 369 75 1500 818 1423 553 1456 289 1000 761 986 814 518 899 1498 688 820 818 976 786 182 1545 1347 803 729 769 842 1080 207 1252 812 1003 948 1173 675
502 261 1042 242 596 308 792 430 587 519 450 255 837 632 659 447 273 270 531 1111 520 340 288 260 370 146 687 1322 764 789 353 984 1292 144 239 508 576 743 455 797 1218 0 1019 106 1000 228 440 445 623 953 947 654 117 629 1086 282 731 489 353 646 302 746 812 874 1100 655 648 78 502 428 491 479 286 336 496 662 692 923 935 559 394 852 1155 533 405 322 904 238 967 515 546 326 406 987 1057 365 566 529 486 523 476 1053 396 138 704 489 525 481 570 1214 625 441 1043 980 850 548
840 1018 529 1164 1119 774 1544 788 432 835 621 1116 1448 1324 922 912 813 1048 960 745 730 732 937 1269 1381 942 1047 906 318 1655 666 712 726 1002 1256 855 654 1077 856 1331 982 1019 0 1059 1007 825 1250 784 524 1382 1563 795 1137 396 1644 1068 408 824 862 576 722 1492 892 607 1264 1554 407 1056 1371 843 857 597 853 965 684 611 766 1259 1556 974 800 783 981 1537 879 1341 447 1175 738 504 1038 1072 860 1230 1555 1384 947 1092 606 1238 662 830 1410 1144 363 815 601 1064 473 1144 1497 690 1615 46 1601 858
605 365 1125 320 700 304 869 529 631 622 526 348 929 722 764 552 264 372 637 1204 616 343 394 279 324 121 793 1417 784 845 405 1078 1379 75 247 612 554 849 558 895 1319 106 1059 0 1104 236 525 544 622 1054 1036 755 132 679 1177 382 801 591 305 632 364 826 915 963 1206 708 671 29 570 530 595 553 254 442 586 751 791 1028 1024 665 493 951 1257 539 509 313 983 139 1063 556 652 428 509 1093 1153 334 672 633 563 616 562 1151 353 94 765 590 606 585 595 1319 686 528 1134 1023 925 652
501 765 531 910 511 1054 867 589 865 485 706 842 679 703 342 554 1061 774 481 368 524 1038 713 1084 1285 1069 364 462 1057 1067 863 314 584 1112 1103 493 1209 329 546 555 275 1000 1007 1104 0 1019 805 575 1128 492 753 366 1061 820 764 777 651 517 1189 1202 843 832 193 400 262 1047 1006 1079 911 576 510 695 1120 674 581 484 347 355 753 458 623 234 199 1234 595 1173 561 1237 280 885 502 737 596 272 657 1250 442 556 672 706 623 232 1298 1120 739 520 626 583 978 215 978 640 754 965 902 452
527 403 941 455 713 80 988 432 402 541 349 446 1001 804 700 509 54 426 602 1051 497 112 380 487 561 117 765 1268 547 1008 195 931 1204 176 463 540 351 821 490 938 1198 228 825 236 1019 0 633 445 394 1077 1117 653 337 455 1248 444 601 508 178 417 182 938 825 803 1168 877 434 239 714 458 524 372 103 437 447 597 678 1021 1106 631 400 831 1144 759 454 540 793 351 922 326 644 480 445 1066 1204 569 628 649 389 693 412 1020 590 327 550 504 438 600 358 1233 842 386 1207 790 1047 578
449 248 1072 205 295 711 355 467 853 462 632 188 409 203 499 361 686 219 368 1053 545 731 317 338 536 583 441 1230 1074 406 649 930 1272 583 372 440 978 480 415 402 1072 440 1250 525 805 633 0 475 990 572 511 580 408 865 654 197 868 456 788 1032 587 307 663 872 803 307 964 497 126 417 430 654 716 285 575 704 628 590 499 377 451 762 998 429 378 412 974 603 900 802 313 180 397 682 640 489 403 252 644 115 590 950 539 475 889 463 652 238 890 995 246 560 610 1205 414 460
89 278 630 447 357 487 761 14 427 99 197 382 689 542 259 130 490 303 201 670 81 478 195 603 782 495 347 878 658 873 313 542 863 542 609 105 686 399 76 589 775 445 784 544 575 445 475 0 641 691 809 213 530 420 914 319 393 68 619 705 278 709 382 443 729 782 564 521 599 58 95 208 548 196 100 243 247 607 800 225 50 407 715 831 96 692 512 682 523 403 273 306 78 634 844 760 210 315 190 454 125 607 802 578 421 61 183 282 504 790 720 108 878 738 819 138
729 743 849 835 987 318 1336 635 265 735 449 813 1310 1132 884 756 358 771 841 1024 643 282 688 882 940 501 987 1233 205 1384 348 931 1108 551 857 745 131 1036 713 1222 1226 623 524 622 1128 394 990 641 0 1332 1430 787 732 321 1546 792 518 707 359 76 407 1284 950 792 1337 1259 145 629 1087 684 736 449 375 738 578 644 789 1244 1420 866 621 900 1193 1153 703 933 703 708 938 246 906 817 686 1259 1483 956 851 934 472 1025 535 1045 971 716 428 699 510 890 150 1323 1217 536 1508 504 1396 772
604 693 988 759 363 1140 441 697 1107 599 885 711 235 381 468 581 1130 682 492 856 699 1143 697 910 1108 1074 349 947 1333 656 996 777 1076 1094 943 587 1370 308 619 170 746 953 1382 1054 492 1077 572 691 1332 0 269 591 959 1085 276 671 978 625 1253 1395 949 425 504 811 318 687 1249 1025 622 649 596 891 1178 641 763 775 616 138 272 465 713 631 675 954 636 983 969 1156 741 1093 435 626 651 228 175 1060 481 429 870 459 803 720 1109 1027 1046 634 843 479 1194 582 627 797 261 1336 456 564
734 713 1220 717 452 1190 227 810 1236 735 1005 691 120 315 645 681 1172 692 611 1108 842 1202 748 832 1009 1085 520 1213 1467 429 1082 1018 1332 1091 869 718 1444 502 732 233 1014 947 1563 1036 753 1117 511 809 1430 269 0 772 919 1227 147 675 1155 753 1284 1485 1026 241 730 1031 585 499 1370 1007 504 756 720 1017 1209 694 899 953 807 399 12 593 816 859 941 799 730 887 1180 1112 982 1207 536 636 749 497 181 957 618 497 999 426 932 975 1003 986 1209 762 984 539 1306 852 455 917 103 1516 214 707
156 451 495 615 349 687 786 227 537 139 346 546 661 573 127 237 695 468 213 483 158 672 381 784 974 708 253 680 753 940 498 356 694 755 795 156 855 283 204 539 564 654 795 755 366 653 580 213 787 591 772 0 731 505 848 478 388 165 822 859 477 737 173 294 550 875 681 731 704 227 172 340 754 357 218 184 47 477 766 212 263 201 502 984 257 874 418 892 330 541 283 450 251 475 761 947 183 347 317 518 260 403 992 783 456 165 277 343 639 580 807 274 820 748 838 123
575 297 1144 203 618 414 744 516 705 592 560 247 817 610 718 507 376 294 582 1201 609 449 351 151 258 236 728 1408 880 713 470 1073 1389 205 125 578 675 781 527 795 1293 117 1137 132 1061 337 408 530 732 959 919 731 0 745 1063 298 841 565 435 750 418 702 879 969 1137 576 764 111 442 503 561 589 377 387 593 760 772 946 907 607 481 932 1227 421 474 205 1010 197 1053 633 582 343 479 1019 1045 249 620 552 594 508 578 1134 283 68 818 566 630 507 686 1272 555 542 1019 1097 799 617
493 626 540 768 774 423 1177 420 64 493 233 721 1108 960 619 550 457 656 615 704 388 384 548 874 996 568 736 915 248 1272 276 609 804 630 862 509 430 778 495 1002 905 629 396 679 820 455 865 420 321 1085 1227 505 745 0 1326 677 197 474 541 398 327 1125 653 470 1045 1165 187 673 982 476 506 214 509 581 328 338 496 981 1219 635 423 587 873 1140 508 948 390 805 616 134 691 684 488 979 1249 994 613 735 229 866 294 724 1024 759 112 464 243 700 178 1007 1110 314 1292 354 1236 525
833 846 1264 860 559 1320 368 917 1340 832 1111 831 249 454 722 791 1303 826 712 1131 937 1329 873 978 1156 1222 596 1210 1570 555 1201 1054 1349 1230 1015 816 1568 566 838 324 1007 1086 1644 1177 764 1248 654 914 1546 276 147 848 1063 1326 0 810 1236 853 1418 1604 1147 387 778 1085 556 639 1478 1149 651 864 821 1121 1343 818 998 1032 878 414 159 691 926 906 939 943 843 1034 1241 1257 1017 1316 641 770 860 493 108 1104 712 612 1102 563 1034 995 1150 1130 1298 863 1082 658 1417 827 599 1022 44 1597 343 801
325 51 946 137 321 521 547 308 660 342 447 67 561 360 438 241 499 21 296 962 398 538 132 309 508 412 432 1157 879 600 452 834 1168 425 326 323 784 484 280 515 1023 282 1068 382 777 444 197 319 792 671 675 478 298 677 810 0 702 324 608 836 389 496 604 753 839 488 767 353 305 270 308 471 534 125 412 562 524 649 663 319 283 677 953 513 231 399 831 492 809 607 285 46 245 721 776 475 336 254 464 249 418 877 522 363 711 328 480 209 693 984 435 385 768 1024 607 356
437 655 349 817 713 587 1142 400 259 430 281 759 1040 922 514 515 615 684 554 506 329 553 571 951 1100 704 640 717 409 1266 406 415 615 765 946 451 627 672 459 923 711 731 408 801 651 601 868 393 518 978 1155 388 841 197 1236 702 0 423 716 594 437 1090 504 277 892 1175 378 789 993 451 455 252 673 586 293 204 363 860 1148 567 420 416 683 1202 490 1033 198 936 425 314 633 696 471 841 1150 1090 540 689 249 843 284 531 1125 868 92 414 222 665 376 825 1114 318 1207 361 1198 451
21 290 624 458 301 553 719 78 487 33 260 390 634 499 192 94 555 311 141 642 94 546 216 623 810 551 280 844 716 844 381 514 845 595 632 37 754 331 43 529 729 489 824 591 517 508 456 68 707 625 753 165 565 474 853 324 423 0 683 772 345 667 325 429 662 761 626 567 582 61 32 268 612 199 146 248 207 539 745 162 107 366 666 836 94 713 519 727 491 467 217 302 86 566 781 784 144 267 248 419 181 568 829 617 463 9 231 241 569 732 697 171 819 778 776 70
703 572 1065 595 890 137 1142 606 478 717 498 600 1169 969 876 687 128 591 781 1194 664 164 556 584 599 207 943 1412 553 1142 335 1079 1330 230 552 716 262 999 667 1112 1355 353 862 305 1189 178 788 619 359 1253 1284 822 435 541 1418 608 716 683 0 348 345 1095 996 946 1344 1006 454 323 855 634 701 517 75 612 610 747 844 1199 1272 809 576 992 1305 842 632 615 913 358 1073 407 822 648 623 1243 1377 622 806 825 537 858 571 1175 630 397 649 678 587 775 394 1401 979 550 1376 834 1201 754
794 788 924 869 1047 337 1382 698 342 801 517 851 1365 1183 953 817 374 815 903 1100 712 307 739 902 943 515 1053 1308 260 1421 403 1008 1182 559 874 810 89 1103 776 1281 1303 646 576 632 1202 417 1032 705 76 1395 1485 859 750 398 1604 836 594 772 348 0 458 1331 1023 869 1409 1293 220 643 1124 746 800 519 379 790 647 718 862 1311 1475 930 682 975 1270 1170 763 946 779 705 1014 318 966 864 746 1328 1544 963 915 991 542 1075 604 1121 974 727 504 764 582 946 225 1398 1254 602 1565 561 1442 839
366 339 767 454 592 210 929 267 291 378 168 419 906 725 537 368 218 368 459 869 319 200 281 547 672 270 618 1086 494 988 62 748 1027 329 534 380 422 672 336 826 1015 302 722 364 843 182 587 278 407 949 1026 477 418 327 1147 389 437 345 345 458 0 877 651 622 1007 870 380 353 691 304 367 194 279 332 266 414 499 878 1016 487 241 649 963 816 312 620 622 499 739 226 515 411 298 911 1090 667 478 535 208 618 229 837 698 436 402 339 256 488 304 1056 822 205 1107 681 989 416
653 542 1224 506 388 1016 52 706 1122 659 892 495 192 167 622 579 992 516 537 1152 762 1034 597 600 770 890 512 1292 1350 238 938 1044 1379 887 639 639 1281 520 636 285 1106 746 1492 826 832 938 307 709 1284 425 241 737 702 1125 387 496 1090 667 1095 1331 877 0 751 1024 731 266 1245 798 269 651 635 910 1023 551 808 901 781 513 229 530 701 874 1031 559 617 650 1156 889 1010 1081 460 467 637 619 411 718 558 401 896 261 833 1028 763 766 1129 676 892 427 1174 976 215 810 344 1445 112 642
310 586 490 740 383 861 794 395 693 293 517 671 633 601 167 371 868 599 309 402 331 846 528 914 1112 876 240 567 897 975 672 294 628 921 930 303 1024 233 356 504 418 812 892 915 193 825 663 382 950 504 730 173 879 653 778 604 504 325 996 1023 651 751 0 307 392 933 836 890 779 385 320 509 927 493 390 315 161 372 726 291 430 129 349 1086 407 1004 466 1050 258 705 349 568 406 338 679 1079 270 411 486 576 433 287 1126 935 585 327 442 427 801 407 863 448 757 847 838 263
429 717 201 886 638 810 1072 456 528 414 454 819 928 863 402 517 831 739 507 248 362 782 637 1046 1224 888 519 466 684 1233 613 139 420 944 1052 435 895 529 472 801 434 874 607 963 400 803 872 443 792 811 1031 294 969 470 1085 753 277 429 946 869 622 1024 307 0 658 1169 655 944 997 484 448 431 891 627 377 211 247 678 1027 505 490 183 406 1265 522 1135 163 1103 147 571 576 730 509 633 986 1203 476 641 414 812 401 254 1245 1011 370 424 365 637 646 554 1102 434 1063 565 1121 411
642 843 793 956 524 1216 753 740 1083 629 895 895 548 647 469 663 1216 843 572 618 701 1207 815 1124 1329 1195 413 661 1289 967 1039 576 819 1229 1151 628 1404 357 677 449 457 1100 1264 1206 262 1168 803 729 1337 318 585 550 1137 1045 556 839 892 662 1344 1409 1007 731 392 658 0 981 1227 1178 884 710 643 890 1271 764 765 707 550 221 589 544 768 481 394 1220 715 1208 820 1328 543 1091 555 794 723 121 448 1286 542 587 867 690 808 485 1336 1202 976 668 827 629 1189 270 916 816 557 1221 773 591
753 539 1371 424 549 958 272 775 1148 765 934 451 458 344 780 666 926 509 661 1333 852 985 617 438 562 800 695 1495 1363 139 933 1215 1557 779 477 743 1228 720 721 532 1321 655 1554 708 1047 877 307 782 1259 687 499 875 576 1165 639 488 1175 761 1006 1293 870 266 933 1169 981 0 1250 685 183 725 734 957 942 591 882 1009 922 760 488 665 757 1044 1246 308 685 456 1279 732 1183 1092 595 482 704 865 675 509 693 530 948 359 896 1220 548 628 1194 769 959 532 1174 1213 69 865 598 1509 299 760
646 716 704 833 920 373 1297 560 144 650 366 799 1250 1086 789 688 413 746 765 882 550 331 649 908 995 550 900 1089 115 1368 317 793 962 607 888 663 271 946 639 1153 1090 648 407 671 1006 434 964 564 145 1249 1370 681 764 187 1478 767 378 626 454 220 380 1245 836 655 1227 1250 0 672 1071 614 657 358 448 693 485 523 677 1151 1361 788 554 774 1060 1180 639 969 559 776 802 164 836 785 621 1156 1407 1003 769 873 379 984 446 909 1024 760 287 616 408 832 78 1195 1202 455 1442 380 1357 685
580 337 1108 292 671 311 843 506 626 597 511 319 900 694 738 526 272 343 610 1184 594 348 367 261 325 129 765 1396 786 822 397 1057 1361 94 231 587 567 821 533 866 1295 78 1056 29 1079 239 497 521 629 1025 1007 731 111 673 1149 353 789 567 323 643 353 798 890 944 1178 685 672 0 544 505 569 539 267 414 567 733 768 999 995 637 470 928 1233 526 483 303 968 161 1041 552 623 399 484 1064 1123 330 645 604 548 587 544 1129 353 88 755 566 590 556 596 1293 662 510 1105 1019 899 627
575 357 1198 260 401 794 305 592 966 588 750 274 422 241 618 487 765 326 491 1174 671 818 433 332 505 648 549 1346 1184 297 754 1052 1394 636 370 566 1064 583 541 453 1182 502 1371 570 911 714 126 599 1087 622 504 704 442 982 651 305 993 582 855 1124 691 269 779 997 884 183 1071 544 0 543 556 773 787 407 699 830 752 664 491 498 574 883 1107 336 503 383 1100 622 1021 912 432 298 521 763 657 454 526 368 764 205 712 1067 501 503 1011 589 775 361 996 1093 131 681 607 1325 358 586
74 233 676 402 305 508 703 55 480 91 249 335 636 485 243 74 506 256 157 702 129 503 156 564 749 494 314 905 711 815 347 574 902 536 572 83 721 368 32 539 791 428 843 530 576 458 417 58 684 649 756 227 503 476 864 270 451 61 634 746 304 651 385 484 710 725 614 505 543 0 67 262 561 145 159 293 269 573 747 184 64 428 728 783 40 654 563 666 552 452 222 253 25 609 798 724 174 260 246 395 182 630 768 555 479 63 242 224 552 791 663 161 828 796 761 123
19 278 645 444 268 573 687 102 518 34 291 375 601 467 176 69 572 297 109 654 126 567 210 612 802 561 253 853 748 815 406 526 861 603 623 17 779 306 36 497 731 491 857 595 510 524 430 95 736 596 720 172 561 506 821 308 455 32 701 800 367 635 320 448 643 734 657 569 556 67 0 299 628 185 178 275 217 513 712 131 126 373 666 818 87 702 544 729 502 498 184 282 85 544 750 774 115 235 280 389 213 575 820 616 495 42 264 210 599 725 669 202 787 810 744 57
288 421 573 574 565 380 963 207 219 292 28 521 897 746 435 337 400 451 408 679 194 356 340 700 847 464 543 897 449 1060 183 562 833 523 694 305 515 590 284 796 839 479 597 553 695 372 654 208 449 891 1017 340 589 214 1121 471 252 268 517 519 194 910 509 431 890 957 358 539 773 262 299 0 460 368 129 230 348 797 1008 430 208 481 792 956 293 781 429 690 556 204 481 474 273 809 1049 837 411 523 23 651 87 658 872 617 242 258 70 486 304 900 900 100 1086 552 1022 327
631 497 1019 526 814 86 1071 535 449 645 439 528 1094 895 804 612 60 517 706 1140 597 125 480 529 565 142 869 1357 555 1076 277 1022 1284 179 499 643 299 925 594 1036 1294 286 853 254 1120 103 716 548 375 1178 1209 754 377 509 1343 534 673 612 75 379 279 1023 927 891 1271 942 448 267 787 561 628 460 0 537 545 689 778 1124 1198 735 504 928 1242 793 558 568 869 332 1015 375 746 573 549 1169 1301 583 732 749 479 784 508 1115 596 348 612 607 528 699 380 1334 912 484 1301 822 1129 682
202 94 821 259 277 503 604 187 573 218 347 191 575 394 331 122 490 112 196 839 274 511 56 427 620 438 351 1037 799 691 390 711 1044 466 439 200 750 407 156 502 910 336 965 442 674 437 285 196 738 641 694 357 387 581 818 125 586 199 612 790 332 551 493 627 764 591 693 414 407 145 185 368 537 0 293 438 402 594 684 223 166 557 842 638 106 517 708 568 687 529 214 110 120 652 768 590 233 212 358 290 305 758 636 447 603 203 367 163 623 885 532 274 778 919 664 236
164 367 552 533 447 474 860 107 344 166 130 472 780 641 306 228 485 394 287 618 65 457 282 681 850 518 414 832 572 974 281 492 797 572 683 181 638 461 172 674 750 496 684 586 581 447 575 100 578 763 899 218 593 328 998 412 293 146 610 647 266 808 390 377 765 882 485 567 699 159 178 129 545 293 0 167 234 668 891 307 128 383 697 920 197 768 424 726 479 333 363 403 178 681 923 832 286 411 107 554 43 574 872 633 321 136 85 380 433 792 821 61 964 637 918 199
256 521 387 690 517 610 951 255 381 245 249 625 840 733 310 343 628 546 363 456 163 586 438 844 1016 678 436 672 583 1089 412 334 630 733 847 267 729 467 289 720 609 662 611 751 484 597 704 243 644 775 953 184 760 338 1032 562 204 248 747 718 414 901 315 211 707 1009 523 733 830 293 275 230 689 438 167 0 162 658 946 372 286 257 564 1075 332 932 271 891 326 403 441 546 317 646 946 997 343 500 210 663 190 427 1038 800 275 240 160 483 493 681 945 222 1003 565 1006 258
200 495 448 661 393 708 829 262 533 183 358 592 698 617 163 283 718 514 261 437 181 691 424 829 1018 739 287 636 743 986 516 309 647 788 839 201 863 311 248 575 527 692 766 791 347 678 628 247 789 616 807 47 772 496 878 524 363 207 844 862 499 781 161 247 550 922 677 768 752 269 217 348 778 402 234 162 0 496 802 258 298 160 468 1031 301 919 376 929 285 544 329 497 293 484 788 991 229 394 325 565 275 361 1036 823 437 205 281 391 640 557 855 294 851 720 880 170
517 662 852 756 328 1078 540 615 1008 509 795 700 338 426 362 513 1073 657 419 718 602 1076 649 919 1122 1032 259 814 1229 751 919 640 938 1060 948 502 1293 207 542 229 615 923 1259 1028 355 1021 590 607 1244 138 399 477 946 981 414 649 860 539 1199 1311 878 513 372 678 221 760 1151 999 664 573 513 797 1124 594 668 658 496 0 399 391 637 496 542 1001 568 1000 838 1142 603 1001 380 603 580 106 310 1078 399 395 775 476 709 582 1128 1013 933 547 743 442 1102 465 695 708 400 1214 565 472
726 702 1217 705 444 1179 216 802 1228 727 996 679 111 303 640 672 1160 681 603 1107 834 1192 737 819 996 1074 514 1213 1458 419 1072 1016 1331 1079 857 710 1434 497 724 227 1015 935 1556 1024 753 1106 499 800 1420 272 12 766 907 1219 159 663 1148 745 1272 1475 1016 229 726 1027 589 488 1361 995 491 747 712 1008 1198 684 891 946 802 399 0 585 806 856 942 787 721 875 1175 1100 979 1198 527 625 740 498 190 944 610 488 991 414 924 974 990 974 1202 754 976 530 1296 855 443 908 115 1510 205 700
142 310 707 452 145 687 580 231 649 142 422 384 476 363 124 122 682 316 28 676 248 685 271 626 827 652 134 856 879 728 531 553 895 685 645 125 906 190 153 367 709 559 974 665 458 631 377 225 866 465 593 212 607 635 691 319 567 162 809 930 487 530 291 505 544 665 788 637 498 184 131 430 735 223 307 372 258 391 585 0 248 385 637 796 177 716 627 791 523 629 71 279 189 435 619 792 29 135 411 306 343 575 840 669 616 172 391 138 730 666 597 333 656 927 634 115
127 238 674 406 367 447 754 36 423 141 191 343 696 537 300 135 447 265 221 719 128 441 154 558 734 446 377 928 653 855 283 592 911 492 562 140 657 431 95 602 826 394 800 493 623 400 451 50 621 713 816 263 481 423 926 283 420 107 576 682 241 701 430 490 768 757 554 470 574 64 126 208 504 166 128 286 298 637 806 248 0 458 765 792 85 646 551 631 573 391 285 276 66 670 862 713 237 318 195 442 138 658 755 528 437 103 201 279 490 838 698 110 889 754 813 177
358 651 361 814 497 855 919 422 635 341 496 745 762 720 264 436 868 668 396 291 338 834 582 984 1176 897 362 479 822 1094 658 171 512 947 997 357 987 361 406 633 369 852 783 951 234 831 762 407 900 631 859 201 932 587 906 677 416 366 992 975 649 874 129 183 481 1044 774 928 883 428 373 481 928 557 383 257 160 496 856 385 458 0 313 1177 459 1075 345 1089 139 660 450 646 452 450 806 1148 358 515 459 685 420 201 1193 983 504 365 411 523 749 423 975 444 885 740 964 321
653 936 460 1089 706 1168 1065 729 928 636 808 1020 874 902 515 720 1182 948 657 251 650 1147 876 1263 1461 1208 558 272 1090 1266 972 274 427 1257 1279 649 1289 526 701 752 75 1155 981 1257 199 1144 998 715 1193 675 941 502 1227 873 939 953 683 666 1305 1270 963 1031 349 406 394 1246 1060 1233 1107 728 666 792 1242 842 697 564 468 542 942 637 765 313 0 1426 753 1353 541 1394 258 962 689 916 750 447 830 1428 618 746 771 901 734 154 1476 1282 776 667 722 769 1045 170 1176 758 933 944 1099 610
