0 1619 885 944 90 471 316 166 727 570 437 752 409 575 900 1192
1619 0 2353 1270 1694 1797 1662 1748 891 2155 1992 2340 2011 1888 770 2540
885 2353 0 1253 796 556 701 880 1501 827 898 335 534 1229 1730 348
944 1270 1253 0 954 760 733 1108 738 1470 1370 1378 1147 1499 988 1345
90 1694 796 954 0 407 272 168 802 527 416 665 323 605 985 1105
471 1797 556 760 407 0 175 565 954 791 748 618 420 1001 1195 785
316 1662 701 733 272 175 0 440 799 744 666 695 417 877 1031 955
166 1748 880 1108 168 565 440 0 862 414 272 687 355 438 1007 1210
727 891 1501 738 802 954 799 862 0 1275 1117 1454 1121 1073 266 1733
570 2155 827 1470 527 791 744 414 1275 0 170 516 381 463 1401 1175
437 1992 898 1370 416 748 666 272 1117 170 0 621 387 334 1234 1246
752 2340 335 1378 665 618 695 687 1454 516 621 0 343 955 1650 671
409 2011 534 1147 323 420 417 355 1121 381 387 343 0 703 1308 875
575 1888 1229 1499 605 1001 877 438 1073 463 334 955 703 0 1118 1575
900 770 1730 988 985 1195 1031 1007 266 1401 1234 1650 1308 1118 0 1980
1192 2540 348 1345 1105 785 955 1210 1733 1175 1246 671 875 1575 1980 0
