0 1408 25 386 86 206 803 337 1675 1281 1620 1030 1621 951 1356 1126
1408 0 1414 1586 1339 1596 1249 1703 2367 645 2999 1085 1162 1594 641 1354
25 1414 0 407 79 213 827 346 1698 1298 1621 1053 1643 976 1373 1107
386 1586 407 0 460 275 620 235 1297 1295 1423 906 1507 637 1370 1511
86 1339 79 460 0 291 819 423 1737 1244 1701 1028 1609 995 1319 1050
206 1596 213 275 291 0 836 134 1562 1414 1417 1098 1701 906 1490 1296
803 1249 827 620 819 836 0 848 1155 770 1953 295 888 347 838 1720
337 1703 346 235 423 134 848 0 1469 1482 1299 1127 1731 866 1558 1425
1675 2367 1698 1297 1737 1562 1155 1469 0 1781 1745 1283 1536 818 1825 2773
1281 645 1298 1295 1244 1414 770 1482 1781 0 2700 518 549 1077 76 1716
1620 2999 1621 1423 1701 1417 1953 1299 1745 2700 0 2246 2800 1751 2773 2522
1030 1085 1053 906 1028 1098 295 1127 1283 518 2246 0 603 560 577 1804
1621 1162 1643 1507 1609 1701 888 1731 1536 549 2800 603 0 1052 527 2241
951 1594 976 637 995 906 347 866 818 1077 1751 560 1052 0 1137 1987
1356 641 1373 1370 1319 1490 838 1558 1825 76 2773 577 527 1137 0 1767
1126 1354 1107 1511 1050 1296 1720 1425 2773 1716 2522 1804 2241 1987 1767 0
