0 414 224 1069 353 1708 1260 534 978 832 1337 766 328 566 385 709
414 0 201 1433 720 2082 1596 729 1357 1173 924 1062 531 791 743 619
224 201 0 1236 520 1925 1406 653 1195 1033 1115 945 358 703 589 677
1069 1433 1236 0 720 1528 246 1374 1052 1178 2279 1291 926 1348 1050 1732
353 720 520 720 0 1614 907 776 911 860 1607 870 283 780 493 1048
1708 2082 1925 1528 1614 0 1730 1441 730 921 2979 1074 1884 1369 1340 1865
1260 1596 1406 246 907 1730 0 1605 1294 1425 2398 1536 1071 1582 1281 1944
534 729 653 1374 776 1441 1605 0 773 528 1555 368 860 72 324 450
978 1357 1195 1052 911 730 1294 773 0 261 2266 445 1168 705 614 1222
832 1173 1033 1178 860 921 1425 528 261 0 2059 184 1078 457 447 971
1337 924 1115 2279 1607 2979 2398 1555 2266 2059 0 1920 1356 1626 1654 1215
766 1062 945 1291 870 1074 1536 368 445 184 1920 0 1050 296 395 797
328 531 358 926 283 1884 1071 860 1168 1078 1356 1050 0 886 654 1009
566 791 703 1348 780 1369 1582 72 705 457 1626 296 886 0 303 517
385 743 589 1050 493 1340 1281 324 614 447 1654 395 654 303 0 722
709 619 677 1732 1048 1865 1944 450 1222 971 1215 797 1009 517 722 0
