0 1309 281 886 249 684 1030 56 1165 1549 55 65 1172 1050 62 1224
1309 0 1504 1486 1250 1847 1610 1364 2473 2853 1363 1245 1502 1129 1298 1046
281 1504 0 1134 261 771 848 255 1026 1419 262 335 1434 1330 338 1212
886 1486 1134 0 1116 695 1907 888 1505 1783 881 865 323 477 823 1929
249 1250 261 1116 0 917 791 278 1282 1675 284 252 1385 1217 305 998
684 1847 771 695 917 0 1617 642 810 1108 637 718 1009 1122 649 1909
1030 1610 848 1907 791 1617 0 1041 1655 2020 1048 1043 2170 1967 1090 748
56 1364 255 888 278 642 1041 0 1109 1493 7 119 1182 1077 87 1267
1165 2473 1026 1505 1282 810 1655 1109 0 393 1110 1227 1815 1922 1175 2209
1549 2853 1419 1783 1675 1108 2020 1493 393 0 1494 1611 2075 2229 1555 2599
55 1363 262 881 284 637 1048 7 1110 1494 0 117 1175 1070 82 1271
65 1245 335 865 252 718 1043 119 1227 1611 117 0 1142 1003 69 1196
1172 1502 1434 323 1385 1009 2170 1182 1815 2075 1175 1142 0 374 1110 2106
1050 1129 1330 477 1217 1122 1967 1077 1922 2229 1070 1003 374 0 992 1803
62 1298 338 823 305 649 1090 87 1175 1555 82 69 1110 992 0 1264
1224 1046 1212 1929 998 1909 748 1267 2209 2599 1271 1196 2106 1803 1264 0
