0 1060 824 883 537 558 930 103 456 475 526 636 1480 559 644 342 1558
1060 0 1860 1101 956 537 1224 1110 861 806 639 836 562 1585 1544 1121 1187
824 1860 0 1547 1259 1381 1199 754 1229 1114 1250 1399 2204 275 857 980 2018
883 1101 1547 0 349 715 1724 986 462 1162 1071 325 1662 1345 789 583 2120
537 956 1259 349 0 461 1384 641 129 830 760 157 1495 1033 634 281 1840
558 537 1381 715 461 0 1084 630 344 524 386 393 1045 1113 1009 586 1405
930 1224 1199 1724 1384 1084 0 855 1263 568 701 1412 1271 995 1542 1266 830
103 1110 754 986 641 630 855 0 558 450 534 738 1500 483 695 436 1521
456 861 1229 462 129 344 1263 558 0 704 631 180 1388 986 692 287 1711
475 806 1114 1162 830 524 568 450 704 0 170 846 1089 844 1118 763 1084
526 639 1250 1071 760 386 701 534 631 170 0 747 967 975 1144 753 1090
636 836 1399 325 157 393 1412 738 180 846 747 0 1388 1162 789 430 1798
1480 562 2204 1662 1495 1045 1271 1500 1388 1089 967 1388 0 1933 2043 1622 851
559 1585 275 1345 1033 1113 995 483 986 844 975 1162 1933 0 749 763 1792
644 1544 857 789 634 1009 1542 695 692 1118 1144 789 2043 749 0 423 2202
342 1121 980 583 281 586 1266 436 287 763 753 430 1622 763 423 0 1837
1558 1187 2018 2120 1840 1405 830 1521 1711 1084 1090 1798 851 1792 2202 1837 0
