0 132 1591 1070 1021 575 1604 387 777 165 404 1380 1375 1266 1112 236
132 0 1461 1139 1032 655 1684 302 771 264 481 1310 1503 1168 980 175
1591 1461 0 2155 1721 1871 2672 1398 1526 1714 1748 1135 2965 1287 621 1405
1070 1139 2155 0 496 498 557 1441 629 1156 666 1294 1541 2296 1923 1018
1021 1032 1721 496 0 608 954 1316 275 1160 686 797 1905 2086 1589 866
575 655 1871 498 608 0 1030 953 494 659 174 1263 1327 1823 1532 562
1604 1684 2672 557 954 1030 0 1984 1157 1669 1204 1705 1720 2848 2476 1572
387 302 1398 1441 1316 953 1984 0 1048 399 780 1485 1616 879 835 451
777 771 1526 629 275 494 1157 1048 0 928 504 770 1820 1811 1335 600
165 264 1714 1156 1160 659 1669 399 928 0 503 1545 1253 1259 1201 400
404 481 1748 666 686 174 1204 780 504 503 0 1243 1344 1649 1376 395
1380 1310 1135 1294 797 1263 1705 1485 770 1545 1243 0 2583 1972 1290 1147
1375 1503 2965 1541 1905 1327 1720 1616 1820 1253 1344 2583 0 2337 2447 1580
1266 1168 1287 2296 2086 1823 2848 879 1811 1259 1649 1972 2337 0 730 1278
1112 980 621 1923 1589 1532 2476 835 1335 1201 1376 1290 2447 730 0 986
236 175 1405 1018 866 562 1572 451 600 400 395 1147 1580 1278 986 0
