0 164 240 880 384 258 1728 283 1224 220 1011 661 173 774 1279 56 118
164 0 178 1006 523 99 1629 201 1335 262 1167 615 160 869 1353 218 158
240 178 0 909 623 166 1487 378 1213 146 1230 440 330 1011 1200 292 133
880 1006 909 0 909 1059 1886 1163 369 766 1000 904 1049 1290 591 856 849
384 523 623 909 0 622 2106 505 1278 561 658 1017 406 435 1431 331 493
258 99 166 1059 622 0 1545 242 1373 294 1265 568 244 959 1367 314 217
1728 1629 1487 1886 2106 1545 0 1775 1911 1549 2650 1106 1788 2496 1606 1777 1614
283 201 378 1163 505 242 1775 0 1506 455 1162 807 120 760 1545 312 342
1224 1335 1213 369 1278 1373 1911 1506 0 1079 1308 1093 1396 1655 357 1206 1176
220 262 146 766 561 294 1549 455 1079 0 1126 456 372 978 1091 250 114
1011 1167 1230 1000 658 1265 2650 1162 1308 1126 0 1544 1064 635 1590 955 1098
661 615 440 904 1017 568 1106 807 1093 456 1544 0 771 1432 954 701 543
173 160 330 1049 406 244 1788 120 1396 372 1064 771 0 715 1450 194 257
774 869 1011 1290 435 959 2496 760 1655 978 635 1432 715 0 1844 731 891
1279 1353 1200 591 1431 1367 1606 1545 357 1091 1590 954 1450 1844 0 1277 1202
56 218 292 856 331 314 1777 312 1206 250 955 701 194 731 1277 0 163
118 158 133 849 493 217 1614 342 1176 114 1098 543 257 891 1202 163 0
