0 929 545 1284 519 1666 165 1719 511 119 658 966 8 980 1672 1554
929 0 1431 2000 939 1457 1095 1312 750 937 834 1873 923 1619 1123 903
545 1431 0 808 657 1757 401 2239 1031 498 1158 711 553 1145 2209 1884
1284 2000 808 0 1061 1677 1179 3003 1795 1192 1937 1303 1292 1922 2940 2133
519 939 657 1061 0 1170 575 2055 929 405 1091 1321 523 1493 1945 1229
1666 1457 1757 1677 1170 0 1744 2768 1935 1563 2085 2462 1668 2645 2561 818
165 1095 401 1179 575 1744 0 1839 630 197 761 813 172 930 1808 1692
1719 1312 2239 3003 2055 2768 1839 0 1210 1811 1082 2282 1711 1611 283 2119
511 750 1031 1795 929 1935 630 1210 0 612 162 1228 503 868 1182 1595
119 937 498 1192 405 1563 197 1811 612 0 765 1008 125 1089 1750 1495
658 834 1158 1937 1091 2085 761 1082 162 765 0 1275 650 813 1083 1709
966 1873 711 1303 1321 2462 813 2282 1228 1008 1275 0 970 766 2340 2502
8 923 553 1292 523 1668 172 1711 503 125 650 970 0 977 1663 1552
980 1619 1145 1922 1493 2645 930 1611 868 1089 813 766 977 0 1727 2438
1672 1123 2209 2940 1945 2561 1808 283 1182 1750 1083 2340 1663 1727 0 1876
1554 903 1884 2133 1229 818 1692 2119 1595 1495 1709 2502 1552 2438 1876 0
