0 1034 590 1345 1102 145 650 183 1668 676 1015 353 1571 1615 1418 1203
1034 0 1360 2201 2136 961 1309 1144 1624 1612 802 1381 940 703 2292 2174
590 1360 0 1676 1065 518 135 713 1285 330 931 639 2086 1749 932 859
1345 2201 1676 0 935 1488 1802 1166 2946 1452 2360 1067 2234 2876 1907 1509
1102 2136 1065 935 0 1192 1199 1010 2319 745 1960 758 2542 2692 982 582
145 961 518 1488 1192 0 552 329 1526 675 872 468 1582 1504 1404 1227
650 1309 135 1802 1199 552 0 795 1152 460 816 753 2081 1653 993 965
183 1144 713 1166 1010 329 795 0 1847 721 1196 258 1575 1760 1458 1199
1668 1624 1285 2946 2319 1526 1152 1847 0 1578 837 1881 2564 1434 1747 1938
676 1612 330 1452 745 675 460 721 1578 0 1258 536 2246 2058 743 562
1015 802 931 2360 1960 872 816 1196 837 1258 0 1322 1737 869 1769 1782
353 1381 639 1067 758 468 753 258 1881 536 1322 0 1830 1967 1245 956
1571 940 2086 2234 2542 1582 2081 1575 2564 2246 1737 1830 0 1418 2984 2768
1615 703 1749 2876 2692 1504 1653 1760 1434 2058 869 1967 1418 0 2631 2609
1418 2292 932 1907 982 1404 993 1458 1747 743 1769 1245 2984 2631 0 400
1203 2174 859 1509 582 1227 965 1199 1938 562 1782 956 2768 2609 400 0
