0 1661 37 1255 337 1285 427 1544 1156 278 988 171 50 1703 922 1168
1661 0 1664 2808 1542 2034 1434 3125 2746 1385 2168 1832 1653 2982 2377 2594
37 1664 0 1233 372 1323 400 1558 1171 278 1023 173 88 1671 949 1139
1255 2808 1233 0 1551 2256 1373 1364 1171 1480 1782 1113 1289 745 1421 352
337 1542 372 1551 0 982 648 1583 1203 364 777 439 289 2037 854 1496
1285 2034 1323 2256 982 0 1627 1597 1357 1335 502 1305 1234 2880 914 2317
427 1434 400 1373 648 1627 0 1938 1554 296 1395 551 462 1633 1349 1177
1544 3125 1558 1364 1583 1597 1938 0 388 1811 1136 1391 1531 2107 778 1650
1156 2746 1171 1171 1203 1357 1554 388 0 1423 862 1004 1143 1911 457 1402
278 1385 278 1480 364 1335 296 1811 1423 0 1134 448 281 1846 1149 1345
988 2168 1023 1782 777 502 1395 1136 862 1134 0 950 943 2440 413 1878
171 1832 173 1113 439 1305 551 1391 1004 448 950 0 186 1613 817 1063
50 1653 88 1289 289 1234 462 1531 1143 281 943 186 0 1749 891 1212
1703 2982 1671 745 2037 2880 1633 2107 1911 1846 2440 1613 1749 0 2117 563
922 2377 949 1421 854 914 1349 778 457 1149 413 817 891 2117 0 1564
1168 2594 1139 352 1496 2317 1177 1650 1402 1345 1878 1063 1212 563 1564 0
