0 803 1714 1544 1021 1128 1293 154 6 336 746 34 1107 1720 816 1146 1015
803 0 1463 837 1816 1636 546 665 809 722 1549 776 1543 2517 1233 1909 1534
1714 1463 0 2067 2517 1438 1800 1587 1716 1379 2187 1718 1279 3117 1218 2735 2724
1544 837 2067 0 2476 2474 298 1439 1550 1546 2263 1512 2379 3162 2071 2501 1913
1021 1816 2517 2476 0 1325 2263 1171 1014 1251 330 1043 1427 701 1325 273 934
1128 1636 1438 2474 1325 0 2181 1138 1124 952 1043 1158 160 1777 406 1593 1948
1293 546 1800 298 2263 2181 0 1176 1300 1264 2029 1262 2083 2958 1777 2313 1790
154 665 1587 1439 1171 1138 1176 0 160 237 887 142 1095 1870 788 1301 1137
6 809 1716 1550 1014 1124 1300 160 0 338 739 39 1104 1714 814 1141 1013
336 722 1379 1546 1251 952 1264 237 338 0 938 345 889 1932 575 1420 1351
746 1549 2187 2263 330 1043 2029 887 739 938 0 773 1128 994 1001 565 994
34 776 1718 1512 1043 1158 1262 142 39 345 773 0 1135 1744 842 1163 1007
1107 1543 1279 2379 1427 160 2083 1095 1104 889 1128 1135 0 1914 315 1688 1987
1720 2517 3117 3162 701 1777 2958 1870 1714 1932 994 1744 1914 0 1898 680 1439
816 1233 1218 2071 1325 406 1777 788 814 575 1001 842 315 1898 0 1565 1753
1146 1909 2735 2501 273 1593 2313 1301 1141 1420 565 1163 1688 680 1565 0 779
1015 1534 2724 1913 934 1948 1790 1137 1013 1351 994 1007 1987 1439 1753 779 0
