0 1665 362 260 386 1629 228 91 1042 1174 460 1367 805 1189 899 1367
1665 0 2026 1788 1493 2352 1827 1663 841 2839 1258 956 2352 2854 1602 993
362 2026 0 371 673 1627 244 369 1367 816 812 1692 599 832 1104 1688
260 1788 371 0 328 1868 407 347 1251 1085 531 1343 586 1098 735 1337
386 1493 673 328 0 1970 612 464 1061 1412 254 1020 859 1425 529 1015
1629 2352 1627 1868 1970 0 1467 1538 1541 2018 1871 2675 2210 2034 2498 2693
228 1827 244 407 612 1467 0 176 1133 1039 676 1591 819 1055 1113 1592
91 1663 369 347 464 1538 176 0 1003 1185 501 1418 868 1200 984 1420
1042 841 1367 1251 1061 1541 1133 1003 0 2172 815 1234 1835 2188 1435 1261
1174 2839 816 1085 1412 2018 1039 1185 2172 0 1602 2412 711 17 1686 2402
460 1258 812 531 254 1871 676 501 815 1602 0 919 1099 1616 669 923
1367 956 1692 1343 1020 2675 1591 1418 1234 2412 919 0 1776 2424 817 36
805 2352 599 586 859 2210 819 868 1835 711 1099 1776 0 716 1000 1760
1189 2854 832 1098 1425 2034 1055 1200 2188 17 1616 2424 716 0 1694 2413
899 1602 1104 735 529 2498 1113 984 1435 1686 669 817 1000 1694 0 794
1367 993 1688 1337 1015 2693 1592 1420 1261 2402 923 36 1760 2413 794 0
