0 378 860 0 1124 1094 1154 987 1096 1319 1129 687 1674 1664 475 698
378 0 1214 378 1056 1431 1235 700 1459 1479 1010 1057 2032 1869 852 489
860 1214 0 860 1833 258 1068 1842 748 974 1456 215 1228 1834 433 1540
0 378 860 0 1124 1094 1154 987 1096 1319 1129 687 1674 1664 476 698
1124 1056 1833 1124 0 2091 2255 684 1592 2443 2061 1618 2007 1225 1402 602
1094 1431 258 1094 2091 0 1048 2081 915 872 1524 474 1313 2048 690 1784
1154 1235 1068 1154 2255 1048 0 1912 1785 351 611 1142 2296 2720 1171 1724
987 700 1842 987 684 2081 1912 0 1879 2175 1566 1654 2397 1852 1429 319
1096 1459 748 1096 1592 915 1785 1879 0 1722 2063 643 580 1164 693 1562
1319 1479 974 1319 2443 872 351 2175 1722 0 963 1109 2179 2756 1204 1955
1129 1010 1456 1129 2061 1524 611 1566 2063 963 0 1445 2626 2793 1374 1469
687 1057 215 687 1618 474 1142 1654 643 1109 1445 0 1183 1657 227 1346
1674 2032 1228 1674 2007 1313 2296 2397 580 2179 2626 1183 0 1196 1268 2087
1664 1869 1834 1664 1225 2048 2720 1852 1164 2756 2793 1657 1196 0 1558 1632
475 852 433 476 1402 690 1171 1429 693 1204 1374 227 1268 1558 0 1119
698 489 1540 698 602 1784 1724 319 1562 1955 1469 1346 2087 1632 1119 0
