0 115 807 479 489 77 424 444 549 197 248 97 502 592 369 724 409 598 231 8 694 152 30 740 304 469 454 53 85 399 40 751 100 538 340 555 19 731 723 639 215 223 378 760 719 115 416 23 302 730 103 567 48 395 55 773 192 733 751 642 449 328 31 763 690 682 373 433 410 34 379 652 551 602 148 148 806 31
115 0 728 595 384 162 534 342 662 271 213 88 525 542 485 670 494 493 346 122 796 41 103 661 189 512 339 159 106 508 150 801 130 598 226 670 96 843 694 690 151 282 402 851 827 36 340 114 356 754 13 474 161 484 163 767 307 815 679 632 348 412 91 840 780 566 485 502 523 86 442 747 508 495 206 125 903 138
807 728 0 1209 397 879 1056 769 1312 774 571 817 1231 281 1109 1194 891 791 1001 808 1191 689 778 67 602 709 589 813 835 1035 814 862 859 1326 659 1300 793 1331 1291 1415 824 739 632 1161 1499 705 886 821 730 694 733 274 829 908 863 519 965 1540 78 1282 410 852 801 1567 1097 567 1152 826 1078 774 777 1457 1101 766 934 662 1248 806
479 595 1209 0 954 451 198 896 122 436 650 545 646 946 109 1044 387 1052 249 473 400 631 496 1147 783 596 933 443 521 205 448 753 512 522 816 92 499 319 974 617 648 471 605 525 312 591 826 482 492 841 582 1010 435 358 434 981 287 523 1140 849 912 380 504 571 486 1161 149 469 152 511 481 377 867 1061 463 582 514 460
489 384 397 954 0 546 848 375 1035 543 326 465 846 356 845 804 736 426 714 493 1061 343 465 334 218 633 199 514 488 823 511 888 509 959 263 1037 470 1155 895 1041 443 523 514 1076 1208 373 489 495 558 768 393 124 525 740 543 678 675 1192 376 885 44 668 472 1214 1004 293 861 701 853 454 637 1131 704 406 586 373 1149 500
77 162 879 451 546 0 429 448 506 253 325 95 430 669 344 682 448 604 203 79 710 203 107 811 347 532 488 107 70 405 95 808 63 461 367 518 86 726 668 561 202 285 448 786 666 176 397 58 363 798 153 632 89 429 39 848 169 660 824 579 509 369 77 689 719 716 328 482 406 106 434 586 505 612 73 224 824 95
424 534 1056 198 848 429 0 868 321 305 525 513 745 782 169 1094 192 1023 247 417 285 562 430 997 710 404 866 375 493 26 385 558 493 661 760 284 443 311 1051 765 630 329 431 383 508 519 827 436 326 643 520 884 376 165 399 787 268 708 983 938 804 204 455 756 327 1088 268 274 51 448 295 568 915 1027 472 481 403 396
444 342 769 896 375 448 868 0 937 612 486 356 545 702 792 429 836 156 652 452 1137 327 442 708 235 827 180 495 379 842 484 1114 385 703 150 957 426 1172 524 759 248 618 707 1194 1071 368 135 431 687 1038 355 500 492 827 472 999 617 962 751 531 375 754 413 970 1122 337 763 838 851 423 776 943 338 165 436 442 1246 473
549 662 1312 122 1035 506 321 937 0 539 745 600 612 1054 204 1033 509 1090 321 544 497 701 571 1248 851 717 994 521 576 327 524 874 562 461 873 53 568 378 946 545 691 577 720 627 193 665 852 547 606 963 650 1101 510 480 498 1102 360 415 1245 816 995 499 570 464 596 1222 177 591 274 583 601 266 862 1102 501 668 605 535
197 271 774 436 543 253 305 612 539 0 221 293 678 516 335 921 224 760 246 190 536 286 183 711 421 280 577 148 283 280 161 555 297 676 483 526 207 612 919 782 406 41 212 582 729 244 605 219 111 549 258 582 164 216 214 622 218 824 705 833 499 143 225 862 510 792 390 236 314 200 182 714 748 759 325 183 638 166
248 213 571 650 326 325 525 486 745 221 0 293 734 344 545 867 411 614 430 247 736 192 218 505 256 345 398 243 301 500 247 629 325 786 337 738 238 829 904 885 360 197 223 759 930 178 526 267 234 557 210 361 261 414 301 553 394 978 509 846 282 342 252 1010 686 593 582 384 535 219 319 888 714 606 391 101 827 240
97 88 817 545 465 95 513 356 600 293 293 0 441 629 438 628 507 512 297 105 788 128 110 749 258 558 394 150 24 488 137 843 43 509 272 614 85 816 634 602 118 315 459 856 756 118 319 79 393 813 86 560 142 492 115 840 262 728 768 561 432 425 67 753 787 622 423 529 494 95 474 666 457 519 120 195 901 129
502 525 1231 646 846 430 745 545 612 678 734 441 0 1067 589 438 838 655 508 507 1022 557 530 1164 630 958 696 536 433 728 525 1223 410 191 588 656 505 966 334 216 407 713 878 1128 661 558 412 480 789 1226 526 961 518 813 467 1276 504 448 1191 204 824 769 488 445 1071 883 501 890 701 522 851 483 295 678 356 635 1141 525
592 542 281 946 356 669 782 702 1054 516 344 629 1067 0 850 1127 612 779 756 591 909 510 562 234 482 427 544 584 641 762 589 606 665 1130 561 1038 582 1051 1194 1228 671 477 353 883 1245 510 790 611 457 452 543 265 602 630 644 326 723 1320 204 1157 336 578 595 1352 817 632 905 544 808 563 497 1223 1000 760 734 444 968 583
369 485 1109 109 845 344 169 792 204 335 545 438 589 850 0 963 330 948 141 363 434 521 387 1045 673 527 824 333 414 161 338 718 406 493 707 193 389 396 906 596 544 372 519 545 395 482 728 373 404 785 472 904 325 300 326 910 178 548 1041 787 803 304 395 594 494 1052 99 409 118 401 407 414 785 956 363 473 552 350
724 670 1194 1044 804 682 1094 429 1033 921 867 628 438 1127 963 0 1130 423 847 731 1379 678 738 1135 646 1181 606 775 638 1072 762 1469 627 628 566 1071 714 1359 158 620 520 942 1072 1466 1099 706 342 702 1020 1422 679 928 763 1111 720 1410 827 872 1180 267 805 1049 695 858 1400 688 894 1157 1060 722 1102 922 179 451 626 794 1497 755
409 494 891 387 736 448 192 836 509 224 411 507 838 612 330 1130 0 984 336 402 325 510 401 836 640 213 795 357 493 182 370 396 502 791 707 475 423 440 1113 898 624 223 259 358 699 468 825 429 178 456 482 750 367 29 409 595 333 878 816 1014 691 82 440 923 286 1002 423 82 235 420 114 744 953 983 511 402 418 378
598 493 791 1052 426 604 1023 156 1090 760 614 512 655 779 948 423 984 0 808 606 1290 474 595 738 357 959 236 649 535 997 638 1243 541 827 280 1112 580 1328 553 871 403 764 837 1343 1218 516 252 587 829 1153 507 542 647 976 628 1093 774 1089 789 596 442 903 568 1094 1270 265 917 981 1007 577 918 1082 397 28 590 585 1397 627
231 346 1001 249 714 203 247 652 321 246 430 297 508 756 141 847 336 808 0 225 532 383 251 936 535 494 684 200 273 226 203 730 266 457 566 324 250 527 804 564 405 287 454 626 500 345 593 233 341 764 334 781 190 309 185 861 39 579 937 695 673 278 255 619 566 912 151 399 213 264 375 468 667 816 229 348 651 215
8 122 808 473 493 79 417 452 544 190 247 105 507 591 363 731 402 606 225 0 687 158 30 741 310 463 461 45 92 391 32 744 107 540 347 549 26 724 730 641 223 216 372 752 715 120 424 29 295 725 109 569 40 387 54 769 186 732 751 648 453 320 39 763 682 688 368 425 402 39 372 650 558 610 151 148 798 23
694 796 1191 400 1061 710 285 1137 497 536 736 788 1022 909 434 1379 325 1290 532 687 0 818 695 1141 957 482 1113 642 769 307 654 469 772 919 1018 445 711 189 1334 1017 906 544 569 132 639 775 1106 710 503 618 782 1071 647 323 676 806 553 912 1113 1219 1017 396 726 962 130 1325 526 370 323 713 429 763 1200 1291 756 719 119 664
152 41 689 631 343 203 562 327 701 286 192 128 557 510 521 678 510 474 383 158 818 0 135 622 152 510 305 190 147 535 183 799 170 636 199 707 132 872 711 727 168 291 396 868 867 43 341 154 361 744 50 433 195 502 202 746 344 855 641 655 307 429 131 880 796 531 524 511 553 119 449 788 521 474 247 119 923 171
30 103 778 496 465 107 430 442 571 183 218 110 530 562 387 738 401 595 251 30 695 135 0 711 287 449 440 55 104 404 48 733 123 569 330 575 26 739 743 669 223 204 353 755 743 95 423 50 283 707 90 540 61 389 84 745 211 763 721 665 425 319 44 793 685 667 396 419 419 18 364 680 568 597 177 118 804 36
740 661 67 1147 334 811 997 708 1248 711 505 749 1164 234 1045 1135 836 738 936 741 1141 622 711 0 536 660 529 746 767 975 748 831 791 1258 595 1237 726 1277 1230 1348 756 677 577 1117 1435 637 823 754 671 667 665 210 762 852 795 505 900 1472 61 1217 344 794 734 1500 1051 525 1087 773 1018 706 722 1391 1038 714 866 595 1202 739
304 189 602 783 218 347 710 235 851 421 256 258 630 482 673 646 640 357 535 310 957 152 287 536 0 602 156 343 282 684 335 886 301 741 84 859 284 1021 713 823 225 417 480 998 1013 193 308 304 476 803 201 330 348 636 352 767 496 977 568 685 193 562 280 998 925 379 674 629 704 272 565 923 518 350 376 238 1058 324
469 512 709 596 633 532 404 827 717 280 345 558 958 427 527 1181 213 959 494 463 482 510 449 660 602 0 741 426 553 392 438 289 570 946 681 686 475 632 1192 1053 661 247 122 460 909 477 850 493 169 271 502 614 443 239 494 384 477 1066 631 1111 591 224 493 1108 392 921 611 132 445 463 120 940 1015 952 605 391 543 441
454 339 589 933 199 488 866 180 994 577 398 394 696 544 824 606 795 236 684 461 1113 305 440 529 156 741 0 496 419 840 488 1018 434 834 123 1006 435 1177 704 903 324 571 618 1151 1149 348 306 451 627 920 352 322 500 791 499 856 646 1083 574 706 208 717 428 1098 1078 228 817 779 859 424 714 1044 517 221 503 393 1213 477
53 159 813 443 514 107 375 495 521 148 243 150 536 584 333 775 357 649 200 45 642 190 55 746 343 426 496 0 136 349 13 704 148 555 386 523 69 684 770 659 268 178 342 707 697 149 469 72 257 691 146 583 19 342 69 744 161 735 752 685 473 275 84 768 637 722 349 382 363 73 331 644 601 652 180 151 753 22
85 106 835 521 488 70 493 379 576 283 301 24 433 641 414 638 493 535 273 92 769 147 104 767 282 553 419 136 0 467 123 836 24 493 297 589 78 793 639 587 137 307 457 840 732 131 336 63 386 811 101 580 125 477 94 844 238 708 784 561 453 412 59 733 771 647 398 518 472 92 465 643 465 542 99 202 882 116
399 508 1035 205 823 405 26 842 327 280 500 488 728 762 161 1072 182 997 226 391 307 535 404 975 684 392 840 349 467 0 359 559 468 649 734 294 417 337 1031 754 605 305 412 401 517 493 802 411 305 636 494 860 350 153 374 776 245 706 962 919 778 185 429 753 343 1062 260 264 53 422 280 568 893 1001 448 455 425 370
40 150 814 448 511 95 385 484 524 161 247 137 525 589 338 762 370 638 203 32 654 183 48 748 335 438 488 13 123 359 0 717 135 548 377 527 57 693 757 650 255 191 352 719 699 143 456 59 269 702 137 582 14 354 59 754 164 731 755 673 470 288 71 763 649 715 351 395 372 64 344 642 588 641 169 152 765 11
751 801 862 753 888 808 558 1114 874 555 629 843 1223 606 718 1469 396 1243 730 744 469 799 733 831 886 289 1018 704 836 559 717 0 852 1187 967 831 759 657 1475 1294 949 529 406 372 1052 766 1140 774 450 178 790 844 720 424 769 379 724 1266 786 1388 850 455 777 1312 340 1181 815 333 609 748 374 1127 1301 1234 879 680 462 722
100 130 859 512 509 63 493 385 562 297 325 43 410 665 406 627 502 541 266 107 772 170 123 791 301 570 434 148 24 468 135 852 0 468 312 577 97 790 623 563 139 323 477 846 715 156 334 77 403 830 126 604 135 485 95 866 233 685 808 542 475 422 79 710 778 661 385 531 470 113 479 622 452 549 76 225 886 130
538 598 1326 522 959 461 661 703 461 676 786 509 191 1130 493 628 791 827 457 540 919 636 569 1258 741 946 834 555 493 649 548 1187 468 0 717 511 547 834 511 107 518 715 887 1036 479 624 577 519 784 1218 594 1064 536 763 489 1296 468 262 1277 377 931 735 534 267 987 1038 395 856 612 567 830 294 486 848 396 685 1035 551
340 226 659 816 263 367 760 150 873 483 337 272 588 561 707 566 707 280 566 347 1018 199 330 595 84 681 123 386 297 734 377 967 312 717 0 886 321 1070 640 790 202 484 560 1065 1026 243 232 334 549 887 240 385 387 700 381 850 529 963 631 622 250 626 312 979 992 349 696 701 750 313 637 921 446 276 380 305 1122 365
555 670 1300 92 1037 518 284 957 53 526 738 614 656 1038 193 1071 475 1112 324 549 445 707 575 1237 859 686 1006 523 589 294 527 831 577 511 886 0 574 326 989 596 710 561 697 575 223 669 878 555 584 926 658 1097 514 448 507 1071 363 467 1231 860 995 472 578 517 546 1234 194 558 241 588 572 318 899 1122 521 666 552 538
19 96 793 499 470 86 443 426 568 207 238 85 505 582 389 714 423 580 250 26 711 132 26 726 284 475 435 69 78 417 57 759 97 547 321 574 0 750 717 646 201 230 379 775 737 97 402 28 309 733 83 550 66 409 72 771 212 746 737 639 432 341 18 775 705 662 392 443 429 19 388 668 542 584 153 137 822 47
731 843 1331 319 1155 726 311 1172 378 612 829 816 966 1051 396 1359 440 1328 527 724 189 872 739 1277 1021 632 1177 684 793 337 693 657 790 834 1070 326 750 0 1293 922 929 631 699 312 480 829 1120 741 611 800 830 1183 683 426 700 981 557 780 1255 1169 1110 491 761 831 319 1399 467 507 321 757 554 632 1181 1334 756 791 255 705
723 694 1291 974 895 668 1051 524 946 919 904 634 334 1194 906 158 1113 553 804 730 1334 711 743 1230 713 1192 704 770 639 1031 757 1475 623 511 640 989 717 1293 0 484 543 946 1093 1431 990 731 407 700 1026 1447 701 1020 755 1092 708 1456 791 739 1270 133 889 1036 698 720 1369 818 825 1151 1011 729 1102 805 194 581 602 819 1453 753
639 690 1415 617 1041 561 765 759 545 782 885 602 216 1228 596 620 898 871 564 641 1017 727 669 1348 823 1053 903 659 587 754 650 1294 563 107 790 596 646 922 484 0 597 821 993 1136 531 719 627 618 890 1325 688 1150 640 870 591 1401 576 254 1369 354 1015 842 633 238 1089 1097 497 963 715 666 937 337 502 894 493 784 1132 654
215 151 824 648 443 202 630 248 691 406 360 118 407 671 544 520 624 403 405 223 906 168 223 756 225 661 324 268 137 605 255 949 139 518 202 710 201 929 543 597 0 424 554 975 832 188 201 197 501 906 160 554 260 610 231 914 372 761 784 488 418 542 184 778 905 545 516 642 608 206 585 720 356 413 189 277 1019 246
223 282 739 471 523 285 329 618 577 41 197 315 713 477 372 942 223 764 287 216 544 291 204 677 417 247 571 178 307 305 191 529 323 715 484 561 230 631 946 821 424 0 171 581 767 251 621 246 79 513 270 555 196 221 247 581 260 865 669 864 479 147 248 903 508 781 430 220 343 220 161 755 772 761 358 179 642 194
378 402 632 605 514 448 431 707 720 212 223 459 878 353 519 1072 259 837 454 372 569 396 353 577 480 122 618 342 457 412 352 406 477 887 560 697 379 699 1093 993 554 171 0 566 913 366 737 401 115 354 394 505 360 276 411 409 429 1033 557 1019 472 227 398 1072 495 800 589 198 461 365 145 918 910 830 522 278 644 353
760 851 1161 525 1076 786 383 1194 627 582 759 856 1128 883 545 1466 358 1343 626 752 132 868 755 1117 998 460 1151 707 840 401 719 372 846 1036 1065 575 775 312 1431 1136 975 581 566 0 771 826 1176 777 525 538 838 1071 715 367 750 735 641 1042 1083 1320 1033 439 791 1091 72 1353 641 376 428 774 440 893 1287 1341 840 760 91 728
719 827 1499 312 1208 666 508 1071 193 729 930 756 661 1245 395 1099 699 1218 500 715 639 867 743 1435 1013 909 1149 697 732 517 699 1052 715 479 1026 223 737 480 990 531 832 767 913 771 0 834 971 713 798 1150 816 1281 685 671 665 1293 538 323 1433 856 1168 691 736 371 752 1375 349 782 464 754 793 194 942 1233 646 847 731 709
115 36 705 591 373 176 519 368 665 244 178 118 558 510 482 706 468 516 345 120 775 43 95 637 193 477 348 149 131 493 143 766 156 624 243 669 97 829 731 719 188 251 366 826 834 0 373 122 324 718 32 456 156 460 169 730 306 835 652 668 335 387 100 862 754 573 489 472 511 81 411 762 545 516 229 88 880 131
416 340 886 826 489 397 827 135 852 605 526 319 412 790 728 342 825 252 593 424 1106 341 423 823 308 850 306 469 336 802 456 1140 334 577 232 878 402 1120 407 627 201 621 737 1176 971 373 0 398 696 1083 351 613 461 811 429 1068 563 838 862 400 481 743 385 844 1106 471 685 840 802 405 782 830 214 271 364 460 1219 447
23 114 821 482 495 58 436 431 547 219 267 79 480 611 373 702 429 587 233 29 710 154 50 754 304 493 451 72 63 411 59 774 77 519 334 555 28 741 700 618 197 246 401 777 713 122 398 0 325 754 103 577 62 414 48 796 194 718 766 619 457 348 23 747 708 679 370 454 420 48 402 641 529 592 126 166 822 52
302 356 730 492 558 363 326 687 606 111 234 393 789 457 404 1020 178 829 341 295 503 361 283 671 476 169 627 257 386 305 269 450 403 784 549 584 309 611 1026 890 501 79 115 525 798 324 696 325 0 438 345 572 274 186 324 519 319 921 657 942 513 122 327 960 452 828 474 152 351 298 88 804 851 825 436 244 592 273
730 754 694 841 768 798 643 1038 963 549 557 813 1226 452 785 1422 456 1153 764 725 618 744 707 667 803 271 920 691 811 636 702 178 830 1218 887 926 733 800 1447 1325 906 513 354 538 1150 718 1083 754 438 0 746 706 709 485 760 201 749 1331 618 1373 734 489 751 1374 494 1060 874 376 689 719 389 1200 1263 1140 871 629 629 704
103 13 733 582 393 153 520 355 650 258 210 86 526 543 472 679 482 507 334 109 782 50 90 665 201 502 352 146 101 494 137 790 126 594 240 658 83 830 701 688 160 270 394 838 816 32 351 103 345 746 0 481 148 471 152 762 295 808 682 636 356 400 80 834 767 579 473 490 509 72 431 738 516 508 200 118 890 125
567 474 274 1010 124 632 884 500 1101 582 361 560 961 265 904 928 750 542 781 569 1071 433 540 210 330 614 322 583 580 860 582 844 604 1064 385 1097 550 1183 1020 1150 554 555 505 1071 1281 456 613 577 572 706 481 0 596 759 622 591 743 1289 251 1008 137 691 555 1313 1001 367 932 702 896 532 642 1218 828 520 680 433 1149 572
48 161 829 435 525 89 376 492 510 164 261 142 518 602 325 763 367 647 190 40 647 195 61 762 348 443 500 19 125 350 14 720 135 536 387 514 66 683 755 640 260 196 360 715 685 156 461 62 274 709 148 596 0 351 51 763 150 717 769 668 484 286 78 750 645 727 336 396 362 75 346 628 588 651 162 166 759 24
395 484 908 358 740 429 165 827 480 216 414 492 813 630 300 1111 29 976 309 387 323 502 389 852 636 239 791 342 477 153 354 424 485 763 700 448 409 426 1092 870 610 221 276 367 671 460 811 414 186 485 471 759 351 0 391 623 308 848 833 991 695 74 425 893 296 1002 393 110 206 407 133 715 934 976 490 398 422 363
55 163 863 434 543 39 399 472 498 214 301 115 467 644 326 720 409 628 185 54 676 202 84 795 352 494 499 69 94 374 59 769 95 489 381 507 72 700 708 591 231 247 411 750 665 169 429 48 324 760 152 622 51 391 0 814 148 678 806 618 504 330 71 709 682 727 321 442 378 90 395 596 544 634 111 202 790 62
773 767 519 981 678 848 787 999 1102 622 553 840 1276 326 910 1410 595 1093 861 769 806 746 745 505 767 384 856 744 844 776 754 379 866 1296 850 1071 771 981 1456 1401 914 581 409 735 1293 730 1068 796 519 201 762 591 763 623 814 0 838 1440 450 1399 653 606 788 1480 687 958 989 512 829 754 502 1320 1265 1076 921 645 826 753
192 307 965 287 675 169 268 617 360 218 394 262 504 723 178 827 333 774 39 186 553 344 211 900 496 477 646 161 238 245 164 724 233 468 529 363 212 557 791 576 372 260 429 641 538 306 563 194 319 749 295 743 150 308 148 838 0 606 902 685 634 268 217 643 578 874 188 390 239 225 361 500 647 781 203 309 670 175
733 815 1540 523 1192 660 708 962 415 824 978 728 448 1320 548 872 878 1089 579 732 912 855 763 1472 977 1066 1083 735 708 706 731 1266 685 262 963 467 746 780 739 254 761 865 1033 1042 323 835 838 718 921 1331 808 1289 717 848 678 1440 606 0 1484 608 1160 842 738 50 1008 1294 456 955 657 766 945 149 744 1110 608 880 1018 737
751 679 78 1140 376 824 983 751 1245 705 509 768 1191 204 1041 1180 816 789 937 751 1113 641 721 61 568 631 574 752 784 962 755 786 808 1277 631 1231 737 1255 1270 1369 784 669 557 1083 1433 652 862 766 657 618 682 251 769 833 806 450 902 1484 0 1252 381 778 747 1513 1019 584 1088 749 1006 718 701 1397 1077 766 882 604 1170 747
642 632 1282 849 885 579 938 531 816 833 846 561 204 1157 787 267 1014 596 695 648 1219 655 665 1217 685 1111 706 685 561 919 673 1388 542 377 622 860 639 1169 133 354 488 864 1019 1320 856 668 400 619 942 1373 636 1008 668 991 618 1399 685 608 1252 0 872 940 621 592 1261 852 703 1058 896 653 1013 671 199 623 508 754 1338 669
449 348 410 912 44 509 804 375 995 499 282 432 824 336 803 805 691 442 673 453 1017 307 425 344 193 591 208 473 453 778 470 850 475 931 250 995 432 1110 889 1015 418 479 472 1033 1168 335 481 457 513 734 356 137 484 695 504 653 634 1160 381 872 0 624 434 1183 961 331 821 657 809 415 593 1095 696 424 552 330 1105 459
328 412 852 380 668 369 204 754 499 143 342 425 769 578 304 1049 82 903 278 320 396 429 319 794 562 224 717 275 412 185 288 455 422 735 626 472 341 491 1036 842 542 147 227 439 691 387 743 348 122 489 400 691 286 74 330 606 268 842 778 940 624 0 358 885 367 928 387 121 233 337 103 716 874 902 434 324 496 296
31 91 801 504 472 77 455 413 570 225 252 67 488 595 395 695 440 568 255 39 726 131 44 734 280 493 428 84 59 429 71 777 79 534 312 578 18 761 698 633 184 248 398 791 736 100 385 23 327 751 80 555 78 425 71 788 217 738 747 621 434 358 0 766 721 656 393 461 439 34 407 662 524 572 139 151 837 62
763 840 1567 571 1214 689 756 970 464 862 1010 753 445 1352 594 858 923 1094 619 763 962 880 793 1500 998 1108 1098 768 733 753 763 1312 710 267 979 517 775 831 720 238 778 903 1072 1091 371 862 844 747 960 1374 834 1313 750 893 709 1480 643 50 1513 592 1183 885 766 0 1057 1305 500 999 704 795 987 199 738 1115 634 911 1068 769
690 780 1097 486 1004 719 327 1122 596 510 686 787 1071 817 494 1400 286 1270 566 682 130 796 685 1051 925 392 1078 637 771 343 649 340 778 987 992 546 705 319 1369 1089 905 508 495 72 752 754 1106 708 452 494 767 1001 645 296 682 687 578 1008 1019 1261 961 367 721 1057 0 1280 593 303 375 703 367 861 1221 1269 774 688 150 659
682 566 567 1161 293 716 1088 337 1222 792 593 622 883 632 1052 688 1002 265 912 688 1325 531 667 525 379 921 228 722 647 1062 715 1181 661 1038 349 1234 662 1399 818 1097 545 781 800 1353 1375 573 471 679 828 1060 579 367 727 1002 727 958 874 1294 584 852 331 928 656 1305 1280 0 1045 977 1083 651 913 1264 653 237 729 609 1420 703
373 485 1152 149 861 328 268 763 177 390 582 423 501 905 99 894 423 917 151 368 526 524 396 1087 674 611 817 349 398 260 351 815 385 395 696 194 392 467 825 497 516 430 589 641 349 489 685 370 474 874 473 932 336 393 321 989 188 456 1088 703 821 387 393 500 593 1045 0 499 218 407 490 330 718 928 327 498 644 361
433 502 826 469 701 482 274 838 591 236 384 529 890 544 409 1157 82 981 399 425 370 511 419 773 629 132 779 382 518 264 395 333 531 856 701 558 443 507 1151 963 642 220 198 376 782 472 840 454 152 376 490 702 396 110 442 512 390 955 749 1058 657 121 461 999 303 977 499 0 317 436 64 823 983 977 550 396 448 401
410 523 1078 152 853 406 51 851 274 314 535 494 701 808 118 1060 235 1007 213 402 323 553 419 1018 704 445 859 363 472 53 372 609 470 612 750 241 429 321 1011 715 608 343 461 428 464 511 802 420 351 689 509 896 362 206 378 829 239 657 1006 896 809 233 439 704 375 1083 218 317 0 436 331 517 880 1012 442 482 442 384
34 86 774 511 454 106 448 423 583 200 219 95 522 563 401 722 420 577 264 39 713 119 18 706 272 463 424 73 92 422 64 748 113 567 313 588 19 757 729 666 206 220 365 774 754 81 405 48 298 719 72 532 75 407 90 754 225 766 718 653 415 337 34 795 703 651 407 436 436 0 380 686 552 579 172 118 823 52
379 442 777 481 637 434 295 776 601 182 319 474 851 497 407 1102 114 918 375 372 429 449 364 722 565 120 714 331 465 280 344 374 479 830 637 572 388 554 1102 937 585 161 145 440 793 411 782 402 88 389 431 642 346 133 395 502 361 945 701 1013 593 103 407 987 367 913 490 64 331 380 0 819 931 914 504 333 511 349
652 747 1457 377 1131 586 568 943 266 714 888 666 483 1223 414 922 744 1082 468 650 763 788 680 1391 923 940 1044 644 643 568 642 1127 622 294 921 318 668 632 805 337 720 755 918 893 194 762 830 641 804 1200 738 1218 628 715 596 1320 500 149 1397 671 1095 716 662 199 861 1264 330 823 517 686 819 0 774 1100 547 795 869 651
551 508 1101 867 704 505 915 338 862 748 714 457 295 1000 785 179 953 397 667 558 1200 521 568 1038 518 1015 517 601 465 893 588 1301 452 486 446 899 542 1181 194 502 356 772 910 1287 942 545 214 529 851 1263 516 828 588 934 544 1265 647 744 1077 199 696 874 524 738 1221 653 718 983 880 552 931 774 0 424 447 634 1318 582
602 495 766 1061 406 612 1027 165 1102 759 606 519 678 760 956 451 983 28 816 610 1291 474 597 714 350 952 221 652 542 1001 641 1234 549 848 276 1122 584 1334 581 894 413 761 830 1341 1233 516 271 592 825 1140 508 520 651 976 634 1076 781 1110 766 623 424 902 572 1115 1269 237 928 977 1012 579 914 1100 424 0 601 582 1397 630
148 206 934 463 586 73 472 436 501 325 391 120 356 734 363 626 511 590 229 151 756 247 177 866 376 605 503 180 99 448 169 879 76 396 380 521 153 756 602 493 189 358 522 840 646 229 364 126 436 871 200 680 162 490 111 921 203 608 882 508 552 434 139 634 774 729 327 550 442 172 504 547 447 601 0 290 873 169
148 125 662 582 373 224 481 442 668 183 101 195 635 444 473 794 402 585 348 148 719 119 118 595 238 391 393 151 202 455 152 680 225 685 305 666 137 791 819 784 277 179 278 760 847 88 460 166 244 629 118 433 166 398 202 645 309 880 604 754 330 324 151 911 688 609 498 396 482 118 333 795 634 582 290 0 820 144
806 903 1248 514 1149 824 403 1246 605 638 827 901 1141 968 552 1497 418 1397 651 798 119 923 804 1202 1058 543 1213 753 882 425 765 462 886 1035 1122 552 822 255 1453 1132 1019 642 644 91 731 880 1219 822 592 629 890 1149 759 422 790 826 670 1018 1170 1338 1105 496 837 1068 150 1420 644 448 442 823 511 869 1318 1397 873 820 0 775
31 138 806 460 500 95 396 473 535 166 240 129 525 583 350 755 378 627 215 23 664 171 36 739 324 441 477 22 116 370 11 722 130 551 365 538 47 705 753 654 246 194 353 728 709 131 447 52 273 704 125 572 24 363 62 753 175 737 747 669 459 296 62 769 659 703 361 401 384 52 349 651 582 630 169 144 775 0
