0 717 586 1574 1149 486 1073 586 869 883 54 1049 260 906 736 698
717 0 1146 2102 1498 586 1295 1210 909 955 683 1651 620 1597 1096 1384
586 1146 0 1841 1605 1072 659 903 704 681 640 1283 846 557 1240 839
1574 2102 1841 0 716 1521 2497 995 2415 2418 1565 558 1510 1546 1019 1002
1149 1498 1605 716 0 916 2204 721 2015 2032 1118 634 987 1538 425 900
486 586 1072 1521 916 0 1497 707 1207 1238 432 1103 227 1338 510 928
1073 1295 659 2497 2204 1497 0 1536 410 358 1116 1939 1302 1129 1805 1496
586 1210 903 995 721 707 1536 0 1420 1425 584 463 590 839 457 246
869 909 704 2415 2015 1207 410 1420 0 52 897 1866 1047 1258 1595 1448
883 955 681 2418 2032 1238 358 1425 52 0 914 1866 1071 1231 1614 1444
54 683 640 1565 1118 432 1116 584 897 914 0 1047 206 953 701 714
1049 1651 1283 558 634 1103 1939 463 1866 1866 1047 0 1034 1028 673 444
260 620 846 1510 987 227 1302 590 1047 1071 206 1034 0 1124 562 778
906 1597 557 1546 1538 1338 1129 839 1258 1231 953 1028 1124 0 1287 638
736 1096 1240 1019 425 510 1805 457 1595 1614 701 673 562 1287 0 697
698 1384 839 1002 900 928 1496 246 1448 1444 714 444 778 638 697 0
