0 290 1518 1017 1584 1191 978 730 1466 478 663 1696 1591 1646 393 249
290 0 1268 1207 1325 1098 1155 704 1542 750 631 1409 1329 1395 258 529
1518 1268 0 1931 1354 915 2408 1805 2675 1844 1744 590 136 1468 1139 1767
1017 1207 1931 0 2512 1117 1674 1726 2305 645 1665 2346 2052 2591 1050 995
1584 1325 1354 2512 0 1962 1961 1238 1872 2062 1230 897 1277 113 1464 1764
1191 1098 915 1117 1962 0 2167 1801 2633 1281 1728 1453 1050 2068 845 1387
978 1155 2408 1674 1961 2167 0 727 660 1047 752 2429 2454 1966 1358 791
730 704 1805 1726 1238 1801 727 0 874 1109 73 1735 1826 1252 962 746
1466 1542 2675 2305 1872 2633 660 874 0 1663 941 2548 2688 1839 1789 1349
478 750 1844 645 2062 1281 1047 1109 1663 0 1055 2113 1938 2124 729 364
663 631 1744 1665 1230 1728 752 73 941 1055 0 1691 1768 1250 889 693
1696 1409 590 2346 897 1453 2429 1735 2548 2113 1691 0 467 1003 1386 1938
1591 1329 136 2052 1277 1050 2454 1826 2688 1938 1768 467 0 1390 1222 1840
1646 1395 1468 2591 113 2068 1966 1252 1839 2124 1250 1003 1390 0 1546 1815
393 258 1139 1050 1464 845 1358 962 1789 729 889 1386 1222 1546 0 634
249 529 1767 995 1764 1387 791 746 1349 364 693 1938 1840 1815 634 0
