0 465 275 1517 721 421 238 1313 1134 1190 1008 859 1415 251 270 87 183
465 0 654 1365 1135 804 227 1571 1084 1598 815 996 1067 262 472 545 621
275 654 0 1791 783 154 442 1040 981 1230 948 1097 1672 505 219 206 343
1517 1365 1791 0 1597 1931 1436 2830 2449 1820 2149 886 706 1324 1725 1587 1498
721 1135 783 1597 0 801 933 1594 1763 469 1709 713 1800 873 943 681 538
421 804 154 1931 801 0 595 910 978 1221 1004 1204 1826 659 347 344 451
238 227 442 1436 933 595 0 1420 1070 1401 871 916 1237 124 297 317 404
1313 1571 1040 2830 1594 910 1420 0 925 1897 1240 2110 2639 1517 1123 1246 1361
1134 1084 981 2449 1763 978 1070 925 0 2199 380 1976 2054 1194 864 1126 1288
1190 1598 1230 1820 469 1221 1401 1897 2199 0 2170 967 2153 1335 1406 1148 1007
1008 815 948 2149 1709 1004 871 1240 380 2170 0 1784 1702 989 765 1030 1186
859 996 1097 886 713 1204 916 2110 1976 967 1784 0 1202 795 1124 896 756
1415 1067 1672 706 1800 1826 1237 2639 2054 2153 1702 1202 0 1168 1527 1502 1483
251 262 505 1324 873 659 124 1517 1194 1335 989 795 1168 0 401 338 372
270 472 219 1725 943 347 297 1123 864 1406 765 1124 1527 401 0 269 429
87 545 206 1587 681 344 317 1246 1126 1148 1030 896 1502 338 269 0 162
183 621 343 1498 538 451 404 1361 1288 1007 1186 756 1483 372 429 162 0
