0 732 538 121 869 403 740 518 688 509 1731 1649 736 1033 819 1001
732 0 751 852 1080 1092 1139 984 1199 425 1520 1196 176 1605 225 1543
538 751 0 610 369 589 390 289 483 832 1204 1211 631 1548 949 815
121 852 610 0 913 329 751 532 671 599 1813 1756 858 940 929 960
869 1080 369 913 0 769 270 409 447 1201 993 1179 934 1818 1292 661
403 1092 589 329 769 0 539 363 404 913 1746 1800 1053 1065 1210 643
740 1139 390 751 270 539 0 221 178 1161 1260 1435 1021 1603 1329 439
518 984 289 532 409 363 221 0 214 956 1384 1473 890 1411 1157 559
688 1199 483 671 447 404 178 214 0 1157 1437 1603 1102 1463 1371 344
509 425 832 599 1201 913 1161 956 1157 0 1853 1599 550 1194 377 1489
1731 1520 1204 1813 993 1746 1260 1384 1437 1853 0 598 1346 2752 1736 1573
1649 1196 1211 1756 1179 1800 1435 1473 1603 1599 598 0 1049 2674 1376 1839
736 176 631 858 934 1053 1021 890 1102 550 1346 1049 0 1684 401 1442
1033 1605 1548 940 1818 1065 1603 1411 1463 1194 2752 2674 1684 0 1563 1614
819 225 949 929 1292 1210 1329 1157 1371 377 1736 1376 401 1563 0 1715
1001 1543 815 960 661 643 439 559 344 1489 1573 1839 1442 1614 1715 0
