0 1636 1662 478 1580 1611 1468 1400 301 1028 32 1439 1222 1237 1607 1094
1636 0 27 2083 1560 230 1363 2353 1491 1772 1654 2491 913 2490 247 2064
1662 27 0 2108 1565 226 1385 2368 1518 1788 1680 2507 923 2509 244 2091
478 2083 2108 0 1716 2034 1903 1193 749 1027 451 1176 1535 900 2028 1319
1580 1560 1565 1716 0 1347 2494 1111 1727 733 1567 1282 691 1470 1330 2609
1611 230 226 2034 1347 0 1541 2193 1507 1618 1626 2338 729 2363 17 2160
1468 1363 1385 1903 2494 1541 0 2790 1168 2284 1500 2862 1830 2697 1553 1028
1400 2353 2368 1193 1111 2193 2790 0 1683 581 1370 171 1470 448 2179 2466
301 1491 1518 749 1727 1507 1168 1683 0 1263 333 1731 1258 1537 1506 884
1028 1772 1788 1027 733 1618 2284 581 1263 0 1004 720 904 793 1604 2121
32 1654 1680 451 1567 1626 1500 1370 333 1004 0 1407 1222 1204 1622 1119
1439 2491 2507 1176 1282 2338 2862 171 1731 720 1407 0 1621 335 2325 2478
1222 913 923 1535 691 729 1830 1470 1258 904 1222 1621 0 1678 714 2097
1237 2490 2509 900 1470 2363 2697 448 1537 793 1204 335 1678 0 2351 2219
1607 247 244 2028 1330 17 1553 2179 1506 1604 1622 2325 714 2351 0 2165
1094 2064 2091 1319 2609 2160 1028 2466 884 2121 1119 2478 2097 2219 2165 0
