0 1190 1422 163 1423 1228 315 1087 402 516 1454 854 1194 1129 930 512
1190 0 2613 1348 1448 2122 1505 906 1305 1378 2537 556 370 1948 1691 1396
1422 2613 0 1265 2401 1251 1109 2295 1438 1441 854 2231 2580 1437 1509 1386
163 1348 1265 0 1531 1112 171 1172 454 556 1351 1015 1333 1116 946 457
1423 1448 2401 1531 0 2644 1557 2105 1098 1032 1859 962 1768 1065 904 1929
1228 2122 1251 1112 2644 0 1112 1430 1557 1645 1908 2005 1919 2073 1979 766
315 1505 1109 171 1557 1112 0 1337 458 535 1187 1139 1503 1017 879 559
1087 906 2295 1172 2105 1430 1337 0 1433 1545 2524 1157 576 2186 1957 908
402 1305 1438 454 1098 1557 458 1433 0 115 1232 824 1414 753 534 900
516 1378 1441 556 1032 1645 535 1545 115 0 1165 873 1507 641 418 1008
1454 2537 854 1351 1859 1908 1187 2524 1232 1165 0 2037 2626 794 985 1699
854 556 2231 1015 962 2005 1139 1157 824 873 2037 0 819 1402 1144 1238
1194 370 2580 1333 1768 1919 1503 576 1414 1507 2626 819 0 2124 1871 1257
1129 1948 1437 1116 1065 2073 1017 2186 753 641 794 1402 2124 0 257 1568
930 1691 1509 946 904 1979 879 1957 534 418 985 1144 1871 257 0 1404
512 1396 1386 457 1929 766 559 908 900 1008 1699 1238 1257 1568 1404 0
