0 765 827 122 5 339 782 390 497 26 226 244 41 510 140 96 240 595 552 756 535 35 853 37 661 390 60 860 703 594 44 817 235 796 258 344 391 530 761 455 327 134 174 173 789 114 227 167 75 87 788 773 22 225 537 83 39 604 75 135 186 356 682 463 207 617 326 816 168 596 51 460 215 86 85 803 288 433
765 0 391 644 766 442 1098 887 1236 783 610 634 726 868 863 821 1001 649 1022 1470 1288 741 1545 737 1153 796 798 1611 358 1359 772 855 734 1467 714 856 1154 1261 312 712 700 882 612 780 1363 873 575 859 839 803 622 1498 786 862 1003 830 755 1247 704 834 582 986 105 1228 559 1245 1044 1541 859 741 724 1043 551 829 797 1554 1016 1137
827 391 0 713 826 505 1384 1089 1199 852 608 811 800 679 960 913 1022 403 845 1583 1356 819 1434 790 1381 1019 833 1676 123 1393 854 525 682 1345 653 1049 1203 1358 696 543 913 902 737 919 1564 941 599 972 899 897 987 1424 842 1002 1230 909 836 1127 752 834 691 1142 332 1245 663 1414 1008 1464 973 1042 777 1225 658 858 892 1622 1115 1077
122 644 713 0 122 218 809 433 604 143 139 207 88 493 246 199 358 520 570 871 656 106 947 93 722 404 156 981 590 717 141 758 216 883 226 387 513 647 659 403 317 241 99 223 873 235 120 260 197 183 725 876 142 300 585 198 122 678 64 209 79 440 559 584 92 710 421 920 260 571 81 536 100 188 178 925 402 525
5 766 826 122 0 339 787 394 494 30 223 249 44 505 143 100 238 592 547 757 536 40 849 35 665 395 56 860 702 594 48 813 231 792 254 349 391 532 763 451 332 131 177 178 792 115 226 171 75 91 793 769 20 229 541 86 44 599 73 130 188 360 682 462 208 620 322 813 172 600 49 464 216 82 89 804 291 429
339 442 505 218 339 0 926 592 793 361 170 317 306 504 461 415 565 409 632 1086 874 324 1108 306 887 534 362 1199 383 931 358 662 300 1034 286 549 730 864 532 364 429 444 232 413 1060 453 132 469 414 398 690 1056 358 497 739 416 340 817 270 392 185 636 349 794 158 909 601 1099 470 623 293 721 153 392 392 1143 618 696
782 1098 1384 809 787 926 0 394 1080 762 945 618 768 1291 680 702 865 1318 1328 768 810 756 1446 807 247 404 834 998 1277 941 738 1564 1011 1428 1028 438 820 714 850 1213 501 860 725 608 434 748 914 639 773 702 579 1317 790 572 264 730 744 1298 828 905 773 497 1087 933 793 479 1011 1351 639 358 814 407 793 844 701 951 659 1102
390 887 1089 433 394 592 394 0 725 368 572 277 380 900 288 307 485 953 933 625 537 366 1101 417 294 99 440 817 971 657 346 1191 622 1070 642 46 487 464 734 833 186 466 366 217 480 355 548 246 379 308 599 985 397 178 151 336 353 920 442 511 416 157 842 602 440 362 628 1023 246 324 425 161 443 450 308 760 303 725
497 1236 1199 604 494 793 1080 725 0 489 629 725 538 599 475 491 264 844 491 609 355 529 377 514 867 783 448 564 1084 283 510 963 522 348 549 696 265 441 1258 676 771 364 671 592 866 423 661 509 435 505 1260 277 474 565 818 466 523 262 540 402 679 586 1142 168 696 689 194 320 510 1025 524 673 704 416 511 527 425 132
26 783 852 143 30 361 762 368 489 0 252 242 56 532 114 70 229 622 569 731 513 42 850 64 636 373 73 838 728 576 26 843 260 796 284 323 371 505 769 481 317 132 183 155 762 92 252 141 57 62 786 766 28 200 514 57 33 608 101 148 201 330 701 448 223 590 325 809 142 585 77 435 231 92 61 781 263 433
226 610 608 139 223 170 945 572 629 252 0 333 209 377 365 320 418 381 481 979 747 227 937 188 861 541 224 1068 485 789 260 620 132 864 123 526 595 752 692 269 448 296 222 361 1007 336 47 387 293 306 811 887 237 434 724 309 244 647 150 233 179 573 513 645 167 840 435 931 388 689 175 672 171 249 302 1014 514 527
244 634 811 207 249 317 618 277 725 242 333 0 209 700 262 235 460 700 774 837 673 208 1091 248 570 217 305 990 693 764 218 947 422 1039 433 237 561 633 551 602 116 375 111 154 754 303 297 243 291 220 544 1002 265 230 422 258 209 849 249 378 155 352 576 658 175 617 567 1045 242 364 246 419 175 331 214 932 396 675
41 726 800 88 44 306 768 380 538 56 209 209 0 522 159 112 282 587 574 783 569 18 893 40 660 370 96 894 677 632 53 816 242 836 261 334 428 559 719 455 300 175 133 162 798 148 203 178 113 98 751 814 64 227 530 109 35 641 62 168 145 364 645 503 167 630 366 857 178 566 45 465 175 126 93 837 314 473
510 868 679 493 505 504 1291 900 599 532 377 700 522 0 632 599 542 279 165 1136 872 534 761 483 1166 891 464 1150 589 856 554 366 280 670 267 854 719 918 1032 156 810 469 590 683 1268 573 422 668 535 594 1185 771 505 732 1047 574 547 458 463 403 553 851 762 706 545 1085 446 809 669 1063 477 959 548 463 594 1105 734 466
140 863 960 246 143 461 680 288 475 114 365 262 159 632 0 46 214 735 649 625 424 140 850 178 534 319 169 748 836 505 106 953 368 807 394 247 300 404 813 592 295 179 251 116 650 67 362 41 96 63 785 750 134 109 423 59 123 640 214 230 284 220 789 396 310 476 347 792 41 553 190 327 318 169 68 691 156 450
96 821 913 199 100 415 702 307 491 70 320 235 112 599 46 0 226 692 626 672 466 94 862 133 567 325 135 791 789 542 59 913 330 815 354 263 336 449 782 551 285 164 210 108 692 68 315 71 73 18 770 768 95 133 449 29 77 638 169 203 240 259 745 426 266 520 347 810 71 550 145 364 273 142 24 734 202 453
240 1001 1022 358 238 565 865 485 264 229 418 460 282 542 214 226 0 721 508 600 344 270 636 264 682 531 203 655 900 371 248 899 348 593 378 450 186 377 998 556 509 122 413 329 742 158 439 251 173 240 996 541 218 313 601 201 262 434 297 188 427 371 914 228 447 556 146 584 252 768 277 473 455 173 246 602 217 240
595 649 403 520 592 409 1318 953 844 622 381 700 587 279 735 692 721 0 443 1318 1066 604 1040 559 1243 915 573 1368 325 1075 635 253 378 949 349 907 908 1092 871 169 816 617 593 743 1384 693 406 762 649 681 1086 1042 601 814 1105 676 621 735 525 542 545 950 546 922 524 1212 667 1082 763 1031 547 1052 524 587 678 1319 872 714
552 1022 845 570 547 632 1328 933 491 569 481 774 574 165 649 626 508 443 0 1071 806 582 602 533 1176 942 495 1055 754 767 593 485 358 509 358 890 663 866 1164 315 874 471 670 724 1250 583 529 689 555 626 1289 625 540 757 1072 597 591 306 525 422 642 858 917 625 639 1064 380 660 690 1138 531 966 645 483 627 1015 720 363
756 1470 1583 871 757 1086 768 625 609 731 979 837 783 1136 625 672 600 1318 1071 0 265 764 861 793 522 724 756 232 1460 333 730 1498 940 887 970 638 417 227 1356 1155 792 701 868 691 373 642 983 619 686 688 1211 716 742 608 591 674 748 870 831 776 907 490 1405 450 934 296 695 734 619 927 806 468 940 736 694 193 469 716
535 1288 1356 656 536 874 810 537 355 513 747 673 569 872 424 466 344 1066 806 265 0 552 663 569 572 626 522 325 1233 130 518 1236 692 669 722 530 157 99 1221 900 663 456 676 518 523 421 759 432 460 484 1134 523 517 448 571 460 537 618 607 528 707 380 1211 189 732 359 429 552 432 862 583 420 739 498 491 268 277 452
35 741 819 106 40 324 756 366 529 42 227 208 18 534 140 94 270 604 582 764 552 0 888 51 643 360 96 877 696 617 34 832 256 832 276 320 412 541 728 471 294 169 142 148 780 132 221 159 99 79 753 806 57 209 515 91 17 640 79 170 159 346 661 490 182 612 361 849 160 561 59 447 190 122 75 820 295 468
853 1545 1434 947 849 1108 1446 1101 377 850 937 1091 893 761 850 862 636 1040 602 861 663 888 0 863 1222 1161 798 717 1333 543 874 1073 811 94 831 1073 626 762 1607 891 1145 719 1026 966 1184 794 977 886 800 875 1632 144 831 942 1187 835 884 307 882 737 1025 959 1444 512 1038 1021 527 134 886 1402 871 1039 1046 767 880 708 799 421
37 737 790 93 35 306 807 417 514 64 188 248 40 483 178 133 264 559 533 793 569 51 863 0 693 410 65 894 667 625 76 783 205 803 226 371 423 567 745 421 340 149 163 200 825 150 191 203 109 122 788 788 52 258 566 121 64 605 38 131 165 391 651 491 183 654 336 831 204 607 13 495 191 97 119 838 326 442
661 1153 1381 722 665 887 247 294 867 636 861 570 660 1166 534 567 682 1243 1176 522 572 643 1222 693 0 363 702 751 1264 702 617 1476 897 1212 919 339 603 473 955 1115 469 705 660 500 225 596 840 497 630 574 739 1088 663 435 152 591 629 1103 722 764 710 318 1119 711 735 231 828 1120 497 466 703 210 738 704 575 703 466 908
390 796 1019 404 395 534 404 99 783 373 541 217 370 891 319 325 531 915 942 724 626 360 1161 410 363 0 447 913 904 741 348 1160 610 1123 626 95 560 558 635 808 106 489 322 219 566 385 510 280 398 320 507 1051 402 219 212 355 351 959 427 521 370 248 757 674 391 460 666 1091 279 243 415 260 393 463 318 856 375 769
60 798 833 156 56 362 834 440 448 73 224 305 96 464 169 135 203 573 495 756 522 96 798 65 702 447 0 844 710 570 98 785 200 739 226 395 371 529 811 424 388 84 228 228 817 119 238 204 76 132 848 722 44 268 584 110 99 544 94 75 231 390 710 431 248 640 270 766 205 656 75 497 256 31 132 789 298 377
860 1611 1676 981 860 1199 998 817 564 838 1068 990 894 1150 748 791 655 1368 1055 232 325 877 717 894 751 913 844 0 1554 294 843 1517 1003 764 1033 821 473 359 1531 1200 966 773 999 837 603 746 1082 753 785 809 1414 578 841 761 806 785 862 804 931 843 1032 667 1536 446 1057 521 706 584 753 1133 907 671 1064 818 815 58 596 692
703 358 123 590 702 383 1277 971 1084 728 485 693 677 589 836 789 900 325 754 1460 1233 696 1333 667 1264 904 710 1554 0 1272 730 500 564 1246 536 929 1080 1234 638 444 797 780 615 796 1443 818 476 849 775 773 911 1315 719 880 1114 785 712 1025 628 713 568 1020 273 1124 541 1292 892 1357 849 941 653 1105 536 735 768 1499 991 964
594 1359 1393 717 594 931 941 657 283 576 789 764 632 856 505 542 371 1075 767 333 130 617 543 625 702 741 570 294 1272 0 586 1223 714 558 744 645 205 228 1316 906 768 492 751 610 641 485 808 521 519 560 1248 400 574 548 700 529 604 540 661 558 776 499 1277 152 800 486 412 426 521 981 638 548 807 541 566 249 375 403
44 772 854 141 48 358 738 346 510 26 260 218 53 554 106 59 248 635 593 730 518 34 874 76 617 348 98 843 730 586 0 860 279 820 301 300 381 506 750 498 291 157 167 130 749 101 256 127 75 46 761 787 54 182 493 58 18 633 110 173 189 315 693 462 214 579 349 830 128 559 87 418 221 118 43 787 260 457
817 855 525 758 813 662 1564 1191 963 843 620 947 816 366 953 913 899 253 485 1498 1236 832 1073 783 1476 1160 785 1517 500 1223 860 0 585 979 559 1145 1081 1276 1107 362 1064 812 838 976 1603 903 650 985 861 904 1336 1109 819 1041 1343 894 847 790 753 739 791 1173 760 1072 773 1425 812 1143 985 1284 773 1278 773 792 902 1472 1076 830
235 734 682 216 231 300 1011 622 522 260 132 422 242 280 368 330 348 378 358 940 692 256 811 205 897 610 200 1003 564 714 279 585 0 735 30 576 534 713 824 224 530 238 314 404 1018 319 178 401 276 322 931 769 235 461 771 309 269 516 182 164 284 589 633 564 281 840 328 812 401 787 197 695 286 210 321 951 495 409
796 1467 1345 883 792 1034 1428 1070 348 796 864 1039 836 670 807 815 593 949 509 887 669 832 94 803 1212 1123 739 764 1246 558 820 979 735 0 753 1039 610 765 1542 803 1100 664 967 921 1192 747 905 845 749 826 1582 189 775 904 1166 787 829 221 819 674 962 935 1366 502 973 1022 471 199 845 1361 810 1021 981 710 831 749 772 363
258 714 653 226 254 286 1028 642 549 284 123 433 261 267 394 354 378 349 358 970 722 276 831 226 919 626 226 1033 536 744 301 559 30 753 0 595 565 743 814 197 542 268 323 424 1044 346 171 425 303 346 932 792 259 483 792 334 291 533 200 194 288 614 613 593 283 867 356 835 426 796 217 719 288 238 344 981 523 434
344 856 1049 387 349 549 438 46 696 323 526 237 334 854 247 263 450 907 890 638 530 320 1073 371 339 95 395 821 929 645 300 1145 576 1039 595 0 467 464 718 786 157 425 321 171 517 314 502 206 336 263 603 960 351 139 198 292 307 884 395 467 371 154 808 581 396 388 591 1000 205 337 378 187 399 406 262 763 281 690
391 1154 1203 513 391 730 820 487 265 371 595 561 428 719 300 336 186 908 663 417 157 412 626 423 603 560 371 473 1080 205 381 1081 534 610 565 467 0 203 1113 743 574 301 545 409 610 280 610 319 316 354 1061 501 371 354 561 323 399 512 460 372 571 336 1073 115 595 428 282 538 319 804 437 413 603 345 360 419 185 327
530 1261 1358 647 532 864 714 464 441 505 752 633 559 918 404 449 377 1092 866 227 99 541 762 567 473 558 529 359 1234 228 506 1276 713 765 743 464 203 0 1171 930 607 475 651 481 427 416 758 402 459 467 1063 622 515 403 482 449 524 701 605 549 688 310 1191 273 714 260 486 651 402 786 580 333 721 509 472 301 247 526
761 312 696 659 763 532 850 734 1258 769 692 551 719 1032 813 782 998 871 1164 1356 1221 728 1607 745 955 635 811 1531 638 1316 750 1107 824 1542 814 718 1113 1171 0 883 565 894 586 705 1178 846 646 794 825 765 317 1533 783 773 815 801 736 1332 724 869 581 867 367 1208 568 1094 1081 1577 794 499 737 895 560 842 759 1473 945 1185
455 712 543 403 451 364 1213 833 676 481 269 602 455 156 592 551 556 169 315 1155 900 471 891 421 1115 808 424 1200 444 906 498 362 224 803 197 786 743 930 883 0 717 457 491 617 1241 543 307 623 500 542 1053 883 457 680 984 532 486 583 392 383 448 811 606 754 434 1064 497 923 623 956 411 916 436 433 540 1151 718 547
327 700 913 317 332 429 501 186 771 317 448 116 300 810 295 285 509 816 874 792 663 294 1145 340 469 106 388 966 797 768 291 1064 530 1100 542 157 574 607 565 717 0 445 226 179 665 352 413 262 354 275 490 1045 344 220 317 314 288 922 350 463 272 302 656 681 291 546 633 1087 262 268 342 344 292 409 271 909 393 739
134 882 902 241 131 444 860 466 364 132 296 375 175 469 179 164 122 617 471 701 456 169 719 149 705 489 84 773 780 492 157 812 238 664 268 425 301 475 894 457 445 0 308 271 798 112 316 220 91 171 919 639 112 288 601 134 165 477 178 74 315 387 793 350 332 616 192 682 220 712 160 496 340 53 174 720 265 300
174 612 737 99 177 232 725 366 671 183 222 111 133 590 251 210 413 593 670 868 676 142 1026 163 660 322 228 999 615 751 167 838 314 967 323 321 545 651 586 491 226 308 0 182 829 267 188 249 240 192 629 947 197 267 516 222 151 767 152 293 49 405 539 629 75 677 498 991 249 473 157 489 79 258 185 942 405 605
173 780 919 223 178 413 608 217 592 155 361 154 162 683 116 108 329 743 724 691 518 148 966 200 500 219 228 837 796 610 130 976 404 921 424 171 409 481 705 617 179 271 182 0 652 173 343 89 180 101 668 867 183 84 367 137 136 746 224 302 227 223 714 510 255 495 455 909 89 442 207 313 260 243 98 779 241 560
789 1363 1564 873 792 1060 434 480 866 762 1007 754 798 1268 650 692 742 1384 1250 373 523 780 1184 825 225 566 817 603 1443 641 749 1603 1018 1192 1044 517 610 427 1178 1241 665 798 829 652 0 700 994 621 741 703 964 1042 785 573 363 709 763 1122 859 867 877 434 1321 698 903 185 877 1067 621 692 837 339 908 811 706 566 534 937
114 873 941 235 115 453 748 355 423 92 336 303 148 573 67 68 158 693 583 642 421 132 794 150 596 385 119 746 818 485 101 903 319 747 346 314 280 416 846 543 352 112 267 173 700 0 342 108 44 83 838 699 99 176 489 45 118 575 189 169 290 279 793 362 314 521 282 742 109 615 164 387 322 111 88 689 179 387
227 575 599 120 226 132 914 548 661 252 47 297 203 422 362 315 439 406 529 983 759 221 977 191 840 510 238 1082 476 808 256 650 178 905 171 502 610 758 646 307 413 316 188 343 994 342 0 379 299 300 764 923 243 420 699 309 238 690 152 260 141 561 481 667 126 831 469 967 380 648 177 656 128 266 296 1027 515 564
167 859 972 260 171 469 639 246 509 141 387 243 178 668 41 71 251 762 689 619 432 159 886 203 497 280 204 753 849 521 127 985 401 845 425 206 319 402 794 623 262 220 249 89 621 108 379 0 135 81 753 783 166 68 383 94 142 680 238 269 288 188 788 421 315 452 387 824 0 516 215 293 321 208 84 695 157 489
75 839 899 197 75 414 773 379 435 57 293 291 113 535 96 73 173 649 555 686 460 99 800 109 630 398 76 785 775 519 75 861 276 749 303 336 316 459 825 500 354 91 240 180 741 44 299 135 0 79 833 712 56 202 518 43 89 567 147 134 258 316 757 390 280 564 279 755 135 621 122 423 288 73 83 729 223 386
87 803 897 183 91 398 702 308 505 62 306 220 98 594 63 18 240 681 626 688 484 79 875 122 574 320 132 809 773 560 46 904 322 826 346 263 354 467 765 542 275 171 192 101 703 83 300 81 79 0 757 782 89 138 453 39 62 647 156 203 222 269 727 443 248 533 357 825 82 542 133 373 255 143 6 752 220 464
788 622 987 725 793 690 579 599 1260 786 811 544 751 1185 785 770 996 1086 1289 1211 1134 753 1632 788 739 507 848 1414 911 1248 761 1336 931 1582 932 603 1061 1063 317 1053 490 919 629 668 964 838 764 753 833 757 0 1535 809 707 624 796 753 1392 782 919 649 755 656 1170 650 923 1111 1577 753 283 784 744 644 875 752 1358 877 1219
773 1498 1424 876 769 1056 1317 985 277 766 887 1002 814 771 750 768 541 1042 625 716 523 806 144 788 1088 1051 722 578 1315 400 787 1109 769 189 792 960 501 622 1533 883 1045 639 947 867 1042 699 923 783 712 782 1535 0 750 834 1062 743 800 319 812 670 953 837 1400 385 968 882 456 43 783 1294 797 912 977 690 788 566 681 360
22 786 842 142 20 358 790 397 474 28 237 265 64 505 134 95 218 601 540 742 517 57 831 52 663 402 44 841 719 574 54 819 235 775 259 351 371 515 783 457 344 112 197 183 785 99 243 166 56 89 809 750 0 227 542 75 56 584 90 119 208 354 702 442 229 610 304 793 166 612 65 460 237 66 89 785 276 411
225 862 1002 300 229 497 572 178 565 200 434 230 227 732 109 133 313 814 757 608 448 209 942 258 435 219 268 761 880 548 182 1041 461 904 483 139 354 403 773 680 220 288 267 84 573 176 420 68 202 138 707 834 227 0 316 159 194 745 289 335 311 140 798 463 339 412 452 875 67 460 268 238 344 274 139 702 173 552
537 1003 1230 585 541 739 264 151 818 514 724 422 530 1047 423 449 601 1105 1072 591 571 515 1187 566 152 212 584 806 1114 700 493 1343 771 1166 792 198 561 482 815 984 317 601 516 367 363 489 699 383 518 453 624 1062 542 316 0 476 502 1034 592 652 566 232 968 676 590 298 747 1097 382 342 574 151 592 591 453 753 395 837
83 830 909 198 86 416 730 336 466 57 309 258 109 574 59 29 201 676 597 674 460 91 835 121 591 355 110 785 785 529 58 894 309 787 334 292 323 449 801 532 314 134 222 137 709 45 309 94 43 39 796 743 75 159 476 0 76 609 159 175 247 280 751 408 272 535 318 786 94 580 134 386 280 114 44 728 206 424
39 755 836 122 44 340 744 353 523 33 244 209 35 547 123 77 262 621 591 748 537 17 884 64 629 351 99 862 712 604 18 847 269 829 291 307 399 524 736 486 288 165 151 136 763 118 238 142 89 62 753 800 56 194 502 76 0 640 95 174 172 329 675 479 196 595 358 843 143 557 74 431 203 122 58 805 279 466
604 1247 1127 678 599 817 1298 920 262 608 647 849 641 458 640 638 434 735 306 870 618 640 307 605 1103 959 544 804 1025 540 633 790 516 221 533 884 512 701 1332 583 922 477 767 746 1122 575 690 680 567 647 1392 319 584 745 1034 609 640 0 616 474 758 801 1145 429 766 941 293 353 680 1189 610 899 773 517 651 774 641 196
75 704 752 64 73 270 828 442 540 101 150 249 62 463 214 169 297 525 525 831 607 79 882 38 722 427 94 931 628 661 110 753 182 819 200 395 460 605 724 392 350 178 152 224 859 189 152 238 147 156 782 812 90 289 592 159 95 616 0 145 143 425 617 524 156 690 357 856 238 613 24 527 164 125 153 875 364 461
135 834 834 209 130 392 905 511 402 148 233 378 168 403 230 203 188 542 422 776 528 170 737 131 764 521 75 843 713 558 173 739 164 674 194 467 372 549 869 383 463 74 293 302 867 169 260 269 134 203 919 670 119 335 652 175 174 474 145 0 288 448 741 412 300 686 213 714 269 731 136 556 308 61 205 790 336 316
186 582 691 79 188 185 773 416 679 201 179 155 145 553 284 240 427 545 642 907 707 159 1025 165 710 370 231 1032 568 776 189 791 284 962 288 371 571 688 581 448 272 315 49 227 877 290 141 288 258 222 649 953 208 311 566 247 172 758 143 288 0 451 504 649 27 723 499 997 288 510 155 537 33 262 216 974 440 604
356 986 1142 440 360 636 497 157 586 330 573 352 364 851 220 259 371 950 858 490 380 346 959 391 318 248 390 667 1020 499 315 1173 589 935 614 154 336 310 867 811 302 387 405 223 434 279 561 188 316 269 755 837 354 140 232 280 329 801 425 448 451 0 928 452 478 272 517 875 188 482 403 108 483 388 272 609 162 605
682 105 332 559 682 349 1087 842 1142 701 513 576 645 762 789 745 914 546 917 1405 1211 661 1444 651 1119 757 710 1536 273 1277 693 760 633 1366 613 808 1073 1191 367 606 656 793 539 714 1321 793 481 788 757 727 656 1400 702 798 968 751 675 1145 617 741 504 928 0 1142 479 1193 949 1444 788 734 639 994 471 741 721 1479 944 1040
463 1228 1245 584 462 794 933 602 168 448 645 658 503 706 396 426 228 922 625 450 189 490 512 491 711 674 431 446 1124 152 462 1072 564 502 593 581 115 273 1208 754 681 350 629 510 698 362 667 421 390 443 1170 385 442 463 676 408 479 429 524 412 649 452 1142 0 670 523 260 422 421 917 503 527 679 401 449 399 299 265
207 559 663 92 208 158 793 440 696 223 167 175 167 545 310 266 447 524 639 934 732 182 1038 183 735 391 248 1057 541 800 214 773 281 973 283 396 595 714 568 434 291 332 75 255 903 314 126 315 280 248 650 968 229 339 590 272 196 766 156 300 27 478 479 670 0 751 513 1012 315 522 172 564 8 279 242 1000 467 617
617 1245 1414 710 620 909 479 362 689 590 840 617 630 1085 476 520 556 1212 1064 296 359 612 1021 654 231 460 640 521 1292 486 579 1425 840 1022 867 388 428 260 1094 1064 546 616 677 495 185 521 831 452 564 533 923 882 610 412 298 535 595 941 690 686 723 272 1193 523 751 0 692 911 451 640 666 202 756 632 537 472 351 754
326 1044 1008 421 322 601 1011 628 194 325 435 567 366 446 347 347 146 667 380 695 429 361 527 336 828 666 270 706 892 412 349 812 328 471 356 591 282 486 1081 497 633 192 498 455 877 282 469 387 279 357 1111 456 304 452 747 318 358 293 357 213 499 517 949 260 513 692 0 500 387 898 344 620 521 240 361 660 362 107
816 1541 1464 920 813 1099 1351 1023 320 809 931 1045 857 809 792 810 584 1082 660 734 552 849 134 831 1120 1091 766 584 1357 426 830 1143 812 199 835 1000 538 651 1577 923 1087 682 991 909 1067 742 967 824 755 825 1577 43 793 875 1097 786 843 353 856 714 997 875 1444 422 1012 911 500 0 824 1334 841 947 1020 734 830 576 720 403
168 859 973 260 172 470 639 246 510 142 388 242 178 669 41 71 252 763 690 619 432 160 886 204 497 279 205 753 849 521 128 985 401 845 426 205 319 402 794 623 262 220 249 89 621 109 380 0 135 82 753 783 166 67 382 94 143 680 238 269 288 188 788 421 315 451 387 824 0 516 215 293 322 208 85 695 157 489
596 741 1042 571 600 623 358 324 1025 585 689 364 566 1063 553 550 768 1031 1138 927 862 561 1402 607 466 243 656 1133 941 981 559 1284 787 1361 796 337 804 786 499 956 268 712 473 442 692 615 648 516 621 542 283 1294 612 460 342 580 557 1189 613 731 510 482 734 917 522 640 898 1334 516 0 607 462 520 678 538 1077 618 1003
51 724 777 81 49 293 814 425 524 77 175 246 45 477 190 145 277 547 531 806 583 59 871 13 703 415 75 907 653 638 87 773 197 810 217 378 437 580 737 411 342 160 157 207 837 164 177 215 122 133 784 797 65 268 574 134 74 610 24 136 155 403 639 503 172 666 344 841 215 607 0 505 180 107 130 851 339 449
460 1043 1225 536 464 721 407 161 673 435 672 419 465 959 327 364 473 1052 966 468 420 447 1039 495 210 260 497 671 1105 548 418 1278 695 1021 719 187 413 333 895 916 344 496 489 313 339 387 656 293 423 373 744 912 460 238 151 386 431 899 527 556 537 108 994 527 564 202 620 947 293 462 505 0 569 496 375 616 258 703
215 551 658 100 216 153 793 443 704 231 171 175 175 548 318 273 455 524 645 940 739 190 1046 191 738 393 256 1064 536 807 221 773 286 981 288 399 603 721 560 436 292 340 79 260 908 322 128 321 288 255 644 977 237 344 592 280 203 773 164 308 33 483 471 679 8 756 521 1020 322 520 180 569 0 288 249 1007 474 625
86 829 858 188 82 392 844 450 416 92 249 331 126 463 169 142 173 587 483 736 498 122 767 97 704 463 31 818 735 541 118 792 210 710 238 406 345 509 842 433 409 53 258 243 811 111 266 208 73 143 875 690 66 274 591 114 122 517 125 61 262 388 741 401 279 632 240 734 208 678 107 496 288 0 145 764 285 347
85 797 892 178 89 392 701 308 511 61 302 214 93 594 68 24 246 678 627 694 491 75 880 119 575 318 132 815 768 566 43 902 321 831 344 262 360 472 759 540 271 174 185 98 706 88 296 84 83 6 752 788 89 139 453 44 58 651 153 205 216 272 721 449 242 537 361 830 85 538 130 375 249 145 0 758 225 468
803 1554 1622 925 804 1143 951 760 527 781 1014 932 837 1105 691 734 602 1319 1015 193 268 820 708 838 703 856 789 58 1499 249 787 1472 951 749 981 763 419 301 1473 1151 909 720 942 779 566 689 1027 695 729 752 1358 566 785 702 753 728 805 774 875 790 974 609 1479 399 1000 472 660 576 695 1077 851 616 1007 764 758 0 538 651
288 1016 1115 402 291 618 659 303 425 263 514 396 314 734 156 202 217 872 720 469 277 295 799 326 466 375 298 596 991 375 260 1076 495 772 523 281 185 247 945 718 393 265 405 241 534 179 515 157 223 220 877 681 276 173 395 206 279 641 364 336 440 162 944 299 467 351 362 720 157 618 339 258 474 285 225 538 0 445
433 1137 1077 525 429 696 1102 725 132 433 527 675 473 466 450 453 240 714 363 716 452 468 421 442 908 769 377 692 964 403 457 830 409 363 434 690 327 526 1185 547 739 300 605 560 937 387 564 489 386 464 1219 360 411 552 837 424 466 196 461 316 604 605 1040 265 617 754 107 403 489 1003 449 703 625 347 468 651 445 0
