0 795 41 374 191 611 577 910 323 341 1071 632 564 928 1535 1010
795 0 783 456 822 245 931 1705 793 1117 1362 1265 904 1717 2265 1551
41 783 0 376 152 590 615 922 360 370 1032 607 602 948 1566 982
374 456 376 0 474 354 541 1276 347 668 1255 957 515 1270 1809 1307
191 822 152 474 0 600 768 914 512 450 879 483 755 975 1634 843
611 245 590 354 600 0 892 1505 697 949 1129 1024 866 1538 2130 1305
577 931 615 541 768 892 0 1160 257 576 1647 1173 27 1062 1415 1561
910 1705 922 1276 914 1505 1160 0 1047 627 1326 719 1170 217 915 940
323 793 360 347 512 697 257 1047 0 422 1391 939 242 996 1475 1325
341 1117 370 668 450 949 576 627 422 0 1235 659 580 601 1196 1041
1071 1362 1032 1255 879 1129 1647 1326 1391 1235 0 629 1633 1502 2229 459
632 1265 607 957 483 1024 1173 719 939 659 629 0 1166 878 1605 389
564 904 602 515 755 866 27 1170 242 580 1633 1166 0 1076 1439 1555
928 1717 948 1270 975 1538 1062 217 996 601 1502 878 1076 0 727 1140
1535 2265 1566 1809 1634 2130 1415 915 1475 1196 2229 1605 1439 727 0 1855
1010 1551 982 1307 843 1305 1561 940 1325 1041 459 389 1555 1140 1855 0
