0 29 712 491 545 771 441 785 490 501 450 801 1411 411 113 1216
29 0 710 516 515 783 446 766 520 502 425 821 1440 382 85 1233
712 710 0 1078 815 1463 1153 471 900 1212 1005 1432 1470 719 748 788
491 516 1078 0 1010 464 397 1263 264 480 797 354 1127 888 569 1298
545 515 815 1010 0 1140 780 540 1035 779 339 1262 1933 141 445 1547
771 783 1463 464 1140 0 362 1538 728 364 826 265 1500 1059 787 1762
441 446 1153 397 780 362 0 1181 608 87 483 502 1523 696 434 1574
785 766 471 1263 540 1538 1181 0 1169 1211 847 1587 1897 526 750 1256
490 520 900 264 1035 728 608 1169 0 695 902 588 945 898 598 1035
501 502 1212 480 779 364 87 1211 695 0 462 545 1607 709 477 1656
450 425 1005 797 339 826 483 847 902 462 0 984 1844 323 341 1637
801 821 1432 354 1262 265 502 1587 588 545 984 0 1251 1158 853 1611
1411 1440 1470 1127 1933 1500 1523 1897 945 1607 1844 1251 0 1792 1524 965
411 382 719 888 141 1059 696 526 898 709 323 1158 1792 0 318 1423
113 85 748 569 445 787 434 750 598 477 341 853 1524 318 0 1307
1216 1233 788 1298 1547 1762 1574 1256 1035 1656 1637 1611 965 1423 1307 0
