0 1560 1587 5 1361 636 131 1238 235 1636 58 1454 1243 1727 337 415
1560 0 3140 1559 982 2085 1436 1787 1654 272 1594 2922 2651 1688 1692 1879
1587 3140 0 1589 2846 1260 1717 2318 1492 3224 1548 962 803 2962 1568 1277
5 1559 1589 0 1357 633 129 1233 240 1635 63 1452 1246 1723 333 419
1361 982 2846 1357 0 1609 1237 894 1566 801 1417 2348 2604 712 1279 1775
636 2085 1260 633 1609 0 712 1084 752 2104 644 842 1278 1712 393 728
131 1436 1717 129 1237 712 0 1176 334 1507 182 1546 1368 1633 359 537
1238 1787 2318 1233 894 1084 1176 0 1471 1663 1291 1612 2328 652 956 1599
235 1654 1492 240 1566 752 334 1471 0 1763 179 1508 1051 1961 544 227
1636 272 3224 1635 801 2104 1507 1663 1763 0 1678 2925 2791 1482 1717 1991
58 1594 1548 63 1417 644 182 1291 179 1678 0 1448 1187 1786 376 358
1454 2922 962 1452 2348 842 1546 1612 1508 2925 1448 0 1489 2258 1234 1390
1243 2651 803 1246 2604 1278 1368 2328 1051 2791 1187 1489 0 2910 1398 831
1727 1688 2962 1723 712 1712 1633 652 1961 1482 1786 2258 2910 0 1512 2128
337 1692 1568 333 1279 393 359 956 544 1717 376 1234 1398 1512 0 643
415 1879 1277 419 1775 728 537 1599 227 1991 358 1390 831 2128 643 0
