0 1712 1031 1571 306 1169 240 27 1605 285 1217 474 830 1715 39 803
1712 0 1186 2253 1853 2583 1595 1696 439 1647 1699 2025 2044 1750 1672 2503
1031 1186 0 2365 970 1468 1100 1035 849 1180 531 1499 1772 807 1003 1630
1571 2253 2365 0 1863 2631 1366 1548 2457 1296 2724 1239 797 3160 1569 1947
306 1853 970 1863 0 873 545 333 1677 592 1021 686 1098 1544 325 675
1169 2583 1468 2631 873 0 1409 1197 2308 1443 1154 1391 1834 1616 1194 779
240 1595 1100 1366 545 1409 0 213 1549 80 1373 445 677 1844 221 987
27 1696 1035 1548 333 1197 213 0 1596 259 1232 466 812 1728 32 823
1605 439 849 2457 1677 2308 1549 1596 0 1616 1323 1994 2107 1318 1568 2350
285 1647 1180 1296 592 1443 80 259 1616 0 1450 381 597 1924 275 977
1217 1699 531 2724 1021 1154 1373 1232 1323 1450 0 1681 2040 529 1204 1564
474 2025 1499 1239 686 1391 445 466 1994 381 1681 0 443 2187 498 752
830 2044 1772 797 1098 1834 677 812 2107 597 2040 443 0 2521 838 1163
1715 1750 807 3160 1544 1616 1844 1728 1318 1924 529 2187 2521 0 1698 2091
39 1672 1003 1569 325 1194 221 32 1568 275 1204 498 838 1698 0 842
803 2503 1630 1947 675 779 987 823 2350 977 1564 752 1163 2091 842 0
