0 592 331 644 571 749 842 523 465 315 797 827 847 749 375 676 830 787 400 146 480 650 854 465 507 750 653 74 210 736 300 861 187 776 517 743 451 1 142 320 318 320 423 667 606 799 126 769 458 472 646 424 433 227 215 848 336 472 196 381 480 647 306 799 328 233 243 88 40 329 248 193 489 165 725 801 276 635
592 0 913 1222 708 863 953 348 139 705 373 1406 554 866 679 109 994 787 931 494 908 1041 374 568 815 317 130 586 438 160 409 1421 453 1066 848 671 1035 594 453 274 304 703 424 1194 389 887 684 180 787 879 512 411 1022 692 730 417 924 167 477 973 795 1231 444 1175 396 558 384 590 599 897 635 732 943 638 684 1235 727 1138
331 913 0 420 802 956 1036 846 779 499 1127 581 1057 954 434 1003 809 1034 367 469 346 701 1186 607 664 1081 957 370 486 1063 553 659 467 675 656 1017 250 329 473 639 650 352 642 552 838 833 301 1085 619 367 947 738 122 274 214 1177 174 803 514 137 642 317 618 831 578 510 536 376 341 257 353 194 321 296 993 574 431 365
644 1222 420 0 844 933 983 1047 1104 587 1341 184 1461 930 853 1293 1214 1059 322 729 745 537 1415 1021 648 1307 1295 636 846 1352 928 239 824 1055 620 1093 194 642 772 959 923 771 1036 229 1230 1249 538 1403 624 773 1083 927 311 685 623 1385 310 1079 753 291 640 339 825 608 956 695 886 632 628 326 761 594 709 689 1059 867 533 650
571 708 802 844 0 184 281 370 680 304 602 1000 1210 185 934 709 1385 232 533 454 1046 412 688 970 201 593 834 497 674 752 749 948 661 1346 235 249 728 572 525 601 480 889 867 695 981 1333 515 858 219 1042 287 301 840 798 779 631 678 547 409 751 204 1046 332 509 766 338 656 484 534 593 812 750 1050 736 215 1353 372 1162
749 863 956 933 184 0 97 515 850 460 691 1069 1382 4 1116 848 1568 155 647 638 1220 428 776 1155 299 695 992 675 859 884 932 996 845 1525 319 260 847 750 709 781 658 1069 1050 751 1158 1517 682 998 339 1217 380 470 978 975 953 708 815 709 593 888 316 1174 515 471 950 519 840 661 711 726 993 922 1220 915 225 1518 525 1320
842 953 1036 983 281 97 0 604 945 546 759 1108 1478 96 1211 933 1665 197 713 734 1309 457 843 1252 372 769 1083 768 956 966 1030 1024 943 1618 386 320 912 843 806 878 756 1163 1148 787 1255 1615 770 1083 417 1308 458 566 1051 1068 1043 772 889 802 690 961 393 1240 613 470 1048 614 938 754 804 799 1088 1012 1309 1008 291 1603 609 1402
523 348 846 1047 370 515 604 0 359 465 294 1224 885 518 789 338 1198 442 727 379 972 746 369 756 513 261 478 475 497 382 534 1208 497 1214 549 334 882 525 399 347 241 776 622 962 680 1116 553 488 497 954 179 119 928 717 728 340 790 206 332 856 499 1148 230 865 541 356 454 470 506 732 694 712 992 650 342 1305 513 1156
465 139 779 1104 680 850 945 359 0 621 476 1288 532 852 544 244 884 798 825 385 770 971 494 447 755 419 192 469 299 299 271 1311 315 941 784 693 914 467 331 145 217 565 302 1093 321 786 566 305 720 742 537 380 891 553 592 525 800 154 379 846 732 1096 374 1111 260 469 246 474 476 781 496 595 804 499 699 1099 632 999
315 705 499 587 304 460 546 465 621 0 757 761 1102 459 690 752 1145 536 265 260 764 359 835 770 192 727 808 244 484 807 573 742 464 1079 202 533 442 315 338 493 406 631 701 499 859 1114 225 883 142 765 498 346 537 531 500 800 377 543 245 450 165 748 264 505 598 151 489 230 275 297 563 467 762 477 504 1057 68 861
797 373 1127 1341 602 691 759 294 476 757 0 1518 907 695 1002 280 1359 564 1021 658 1211 1008 86 923 780 56 477 758 722 273 729 1498 728 1413 816 439 1176 799 661 547 484 1007 778 1249 762 1257 842 396 772 1188 318 414 1216 966 987 51 1082 356 616 1146 770 1436 522 1111 725 650 670 755 786 1027 928 978 1238 902 469 1546 807 1416
827 1406 581 184 1000 1069 1108 1224 1288 761 1518 0 1635 1066 1015 1477 1346 1205 497 913 881 651 1594 1188 799 1485 1479 820 1027 1536 1108 140 1005 1172 768 1250 375 825 956 1143 1107 934 1212 320 1407 1393 722 1587 782 913 1252 1105 463 853 792 1561 491 1263 936 464 795 407 1006 688 1135 875 1068 816 812 510 931 765 841 863 1215 949 711 744
847 554 1057 1461 1210 1382 1478 885 532 1102 907 1635 0 1385 643 627 661 1328 1247 842 858 1462 880 458 1263 856 432 890 638 637 547 1693 661 825 1288 1218 1269 848 767 619 733 717 427 1514 243 525 973 525 1222 819 1060 912 1180 783 843 943 1154 680 859 1171 1238 1335 890 1608 519 956 617 901 878 1170 704 869 905 772 1227 1099 1093 1106
749 866 954 930 185 4 96 518 852 459 695 1066 1385 0 1117 851 1569 159 645 639 1219 424 781 1156 297 700 995 675 860 887 934 992 846 1525 316 264 845 750 710 783 660 1069 1052 747 1160 1518 682 1002 337 1217 384 473 976 975 953 712 814 711 594 886 315 1171 517 467 951 520 842 661 711 724 993 921 1220 915 229 1517 524 1319
375 679 434 853 934 1116 1211 789 544 690 1002 1015 643 1117 0 788 455 1137 716 480 239 1011 1033 185 882 947 668 448 291 840 274 1092 293 426 891 1073 672 374 417 457 548 81 279 956 454 432 479 814 833 204 949 726 552 180 237 1054 567 646 528 563 855 692 626 1157 283 596 336 462 415 614 127 272 281 215 1062 556 646 486
676 109 1003 1293 709 848 933 338 244 752 280 1477 627 851 788 0 1102 755 992 565 1015 1070 269 678 839 229 197 662 538 60 516 1482 552 1176 874 633 1109 678 535 367 369 809 533 1248 487 992 758 150 816 987 478 427 1109 793 828 320 1001 213 540 1055 822 1321 487 1196 505 611 484 664 679 967 739 828 1049 736 652 1343 782 1242
830 994 809 1214 1385 1568 1665 1198 884 1145 1359 1346 661 1569 455 1102 0 1580 1145 930 468 1457 1369 443 1337 1303 929 904 718 1140 664 1449 728 211 1346 1506 1060 830 861 851 963 517 583 1360 631 136 931 1071 1288 442 1370 1155 903 621 666 1408 973 1022 976 946 1311 957 1067 1601 656 1050 750 918 870 1037 582 703 505 669 1499 522 1099 633
787 787 1034 1059 232 155 197 442 798 536 564 1205 1328 159 1137 755 1580 0 758 658 1267 575 648 1150 412 577 917 715 861 783 924 1139 851 1557 439 125 956 788 720 754 632 1099 1032 890 1117 1516 743 904 441 1260 277 434 1071 1014 1000 575 909 647 609 983 422 1276 512 626 938 554 833 703 753 824 1019 972 1273 949 103 1579 604 1392
400 931 367 322 533 647 713 727 825 265 1021 497 1247 645 716 992 1145 758 0 440 702 334 1096 848 349 988 1018 364 609 1050 700 490 587 1033 328 779 200 399 500 684 627 639 822 270 1006 1146 274 1112 316 716 761 607 346 535 482 1064 195 778 453 258 335 527 511 465 728 382 636 356 370 110 597 445 684 509 747 937 214 721
146 494 469 729 454 638 734 379 385 260 658 913 842 639 480 565 930 658 440 0 617 619 719 525 435 613 577 100 230 625 316 927 213 898 454 604 544 147 78 244 195 441 443 708 599 882 193 675 389 606 501 278 559 360 358 708 437 353 51 495 409 778 161 766 339 124 229 99 127 403 361 338 631 294 589 943 254 781
480 908 346 745 1046 1220 1309 972 770 764 1211 881 858 1219 239 1015 468 1267 702 617 0 1030 1250 412 951 1157 905 551 489 1069 499 981 483 330 951 1222 594 478 575 666 736 206 518 897 688 513 539 1050 902 38 1116 890 434 258 267 1263 517 856 669 482 926 509 778 1167 513 713 542 563 514 591 282 297 47 325 1205 334 705 250
650 1041 701 537 412 428 457 746 971 359 1008 651 1462 424 1011 1070 1457 575 334 619 1030 0 1093 1115 232 993 1154 588 838 1121 929 569 818 1359 197 646 510 650 696 850 754 941 1057 330 1219 1443 533 1212 254 1040 698 643 675 836 791 1040 529 875 603 590 248 830 600 148 954 507 848 575 612 443 885 754 1014 796 609 1271 376 1054
854 374 1186 1415 688 776 843 369 494 835 86 1594 880 781 1033 269 1369 648 1096 719 1250 1093 0 939 864 108 460 820 761 244 758 1577 770 1435 900 523 1246 856 715 584 536 1044 794 1329 756 1261 908 357 855 1224 404 488 1279 1011 1036 78 1150 395 680 1212 853 1497 592 1197 751 721 708 817 846 1098 967 1029 1279 948 554 1583 882 1462
465 568 607 1021 970 1155 1252 756 447 770 923 1188 458 1156 185 678 443 1150 848 525 412 1115 939 0 956 866 528 528 296 723 226 1257 312 498 972 1069 834 465 448 408 524 260 145 1103 277 365 587 676 909 374 929 719 728 336 397 972 723 579 563 729 930 877 642 1264 215 649 316 542 503 756 260 427 458 341 1065 700 739 663
507 815 664 648 201 299 372 513 755 192 780 799 1263 297 882 839 1337 412 349 435 951 232 864 956 0 762 931 435 664 890 751 746 646 1269 36 450 549 507 514 644 538 823 878 493 1023 1304 414 982 49 953 476 412 680 722 690 814 517 648 407 590 26 874 380 359 774 312 663 420 467 427 755 656 946 669 415 1234 245 1030
750 317 1081 1307 593 695 769 261 419 727 56 1485 856 700 947 229 1303 577 988 613 1157 993 108 866 762 0 425 714 668 229 673 1469 675 1356 798 451 1138 752 612 492 434 952 721 1222 707 1201 800 354 751 1134 316 380 1173 914 937 106 1042 301 573 1105 750 1391 483 1101 669 613 616 711 740 989 875 928 1185 850 478 1492 774 1364
653 130 957 1295 834 992 1083 478 192 808 477 1479 432 995 668 197 929 917 1018 577 905 1154 460 528 931 425 0 661 471 218 418 1504 490 1023 962 801 1104 655 523 337 402 706 392 1286 300 812 759 148 900 872 642 534 1073 714 760 516 990 287 570 1032 910 1272 553 1290 398 658 421 667 667 973 648 768 944 668 815 1220 823 1145
74 586 370 636 497 675 768 475 469 244 758 820 890 675 448 662 904 715 364 100 551 588 820 528 435 714 661 0 253 722 345 842 232 850 447 675 448 75 138 324 294 394 472 634 647 870 97 767 386 545 586 369 458 300 284 808 339 451 143 394 408 677 249 737 372 161 274 14 37 311 321 258 558 240 656 868 211 695
210 438 486 846 674 859 956 497 299 484 722 1027 638 860 291 538 718 861 609 230 489 838 761 296 664 668 471 253 0 596 91 1069 23 716 682 788 652 211 152 177 256 284 219 878 396 659 335 602 618 466 659 438 603 254 292 774 536 367 266 569 638 801 349 987 118 354 54 265 240 538 206 298 517 200 780 823 463 704
736 160 1063 1352 752 884 966 382 299 807 273 1536 637 887 840 60 1140 783 1050 625 1069 1121 244 723 890 229 218 722 596 0 570 1540 610 1222 924 659 1169 738 595 426 429 864 580 1305 517 1027 818 125 868 1040 508 478 1169 850 886 306 1061 272 599 1115 873 1381 543 1245 557 668 541 723 739 1027 795 887 1104 794 681 1396 839 1298
300 409 553 928 749 932 1030 534 271 573 729 1108 547 934 274 516 664 924 700 316 499 929 758 226 751 673 418 345 91 570 0 1154 114 687 770 843 734 301 237 189 298 294 128 968 306 592 426 558 705 470 705 493 673 296 346 780 618 374 347 646 725 861 417 1077 27 439 92 357 331 626 230 359 534 256 838 828 554 731
861 1421 659 239 948 996 1024 1208 1311 742 1498 140 1693 992 1092 1482 1449 1139 490 927 981 569 1577 1257 746 1469 1504 842 1069 1540 1154 0 1046 1285 712 1196 424 860 980 1167 1117 1010 1266 253 1459 1488 746 1601 738 1010 1215 1089 549 922 860 1538 539 1269 944 529 747 533 1000 581 1182 872 1105 836 840 533 997 830 943 922 1160 1076 702 866
187 453 467 824 661 845 943 497 315 464 728 1005 661 846 293 552 728 851 587 213 483 818 770 312 646 675 490 232 23 610 114 1046 0 719 664 782 630 188 136 187 256 280 240 855 419 671 312 620 600 461 655 433 583 242 276 780 513 375 252 547 620 782 339 966 141 337 69 244 217 515 200 280 509 184 772 817 441 693
776 1066 675 1055 1346 1525 1618 1214 941 1079 1413 1172 825 1525 426 1176 211 1557 1033 898 330 1359 1435 498 1269 1356 1023 850 716 1222 687 1285 719 0 1272 1497 919 775 840 875 973 457 642 1222 744 327 855 1170 1220 319 1375 1151 752 550 579 1463 847 1061 948 808 1244 773 1050 1498 688 1008 759 864 814 922 537 614 354 610 1485 311 1024 438
517 848 656 620 235 319 386 549 784 202 816 768 1288 316 891 874 1346 439 328 454 951 197 900 972 36 798 962 447 682 924 770 712 664 1272 0 484 528 518 533 670 567 830 898 459 1047 1317 418 1016 65 955 512 446 665 728 693 850 504 681 429 575 52 855 410 327 794 333 683 432 477 413 764 658 945 677 448 1228 248 1021
743 671 1017 1093 249 260 320 334 693 533 439 1250 1218 264 1073 633 1506 125 779 604 1222 646 523 1069 450 451 801 675 788 659 843 1196 782 1497 484 0 970 744 657 665 545 1043 944 943 1014 1434 718 781 468 1211 158 350 1069 965 958 451 910 540 553 983 454 1281 447 718 854 515 755 664 712 830 961 934 1233 898 37 1543 600 1366
451 1035 250 194 728 847 912 882 914 442 1176 375 1269 845 672 1109 1060 956 200 544 594 510 1246 834 549 1138 1104 448 652 1169 734 424 630 919 528 970 0 449 582 768 740 591 843 303 1037 1083 351 1214 514 617 939 763 175 499 437 1222 116 897 573 113 534 327 654 621 762 525 692 445 437 149 573 406 565 498 940 777 379 556
1 594 329 642 572 750 843 525 467 315 799 825 848 750 374 678 830 788 399 147 478 650 856 465 507 752 655 75 211 738 301 860 188 775 518 744 449 0 144 321 320 319 424 666 607 799 125 771 458 471 648 426 431 225 213 850 334 474 198 379 481 645 308 798 329 235 244 89 40 327 247 191 488 164 727 799 276 633
142 453 473 772 525 709 806 399 331 338 661 956 767 710 417 535 861 720 500 78 575 696 715 448 514 612 523 138 152 595 237 980 136 840 533 657 582 144 0 186 178 387 364 770 523 808 235 632 468 560 541 315 575 318 329 712 470 330 115 520 487 789 209 844 260 202 151 144 145 449 305 317 594 251 645 907 326 758
320 274 639 959 601 781 878 347 145 493 547 1143 619 783 457 367 851 754 684 244 666 850 584 408 644 492 337 324 177 426 189 1167 187 875 670 665 768 321 186 0 123 460 279 953 382 771 421 449 605 641 521 320 749 429 462 598 655 190 247 701 620 957 272 994 194 343 123 330 331 636 383 461 694 370 663 999 497 881
318 304 650 923 480 658 756 241 217 406 484 1107 733 660 548 369 963 632 627 195 736 754 536 524 538 434 402 294 256 429 298 1117 256 973 567 545 740 320 178 123 0 536 400 889 501 888 389 485 502 716 407 197 749 484 503 536 633 157 173 689 515 965 158 893 309 255 214 295 314 597 455 493 759 419 542 1070 423 932
320 703 352 771 889 1069 1163 776 565 631 1007 934 717 1069 81 809 517 1099 639 441 206 941 1044 260 823 952 706 394 284 864 294 1010 280 457 830 1043 591 319 387 460 536 0 331 876 516 506 414 850 774 181 927 702 471 105 158 1058 486 651 491 481 797 618 595 1087 309 550 336 408 359 536 82 194 239 154 1029 539 583 439
423 424 642 1036 867 1050 1148 622 302 701 778 1212 427 1052 279 533 583 1032 822 443 518 1057 794 145 878 721 392 472 219 580 128 1266 240 642 898 944 843 424 364 279 400 331 0 1088 196 494 549 540 833 484 799 598 764 370 428 827 727 438 472 748 852 938 534 1205 104 566 215 484 456 743 293 449 560 348 943 828 682 765
667 1194 552 229 695 751 787 962 1093 499 1249 320 1514 747 956 1248 1360 890 270 708 897 330 1329 1103 493 1222 1286 634 878 1305 968 253 855 1222 459 943 303 666 770 953 889 876 1088 0 1274 1377 543 1374 485 919 962 845 474 777 718 1288 390 1037 717 415 494 561 762 381 995 638 906 626 639 347 845 683 869 761 907 1068 467 847
606 389 838 1230 981 1158 1255 680 321 859 762 1407 243 1160 454 487 631 1117 1006 599 688 1219 756 277 1023 707 300 647 396 517 306 1459 419 744 1047 1014 1037 607 523 382 501 516 196 1274 0 512 731 439 982 651 859 689 960 565 623 806 921 475 618 943 998 1130 655 1365 278 714 374 658 636 932 487 645 732 544 1019 974 849 938
799 887 833 1249 1333 1517 1615 1116 786 1114 1257 1393 525 1518 432 992 136 1516 1146 882 513 1443 1261 365 1304 1201 812 870 659 1027 592 1488 671 327 1317 1434 1083 799 808 771 888 506 494 1377 512 0 910 951 1256 480 1292 1085 938 610 663 1304 986 931 924 970 1278 1019 1006 1590 579 1005 682 884 839 1042 557 700 556 647 1430 633 1074 714
126 684 301 538 515 682 770 553 566 225 842 722 973 682 479 758 931 743 274 193 539 533 908 587 414 800 759 97 335 818 426 746 312 855 418 718 351 125 235 421 389 414 549 543 731 910 0 864 364 540 646 441 375 310 276 891 244 546 227 304 388 595 323 680 453 208 363 94 96 214 353 242 538 263 695 838 169 649
769 180 1085 1403 858 998 1083 488 305 883 396 1587 525 1002 814 150 1071 904 1112 675 1050 1212 357 676 982 354 148 767 602 125 558 1601 620 1170 1016 781 1214 771 632 449 485 850 540 1374 439 951 864 0 957 1018 627 571 1197 851 894 425 1103 339 658 1150 964 1402 619 1341 540 737 550 770 778 1077 788 900 1088 802 801 1368 907 1289
458 787 619 624 219 339 417 497 720 142 772 782 1222 337 833 816 1288 441 316 389 902 254 855 909 49 751 900 386 618 868 705 738 600 1220 65 468 514 458 468 605 502 774 833 485 982 1256 364 957 0 904 477 390 639 673 640 809 476 620 364 549 24 837 346 390 729 268 618 372 417 387 705 606 898 619 434 1187 196 984
472 879 367 773 1042 1217 1308 954 742 765 1188 913 819 1217 204 987 442 1260 716 606 38 1040 1224 374 953 1134 872 545 466 1040 470 1010 461 319 955 1211 617 471 560 641 716 181 484 919 651 480 540 1018 904 0 1101 876 462 246 264 1239 535 832 658 504 928 545 765 1180 483 706 517 558 508 606 261 297 86 312 1195 358 708 288
646 512 947 1083 287 380 458 179 537 498 318 1252 1060 384 949 478 1370 277 761 501 1116 698 404 929 476 316 642 586 659 508 705 1215 655 1375 512 158 939 648 541 521 407 927 799 962 859 1292 646 627 477 1101 0 225 1014 858 860 344 863 383 449 933 470 1232 339 795 714 437 621 577 621 792 845 839 1131 791 173 1444 560 1280
424 411 738 927 301 470 566 119 380 346 414 1105 912 473 726 427 1155 434 607 278 890 643 488 719 412 380 534 369 438 478 493 1089 433 1151 446 350 763 426 315 320 197 702 598 845 689 1085 441 571 390 876 225 0 815 632 636 459 673 246 228 740 394 1035 119 769 505 238 404 362 402 614 619 617 906 565 345 1220 393 1060
433 1022 122 311 840 978 1051 928 891 537 1216 463 1180 976 552 1109 903 1071 346 559 434 675 1279 728 680 1173 1073 458 603 1169 673 549 583 752 665 1069 175 431 575 749 749 471 764 474 960 938 375 1197 639 462 1014 815 0 397 337 1265 162 904 600 90 661 219 698 793 698 579 651 461 434 252 475 315 401 418 1041 603 469 382
227 692 274 685 798 975 1068 717 553 531 966 853 783 975 180 793 621 1014 535 360 258 836 1011 336 722 914 714 300 254 850 296 922 242 550 728 965 499 225 318 429 484 105 370 777 565 610 310 851 673 246 858 632 397 0 61 1018 390 615 412 393 696 569 520 981 319 460 309 314 264 434 78 93 275 67 949 588 480 451
215 730 214 623 779 953 1043 728 592 500 987 792 843 953 237 828 666 1000 482 358 267 791 1036 397 690 937 760 284 292 886 346 860 276 579 693 958 437 213 329 462 503 158 428 718 623 663 276 894 640 264 860 636 337 61 0 1039 330 642 410 331 664 515 520 934 370 446 346 297 247 378 139 36 274 92 940 585 445 429
848 417 1177 1385 631 708 772 340 525 800 51 1561 943 712 1054 320 1408 575 1064 708 1263 1040 78 972 814 106 516 808 774 306 780 1538 780 1463 850 451 1222 850 712 598 536 1058 827 1288 806 1304 891 425 809 1239 344 459 1265 1018 1039 0 1130 407 665 1195 805 1485 570 1139 776 697 722 804 836 1073 980 1029 1290 954 483 1597 851 1467
336 924 174 310 678 815 889 790 800 377 1082 491 1154 814 567 1001 973 909 195 437 517 529 1150 723 517 1042 990 339 536 1061 618 539 513 847 504 910 116 334 470 655 633 486 727 390 921 986 244 1103 476 535 863 673 162 390 330 1130 0 790 471 73 498 371 560 658 645 435 576 338 324 91 462 296 494 384 881 741 309 526
472 167 803 1079 547 709 802 206 154 543 356 1263 680 711 646 213 1022 647 778 353 856 875 395 579 648 301 287 451 367 272 374 1269 375 1061 681 540 897 474 330 190 157 651 438 1037 475 931 546 339 620 832 383 246 904 615 642 407 790 0 327 846 629 1119 279 1007 373 399 314 452 470 754 573 637 884 553 547 1190 570 1067
196 477 514 753 409 593 690 332 379 245 616 936 859 594 528 540 976 609 453 51 669 603 680 563 407 573 570 143 266 599 347 944 252 948 429 553 573 198 115 247 173 491 472 717 618 924 227 658 364 658 449 228 600 412 410 665 471 327 0 531 381 819 110 748 369 96 257 138 174 428 411 389 683 345 538 995 253 832
381 973 137 291 751 888 961 856 846 450 1146 464 1171 886 563 1055 946 983 258 495 482 590 1212 729 590 1105 1032 394 569 1115 646 529 547 808 575 983 113 379 520 701 689 481 748 415 943 970 304 1150 549 504 933 740 90 393 331 1195 73 846 531 0 571 299 625 712 673 502 613 395 375 162 469 303 454 399 955 682 382 464
480 795 642 640 204 316 393 499 732 165 770 795 1238 315 855 822 1311 422 335 409 926 248 853 930 26 750 910 408 638 873 725 747 620 1244 52 454 534 481 487 620 515 797 852 494 998 1278 388 964 24 928 470 394 661 696 664 805 498 629 381 571 0 858 358 379 748 286 637 394 440 409 728 630 922 643 419 1211 220 1008
647 1231 317 339 1046 1174 1240 1148 1096 748 1436 407 1335 1171 692 1321 957 1276 527 778 509 830 1497 877 874 1391 1272 677 801 1381 861 533 782 773 855 1281 327 645 789 957 965 618 938 561 1130 1019 595 1402 837 545 1232 1035 219 569 515 1485 371 1119 819 299 858 0 918 926 885 799 852 681 652 453 644 504 464 605 1253 542 681 338
306 444 618 825 332 515 613 230 374 264 522 1006 890 517 626 487 1067 512 511 161 778 600 592 642 380 483 553 249 349 543 417 1000 339 1050 410 447 654 308 209 272 158 595 534 762 655 1006 323 619 346 765 339 119 698 520 520 570 560 279 110 625 358 918 0 737 434 130 325 242 283 505 514 500 792 453 435 1105 298 941
799 1175 831 608 509 471 470 865 1111 505 1111 688 1608 467 1157 1196 1601 626 465 766 1167 148 1197 1264 359 1101 1290 737 987 1245 1077 581 966 1498 327 718 621 798 844 994 893 1087 1205 381 1365 1590 680 1341 390 1180 795 769 793 981 934 1139 658 1007 748 712 379 926 737 0 1102 652 995 723 760 576 1032 897 1149 942 680 1394 525 1175
328 396 578 956 766 950 1048 541 260 598 725 1135 519 951 283 505 656 938 728 339 513 954 751 215 774 669 398 372 118 557 27 1182 141 688 794 854 762 329 260 194 309 309 104 995 278 579 453 540 729 483 714 505 698 319 370 776 645 373 369 673 748 885 434 1102 0 462 111 384 358 653 250 384 549 281 851 838 580 748
233 558 510 695 338 519 614 356 469 151 650 875 956 520 596 611 1050 554 382 124 713 507 721 649 312 613 658 161 354 668 439 872 337 1008 333 515 525 235 202 343 255 550 566 638 714 1005 208 737 268 706 437 238 579 460 446 697 435 399 96 502 286 799 130 652 462 0 351 149 199 376 473 420 720 397 495 1029 170 851
243 384 536 886 656 840 938 454 246 489 670 1068 617 842 336 484 750 833 636 229 542 848 708 316 663 616 421 274 54 541 92 1105 69 759 683 755 692 244 151 123 214 336 215 906 374 682 363 550 618 517 621 404 651 309 346 722 576 314 257 613 637 852 325 995 111 351 0 284 267 572 260 350 571 253 749 875 476 759
88 590 376 632 484 661 754 470 474 230 755 816 901 661 462 664 918 703 356 99 563 575 817 542 420 711 667 14 265 723 357 836 244 864 432 664 445 89 144 330 295 408 484 626 658 884 94 770 372 558 577 362 461 314 297 804 338 452 138 395 394 681 242 723 384 149 284 0 50 307 336 270 570 254 645 879 198 704
40 599 341 628 534 711 804 506 476 275 786 812 878 711 415 679 870 753 370 127 514 612 846 503 467 740 667 37 240 739 331 840 217 814 477 712 437 40 145 331 314 359 456 639 636 839 96 778 417 508 621 402 434 264 247 836 324 470 174 375 440 652 283 760 358 199 267 50 0 307 288 221 521 204 693 831 236 659
329 897 257 326 593 726 799 732 781 297 1027 510 1170 724 614 967 1037 824 110 403 591 443 1098 756 427 989 973 311 538 1027 626 533 515 922 413 830 149 327 449 636 597 536 743 347 932 1042 214 1077 387 606 792 614 252 434 378 1073 91 754 428 162 409 453 505 576 653 376 572 307 307 0 500 342 573 414 800 830 232 616
248 635 353 761 812 993 1088 694 496 563 928 931 704 993 127 739 582 1019 597 361 282 885 967 260 755 875 648 321 206 795 230 997 200 537 764 961 573 247 305 383 455 82 293 845 487 557 353 788 705 261 845 619 475 78 139 980 462 573 411 469 728 644 514 1032 250 473 260 336 288 500 0 167 311 89 948 617 518 502
193 732 194 594 750 922 1012 712 595 467 978 765 869 921 272 828 703 972 445 338 297 754 1029 427 656 928 768 258 298 887 359 830 280 614 658 934 406 191 317 461 493 194 449 683 645 700 242 900 606 297 839 617 315 93 36 1029 296 637 389 303 630 504 500 897 384 420 350 270 221 342 167 0 300 102 915 609 410 443
489 943 321 709 1050 1220 1309 992 804 762 1238 841 905 1220 281 1049 505 1273 684 631 47 1014 1279 458 946 1185 944 558 517 1104 534 943 509 354 945 1233 565 488 594 694 759 239 560 869 732 556 538 1088 898 86 1131 906 401 275 274 1290 494 884 683 454 922 464 792 1149 549 720 571 570 521 573 311 300 0 342 1215 313 701 205
165 638 296 689 736 915 1008 650 499 477 902 863 772 915 215 736 669 949 509 294 325 796 948 341 669 850 668 240 200 794 256 922 184 610 677 898 498 164 251 370 419 154 348 761 544 647 263 802 619 312 791 565 418 67 92 954 384 553 345 399 643 605 453 942 281 397 253 254 204 414 89 102 342 0 883 655 430 513
725 684 993 1059 215 225 291 342 699 504 469 1215 1227 229 1062 652 1499 103 747 589 1205 609 554 1065 415 478 815 656 780 681 838 1160 772 1485 448 37 940 727 645 663 542 1029 943 907 1019 1430 695 801 434 1195 173 345 1041 949 940 483 881 547 538 955 419 1253 435 680 851 495 749 645 693 800 948 915 1215 883 0 1524 572 1344
801 1235 574 867 1353 1518 1603 1305 1099 1057 1546 949 1099 1517 556 1343 522 1579 937 943 334 1271 1583 700 1234 1492 1220 868 823 1396 828 1076 817 311 1228 1543 777 799 907 999 1070 539 828 1068 974 633 838 1368 1187 358 1444 1220 603 588 585 1597 741 1190 995 682 1211 542 1105 1394 838 1029 875 879 831 830 617 609 313 655 1524 0 993 221
276 727 431 533 372 525 609 513 632 68 807 711 1093 524 646 782 1099 604 214 254 705 376 882 739 245 774 823 211 463 839 554 702 441 1024 248 600 379 276 326 497 423 583 682 467 849 1074 169 907 196 708 560 393 469 480 445 851 309 570 253 382 220 681 298 525 580 170 476 198 236 232 518 410 701 430 572 993 0 794
635 1138 365 650 1162 1320 1402 1156 999 861 1416 744 1106 1319 486 1242 633 1392 721 781 250 1054 1462 663 1030 1364 1145 695 704 1298 731 866 693 438 1021 1366 556 633 758 881 932 439 765 847 938 714 649 1289 984 288 1280 1060 382 451 429 1467 526 1067 832 464 1008 338 941 1175 748 851 759 704 659 616 502 443 205 513 1344 221 794 0
