0 967 1043 817 171 843 748 1520 513 510 1537 1004 348 1672 385 959 373
967 0 1963 1421 1117 1809 1237 1204 547 1389 1697 1197 691 722 1137 102 1337
1043 1963 0 1431 960 526 1508 2022 1557 574 1585 1318 1391 2684 1167 1975 689
817 1421 1431 0 702 950 200 2297 887 1140 2350 1822 797 1964 432 1356 866
171 1117 960 702 0 694 670 1682 624 489 1652 1135 454 1809 282 1100 270
843 1809 526 950 694 0 1063 2182 1313 618 1913 1518 1144 2504 790 1795 491
748 1237 1508 200 670 1063 0 2169 717 1146 2282 1740 651 1764 388 1168 884
1520 1204 2022 2297 1682 2182 2169 0 1495 1568 780 705 1519 1587 1884 1305 1726
513 547 1557 887 624 1313 717 1495 0 1012 1757 1204 170 1195 592 503 879
510 1389 574 1140 489 618 1146 1568 1012 0 1324 900 855 2111 760 1405 275
1537 1697 1585 2350 1652 1913 2282 780 1757 1324 0 555 1703 2251 1919 1783 1570
1004 1197 1318 1822 1135 1518 1740 705 1204 900 555 0 1149 1824 1390 1274 1103
348 691 1391 797 454 1144 651 1519 170 855 1703 1149 0 1361 449 659 710
1672 722 2684 1964 1809 2504 1764 1587 1195 2111 2251 1824 1361 0 1775 713 2046
385 1137 1167 432 282 790 388 1884 592 760 1919 1390 449 1775 0 1095 506
959 102 1975 1356 1100 1795 1168 1305 503 1405 1783 1274 659 713 1095 0 1333
373 1337 689 866 270 491 884 1726 879 275 1570 1103 710 2046 506 1333 0
