0 1465 606 1204 1495 150 1586 621 1277 368 1398 487 394 638 925 317
1465 0 1505 1659 322 1616 1287 1229 632 1798 70 1032 1076 1654 2163 1666
606 1505 0 1781 1403 641 1121 277 1569 589 1452 552 720 1244 668 901
1204 1659 1781 0 1897 1252 2491 1685 1064 1477 1598 1364 1122 638 2083 1022
1495 322 1403 1897 0 1642 987 1127 924 1790 347 1019 1133 1798 2071 1741
150 1616 641 1252 1642 0 1685 714 1415 244 1549 627 543 644 838 265
1586 1287 1121 2491 987 1685 0 970 1764 1701 1284 1175 1413 2142 1668 1902
621 1229 277 1685 1127 714 970 0 1332 753 1177 343 567 1220 944 938
1277 632 1569 1064 924 1415 1764 1332 0 1644 584 1016 909 1217 2145 1363
368 1798 589 1477 1790 244 1701 753 1644 0 1733 774 749 851 606 459
1398 70 1452 1598 347 1549 1284 1177 584 1733 0 970 1008 1584 2106 1597
487 1032 552 1364 1019 627 1175 343 1016 774 970 0 244 967 1156 772
394 1076 720 1122 1133 543 1413 567 909 749 1008 244 0 738 1238 608
638 1654 1244 638 1798 644 2142 1220 1217 851 1584 967 738 0 1455 392
925 2163 668 2083 2071 838 1668 944 2145 606 2106 1156 1238 1455 0 1064
317 1666 901 1022 1741 265 1902 938 1363 459 1597 772 608 392 1064 0
