0 746 46 556 1641 53 386 329 202 893 1611 929 539 200 1434 1293
746 0 701 1288 1849 746 445 946 773 528 2109 1661 987 844 1444 1945
46 701 0 602 1656 78 341 363 195 850 1645 975 560 231 1436 1336
556 1288 602 0 1533 544 938 399 644 1431 1240 373 580 454 1514 790
1641 1849 1656 1533 0 1587 1876 1346 1842 2320 807 1600 1104 1453 529 1273
53 746 78 544 1587 0 413 284 256 925 1566 918 486 152 1382 1263
386 445 341 938 1876 413 0 685 341 513 1958 1308 833 557 1573 1677
329 946 363 399 1346 284 685 0 517 1198 1282 745 250 131 1210 1006
202 773 195 644 1842 256 341 517 0 792 1784 1000 740 394 1631 1422
893 528 850 1431 2320 925 513 1198 792 0 2466 1792 1332 1070 1952 2187
1611 2109 1645 1240 807 1566 1958 1282 1784 2466 0 1114 1137 1414 1226 613
929 1661 975 373 1600 918 1308 745 1000 1792 1114 0 863 821 1699 544
539 987 560 580 1104 486 833 250 740 1332 1137 863 0 348 963 985
200 844 231 454 1453 152 557 131 394 1070 1414 821 348 0 1281 1126
1434 1444 1436 1514 529 1382 1573 1210 1631 1952 1226 1699 963 1281 0 1530
1293 1945 1336 790 1273 1263 1677 1006 1422 2187 613 544 985 1126 1530 0
