0 666 1245 216 1366 785 1697 1238 948 1138 731 124 1426 353 1015 119
666 0 1658 577 1476 1403 2337 589 1358 1209 1385 724 1939 728 1115 780
1245 1658 0 1152 712 727 1958 2010 1988 775 924 1328 400 1577 2235 1162
216 577 1152 0 1181 826 1872 1105 1162 942 823 339 1387 541 1183 272
1366 1476 712 1181 0 1246 2562 1621 2283 267 1418 1485 1106 1716 2365 1341
785 1403 727 826 1246 0 1319 1915 1298 1150 198 810 718 1028 1633 669
1697 2337 1958 1872 2562 1319 0 2924 1269 2465 1168 1616 1727 1645 1835 1603
1238 589 2010 1105 1621 1915 2924 0 1921 1373 1928 1308 2348 1313 1590 1345
948 1358 1988 1162 2283 1298 1269 1921 0 2074 1114 823 2010 657 565 945
1138 1209 775 942 267 1150 2465 1373 2074 0 1300 1260 1173 1482 2120 1128
731 1385 924 823 1418 198 1168 1928 1114 1300 0 726 895 915 1484 612
124 724 1328 339 1485 810 1616 1308 823 1260 726 0 1482 249 913 166
1426 1939 400 1387 1106 718 1727 2348 2010 1173 895 1482 0 1718 2346 1322
353 728 1577 541 1716 1028 1645 1313 657 1482 915 249 1718 0 664 415
1015 1115 2235 1183 2365 1633 1835 1590 565 2120 1484 913 2346 664 0 1077
119 780 1162 272 1341 669 1603 1345 945 1128 612 166 1322 415 1077 0
