0 658 560 1169 1001 890 928 1687 917 1353 1285 24 250 248 1084 1652 1075
658 0 805 634 1308 269 1584 1910 1248 1308 1910 680 407 490 740 1203 1613
560 805 0 988 510 893 1093 1164 443 1874 1262 575 571 416 1475 1994 867
1169 634 988 0 1362 379 2020 1782 1338 1888 2247 1194 941 930 1241 1525 1850
1001 1308 510 1362 0 1361 1125 688 87 2352 1088 1007 1071 916 1984 2504 604
890 269 893 379 1361 0 1799 1897 1314 1516 2089 914 643 683 887 1250 1749
928 1584 1093 2020 1125 1799 0 1684 1055 1935 470 907 1176 1116 1918 2492 660
1687 1910 1164 1782 688 1897 1684 0 775 3033 1478 1695 1735 1580 2624 3112 1037
917 1248 443 1338 87 1314 1055 775 0 2269 1048 922 995 840 1912 2437 572
1353 1308 1874 1888 2352 1516 1935 3033 2269 0 2400 1350 1309 1461 681 921 2359
1285 1910 1262 2247 1088 2089 470 1478 1048 2400 0 1269 1516 1420 2337 2912 486
24 680 575 1194 1007 914 907 1695 922 1350 1269 0 273 273 1094 1663 1067
250 407 571 941 1071 643 1176 1735 995 1309 1516 273 0 156 922 1470 1260
248 490 416 930 916 683 1116 1580 840 1461 1420 273 156 0 1074 1614 1131
1084 740 1475 1241 1984 887 1918 2624 1912 681 2337 1094 922 1074 0 574 2159
1652 1203 1994 1525 2504 1250 2492 3112 2437 921 2912 1663 1470 1614 574 0 2723
1075 1613 867 1850 604 1749 660 1037 572 2359 486 1067 1260 1131 2159 2723 0
