0 832 922 1513 894 810 817 308 1560 1296 335 1720 4 313 226 1578
832 0 292 1601 879 1216 1347 1108 2391 474 1161 2552 828 854 746 2407
922 292 0 1354 663 1084 1563 1225 2465 447 1256 2619 917 1032 905 2488
1513 1601 1354 0 731 761 2323 1730 2418 1718 1672 2515 1510 1816 1694 2468
894 879 663 731 0 510 1706 1171 2180 1083 1146 2314 889 1163 1030 2218
810 1216 1084 761 510 0 1589 983 1741 1530 917 1860 807 1123 1020 1784
817 1347 1563 2323 1706 1589 0 611 1442 1800 696 1607 821 553 691 1427
308 1108 1225 1730 1171 983 611 0 1292 1580 103 1457 313 337 378 1304
1560 2391 2465 2418 2180 1741 1442 1292 0 2857 1230 168 1564 1605 1670 62
1296 474 447 1718 1083 1530 1800 1580 2857 0 1629 3016 1292 1327 1221 2875
335 1161 1256 1672 1146 917 696 103 1230 1629 0 1393 339 432 454 1246
1720 2552 2619 2515 2314 1860 1607 1457 168 3016 1393 0 1724 1772 1835 182
4 828 917 1510 889 807 821 313 1564 1292 339 1724 0 316 226 1582
313 854 1032 1816 1163 1123 553 337 1605 1327 432 1772 316 0 137 1611
226 746 905 1694 1030 1020 691 378 1670 1221 454 1835 226 137 0 1681
1578 2407 2488 2468 2218 1784 1427 1304 62 2875 1246 182 1582 1611 1681 0
