0 319 363 1088 1584 878 366 1265 398 178 1621 1142 63 1181 1004 1420
319 0 629 1210 1267 605 161 1339 710 463 1889 1379 278 862 1303 1104
363 629 0 790 1828 1052 591 1523 396 185 1612 1219 427 1454 681 1665
1088 1210 790 0 2046 1268 1079 2313 1169 937 2256 1956 1144 1789 909 1905
1584 1267 1828 2046 0 803 1243 2241 1977 1700 3101 2561 1546 425 2502 163
878 605 1052 1268 803 0 511 1883 1273 953 2490 1984 859 527 1713 649
366 161 591 1079 1243 511 0 1495 762 457 1984 1490 352 863 1273 1080
1265 1339 1523 2313 2241 1883 1495 0 1169 1384 1206 756 1226 1838 1836 2110
398 710 396 1169 1977 1273 762 1169 0 350 1253 826 431 1568 747 1814
178 463 185 937 1700 953 457 1384 350 0 1604 1164 242 1312 840 1537
1621 1889 1612 2256 3101 2490 1984 1206 1253 1604 0 548 1632 2675 1416 2945
1142 1379 1219 1956 2561 1984 1490 756 826 1164 548 0 1141 2135 1255 2407
63 278 427 1144 1546 859 352 1226 431 242 1632 1141 0 1138 1064 1383
1181 862 1454 1789 425 527 863 1838 1568 1312 2675 2135 1138 0 2136 276
1004 1303 681 909 2502 1713 1273 1836 747 840 1416 1255 1064 2136 0 2341
1420 1104 1665 1905 163 649 1080 2110 1814 1537 2945 2407 1383 276 2341 0
