0 44 298 52 8 83 608 1403 1528 595 1004 709 448 358 606 1579
44 0 253 14 52 111 651 1442 1485 618 968 732 446 351 580 1536
298 253 0 247 306 345 903 1671 1240 792 786 890 516 419 479 1293
52 14 247 0 60 124 659 1453 1482 633 972 724 459 364 565 1527
8 52 306 60 0 78 599 1395 1536 589 1009 707 447 357 613 1587
83 111 345 124 78 0 560 1334 1552 511 995 758 381 298 688 1637
608 651 903 659 599 560 0 851 2102 498 1489 773 726 713 1135 2185
1403 1442 1671 1453 1395 1334 851 0 2738 936 2035 1576 1291 1340 1977 2961
1528 1485 1240 1482 1536 1552 2102 2738 0 1804 729 2068 1450 1418 1380 762
595 618 792 633 589 511 498 936 1804 0 1116 1133 355 410 1199 2051
1004 968 786 972 1009 995 1489 2035 729 1116 0 1674 778 775 1155 1243
709 732 890 724 707 758 773 1576 2068 1133 1674 0 1135 1057 732 1873
448 446 516 459 447 381 726 1291 1450 355 778 1135 0 99 980 1714
358 351 419 364 357 298 713 1340 1418 410 775 1057 99 0 880 1642
606 580 479 565 613 688 1135 1977 1380 1199 1155 732 980 880 0 1146
1579 1536 1293 1527 1587 1637 2185 2961 762 2051 1243 1873 1714 1642 1146 0
