0 268 307 668 505 762 603 798 271 193 128 260 800 347 841 339 359 625 758 252 51 175 748 561 515 534 132 549 78 440 368 621 579 266 522 119 583 157 829 223 405 321 303 722 76 653 25 271 540 459 490 805 395 376 190 259 754 689 81 374 737 718 715 302 33 410 461 577 412 230 750 559 712 435 59 50 73 713
268 0 70 655 772 576 814 809 190 451 370 236 1025 606 743 562 245 889 596 46 257 153 1007 739 550 597 384 284 247 610 432 680 399 3 552 388 486 391 598 390 666 578 434 480 228 433 287 533 496 721 320 1059 530 406 105 321 695 893 200 123 925 927 722 549 245 612 288 473 327 272 1014 826 530 540 251 288 271 974
307 70 0 723 804 506 812 877 260 498 420 205 1085 631 799 570 187 914 525 56 286 219 1027 805 508 667 410 245 301 676 503 750 442 74 508 425 421 410 535 389 712 626 420 420 253 367 322 578 562 766 249 1110 512 477 170 391 757 957 250 66 914 990 670 601 280 674 338 407 392 342 1058 857 568 514 302 317 294 1020
668 655 723 0 960 1201 1227 157 469 663 612 856 813 907 270 975 898 1103 1235 694 712 553 1240 490 1163 197 772 800 590 443 307 173 421 652 1168 707 1142 810 1162 891 766 699 970 1036 716 1036 690 708 162 802 970 981 1063 292 588 408 137 647 616 749 1377 685 1354 648 686 524 434 1129 332 443 1022 1010 441 1101 609 718 737 965
505 772 804 960 0 1182 396 1029 741 348 433 680 547 190 1204 328 791 143 1154 751 519 665 280 559 735 767 395 1050 546 531 678 829 1042 771 745 385 939 404 1291 479 195 264 525 1198 551 1114 485 272 899 176 930 416 529 719 692 641 1085 551 580 870 546 552 907 315 527 447 931 943 840 648 305 55 1166 591 534 487 510 298
762 576 506 1201 1182 0 1021 1359 762 950 890 514 1562 992 1213 870 405 1253 77 555 720 724 1332 1304 535 1170 811 420 786 1176 1009 1251 834 580 527 859 271 788 191 702 1149 1075 666 232 688 172 766 1020 1039 1199 272 1550 701 980 676 897 1207 1448 733 461 1052 1478 536 1063 729 1165 773 258 871 849 1473 1225 919 656 780 747 713 1447
603 814 812 1227 396 1021 0 1329 874 565 618 620 943 329 1433 264 709 347 970 775 581 775 352 917 492 1055 474 1039 677 853 921 1131 1179 814 502 526 751 446 1174 424 548 567 399 1112 598 1011 577 536 1125 554 825 794 328 946 777 839 1334 939 681 866 157 944 603 609 603 776 1060 762 1013 823 666 393 1313 365 658 558 558 677
798 809 877 157 1029 1359 1329 0 621 765 726 1001 793 1002 328 1086 1050 1170 1392 846 845 698 1305 505 1303 275 891 958 723 499 429 201 571 805 1309 822 1295 931 1319 1020 833 778 1101 1194 853 1194 818 797 320 861 1125 986 1191 426 737 542 216 635 754 906 1483 669 1498 729 819 582 592 1282 489 581 1046 1075 573 1233 741 847 870 989
271 190 260 469 741 762 874 621 0 394 307 390 892 607 590 610 428 874 785 225 295 101 1003 582 704 408 403 415 203 456 250 490 309 186 708 370 673 428 764 473 595 504 540 640 285 610 297 474 315 649 510 961 638 218 122 154 523 747 193 301 1005 784 890 463 271 477 192 661 154 114 937 797 441 664 220 316 320 891
193 451 498 663 348 950 565 765 394 0 87 439 614 245 883 323 545 484 941 441 230 324 617 416 636 490 167 735 207 315 360 569 694 449 645 97 754 207 1022 318 215 128 400 915 263 846 185 82 573 269 680 612 468 391 358 298 775 518 251 564 717 543 836 113 224 258 583 751 494 301 562 403 819 523 200 204 237 523
128 370 420 612 433 890 618 726 307 87 0 388 672 314 817 363 487 568 886 364 175 238 699 437 622 453 167 654 123 320 304 537 610 367 629 96 710 208 951 309 298 208 394 840 204 777 131 169 507 353 618 689 474 328 273 224 715 561 170 486 766 590 823 180 162 283 498 705 415 219 646 489 737 523 118 157 191 605
260 236 205 856 680 514 620 1001 390 439 388 0 1053 492 972 398 111 769 502 190 212 303 869 821 317 758 297 419 307 698 587 846 636 238 319 345 323 277 611 212 634 561 221 521 184 433 258 506 705 684 251 1036 308 577 268 467 913 949 260 249 713 977 499 552 227 671 523 317 543 423 962 727 766 309 295 235 201 934
800 1025 1085 813 547 1562 943 793 892 614 672 1053 0 677 1082 827 1158 628 1555 1029 843 875 723 337 1219 637 769 1300 784 444 682 640 1104 1022 1228 709 1366 803 1620 911 446 497 984 1505 874 1448 797 554 851 412 1291 228 1023 733 921 739 949 166 837 1148 1091 128 1410 501 833 416 1032 1364 899 779 344 554 1190 1086 786 818 851 301
347 606 631 907 190 992 329 1002 607 245 314 492 677 0 1128 151 603 283 964 580 349 519 401 593 556 728 222 876 404 523 605 803 916 605 566 237 750 221 1103 289 239 239 337 1013 379 926 323 206 818 264 741 587 353 636 537 537 1020 638 427 695 486 650 738 280 362 447 800 754 728 532 489 235 1046 416 389 318 336 473
841 743 799 270 1204 1213 1433 328 590 883 817 972 1082 1128 0 1172 986 1347 1262 788 876 689 1484 760 1289 462 962 793 763 705 526 442 379 740 1292 907 1214 996 1132 1058 1015 940 1129 1014 871 1041 866 940 309 1055 1023 1250 1226 491 710 594 133 916 773 803 1576 954 1466 888 850 783 462 1198 435 612 1288 1256 312 1254 782 890 902 1231
339 562 570 975 328 870 264 1086 610 323 363 398 827 151 1172 0 502 382 835 527 319 512 471 718 408 811 210 808 413 633 667 892 917 562 418 267 617 182 996 185 385 366 204 916 339 823 313 320 865 414 635 736 202 689 517 578 1076 780 417 629 404 795 586 396 341 565 797 623 750 560 633 362 1050 265 394 295 297 621
359 245 187 898 791 405 709 1050 428 545 487 111 1158 603 986 502 0 878 399 204 315 358 974 913 331 822 408 342 392 787 652 908 628 249 331 453 246 389 499 319 744 669 312 414 283 323 361 614 741 795 139 1146 385 634 315 533 941 1048 341 200 787 1077 483 657 325 767 525 235 572 485 1074 838 750 369 384 341 308 1045
625 889 914 1103 143 1253 347 1170 874 484 568 769 628 283 1347 382 878 0 1217 864 632 792 137 691 769 910 505 1160 674 671 822 970 1178 888 780 509 998 504 1376 559 337 407 587 1291 662 1201 603 413 1042 310 1014 453 567 862 815 780 1229 661 704 979 475 656 920 459 644 588 1065 1004 979 785 322 95 1304 625 661 600 620 340
758 596 525 1235 1154 77 970 1392 785 941 886 502 1555 964 1262 835 399 1217 0 569 713 738 1290 1310 480 1193 794 473 789 1183 1028 1275 882 599 471 847 221 768 268 676 1133 1063 631 304 682 230 759 1007 1073 1182 278 1532 657 1002 690 913 1248 1447 737 487 993 1476 463 1054 724 1166 813 213 903 864 1450 1195 973 608 782 737 703 1426
252 46 56 694 751 555 775 846 225 441 364 190 1029 580 788 527 204 864 569 0 232 169 979 752 504 626 359 298 245 623 459 711 445 48 506 370 448 362 591 351 656 569 391 477 201 421 267 522 536 710 291 1053 486 436 121 344 738 902 193 122 884 935 677 544 225 619 334 435 368 295 1002 804 576 495 245 264 243 964
51 257 286 712 519 720 581 845 295 230 175 212 843 349 876 319 315 632 713 232 0 195 750 611 465 583 127 531 121 491 416 671 598 256 471 143 534 139 795 182 436 356 258 691 33 618 45 303 579 489 449 838 353 420 197 303 794 736 103 352 709 764 664 342 26 459 479 529 443 270 777 571 732 389 103 31 26 743
175 153 219 553 665 724 775 698 101 324 238 303 875 519 689 512 358 792 738 169 195 0 919 585 611 463 307 426 118 457 293 549 404 149 616 284 605 330 752 371 536 445 439 633 184 586 200 407 405 591 460 919 537 276 48 175 617 740 95 276 904 775 801 410 171 460 285 594 254 127 883 720 538 564 131 217 219 840
748 1007 1027 1240 280 1332 352 1305 1003 617 699 869 723 401 1484 471 974 137 1290 979 750 919 0 820 825 1046 622 1271 802 806 959 1105 1309 1006 835 635 1069 617 1467 656 474 544 670 1388 778 1294 725 548 1179 444 1106 524 633 998 939 915 1366 776 828 1090 443 767 954 596 764 723 1196 1078 1112 918 389 230 1437 685 788 719 735 423
561 739 805 490 559 1304 917 505 582 416 437 821 337 593 760 718 913 691 1310 752 611 585 820 0 1052 303 582 997 520 128 351 322 768 735 1060 509 1144 624 1337 734 372 354 817 1216 637 1172 567 398 514 383 1034 490 883 401 634 427 628 174 573 862 1074 213 1252 322 594 158 703 1138 567 472 541 597 853 939 529 595 628 483
515 550 508 1163 735 535 492 1303 704 636 622 317 1219 556 1289 408 331 769 480 504 465 611 825 1052 0 1048 469 664 584 941 878 1135 948 553 10 542 264 429 702 318 773 729 237 664 452 557 500 674 1017 811 393 1144 206 877 582 762 1228 1149 549 532 517 1169 201 741 489 894 839 278 858 722 1041 766 1076 145 567 470 441 1029
534 597 667 197 767 1170 1055 275 408 490 453 758 637 728 462 811 822 910 1193 626 583 463 1046 303 1048 0 619 803 463 246 171 87 495 593 1054 549 1068 660 1162 753 572 509 836 1037 596 1016 553 524 219 606 916 790 923 190 508 291 332 470 501 709 1208 509 1246 459 559 327 458 1057 324 337 826 816 561 968 480 583 608 769
132 384 410 772 395 811 474 891 403 167 167 297 769 222 962 210 408 505 794 359 127 307 622 582 469 619 0 656 202 476 465 704 711 383 477 74 597 42 903 151 338 272 234 805 157 725 106 215 656 387 547 739 308 482 319 369 868 683 212 476 613 707 670 275 142 424 593 596 539 349 666 447 844 360 184 96 115 636
549 284 245 800 1050 420 1039 958 415 735 654 419 1300 876 793 808 342 1160 473 298 531 426 1271 997 664 803 656 0 531 870 661 875 414 286 661 669 481 655 362 624 951 862 640 236 499 248 566 817 640 1005 285 1343 723 621 383 569 792 1160 484 181 1127 1196 781 833 524 883 365 461 483 525 1298 1103 500 711 535 563 540 1258
78 247 301 590 546 786 677 723 203 207 123 307 784 404 763 413 392 674 789 245 121 118 802 520 584 463 202 531 0 394 294 551 512 245 590 167 629 233 836 301 421 331 380 722 132 664 102 290 461 476 515 811 473 299 150 182 675 661 53 366 814 693 782 301 96 378 395 621 336 151 769 601 644 511 19 128 147 728
440 610 676 443 531 1176 853 499 456 315 320 698 444 523 705 633 787 671 1183 623 491 457 806 128 941 246 476 870 394 0 238 298 662 607 949 401 1021 518 1208 625 335 287 709 1088 515 1043 448 318 429 363 907 560 782 290 505 301 577 291 446 733 1010 329 1142 243 472 83 587 1015 455 345 583 576 757 836 404 477 509 527
368 432 503 307 678 1009 921 429 250 360 304 587 682 605 526 667 652 822 1028 459 416 293 959 351 878 171 465 661 294 238 0 259 424 429 884 400 897 504 1014 590 494 414 672 890 426 860 389 413 220 539 750 791 762 51 339 119 415 524 330 550 1070 563 1075 363 391 290 351 887 216 166 799 731 524 804 312 418 441 746
621 680 750 173 829 1251 1131 201 490 569 537 846 640 803 442 892 908 970 1275 711 671 549 1105 322 1135 87 704 875 551 298 259 0 542 676 1141 632 1154 745 1236 839 633 577 923 1111 683 1094 640 597 259 662 1000 812 1009 274 593 378 309 474 589 790 1286 511 1333 528 646 382 521 1143 392 424 861 875 590 1054 567 669 695 804
579 399 442 421 1042 834 1179 571 309 694 610 636 1104 916 379 917 628 1178 882 445 598 404 1309 768 948 495 711 414 512 662 424 542 0 397 950 679 844 734 762 767 881 792 824 640 582 661 605 770 283 932 648 1213 922 372 403 407 384 942 499 434 1305 982 1111 746 576 712 119 826 212 393 1210 1097 134 938 529 622 621 1160
266 3 74 652 771 580 814 805 186 449 367 238 1022 605 740 562 249 888 599 48 256 149 1006 735 553 593 383 286 245 607 429 676 397 0 555 386 490 391 602 390 664 576 435 483 228 437 286 531 493 719 323 1057 531 402 102 318 692 890 198 126 926 924 725 547 244 609 285 476 323 269 1012 825 528 542 249 287 271 972
522 552 508 1168 745 527 502 1309 708 645 629 319 1228 566 1292 418 331 780 471 506 471 616 835 1060 10 1054 477 661 590 949 884 1141 950 555 0 550 256 437 695 326 783 738 246 658 457 551 507 683 1021 821 389 1154 216 882 586 767 1231 1157 554 531 525 1178 194 750 495 902 841 271 862 727 1051 776 1077 155 573 477 448 1039
119 388 425 707 385 859 526 822 370 97 96 345 709 237 907 267 453 509 847 370 143 284 635 509 542 549 74 669 167 401 400 632 679 386 550 0 657 117 939 224 292 215 308 835 177 761 102 161 599 345 590 695 383 421 307 313 809 615 195 492 671 640 743 209 145 351 563 654 494 300 634 440 810 435 152 113 145 599
583 486 421 1142 939 271 751 1295 673 754 710 323 1366 750 1214 617 246 998 221 448 534 605 1069 1144 264 1068 597 481 629 1021 897 1154 844 490 256 657 0 566 441 466 933 869 414 417 507 312 579 813 983 979 199 1327 436 881 561 778 1178 1269 580 411 781 1296 307 867 550 993 752 19 813 731 1239 978 956 387 618 554 520 1218
157 391 410 810 404 788 446 931 428 207 208 277 803 221 996 182 389 504 768 362 139 330 617 624 429 660 42 655 233 518 504 745 734 391 437 117 566 0 887 111 366 306 193 793 163 710 131 250 691 413 528 763 266 520 336 406 904 721 235 474 581 744 629 313 159 465 615 566 569 383 685 454 868 318 214 112 120 658
829 598 535 1162 1291 191 1174 1319 764 1022 951 611 1620 1103 1132 996 499 1376 268 591 795 752 1467 1337 702 1162 903 362 836 1208 1014 1236 762 602 695 939 441 887 0 817 1232 1150 796 125 762 177 839 1099 1002 1284 362 1634 847 977 703 913 1146 1492 784 475 1219 1526 724 1130 798 1210 727 425 845 866 1569 1338 824 810 835 825 794 1537
223 390 389 891 479 702 424 1020 473 318 309 212 911 289 1058 185 319 559 676 351 182 371 656 734 318 753 151 624 301 625 590 839 767 390 326 224 466 111 817 0 470 415 84 733 187 642 201 359 761 514 455 860 172 599 363 483 976 832 284 446 538 854 518 424 208 575 648 468 624 452 774 523 901 215 282 173 156 751
405 666 712 766 195 1149 548 833 595 215 298 634 446 239 1015 385 744 337 1133 656 436 536 474 372 773 572 338 951 421 335 494 633 881 664 783 292 933 366 1232 470 0 91 539 1126 470 1054 393 133 715 54 882 402 577 539 572 474 894 399 466 778 704 411 964 136 435 251 778 932 673 491 347 243 1000 640 415 406 438 308
321 578 626 699 264 1075 567 778 504 128 208 561 497 239 940 366 669 407 1063 569 356 445 544 354 729 509 272 862 331 287 414 577 792 576 738 215 869 306 1150 415 91 0 492 1043 389 974 312 56 635 145 805 484 543 456 482 385 822 420 378 692 724 440 925 51 352 208 687 867 585 400 437 317 912 603 326 328 361 396
303 434 420 970 525 666 399 1101 540 400 394 221 984 337 1129 204 312 587 631 391 258 439 670 817 237 836 234 640 380 709 672 923 824 435 246 308 414 193 796 84 539 492 0 722 257 625 283 436 837 580 437 921 98 679 425 562 1051 911 357 470 493 932 436 504 284 658 706 419 693 529 827 564 958 131 361 254 232 809
722 480 420 1036 1198 232 1112 1194 640 915 840 521 1505 1013 1014 916 414 1291 304 477 691 633 1388 1216 664 1037 805 236 722 1088 890 1111 640 483 658 835 417 793 125 733 1126 1043 722 0 657 106 733 993 877 1180 286 1527 784 853 585 791 1023 1373 671 357 1172 1408 720 1020 691 1092 602 398 719 744 1468 1247 709 754 722 722 693 1434
76 228 253 716 551 688 598 853 285 263 204 184 874 379 871 339 283 662 682 201 33 184 778 637 452 596 157 499 132 515 426 683 582 228 457 177 507 163 762 187 470 389 257 657 0 585 77 337 579 523 417 872 354 427 179 311 793 766 100 319 723 794 650 374 42 487 463 501 436 273 811 603 716 386 117 64 43 776
653 433 367 1036 1114 172 1011 1194 610 846 777 433 1448 926 1041 823 323 1201 230 421 618 586 1294 1172 557 1016 725 248 664 1043 860 1094 661 437 551 761 312 710 177 642 1054 974 625 106 585 0 662 922 874 1107 188 1457 682 827 537 754 1036 1323 611 311 1067 1356 616 955 621 1040 604 293 709 705 1392 1161 746 650 661 648 617 1360
25 287 322 690 485 766 577 818 297 185 131 258 797 323 866 313 361 603 759 267 45 200 725 567 500 553 106 566 102 448 389 640 605 286 507 102 579 131 839 201 393 312 283 733 77 662 0 260 564 447 495 795 373 398 214 282 778 691 106 389 712 719 701 296 42 414 486 574 437 254 736 539 738 415 83 29 60 701
271 533 578 708 272 1020 536 797 474 82 169 506 554 206 940 320 614 413 1007 522 303 407 548 398 674 524 215 817 290 318 413 597 770 531 683 161 813 250 1099 359 133 56 436 993 337 922 260 0 632 188 752 534 490 450 441 368 826 475 333 645 692 495 871 76 301 246 661 811 567 376 480 328 893 550 283 274 307 442
540 496 562 162 899 1039 1125 320 315 573 507 705 851 818 309 865 741 1042 1073 536 579 405 1179 514 1017 219 656 640 461 429 220 259 283 493 1021 599 983 691 1002 761 715 635 837 877 579 874 564 632 0 758 808 989 932 182 436 286 214 686 479 587 1269 725 1204 584 553 497 275 969 170 310 1009 952 341 966 481 590 605 954
459 721 766 802 176 1199 554 861 649 269 353 684 412 264 1055 414 795 310 1182 710 489 591 444 383 811 606 387 1005 476 363 539 662 932 719 821 345 979 413 1284 514 54 145 580 1180 523 1107 447 188 758 0 933 351 612 585 627 525 932 385 521 833 709 392 999 187 489 280 830 980 723 544 292 215 1050 675 470 459 490 254
490 320 249 970 930 272 825 1125 510 680 618 251 1291 741 1023 635 139 1014 278 291 449 460 1106 1034 393 916 547 285 515 907 750 1000 648 323 389 590 199 528 362 455 882 805 437 286 417 188 495 752 808 933 0 1285 497 726 412 635 995 1176 462 222 889 1206 495 792 457 893 563 180 637 586 1213 977 758 469 509 477 444 1184
805 1059 1110 981 416 1550 794 986 961 612 689 1036 228 587 1250 736 1146 453 1532 1053 838 919 524 490 1144 790 739 1343 811 560 791 812 1213 1057 1154 695 1327 763 1634 860 402 484 921 1527 872 1457 795 534 989 351 1285 0 939 843 960 818 1118 354 860 1175 929 326 1321 510 836 501 1125 1328 1002 848 134 403 1315 1002 808 809 840 118
395 530 512 1063 529 701 328 1191 638 468 474 308 1023 353 1226 202 385 567 657 486 353 537 633 883 206 923 308 723 473 782 762 1009 922 531 216 383 436 266 847 172 577 543 98 784 354 682 373 490 932 612 497 939 0 771 523 655 1147 964 453 558 404 982 386 563 379 725 804 445 791 623 835 560 1055 62 454 345 327 824
376 406 477 292 719 980 946 426 218 391 328 577 733 636 491 689 634 862 1002 436 420 276 998 401 877 190 482 621 299 290 51 274 372 402 882 421 881 520 977 599 539 456 679 853 427 827 398 450 182 585 726 843 771 0 319 116 387 575 327 519 1093 613 1071 405 394 341 301 869 166 155 848 773 473 810 317 426 446 795
190 105 170 588 692 676 777 737 122 358 273 268 921 537 710 517 315 815 690 121 197 48 939 634 582 508 319 383 150 505 339 593 403 102 586 307 561 336 703 363 572 482 425 585 179 537 214 441 436 627 412 960 523 319 0 223 645 788 111 228 901 822 768 450 178 507 284 550 276 174 920 747 538 545 158 224 219 878
259 321 391 408 641 897 839 542 154 298 224 467 739 537 594 578 533 780 913 344 303 175 915 427 762 291 369 569 182 301 119 378 407 318 767 313 778 406 913 483 474 385 562 791 311 754 282 368 286 525 635 818 655 116 223 0 498 592 212 442 982 629 958 338 278 325 308 768 199 48 805 696 526 693 200 309 329 756
754 695 757 137 1085 1207 1334 216 523 775 715 913 949 1020 133 1076 941 1229 1248 738 794 617 1366 628 1228 332 868 792 675 577 415 309 384 692 1231 809 1178 904 1146 976 894 822 1051 1023 793 1036 778 826 214 932 995 1118 1147 387 645 498 0 783 693 772 1480 821 1412 771 767 656 435 1163 370 524 1158 1136 362 1180 695 804 820 1101
689 893 957 647 551 1448 939 635 747 518 561 949 166 638 916 780 1048 661 1447 902 736 740 776 174 1149 470 683 1160 661 291 524 474 942 890 1157 615 1269 721 1492 832 399 420 911 1373 766 1323 691 475 686 385 1176 354 964 575 788 592 783 0 715 1017 1093 39 1346 408 723 283 876 1265 741 635 438 574 1025 1024 667 715 749 383
81 200 250 616 580 733 681 754 193 251 170 260 837 427 773 417 341 704 737 193 103 95 828 573 549 501 212 484 53 446 330 589 499 198 554 195 580 235 784 284 466 378 357 671 100 611 106 333 479 521 462 860 453 327 111 212 693 715 0 315 812 746 745 350 78 431 380 572 340 173 814 635 633 486 51 122 128 774
374 123 66 749 870 461 866 906 301 564 486 249 1148 695 803 629 200 979 487 122 352 276 1090 862 532 709 476 181 366 733 550 790 434 126 531 492 411 474 475 446 778 692 470 357 319 311 389 645 587 833 222 1175 558 519 228 442 772 1017 315 0 962 1050 680 666 346 735 341 394 417 394 1124 923 552 554 367 384 360 1087
737 925 914 1377 546 1052 157 1483 1005 717 766 713 1091 486 1576 404 787 475 993 884 709 904 443 1074 517 1208 613 1127 814 1010 1070 1286 1305 926 525 671 781 581 1219 538 704 724 493 1172 723 1067 712 692 1269 709 889 929 404 1093 901 982 1480 1093 812 962 0 1097 575 766 734 933 1186 796 1150 963 798 536 1439 420 795 690 685 814
718 927 990 685 552 1478 944 669 784 543 590 977 128 650 954 795 1077 656 1476 935 764 775 767 213 1169 509 707 1196 693 329 563 511 982 924 1178 640 1296 744 1526 854 411 440 932 1408 794 1356 719 495 725 392 1206 326 982 613 822 629 821 39 746 1050 1097 0 1365 431 752 315 914 1292 779 671 417 572 1065 1043 698 742 776 364
715 722 670 1354 907 536 603 1498 890 836 823 499 1410 738 1466 586 483 920 463 677 664 801 954 1252 201 1246 670 781 782 1142 1075 1333 1111 725 194 743 307 629 724 518 964 925 436 720 650 616 701 871 1204 999 495 1321 386 1071 768 958 1412 1346 745 680 575 1365 0 940 688 1094 1008 327 1042 916 1211 931 1233 324 766 671 642 1204
302 549 601 648 315 1063 609 729 463 113 180 552 501 280 888 396 657 459 1054 544 342 410 596 322 741 459 275 833 301 243 363 528 746 547 750 209 867 313 1130 424 136 51 504 1020 374 955 296 76 584 187 792 510 563 405 450 338 771 408 350 666 766 431 940 0 335 169 643 864 537 356 475 368 864 621 298 317 350 430
33 245 280 686 527 729 603 819 271 224 162 227 833 362 850 341 325 644 724 225 26 171 764 594 489 559 142 524 96 472 391 646 576 244 495 145 550 159 798 208 435 352 284 691 42 621 42 301 553 489 457 836 379 394 178 278 767 723 78 346 734 752 688 335 0 444 456 544 418 244 779 581 709 415 78 46 52 743
410 612 674 524 447 1165 776 582 477 258 283 671 416 447 783 565 767 588 1166 619 459 460 723 158 894 327 424 883 378 83 290 382 712 609 902 351 993 465 1210 575 251 208 658 1092 487 1040 414 246 497 280 893 501 725 341 507 325 656 283 431 735 933 315 1094 169 444 0 627 988 501 363 511 493 815 781 384 440 474 457
461 288 338 434 931 773 1060 592 192 583 498 523 1032 800 462 797 525 1065 813 334 479 285 1196 703 839 458 593 365 395 587 351 521 119 285 841 563 752 615 727 648 778 687 706 602 463 604 486 661 275 830 563 1125 804 301 284 308 435 876 380 341 1186 914 1008 643 456 627 0 736 137 287 1114 987 253 822 411 502 502 1065
577 473 407 1129 943 258 762 1282 661 751 705 317 1364 754 1198 623 235 1004 213 435 529 594 1078 1138 278 1057 596 461 621 1015 887 1143 826 476 271 654 19 566 425 468 932 867 419 398 501 293 574 811 969 980 180 1328 445 869 550 768 1163 1265 572 394 796 1292 327 864 544 988 736 0 799 720 1242 983 938 398 611 550 516 1220
412 327 392 332 840 871 1013 489 154 494 415 543 899 728 435 750 572 979 903 368 443 254 1112 567 858 324 539 483 336 455 216 392 212 323 862 494 813 569 845 624 673 585 693 719 436 709 437 567 170 723 637 1002 791 166 276 199 370 741 340 417 1150 779 1042 537 418 501 137 799 0 195 998 895 327 818 355 460 468 947
230 272 342 443 648 849 823 581 114 301 219 423 779 532 612 560 485 785 864 295 270 127 918 472 722 337 349 525 151 345 166 424 393 269 727 300 731 383 866 452 491 400 529 744 273 705 254 376 310 544 586 848 623 155 174 48 524 635 173 394 963 671 916 356 244 363 287 720 195 0 829 704 518 659 170 280 296 781
750 1014 1058 1022 305 1473 666 1046 937 562 646 962 344 489 1288 633 1074 322 1450 1002 777 883 389 541 1041 826 666 1298 769 583 799 861 1210 1012 1051 634 1239 685 1569 774 347 437 827 1468 811 1392 736 480 1009 292 1213 134 835 848 920 805 1158 438 814 1124 798 417 1211 475 779 511 1114 1242 998 829 0 282 1321 897 763 746 775 57
559 826 857 1010 55 1225 393 1075 797 403 489 727 554 235 1256 362 838 95 1195 804 571 720 230 597 766 816 447 1103 601 576 731 875 1097 825 776 440 978 454 1338 523 243 317 564 1247 603 1161 539 328 952 215 977 403 560 773 747 696 1136 574 635 923 536 572 931 368 581 493 987 983 895 704 282 0 1222 621 590 540 562 284
712 530 568 441 1166 919 1313 573 441 819 737 766 1190 1046 312 1050 750 1304 973 576 732 538 1437 853 1076 561 844 500 644 757 524 590 134 528 1077 810 956 868 824 901 1000 912 958 709 716 746 738 893 341 1050 758 1315 1055 473 538 526 362 1025 633 552 1439 1065 1233 864 709 815 253 938 327 518 1321 1222 0 1070 661 755 755 1269
435 540 514 1101 591 656 365 1233 664 523 523 309 1086 416 1254 265 369 625 608 495 389 564 685 939 145 968 360 711 511 836 804 1054 938 542 155 435 387 318 810 215 640 603 131 754 386 650 415 550 966 675 469 1002 62 810 545 693 1180 1024 486 554 420 1043 324 621 415 781 822 398 818 659 897 621 1070 0 493 385 364 886
59 251 302 609 534 780 658 741 220 200 118 295 786 389 782 394 384 661 782 245 103 131 788 529 567 480 184 535 19 404 312 567 529 249 573 152 618 214 835 282 415 326 361 722 117 661 83 283 481 470 509 808 454 317 158 200 695 667 51 367 795 698 766 298 78 384 411 611 355 170 763 590 661 493 0 109 129 723
50 288 317 718 487 747 558 847 316 204 157 235 818 318 890 295 341 600 737 264 31 217 719 595 470 583 96 563 128 477 418 669 622 287 477 113 554 112 825 173 406 328 254 722 64 648 29 274 590 459 477 809 345 426 224 309 804 715 122 384 690 742 671 317 46 440 502 550 460 280 746 540 755 385 109 0 34 712
73 271 294 737 510 713 558 870 320 237 191 201 851 336 902 297 308 620 703 243 26 219 735 628 441 608 115 540 147 509 441 695 621 271 448 145 520 120 794 156 438 361 232 693 43 617 60 307 605 490 444 840 327 446 219 329 820 749 128 360 685 776 642 350 52 474 502 516 468 296 775 562 755 364 129 34 0 743
713 974 1020 965 298 1447 677 989 891 523 605 934 301 473 1231 621 1045 340 1426 964 743 840 423 483 1029 769 636 1258 728 527 746 804 1160 972 1039 599 1218 658 1537 751 308 396 809 1434 776 1360 701 442 954 254 1184 118 824 795 878 756 1101 383 774 1087 814 364 1204 430 743 457 1065 1220 947 781 57 284 1269 886 723 712 743 0
