0 483 369 557 311 1540 54 441 1403 226 1649 523 749 1368 570 1268 780
483 0 641 1013 527 1843 507 190 1724 317 1964 92 670 1202 1041 1229 397
369 641 0 470 680 1843 317 488 1091 337 1334 719 1100 1094 739 1634 751
557 1013 470 0 784 1588 516 907 951 700 1190 1069 1248 1507 430 1695 1208
311 527 680 784 0 1326 364 596 1690 450 1936 513 465 1620 610 959 911
1540 1843 1843 1588 1326 0 1571 1920 2458 1748 2663 1808 1342 2909 1160 1165 2236
54 507 317 516 364 1571 0 446 1349 224 1595 555 803 1337 567 1322 781
441 190 488 907 596 1920 446 0 1553 221 1790 282 833 1049 1011 1396 339
1403 1724 1091 951 1690 2458 1349 1553 0 1428 246 1807 2149 1483 1355 2634 1718
226 317 337 700 450 1748 224 221 1428 0 1672 387 798 1172 792 1352 557
1649 1964 1334 1190 1936 2663 1595 1790 246 1672 0 2048 2395 1631 1583 2878 1941
523 92 719 1069 513 1808 555 282 1807 387 2048 0 594 1282 1063 1148 456
749 670 1100 1248 465 1342 803 833 2149 798 2395 594 0 1872 1020 562 1047
1368 1202 1094 1507 1620 2909 1337 1049 1483 1172 1631 1282 1872 0 1833 2430 857
570 1041 739 430 610 1160 567 1011 1355 792 1583 1063 1020 1833 0 1368 1349
1268 1229 1634 1695 959 1165 1322 1396 2634 1352 2878 1148 562 2430 1368 0 1591
780 397 751 1208 911 2236 781 339 1718 557 1941 456 1047 857 1349 1591 0
