0 1074 88 854 1495 522 972 1052 699 379 676 89 1461 365 633 240
1074 0 1002 1536 2020 777 1955 1770 1600 860 1038 1119 912 708 1125 1307
88 1002 0 829 1561 510 1007 1038 785 377 702 119 1437 297 672 325
854 1536 829 0 2287 1326 641 234 1394 1203 1528 768 2207 1016 1487 887
1495 2020 1561 2287 0 1310 2067 2433 912 1318 1007 1563 1564 1610 956 1400
522 777 510 1326 1310 0 1491 1543 834 145 305 607 941 351 362 681
972 1955 1007 641 2067 1491 0 577 1166 1346 1580 894 2432 1292 1498 836
1052 1770 1038 234 2433 1543 577 0 1525 1414 1729 964 2437 1243 1679 1048
699 1600 785 1394 912 834 1166 1525 0 741 680 739 1610 965 565 529
379 860 377 1203 1318 145 1346 1414 741 0 352 466 1086 293 364 537
676 1038 702 1528 1007 305 1580 1729 680 352 0 765 937 636 114 743
89 1119 119 768 1563 607 894 964 739 466 765 0 1543 416 719 235
1461 912 1437 2207 1564 941 2432 2437 1610 1086 937 1543 0 1194 1049 1615
365 708 297 1016 1610 351 1292 1243 965 293 636 416 1194 0 657 600
633 1125 672 1487 956 362 1498 1679 565 364 114 719 1049 657 0 666
240 1307 325 887 1400 681 836 1048 529 537 743 235 1615 600 666 0
