0 408 1424 1643 919 929 204 712 946 51 1298 17 22 1488 1728 25
408 0 1385 1329 585 1230 555 1120 1075 403 1584 400 431 1155 1446 401
1424 1385 0 2535 1865 1141 1303 1724 634 1471 1197 1407 1429 2339 2699 1398
1643 1329 2535 0 743 2551 1839 2270 2383 1607 2911 1646 1662 196 201 1651
919 585 1865 743 0 1810 1106 1590 1648 888 2167 918 939 573 865 923
929 1230 1141 2551 1810 0 725 713 523 975 369 923 915 2382 2649 915
204 555 1303 1839 1106 725 0 607 775 251 1093 197 191 1678 1928 190
712 1120 1724 2270 1590 713 607 0 1099 723 1008 720 689 2137 2319 719
946 1075 634 2383 1648 523 775 1099 0 998 693 932 943 2197 2514 923
51 403 1471 1607 888 975 251 723 998 0 1344 66 60 1454 1688 75
1298 1584 1197 2911 2167 369 1093 1008 693 1344 0 1291 1283 2739 3013 1283
17 400 1407 1646 918 923 197 720 932 66 1291 0 34 1488 1732 9
22 431 1429 1662 939 915 191 689 943 60 1283 34 0 1507 1745 38
1488 1155 2339 196 573 2382 1678 2137 2197 1454 2739 1488 1507 0 381 1494
1728 1446 2699 201 865 2649 1928 2319 2514 1688 3013 1732 1745 381 0 1738
25 401 1398 1651 923 915 190 719 923 75 1283 9 38 1494 1738 0
