0 799 972 7 1129 1375 1652 506 42 1493 540 13 1530 179 1267 1422
799 0 716 795 1640 1495 886 1277 786 1582 965 812 1979 974 914 1369
972 716 0 975 2076 818 1010 1235 934 889 691 982 2463 1072 294 654
7 795 975 0 1125 1381 1650 511 47 1499 546 17 1525 184 1269 1426
1129 1640 2076 1125 0 2475 2506 1229 1171 2595 1633 1123 406 1108 2366 2549
1375 1495 818 1381 2475 0 1755 1321 1334 121 843 1377 2881 1367 830 308
1652 886 1010 1650 2506 1755 0 2080 1630 1789 1628 1665 2818 1815 926 1496
506 1277 1235 511 1229 1321 2080 0 503 1441 566 494 1627 331 1514 1474
42 786 934 47 1171 1334 1630 503 0 1452 500 48 1572 187 1229 1380
1493 1582 889 1499 2595 121 1789 1441 1452 0 963 1496 3002 1487 863 299
540 965 691 546 1633 843 1628 566 500 963 0 540 2039 525 957 934
13 812 982 17 1123 1377 1665 494 48 1496 540 0 1524 166 1277 1427
1530 1979 2463 1525 406 2881 2818 1627 1572 3002 2039 1524 0 1514 2749 2951
179 974 1072 184 1108 1367 1815 331 187 1487 525 166 1514 0 1366 1452
1267 914 294 1269 2366 830 926 1514 1229 863 957 1277 2749 1366 0 575
1422 1369 654 1426 2549 308 1496 1474 1380 299 934 1427 2951 1452 575 0
