0 1614 1665 316 994 1591 699 344 1561 1246 1361 815 1481 412 1261 1460
1614 0 3271 1315 2408 3196 966 1270 3059 2838 1469 1933 3096 1695 2869 3041
1665 3271 0 1956 1078 491 2317 2007 1097 446 2745 1603 267 1744 577 313
316 1315 1956 0 1170 1904 382 107 1869 1525 1316 840 1785 602 1574 1732
994 2408 1078 1170 0 1314 1449 1260 1666 666 2343 542 1056 1309 1062 772
1591 3196 491 1904 1314 0 2285 1931 613 665 2462 1769 290 1551 330 695
699 966 2317 382 1449 2285 0 386 2244 1879 1360 1012 2157 929 1954 2078
344 1270 2007 107 1260 1931 386 0 1861 1583 1209 946 1826 550 1602 1794
1561 3059 1097 1869 1666 613 2244 1861 0 1128 2078 2003 854 1364 639 1240
1246 2838 446 1525 666 665 1879 1583 1128 0 2418 1168 391 1381 489 223
1361 1469 2745 1316 2343 2462 1360 1209 2078 2418 0 2141 2497 1054 2194 2641
815 1933 1603 840 542 1769 1012 946 2003 1168 2141 0 1541 1219 1474 1305
1481 3096 267 1785 1056 290 2157 1826 854 391 2497 1541 0 1518 312 406
412 1695 1744 602 1309 1551 929 550 1364 1381 1054 1219 1518 0 1241 1604
1261 2869 577 1574 1062 330 1954 1602 639 489 2194 1474 312 1241 0 623
1460 3041 313 1732 772 695 2078 1794 1240 223 2641 1305 406 1604 623 0
