0 969 1708 1467 28 655 1261 1707 1610 1154 1115 1252 773 376 959 426
969 0 1474 2114 985 1237 1140 1957 1233 2120 227 1808 904 1089 1272 588
1708 1474 0 1590 1737 2325 446 3292 293 2423 1673 1292 935 2061 2534 1402
1467 2114 1590 0 1481 2033 1359 3077 1749 1237 2332 331 1240 1781 2386 1588
28 985 1737 1481 0 629 1290 1683 1639 1141 1126 1270 802 350 937 450
655 1237 2325 2033 629 0 1883 1061 2190 1317 1270 1865 1404 279 366 933
1261 1140 446 1359 1290 1883 0 2866 427 2026 1359 1032 488 1617 2104 970
1707 1957 3292 3077 1683 1061 2866 0 3113 2169 1870 2925 2413 1337 764 1896
1610 1233 293 1749 1639 2190 427 3113 0 2449 1419 1431 865 1940 2366 1256
1154 2120 2423 1237 1141 1317 2026 2169 2449 0 2268 1303 1616 1200 1667 1547
1115 227 1673 2332 1126 1270 1359 1870 1419 2268 0 2029 1130 1169 1238 775
1252 1808 1292 331 1270 1865 1032 2925 1431 1303 2029 0 919 1597 2202 1308
773 904 935 1240 802 1404 488 2413 865 1616 1130 919 0 1133 1648 530
376 1089 2061 1781 350 279 1617 1337 1940 1200 1169 1597 1133 0 606 691
959 1272 2534 2386 937 366 2104 764 2366 1667 1238 2202 1648 606 0 1134
426 588 1402 1588 450 933 970 1896 1256 1547 775 1308 530 691 1134 0
