0 358 1725 854 768 500 404 1197 1405 64 727 967 634 1133 1397 843
358 0 1774 1197 1099 554 668 1461 1080 320 463 945 932 1406 1444 726
1725 1774 0 1612 1504 2220 1390 1112 1821 1678 1503 2679 2188 2641 3122 1119
854 1197 1612 0 134 1193 589 599 2120 879 1423 1611 790 1108 1867 1311
768 1099 1504 134 0 1150 467 550 1995 786 1301 1586 807 1174 1877 1177
500 554 2220 1193 1150 0 889 1648 1574 542 1016 468 573 943 913 1258
404 668 1390 589 467 889 0 801 1531 390 834 1358 809 1291 1751 754
1197 1461 1112 599 550 1648 801 0 2137 1191 1506 2103 1358 1708 2422 1247
1405 1080 1821 2120 1995 1574 1531 2137 0 1348 701 1808 2013 2482 2323 892
64 320 1678 879 786 542 390 1191 1348 0 666 1006 699 1197 1447 779
727 463 1503 1423 1301 1016 834 1506 701 666 0 1375 1357 1847 1887 384
967 945 2679 1611 1586 468 1358 2103 1808 1006 1375 0 874 1030 519 1671
634 932 2188 790 807 573 809 1358 2013 699 1357 874 0 501 1077 1462
1133 1406 2641 1108 1174 943 1291 1708 2482 1197 1847 1030 501 0 972 1964
1397 1444 3122 1867 1877 913 1751 2422 2323 1447 1887 519 1077 972 0 2164
843 726 1119 1311 1177 1258 754 1247 892 779 384 1671 1462 1964 2164 0
