0 471 975 1401 190 442 1430 843 1504 1549 1020 1183 244 1682 1295 134
471 0 1022 1871 281 209 970 1265 1377 1852 1425 825 612 1228 1767 571
975 1022 0 1888 964 1190 1451 1655 632 2466 1014 1819 779 2021 1747 1088
1401 1871 1888 0 1590 1791 2829 755 2520 1272 951 2442 1345 3041 144 1303
190 281 964 1590 0 286 1243 1009 1434 1664 1176 1030 363 1499 1485 299
442 209 1190 1791 286 0 1108 1135 1581 1664 1457 745 648 1255 1699 497
1430 970 1451 2829 1243 1108 0 2234 1355 2744 2248 988 1506 689 2717 1540
843 1265 1655 755 1009 1135 2234 0 2261 847 1077 1715 913 2347 722 714
1504 1377 632 2520 1434 1581 1355 2261 0 3045 1624 2041 1355 2028 2378 1632
1549 1852 2466 1272 1664 1664 2744 847 3045 0 1907 1964 1693 2652 1332 1417
1020 1425 1014 951 1176 1457 2248 1077 1624 1907 0 2202 815 2649 808 1015
1183 825 1819 2442 1030 745 988 1715 2041 1964 2202 0 1393 687 2369 1214
244 612 779 1345 363 648 1506 913 1355 1693 815 1393 0 1840 1223 321
1682 1228 2021 3041 1499 1255 689 2347 2028 2652 2649 687 1840 0 2953 1753
1295 1767 1747 144 1485 1699 2717 722 2378 1332 808 2369 1223 2953 0 1205
134 571 1088 1303 299 497 1540 714 1632 1417 1015 1214 321 1753 1205 0
