0 459 697 504 17 1472 1076 1242 1361 1075 97 796 331 402 655 868
459 0 582 666 472 1927 694 1637 976 1025 459 1204 667 731 395 505
697 582 0 1142 715 2012 582 1407 819 442 613 1468 1026 1097 232 1047
504 666 1142 0 492 1504 1359 1604 1637 1555 600 682 255 245 1025 756
17 472 715 492 0 1457 1093 1239 1378 1090 111 779 315 385 673 874
1472 1927 2012 1504 1457 0 2518 1047 2795 2185 1500 829 1322 1286 2074 2234
1076 694 582 1359 1093 2518 0 1989 286 824 1027 1868 1348 1415 446 895
1242 1637 1407 1604 1239 1047 1989 0 2220 1384 1197 1226 1349 1368 1571 2105
1361 976 819 1637 1378 2795 286 2220 0 950 1310 2154 1633 1700 721 1112
1075 1025 442 1555 1090 2185 824 1384 950 0 980 1777 1405 1474 654 1479
97 459 613 600 111 1500 1027 1197 1310 980 0 863 425 494 593 908
796 1204 1468 682 779 829 1868 1226 2154 1777 863 0 542 489 1452 1431
331 667 1026 255 315 1322 1348 1349 1633 1405 425 542 0 71 958 912
402 731 1097 245 385 1286 1415 1368 1700 1474 494 489 71 0 1029 949
655 395 232 1025 673 2074 446 1571 721 654 593 1452 958 1029 0 825
868 505 1047 756 874 2234 895 2105 1112 1479 908 1431 912 949 825 0
