0 1696 275 742 1554 538 1575 1718 512 554 1265 436 108 1089 1481 1072
1696 0 1441 2259 142 2149 3224 2943 2115 2237 654 2086 1798 1789 2662 629
275 1441 0 881 1298 806 1795 1936 691 829 1067 709 363 1154 1522 812
742 2259 881 0 2119 884 991 2085 246 698 1948 780 648 1778 808 1638
1554 142 1298 2119 0 2009 3082 2825 1973 2095 557 1945 1655 1679 2537 487
538 2149 806 884 2009 0 1358 1243 657 214 1624 120 490 1000 1692 1549
1575 3224 1795 991 3082 1358 0 2131 1109 1160 2840 1333 1467 2354 1216 2596
1718 2943 1936 2085 2825 1243 2131 0 1884 1392 2299 1364 1707 1176 2869 2468
512 2115 691 246 1973 657 1109 1884 0 492 1754 546 411 1532 1047 1486
554 2237 829 698 2095 214 1160 1392 492 0 1752 174 471 1211 1500 1620
1265 654 1067 1948 557 1624 2840 2299 1754 1752 0 1585 1373 1136 2520 501
436 2086 709 780 1945 120 1333 1364 546 174 1585 0 377 1053 1588 1476
108 1798 363 648 1655 490 1467 1707 411 471 1373 377 0 1154 1407 1172
1089 1789 1154 1778 1679 1000 2354 1176 1532 1211 1136 1053 1154 0 2561 1390
1481 2662 1522 808 2537 1692 1216 2869 1047 1500 2520 1588 1407 2561 0 2106
1072 629 812 1638 487 1549 2596 2468 1486 1620 501 1476 1172 1390 2106 0
