0 1480 1223 1272 10 1256 1579 1557 751 78 1055 1313 790 963 173 834 126
1480 0 1416 2438 1471 1670 1873 2310 1522 1513 2325 2003 704 1474 1338 774 1564
1223 1416 0 1289 1214 2308 2617 2744 1868 1302 1312 2470 1003 303 1251 795 1347
1272 2438 1289 0 1273 2493 2809 2631 1986 1316 266 2459 1777 1049 1434 1664 1313
10 1471 1214 1273 0 1259 1582 1564 754 87 1058 1318 780 956 168 823 136
1256 1670 2308 2493 1259 0 323 660 509 1196 2249 377 1391 2121 1133 1589 1188
1579 1873 2617 2809 1582 323 0 640 829 1517 2562 481 1676 2439 1455 1880 1508
1557 2310 2744 2631 1564 660 640 0 892 1481 2367 308 1936 2511 1495 2112 1450
751 1522 1868 1986 754 509 829 892 0 688 1744 603 1053 1655 642 1222 679
78 1513 1302 1316 87 1196 1517 1481 688 0 1091 1240 833 1042 177 892 55
1055 2325 1312 266 1058 2249 2562 2367 1744 1091 0 2201 1640 1036 1224 1554 1081
1313 2003 2470 2459 1318 377 481 308 603 1240 2201 0 1634 2249 1230 1815 1216
790 704 1003 1777 780 1391 1676 1936 1053 833 1640 1634 0 930 668 211 887
963 1474 303 1049 956 2121 2439 2511 1655 1042 1036 2249 930 0 1018 747 1083
173 1338 1251 1434 168 1133 1455 1495 642 177 1224 1230 668 1018 0 748 225
834 774 795 1664 823 1589 1880 2112 1222 892 1554 1815 211 747 748 0 947
126 1564 1347 1313 136 1188 1508 1450 679 55 1081 1216 887 1083 225 947 0
