0 108 155 1523 1150 1291 848 499 460 287 1539 1569 1017 1652 898 914 266
108 0 214 1630 1072 1184 828 391 475 335 1640 1485 933 1660 919 990 315
155 214 0 1503 1093 1359 1004 570 313 131 1444 1699 1147 1502 745 1004 110
1523 1630 1503 0 2552 2798 1833 2017 1634 1497 788 2861 2359 2343 1760 1029 1499
1150 1072 1093 2552 0 990 1717 865 919 1063 2280 1769 1387 1270 981 2061 1065
1291 1184 1359 2798 990 0 1284 793 1421 1428 2799 835 688 2226 1732 1975 1415
848 828 1004 1833 1717 1284 0 853 1301 1135 2159 1044 633 2488 1743 829 1114
499 391 570 2017 865 793 853 0 699 654 2014 1197 673 1761 1100 1290 638
460 475 313 1634 919 1421 1301 699 0 201 1415 1893 1354 1192 443 1290 216
287 335 131 1497 1063 1428 1135 654 201 0 1371 1812 1263 1377 617 1090 21
1539 1640 1444 788 2280 2799 2159 2014 1415 1371 0 3084 2537 1721 1333 1514 1384
1569 1485 1699 2861 1769 835 1044 1197 1893 1812 3084 0 552 2916 2296 1873 1793
1017 933 1147 2359 1387 688 633 673 1354 1263 2537 552 0 2429 1770 1418 1243
1652 1660 1502 2343 1270 2226 2488 1761 1192 1377 1721 2916 2429 0 763 2398 1397
898 919 745 1760 981 1732 1743 1100 443 617 1333 2296 1770 763 0 1647 637
914 990 1004 1029 2061 1975 829 1290 1290 1090 1514 1873 1418 2398 1647 0 1076
266 315 110 1499 1065 1415 1114 638 216 21 1384 1793 1243 1397 637 1076 0
