0 119 611 689 869 1095 1583 1289 676 667 1184 1311 1266 1578 655 281
119 0 624 728 984 1164 1489 1315 750 548 1290 1222 1332 1463 667 280
611 624 0 1290 906 1639 1324 1893 380 951 1031 1037 802 1836 1266 343
689 728 1290 0 1128 496 2160 603 1245 1029 1514 1913 1819 1717 165 970
869 984 906 1128 0 1184 2223 1628 551 1529 386 1934 862 2447 1223 895
1095 1164 1639 496 1184 0 2637 509 1491 1523 1553 2381 2004 2187 649 1362
1583 1489 1324 2160 2223 2637 0 2670 1703 1173 2343 288 1936 1358 2043 1385
1289 1315 1893 603 1628 509 2670 0 1833 1499 2010 2445 2392 1959 653 1570
676 750 380 1245 551 1491 1703 1833 0 1217 654 1416 592 2136 1271 525
667 548 951 1029 1529 1523 1173 1499 1217 0 1816 968 1748 925 892 692
1184 1290 1031 1514 386 1553 2343 2010 654 1816 0 2060 641 2742 1604 1137
1311 1222 1037 1913 1934 2381 288 2445 1416 968 2060 0 1675 1347 1806 1102
1266 1332 802 1819 862 2004 1936 2392 592 1748 641 1675 0 2637 1858 1080
1578 1463 1836 1717 2447 2187 1358 1959 2136 925 2742 1347 2637 0 1552 1614
655 667 1266 165 1223 649 2043 653 1271 892 1604 1806 1858 1552 0 932
281 280 343 970 895 1362 1385 1570 525 692 1137 1102 1080 1614 932 0
