0 694 1261 1043 449 60 817 955 999 400 1690 1450 1208 307 294 642
694 0 1682 1263 1140 698 1476 523 1394 966 1523 882 1436 1001 496 845
1261 1682 0 2243 1215 1207 819 2132 2091 864 2952 2563 2387 1160 1531 843
1043 1263 2243 0 1058 1103 1563 983 329 1396 892 1380 176 1083 896 1678
449 1140 1215 1058 0 461 512 1325 876 475 1867 1834 1187 155 684 906
60 698 1207 1103 461 0 792 990 1055 349 1745 1479 1268 310 336 584
817 1476 819 1563 512 792 0 1769 1349 531 2379 2267 1681 552 1106 916
955 523 2132 983 1325 990 1769 0 1219 1327 1015 510 1132 1227 663 1326
999 1394 2091 329 876 1055 1349 1219 0 1289 1214 1661 359 944 947 1638
400 966 864 1396 475 349 531 1327 1289 0 2089 1802 1551 352 684 445
1690 1523 2952 892 1867 1745 2379 1015 1214 2089 0 1049 880 1846 1431 2235
1450 882 2563 1380 1834 1479 2267 510 1661 1802 1049 0 1498 1731 1163 1728
1208 1436 2387 176 1187 1268 1681 1132 359 1551 880 1498 0 1227 1072 1847
307 1001 1160 1083 155 310 552 1227 944 352 1846 1731 1227 0 569 763
294 496 1531 896 684 336 1106 663 947 684 1431 1163 1072 569 0 817
642 845 843 1678 906 584 916 1326 1638 445 2235 1728 1847 763 817 0
