0 460 964 1420 1147 1005 433 811 1291 1217 601 1672 287 1294 1698 94
460 0 1303 1858 1407 897 766 1244 1577 777 803 1284 505 1629 1525 429
964 1303 0 764 306 1067 1203 429 362 2067 549 2079 797 1756 1613 1055
1420 1858 764 0 991 1824 1432 614 901 2632 1254 2817 1388 1573 2373 1489
1147 1407 306 991 0 955 1448 735 183 2134 604 1982 922 2054 1399 1241
1005 897 1067 1824 955 0 1438 1311 1133 1391 609 1027 737 2284 696 1066
433 766 1203 1432 1448 1438 0 900 1560 1389 987 2046 711 875 2132 383
811 1244 429 614 735 1311 900 0 770 2019 705 2255 780 1336 1939 885
1291 1577 362 901 183 1133 1560 770 0 2312 776 2158 1083 2106 1541 1384
1217 777 2067 2632 2134 1391 1389 2019 2312 0 1539 1114 1275 2136 1798 1161
601 803 549 1254 604 609 987 705 776 1539 0 1564 334 1757 1269 692
1672 1284 2079 2817 1982 1027 2046 2255 2158 1114 1564 0 1518 2914 940 1680
287 505 797 1388 922 737 711 780 1083 1275 334 1518 0 1546 1433 370
1294 1629 1756 1573 2054 2284 875 1336 2106 2136 1757 2914 1546 0 2980 1256
1698 1525 1613 2373 1399 696 2132 1939 1541 1798 1269 940 1433 2980 0 1755
94 429 1055 1489 1241 1066 383 885 1384 1161 692 1680 370 1256 1755 0
