0 358 1686 1144 1202 1123 523 1207 1009 1310 1295 755 388 1207 1351 1667 180
358 0 1328 1058 1489 774 456 913 1357 986 1627 1096 353 1561 1379 1346 212
1686 1328 0 1706 2667 664 1521 792 2680 590 2932 2416 1481 2873 2179 564 1533
1144 1058 1706 0 2289 1074 631 1759 1605 1723 1694 1381 1396 2061 473 2032 1014
1202 1489 2667 2289 0 2241 1709 1957 1092 2138 1378 1101 1210 666 2359 2431 1377
1123 774 664 1074 2241 0 868 806 2073 701 2303 1807 1035 2330 1538 969 951
523 456 1521 631 1709 868 0 1303 1247 1329 1447 985 773 1598 922 1680 383
1207 913 792 1759 1957 806 1303 0 2203 202 2501 1959 878 2274 2177 485 1116
1009 1357 2680 1605 1092 2073 1247 2203 0 2318 332 266 1331 539 1485 2673 1148
1310 986 590 1723 2138 701 1329 202 2318 0 2605 2066 1015 2424 2162 360 1197
1295 1627 2932 1694 1378 2303 1447 2501 332 2605 0 542 1639 751 1480 2963 1415
755 1096 2416 1381 1101 1807 985 1959 266 2066 542 0 1098 688 1318 2423 886
388 353 1481 1396 1210 1035 773 878 1331 1015 1639 1098 0 1410 1678 1358 406
1207 1561 2873 2061 666 2330 1598 2274 539 2424 751 688 1410 0 2000 2759 1381
1351 1379 2179 473 2359 1538 922 2177 1485 2162 1480 1318 1678 2000 0 2485 1272
1667 1346 564 2032 2431 969 1680 485 2673 360 2963 2423 1358 2759 2485 0 1557
180 212 1533 1014 1377 951 383 1116 1148 1197 1415 886 406 1381 1272 1557 0
