0 212 155 614 1453 341 789 759 1590 574 1130 105 402 1579 710 952
212 0 130 723 1282 517 996 966 1378 657 954 286 280 1646 911 1064
155 130 0 593 1411 396 892 904 1470 702 975 184 247 1526 861 935
614 723 593 0 1994 330 635 906 1914 1130 1200 512 617 974 935 341
1453 1282 1411 1994 0 1791 2217 2039 890 1363 1418 1552 1404 2838 1943 2329
341 517 396 330 1791 0 515 648 1853 803 1261 239 550 1299 650 640
789 996 892 635 2217 515 0 400 2362 993 1767 711 1066 1364 489 725
759 966 904 906 2039 648 400 0 2333 706 1869 728 1133 1748 109 1087
1590 1378 1470 1914 890 1853 2362 2333 0 1810 862 1653 1315 2515 2264 2189
574 657 702 1130 1363 803 993 706 1810 0 1587 648 932 2103 600 1441
1130 954 975 1200 1418 1261 1767 1869 862 1587 0 1141 736 1659 1834 1413
105 286 184 512 1552 239 711 728 1653 648 1141 0 405 1481 694 848
402 280 247 617 1404 550 1066 1133 1315 932 736 405 0 1446 1099 934
1579 1646 1526 974 2838 1299 1364 1748 2515 2103 1659 1481 1446 0 1812 674
710 911 861 935 1943 650 489 109 2264 600 1834 694 1099 1812 0 1144
952 1064 935 341 2329 640 725 1087 2189 1441 1413 848 934 674 1144 0
