0 1310 556 943 1234 1568 598 1451 380 1605 392 724 631 664 1606 1714
1310 0 1751 1520 2544 1765 1809 191 1169 2890 1605 1617 1560 1412 2465 1780
556 1751 0 746 914 2067 778 1858 928 1154 164 407 357 1148 1101 1559
943 1520 746 0 1627 2469 1440 1553 1269 1742 754 341 394 1599 947 817
1234 2544 914 1627 0 2247 877 2681 1465 504 1000 1289 1261 1466 1534 2404
1568 1765 2067 2469 2247 0 1420 1952 1204 2747 1923 2291 2198 919 3162 3137
598 1809 778 1440 877 1420 0 1972 647 1355 697 1139 1059 588 1853 2249
1451 191 1858 1553 2681 1952 1972 0 1340 3008 1720 1688 1638 1596 2500 1722
380 1169 928 1269 1465 1204 647 1340 0 1891 767 1091 998 354 1985 1984
1605 2890 1154 1742 504 2747 1355 3008 1891 0 1287 1437 1443 1939 1355 2433
392 1605 164 754 1000 1923 697 1720 767 1287 0 441 363 1004 1238 1571
724 1617 407 341 1289 2291 1139 1688 1091 1437 441 0 93 1387 918 1151
631 1560 357 394 1261 2198 1059 1638 998 1443 363 93 0 1294 1005 1212
664 1412 1148 1599 1466 919 588 1596 354 1939 1004 1387 1294 0 2243 2334
1606 2465 1101 947 1534 3162 1853 2500 1985 1355 1238 918 1005 2243 0 1257
1714 1780 1559 817 2404 3137 2249 1722 1984 2433 1571 1151 1212 2334 1257 0
