0 696 728 1030 763 1450 1414 1729 786 492 1299 1105 1273 1364 1343 885
696 0 626 1713 1438 1407 1059 1264 1176 243 1961 1214 681 1322 1595 240
728 626 0 1480 1207 1958 1681 1034 675 464 1964 589 1283 721 985 852
1030 1713 1480 0 280 2177 2353 2488 942 1485 773 1435 2298 1765 1349 1915
763 1438 1207 280 0 2008 2126 2224 718 1207 894 1215 2037 1544 1196 1644
1450 1407 1958 2177 2008 0 653 2630 2236 1495 1865 2491 1171 2679 2784 1293
1414 1059 1681 2353 2126 653 0 2136 2136 1236 2244 2264 577 2380 2623 861
1729 1264 1034 2488 2224 2630 2136 0 1584 1304 2998 1181 1571 944 1552 1337
786 1176 675 942 718 2236 2136 1584 0 941 1602 497 1856 827 571 1416
492 243 464 1485 1207 1495 1236 1304 941 0 1786 1030 915 1185 1388 478
1299 1961 1964 773 894 1865 2244 2998 1602 1786 0 2094 2382 2419 2088 2097
1105 1214 589 1435 1215 2491 2264 1181 497 1030 2094 0 1870 330 423 1441
1273 681 1283 2298 2037 1171 577 1571 1856 915 2382 1870 0 1927 2266 441
1364 1322 721 1765 1544 2679 2380 944 827 1185 2419 330 1927 0 612 1526
1343 1595 985 1349 1196 2784 2623 1552 571 1388 2088 423 2266 612 0 1830
885 240 852 1915 1644 1293 861 1337 1416 478 2097 1441 441 1526 1830 0
