0 90 1295 803 455 191 1377 468 817 4 59 502 1023 851 1334 771 1338
90 0 1267 725 398 264 1468 501 791 94 34 558 976 917 1267 859 1260
1295 1267 0 1616 895 1230 2219 960 477 1299 1287 1788 379 2100 649 1593 927
803 725 1616 0 812 989 2111 1180 1225 806 747 990 1242 1325 1293 1560 1123
455 398 895 812 0 492 1732 461 439 460 427 955 579 1307 881 1078 915
191 264 1230 989 492 0 1252 315 759 190 243 569 1004 871 1363 616 1407
1377 1468 2219 2111 1732 1252 0 1341 1846 1373 1435 1156 2138 959 2554 660 2643
468 501 960 1180 461 315 1341 0 520 469 498 879 803 1154 1213 682 1320
817 791 477 1225 439 759 1846 520 0 821 811 1311 295 1631 732 1194 904
4 94 1299 806 460 190 1373 469 821 0 62 498 1027 846 1339 767 1343
59 34 1287 747 427 243 1435 498 811 62 0 528 1002 885 1299 830 1294
502 558 1788 990 955 569 1156 879 1311 498 528 0 1525 368 1825 751 1800
1023 976 379 1242 579 1004 2138 803 295 1027 1002 1525 0 1865 441 1483 648
851 917 2100 1325 1307 871 959 1154 1631 846 885 368 1865 0 2184 789 2168
1334 1267 649 1293 881 1363 2554 1213 732 1339 1299 1825 441 2184 0 1895 293
771 859 1593 1560 1078 616 660 682 1194 767 830 751 1483 789 1895 0 1985
1338 1260 927 1123 915 1407 2643 1320 904 1343 1294 1800 648 2168 293 1985 0
