0 511 745 848 144 515 604 497 704 676 501 49 132 836 69 548 222 359 391 832 800 126 372 848 750 162 586 148 120 342 591 819 601 816 212 49 434 526 816 395 233 663 807 859 493 770 726 569 577 716 371 182 114 653 457 538 560 127 16 470 319 9 210 393 498 169 863 238 141 8 781 509 585 425 707 822 145 450
511 0 306 1094 385 1002 802 772 860 1099 982 558 470 1347 580 1055 728 182 846 673 1212 497 412 1190 1104 387 98 566 620 412 447 1082 496 499 317 559 862 531 1292 801 413 1154 954 1125 121 1142 322 144 1070 922 568 378 546 693 241 402 705 530 525 443 706 510 591 152 355 611 836 317 377 513 1269 2 1058 85 657 780 505 435
745 306 0 1090 648 1174 1109 1075 834 1211 1243 794 661 1565 811 1290 967 480 1004 488 1502 767 486 1237 1168 590 328 835 865 504 365 1388 415 712 590 794 1142 834 1441 932 705 1409 908 1131 256 1439 517 404 1246 916 646 574 741 994 305 357 1012 798 761 450 991 748 751 454 654 878 703 602 603 745 1526 306 1324 362 947 1064 779 456
848 1094 1090 0 946 652 1438 1316 257 435 1082 850 750 1050 831 968 875 1066 571 717 1438 974 682 229 250 808 1192 980 884 686 725 1607 675 1564 981 847 1149 1365 684 492 1067 1139 215 49 986 1471 1411 1226 695 174 539 800 733 1500 862 738 1405 971 853 662 1114 857 638 1084 1291 978 512 1021 853 839 1227 1092 1155 1033 1546 1666 993 665
144 385 648 946 0 660 562 480 774 813 599 184 196 967 209 672 346 220 531 817 858 118 370 970 874 152 451 186 237 344 564 810 587 674 71 186 495 419 960 524 124 770 878 963 392 807 582 428 721 801 429 169 232 564 389 508 496 149 154 464 349 140 318 254 362 230 887 94 103 150 885 384 678 302 600 721 132 445
515 1002 1174 652 660 0 938 805 684 257 457 479 532 442 453 318 371 871 173 1058 800 603 695 516 429 614 1088 562 454 673 893 1032 873 1327 727 477 574 990 301 269 731 487 752 632 951 853 1241 1080 73 629 559 624 455 1075 869 862 945 579 507 763 609 520 423 903 1005 532 967 754 627 510 575 1000 517 917 1159 1255 612 749
604 802 1109 1438 562 938 0 133 1309 1175 561 591 727 1003 607 733 584 635 903 1373 540 482 933 1399 1300 711 804 461 553 906 1119 282 1146 693 578 594 388 303 1205 954 447 699 1412 1443 876 423 759 736 964 1317 972 729 716 220 921 1062 105 476 595 1026 334 594 809 657 479 460 1448 546 663 612 770 802 576 755 340 372 462 1007
497 772 1075 1316 480 805 133 0 1199 1043 437 478 626 883 491 605 454 594 774 1297 478 384 846 1270 1171 621 790 350 432 818 1044 330 1067 750 510 481 259 338 1073 829 380 585 1300 1320 830 381 784 729 830 1202 869 640 605 317 859 988 174 371 486 942 204 488 696 621 488 341 1355 485 576 505 666 772 461 713 432 488 364 922
704 860 834 257 774 684 1309 1199 0 546 1047 720 586 1122 708 971 794 856 548 473 1402 828 456 443 409 624 957 849 772 468 469 1511 419 1345 794 717 1074 1191 816 444 899 1141 104 301 747 1413 1181 998 746 93 345 612 594 1338 622 487 1261 832 714 419 1006 714 502 869 1093 858 301 835 672 696 1244 858 1129 807 1369 1493 848 425
676 1099 1211 435 813 257 1175 1043 546 0 714 653 643 614 627 570 593 1001 287 988 1054 786 726 263 189 725 1193 761 651 712 881 1286 848 1487 872 650 825 1190 269 299 908 733 585 405 1024 1110 1376 1201 276 467 565 728 583 1292 920 865 1171 769 672 766 841 683 513 1029 1174 740 847 906 753 668 809 1097 773 1019 1366 1471 800 757
501 982 1243 1082 599 457 561 437 1047 714 0 453 613 447 442 176 291 806 513 1302 357 485 854 971 880 663 1038 415 380 825 1077 587 1079 1131 665 454 178 729 670 607 586 175 1135 1070 987 396 1113 999 454 1017 792 683 544 751 959 1029 608 452 485 948 314 497 595 840 823 370 1283 668 641 503 286 981 86 901 860 925 477 929
49 558 794 850 184 479 591 478 720 653 453 0 168 789 26 499 173 403 366 871 758 134 412 837 738 209 632 130 73 382 633 794 641 848 254 3 394 540 780 382 256 614 822 859 543 733 765 612 538 726 396 229 127 657 505 582 555 122 33 510 290 47 218 437 527 139 893 277 191 49 732 557 538 473 719 830 149 490
132 470 661 750 196 532 727 626 586 643 613 168 0 904 172 633 323 357 377 702 926 244 244 780 685 83 558 279 240 214 466 950 473 850 237 166 563 614 822 346 317 765 690 767 423 901 732 559 601 607 245 92 80 755 359 416 675 254 146 341 451 141 131 386 550 302 731 276 110 126 883 468 699 385 795 916 265 322
836 1347 1565 1050 967 442 1003 883 1122 614 447 789 904 0 767 302 621 1187 607 1497 618 871 1108 862 803 977 1419 808 730 1082 1319 972 1304 1566 1038 788 626 1172 409 710 991 310 1181 1019 1323 727 1528 1393 376 1058 990 993 823 1198 1262 1282 1055 839 822 1186 752 837 825 1222 1249 764 1409 1052 974 834 294 1346 429 1262 1307 1371 870 1170
69 580 811 831 209 453 607 491 708 627 442 26 172 767 0 480 156 427 340 873 755 158 416 814 715 222 655 148 69 387 639 804 645 874 279 24 393 564 754 360 282 600 809 839 561 734 791 637 512 711 390 241 119 679 518 588 575 145 56 513 298 70 205 461 553 150 888 302 208 67 718 578 528 494 743 853 173 494
548 1055 1290 968 672 318 733 605 971 570 176 499 633 302 480 0 327 890 423 1282 485 571 858 832 748 699 1123 506 435 830 1078 760 1070 1264 742 499 345 875 497 527 689 171 1049 950 1041 552 1225 1094 297 927 764 716 555 914 992 1035 772 539 533 945 454 547 578 925 946 462 1231 754 689 547 274 1054 209 971 1018 1091 569 927
222 728 967 875 346 371 584 454 794 593 291 173 323 621 156 327 0 566 320 1013 622 254 563 816 717 379 798 199 109 533 786 731 788 974 417 173 280 620 665 383 380 444 889 874 716 620 914 772 415 779 509 397 253 704 675 738 579 224 206 657 250 220 311 600 651 163 1006 431 364 222 561 727 377 644 787 884 257 638
359 182 480 1066 220 871 635 594 856 1001 806 403 357 1187 427 890 566 0 730 770 1030 322 402 1127 1035 277 233 391 456 388 521 911 560 501 149 404 681 391 1169 703 231 979 957 1091 240 961 375 209 935 903 526 278 422 556 306 466 544 355 371 468 524 357 488 34 245 436 895 138 248 364 1093 181 880 119 545 672 328 453
391 846 1004 571 531 173 903 774 548 287 513 366 377 607 340 423 320 730 0 890 870 499 522 496 397 461 936 475 365 501 720 1043 700 1206 593 363 581 903 446 106 621 593 628 564 788 899 1105 935 247 507 386 468 307 1008 700 689 891 482 386 589 569 397 257 760 890 457 814 625 481 384 696 845 590 763 1080 1186 512 575
832 673 488 717 817 1058 1373 1297 473 988 1302 871 702 1497 873 1282 1013 770 890 0 1628 919 459 917 877 681 746 971 942 489 254 1627 231 1161 795 869 1265 1160 1254 788 926 1437 505 765 555 1602 970 813 1129 566 517 661 760 1325 464 311 1295 940 847 361 1146 839 709 764 1007 1000 233 828 723 826 1551 671 1389 668 1313 1439 938 381
800 1212 1502 1438 858 800 540 478 1402 1054 357 758 926 618 755 485 622 1030 870 1628 0 739 1171 1316 1229 960 1247 675 686 1141 1391 386 1400 1224 912 760 366 815 961 964 799 336 1492 1424 1246 130 1261 1192 782 1374 1131 980 869 761 1244 1339 632 711 784 1268 510 793 934 1061 964 638 1628 900 927 804 325 1212 283 1142 880 898 725 1249
126 497 767 974 118 603 482 384 828 786 485 134 244 871 158 571 254 322 499 919 739 0 463 970 871 238 556 69 150 435 670 712 688 725 180 137 376 405 903 516 128 657 931 986 510 692 659 523 657 842 489 258 241 527 505 614 434 32 122 560 232 117 336 357 402 114 971 184 196 135 771 496 561 417 585 698 20 541
372 412 486 682 370 695 933 846 456 726 854 412 244 1108 416 858 563 402 522 459 1171 463 0 783 702 225 511 512 485 29 223 1175 228 888 366 410 806 761 954 445 490 1001 556 713 311 1143 729 545 768 512 164 205 309 919 195 177 865 482 388 97 688 380 283 413 644 541 517 405 270 367 1117 410 941 352 932 1058 483 78
848 1190 1237 229 970 516 1399 1270 443 263 971 837 780 862 814 832 816 1127 496 917 1316 970 783 0 99 853 1288 959 853 779 879 1532 834 1627 1018 834 1069 1375 472 454 1081 997 434 183 1095 1367 1493 1310 539 350 621 850 740 1494 976 880 1383 960 849 790 1065 857 652 1151 1330 947 729 1057 890 840 1071 1188 1034 1119 1555 1668 987 788
750 1104 1168 250 874 429 1300 1171 409 189 880 738 685 803 715 748 717 1035 397 877 1229 871 702 99 0 759 1202 860 753 696 815 1436 774 1534 923 735 973 1276 434 355 982 915 424 216 1013 1276 1403 1221 460 320 539 757 643 1394 898 811 1283 860 750 718 966 758 555 1059 1234 847 707 961 796 741 995 1102 946 1031 1457 1569 888 714
162 387 590 808 152 614 711 621 624 725 663 209 83 977 222 699 379 277 461 681 960 238 225 853 759 0 475 290 283 197 434 950 450 774 172 208 593 566 906 426 276 823 729 828 346 924 651 476 683 656 280 20 159 715 296 380 648 258 178 322 465 167 212 304 483 322 737 213 48 159 940 385 748 302 745 868 258 302
586 98 328 1192 451 1088 804 790 957 1193 1038 632 558 1419 655 1123 798 233 936 746 1247 556 511 1288 1202 475 0 624 689 511 534 1086 584 415 381 633 907 515 1381 895 456 1212 1050 1224 212 1168 229 76 1154 1021 667 468 632 670 336 492 702 588 599 539 749 585 683 198 332 669 922 371 460 589 1325 100 1111 174 619 736 561 532
148 566 835 980 186 562 461 350 849 761 415 130 279 808 148 506 199 391 475 971 675 69 512 959 860 290 624 0 110 483 725 671 740 775 250 133 309 430 860 505 184 588 952 987 579 634 720 589 611 856 519 311 255 535 568 670 427 37 136 610 175 138 348 425 452 45 1010 252 253 155 702 565 492 486 605 711 63 590
120 620 865 884 237 454 553 432 772 651 380 73 240 730 69 435 109 456 365 942 686 150 485 853 753 283 689 110 0 455 706 739 713 876 308 75 323 540 754 402 279 543 872 889 611 665 807 663 506 770 458 302 188 643 578 655 529 124 104 582 234 117 270 491 553 94 957 323 261 123 661 618 465 535 715 820 158 562
342 412 504 686 344 673 906 818 468 712 825 382 214 1082 387 830 533 388 501 489 1141 435 29 779 696 197 511 483 455 0 252 1147 258 880 343 381 776 740 936 427 465 972 569 716 317 1113 725 540 746 519 157 177 280 896 207 205 840 453 358 127 658 350 257 401 627 511 542 383 243 337 1089 410 911 347 913 1039 455 107
591 447 365 725 564 893 1119 1044 469 881 1077 633 466 1319 639 1078 786 521 720 254 1391 670 223 879 815 434 534 725 706 252 0 1375 52 946 540 631 1025 909 1130 629 672 1223 546 766 325 1358 763 592 967 552 334 413 533 1074 217 57 1041 692 607 133 900 597 500 518 763 757 388 573 473 586 1340 446 1164 427 1067 1193 688 150
819 1082 1388 1607 810 1032 282 330 1511 1286 587 794 950 972 804 760 731 911 1043 1627 386 712 1175 1532 1436 950 1086 671 739 1147 1375 0 1397 949 838 797 463 581 1257 1114 707 664 1611 1604 1150 256 1034 1018 1038 1506 1190 970 921 465 1187 1318 385 696 807 1272 505 810 1009 934 761 655 1682 811 906 826 693 1082 559 1031 576 556 692 1252
601 496 415 675 587 873 1146 1067 419 848 1079 641 473 1304 645 1070 788 560 700 231 1400 688 228 834 774 450 584 740 713 258 52 1397 0 995 569 639 1035 946 1100 606 699 1220 494 717 374 1372 814 640 946 503 314 429 534 1109 261 95 1071 708 617 131 915 608 492 559 804 769 340 603 492 596 1336 494 1166 471 1106 1233 707 151
816 499 712 1564 674 1327 693 750 1345 1487 1131 848 850 1566 874 1264 974 501 1206 1161 1224 725 888 1627 1534 774 415 775 876 880 946 949 995 0 615 850 963 412 1628 1194 596 1301 1443 1591 620 1114 194 355 1382 1399 1025 777 904 483 739 901 593 752 822 935 817 810 981 480 323 814 1335 581 739 823 1398 501 1182 538 374 442 718 925
212 317 590 981 71 727 578 510 794 872 665 254 237 1038 279 742 417 149 593 795 912 180 366 1018 923 172 381 250 308 343 540 838 569 615 0 256 552 397 1027 578 131 837 898 1000 334 854 514 357 789 828 451 183 288 552 349 483 502 213 223 453 401 209 367 183 313 294 883 41 128 217 952 316 742 236 574 699 190 435
49 559 794 847 186 477 594 481 717 650 454 3 166 788 24 499 173 404 363 869 760 137 410 834 735 208 633 133 75 381 631 797 639 850 256 0 396 542 778 379 258 615 819 855 542 736 767 614 536 723 393 228 124 660 504 580 558 125 34 508 292 48 215 438 529 142 890 278 190 49 732 557 539 473 722 833 152 488
434 862 1142 1149 495 574 388 259 1074 825 178 394 563 626 393 345 280 681 581 1265 366 376 806 1069 973 593 907 309 323 776 1025 463 1035 963 552 396 0 556 823 657 451 339 1170 1144 886 342 958 861 588 1059 779 614 511 572 878 972 429 346 419 904 158 427 584 714 663 271 1278 546 560 439 436 862 219 787 681 747 363 884
526 531 834 1365 419 990 303 338 1191 1190 729 540 614 1172 564 875 620 391 903 1160 815 405 761 1375 1276 566 515 430 540 740 909 581 946 412 397 542 556 0 1285 921 298 895 1295 1380 624 711 457 443 1036 1220 846 579 637 165 696 854 197 420 526 841 420 518 730 402 183 458 1273 357 518 535 988 531 774 502 181 302 390 825
816 1292 1441 684 960 301 1205 1073 816 269 670 780 822 409 754 497 665 1169 446 1254 961 903 954 472 434 906 1381 860 754 936 1130 1257 1100 1628 1027 778 823 1285 0 509 1032 624 850 646 1233 1044 1541 1377 249 736 801 914 749 1359 1140 1108 1225 879 807 1007 889 821 703 1201 1305 828 1117 1055 923 810 665 1290 703 1208 1450 1540 912 996
395 801 932 492 524 269 954 829 444 299 607 382 346 710 360 527 383 703 106 788 964 516 445 454 355 426 895 505 402 427 629 1114 606 1194 578 379 657 921 509 0 628 697 528 491 730 986 1078 902 341 410 296 429 292 1039 632 603 931 505 395 502 625 403 214 731 886 496 708 614 456 387 801 799 687 720 1101 1213 532 490
233 413 705 1067 124 731 447 380 899 908 586 256 317 991 282 689 380 231 621 926 799 128 490 1081 982 276 456 184 279 465 672 707 699 596 131 258 451 298 1032 628 0 761 1003 1082 454 733 536 413 785 924 554 292 340 439 479 615 375 156 236 580 293 225 433 263 273 227 1007 105 228 241 871 412 656 343 479 598 123 562
663 1154 1409 1139 770 487 699 585 1141 733 175 614 765 310 600 171 444 979 593 1437 336 657 1001 997 915 823 1212 588 543 972 1223 664 1220 1301 837 615 339 895 624 697 761 0 1221 1120 1155 427 1287 1174 457 1099 921 841 692 902 1119 1177 759 624 647 1092 486 660 728 1014 996 543 1397 841 805 664 117 1153 123 1072 1015 1070 651 1073
807 954 908 215 878 752 1412 1300 104 585 1135 822 690 1181 809 1049 889 957 628 505 1492 931 556 434 424 729 1050 952 872 569 546 1611 494 1443 898 819 1170 1295 850 528 1003 1221 0 264 839 1507 1276 1094 808 123 449 716 696 1443 714 570 1364 935 816 511 1106 817 604 970 1196 960 297 939 777 799 1320 952 1215 905 1473 1597 951 519
859 1125 1131 49 963 632 1443 1320 301 405 1070 859 767 1019 839 950 874 1091 564 765 1424 986 713 183 216 828 1224 987 889 716 766 1604 717 1591 1000 855 1144 1380 646 491 1082 1120 264 0 1020 1462 1441 1256 671 214 565 821 745 1513 897 777 1414 981 863 698 1116 868 650 1110 1312 983 562 1041 872 851 1205 1123 1141 1063 1562 1680 1004 700
493 121 256 986 392 951 876 830 747 1024 987 543 423 1323 561 1041 716 240 788 555 1246 510 311 1095 1013 346 212 579 611 317 325 1150 374 620 334 542 886 624 1233 730 454 1155 839 1020 0 1187 441 266 1022 813 474 331 503 789 125 280 784 541 509 328 736 495 530 223 458 621 714 349 352 494 1271 120 1068 122 764 888 523 322
770 1142 1439 1471 807 853 423 381 1413 1110 396 733 901 727 734 552 620 961 899 1602 130 692 1143 1367 1276 924 1168 634 665 1113 1358 256 1372 1114 854 736 342 711 1044 986 733 427 1507 1462 1187 0 1164 1108 846 1394 1122 944 853 642 1196 1304 521 667 755 1241 460 763 927 990 870 602 1621 837 887 776 441 1142 342 1076 762 772 675 1221
726 322 517 1411 582 1241 759 784 1181 1376 1113 765 732 1528 791 1225 914 375 1105 970 1261 659 729 1493 1403 651 229 720 807 725 763 1034 814 194 514 767 958 457 1541 1078 536 1287 1276 1441 441 1164 0 184 1303 1241 877 649 797 578 564 721 654 690 736 765 802 722 863 346 298 763 1151 488 624 731 1393 324 1175 377 493 589 658 757
569 144 404 1226 428 1080 736 729 998 1201 999 612 559 1393 637 1094 772 209 935 813 1192 523 545 1310 1221 476 76 589 663 540 592 1018 640 355 357 614 861 443 1377 902 413 1174 1094 1256 266 1108 184 0 1144 1057 693 472 628 596 384 546 633 555 581 583 702 566 688 176 260 634 980 340 454 573 1285 146 1069 193 543 660 526 574
577 1070 1246 695 721 73 964 830 746 276 454 538 601 376 512 297 415 935 247 1129 782 657 768 539 460 683 1154 611 506 746 967 1038 946 1382 789 536 588 1036 249 341 785 457 808 671 1022 846 1303 1144 0 685 633 694 523 1111 941 936 978 631 567 836 642 581 495 968 1059 578 1032 815 694 572 535 1068 504 984 1201 1292 664 822
716 922 916 174 801 629 1317 1202 93 467 1017 726 607 1058 711 927 779 903 507 566 1374 842 512 350 320 656 1021 856 770 519 552 1506 503 1399 828 723 1059 1220 736 410 924 1099 123 214 813 1394 1241 1057 685 0 379 645 602 1362 689 564 1276 843 723 488 1004 726 508 919 1134 861 387 869 702 708 1198 920 1096 864 1400 1522 862 491
371 568 646 539 429 559 972 869 345 565 792 396 245 990 390 764 509 526 386 517 1131 489 164 621 539 280 667 519 458 157 334 1190 314 1025 451 393 779 846 801 296 554 921 449 565 474 1122 877 693 633 379 0 268 270 994 360 307 919 498 383 206 686 381 197 545 755 536 499 492 327 364 1035 566 879 500 1024 1148 510 194
182 378 574 800 169 624 729 640 612 728 683 229 92 993 241 716 397 278 468 661 980 258 205 850 757 20 468 311 302 177 413 970 429 777 183 228 614 579 914 429 292 841 716 821 331 944 649 472 694 645 268 0 171 730 277 359 665 279 198 301 486 187 215 303 491 343 719 224 65 179 959 376 767 294 757 881 278 282
114 546 741 733 232 455 716 605 594 583 544 127 80 823 119 555 253 422 307 760 869 241 309 740 643 159 632 255 188 280 533 921 534 904 288 124 511 637 749 292 340 692 696 745 503 853 797 628 523 602 270 171 0 767 439 485 674 240 121 403 417 124 95 452 594 266 769 323 173 105 809 544 631 461 818 935 260 384
653 693 994 1500 564 1075 220 317 1338 1292 751 657 755 1198 679 914 704 556 1008 1325 761 527 919 1494 1394 715 670 535 643 896 1074 465 1109 483 552 660 572 165 1359 1039 439 902 1443 1513 789 642 578 596 1111 1362 994 730 767 0 861 1017 143 534 649 1002 471 644 862 567 339 552 1434 513 666 662 981 694 779 667 119 180 509 985
457 241 305 862 389 869 921 859 622 920 959 505 359 1262 518 992 675 306 700 464 1244 505 195 976 898 296 336 568 578 207 217 1187 261 739 349 504 878 696 1140 632 479 1119 714 897 125 1196 564 384 941 689 360 277 439 861 0 165 838 532 473 203 737 461 446 301 545 607 601 376 319 455 1237 240 1043 210 850 976 521 197
538 402 357 738 508 862 1062 988 487 865 1029 582 416 1282 588 1035 738 466 689 311 1339 614 177 880 811 380 492 670 655 205 57 1318 95 901 483 580 972 854 1108 603 615 1177 570 777 280 1304 721 546 936 564 307 359 485 1017 165 0 984 637 554 100 845 545 459 464 709 703 436 516 418 534 1294 400 1115 375 1012 1139 633 113
560 705 1012 1405 496 945 105 174 1261 1171 608 555 675 1055 575 772 579 544 891 1295 632 434 865 1383 1283 648 702 427 529 840 1041 385 1071 593 502 558 429 197 1225 931 375 759 1364 1414 784 521 654 633 978 1276 919 665 674 143 838 984 0 434 553 955 336 550 769 563 375 436 1382 467 600 568 840 705 635 662 257 318 414 936
127 530 798 971 149 579 476 371 832 769 452 122 254 839 145 539 224 355 482 940 711 32 482 960 860 258 588 37 124 453 692 696 708 752 213 125 346 420 879 505 156 624 935 981 541 667 690 555 631 843 498 279 240 534 532 637 434 0 119 579 207 118 335 390 428 81 985 217 219 136 739 529 529 449 598 708 33 560
16 525 761 853 154 507 595 486 714 672 485 33 146 822 56 533 206 371 386 847 784 122 388 849 750 178 599 136 104 358 607 807 617 822 223 34 419 526 807 395 236 647 816 863 509 755 736 581 567 723 383 198 121 649 473 554 553 119 0 485 305 14 216 405 504 155 876 247 157 20 764 523 569 439 706 820 140 466
470 443 450 662 464 763 1026 942 419 766 948 510 341 1186 513 945 657 468 589 361 1268 560 97 790 718 322 539 610 582 127 133 1272 131 935 453 508 904 841 1007 502 580 1092 511 698 328 1241 765 583 836 488 206 301 403 1002 203 100 955 579 485 0 785 478 366 473 713 639 431 490 365 465 1208 441 1035 398 1009 1135 580 19
319 706 991 1114 349 609 334 204 1006 841 314 290 451 752 298 454 250 524 569 1146 510 232 688 1065 966 465 749 175 234 658 900 505 915 817 401 292 158 420 889 625 293 486 1106 1116 736 460 802 702 642 1004 686 486 417 471 737 845 336 207 305 785 0 310 504 556 509 150 1182 391 427 326 590 705 372 632 567 651 216 766
9 510 748 857 140 520 594 488 714 683 497 47 141 837 70 547 220 357 397 839 793 117 380 857 758 167 585 138 117 350 597 810 608 810 209 48 427 518 821 403 225 660 817 868 495 763 722 566 581 726 381 187 124 644 461 545 550 118 14 478 310 0 219 391 492 161 872 234 144 18 778 509 581 425 699 813 136 458
210 591 751 638 318 423 809 696 502 513 595 218 131 825 205 578 311 488 257 709 934 336 283 652 555 212 683 348 270 257 500 1009 492 981 367 215 584 730 703 214 433 728 604 650 530 927 863 688 495 508 197 215 95 862 446 459 769 335 216 366 504 219 0 516 679 356 694 405 242 201 844 589 682 509 912 1029 355 349
393 152 454 1084 254 903 657 621 869 1029 840 437 386 1222 461 925 600 34 760 764 1061 357 413 1151 1059 304 198 425 491 401 518 934 559 480 183 438 714 402 1201 731 263 1014 970 1110 223 990 346 176 968 919 545 303 452 567 301 464 563 390 405 473 556 391 516 0 244 471 897 173 279 397 1127 151 914 100 549 675 363 460
498 355 654 1291 362 1005 479 488 1093 1174 823 527 550 1249 553 946 651 245 890 1007 964 402 644 1330 1234 483 332 452 553 627 763 761 804 323 313 529 663 183 1305 886 273 996 1196 1312 458 870 298 260 1059 1134 755 491 594 339 545 709 375 428 504 713 509 492 679 244 0 491 1140 273 441 506 1099 356 881 340 306 431 395 698
169 611 878 978 230 532 460 341 858 740 370 139 302 764 150 462 163 436 457 1000 638 114 541 947 847 322 669 45 94 511 757 655 769 814 294 142 271 458 828 496 227 543 960 983 621 602 763 634 578 861 536 343 266 552 607 703 436 81 155 639 150 161 356 471 491 0 1031 298 289 175 657 610 448 531 629 730 108 619
863 836 703 512 887 967 1448 1355 301 847 1283 893 731 1409 888 1231 1006 895 814 233 1628 971 517 729 707 737 922 1010 957 542 388 1682 340 1335 883 890 1278 1273 1117 708 1007 1397 297 562 714 1621 1151 980 1032 387 499 719 769 1434 601 436 1382 985 876 431 1182 872 694 897 1140 1031 0 921 784 856 1505 834 1368 811 1439 1566 991 448
238 317 602 1021 94 754 546 485 835 906 668 277 276 1052 302 754 431 138 625 828 900 184 405 1057 961 213 371 252 323 383 573 811 603 581 41 278 546 357 1055 614 105 841 939 1041 349 837 488 340 815 869 492 224 323 513 376 516 467 217 247 490 391 234 405 173 273 298 921 0 169 244 954 316 742 241 533 658 190 473
141 377 603 853 103 627 663 576 672 753 641 191 110 974 208 689 364 248 481 723 927 196 270 890 796 48 460 253 261 243 473 906 492 739 128 190 560 518 923 456 228 805 777 872 352 887 624 454 694 702 327 65 173 666 319 418 600 219 157 365 427 144 242 279 441 289 784 169 0 141 922 376 724 292 697 820 215 346
8 513 745 839 150 510 612 505 696 668 503 49 126 834 67 547 222 364 384 826 804 135 367 840 741 159 589 155 123 337 586 826 596 823 217 49 439 535 810 387 241 664 799 851 494 776 731 573 572 708 364 179 105 662 455 534 568 136 20 465 326 18 201 397 506 175 856 244 141 0 782 512 588 427 716 831 154 445
781 1269 1526 1227 885 575 770 666 1244 809 286 732 883 294 718 274 561 1093 696 1551 325 771 1117 1071 995 940 1325 702 661 1089 1340 693 1336 1398 952 732 436 988 665 801 871 117 1320 1205 1271 441 1393 1285 535 1198 1035 959 809 981 1237 1294 840 739 764 1208 590 778 844 1127 1099 657 1505 954 922 782 0 1268 217 1187 1097 1143 764 1190
509 2 306 1092 384 1000 802 772 858 1097 981 557 468 1346 578 1054 727 181 845 671 1212 496 410 1188 1102 385 100 565 618 410 446 1082 494 501 316 557 862 531 1290 799 412 1153 952 1123 120 1142 324 146 1068 920 566 376 544 694 240 400 705 529 523 441 705 509 589 151 356 610 834 316 376 512 1268 0 1057 84 658 781 504 433
585 1058 1324 1155 678 517 576 461 1129 773 86 538 699 429 528 209 377 880 590 1389 283 561 941 1034 946 748 1111 492 465 911 1164 559 1166 1182 742 539 219 774 703 687 656 123 1215 1141 1068 342 1175 1069 504 1096 879 767 631 779 1043 1115 635 529 569 1035 372 581 682 914 881 448 1368 742 724 588 217 1057 0 979 892 947 553 1016
425 85 362 1033 302 917 755 713 807 1019 901 473 385 1262 494 971 644 119 763 668 1142 417 352 1119 1031 302 174 486 535 347 427 1031 471 538 236 473 787 502 1208 720 343 1072 905 1063 122 1076 377 193 984 864 500 294 461 667 210 375 662 449 439 398 632 425 509 100 340 531 811 241 292 427 1187 84 979 0 645 771 426 387
707 657 947 1546 600 1159 340 432 1369 1366 860 719 795 1307 743 1018 787 545 1080 1313 880 585 932 1555 1457 745 619 605 715 913 1067 576 1106 374 574 722 681 181 1450 1101 479 1015 1473 1562 764 762 493 543 1201 1400 1024 757 818 119 850 1012 257 598 706 1009 567 699 912 549 306 629 1439 533 697 716 1097 658 892 645 0 126 569 993
822 780 1064 1666 721 1255 372 488 1493 1471 925 830 916 1371 853 1091 884 672 1186 1439 898 698 1058 1668 1569 868 736 711 820 1039 1193 556 1233 442 699 833 747 302 1540 1213 598 1070 1597 1680 888 772 589 660 1292 1522 1148 881 935 180 976 1139 318 708 820 1135 651 813 1029 675 431 730 1566 658 820 831 1143 781 947 771 126 0 681 1119
145 505 779 993 132 612 462 364 848 800 477 149 265 870 173 569 257 328 512 938 725 20 483 987 888 258 561 63 158 455 688 692 707 718 190 152 363 390 912 532 123 651 951 1004 523 675 658 526 664 862 510 278 260 509 521 633 414 33 140 580 216 136 355 363 395 108 991 190 215 154 764 504 553 426 569 681 0 560
450 435 456 665 445 749 1007 922 425 757 929 490 322 1170 494 927 638 453 575 381 1249 541 78 788 714 302 532 590 562 107 150 1252 151 925 435 488 884 825 996 490 562 1073 519 700 322 1221 757 574 822 491 194 282 384 985 197 113 936 560 466 19 766 458 349 460 698 619 448 473 346 445 1190 433 1016 387 993 1119 560 0
