0 179 757 588 599 64 828 820 766 772 363 12 312 41 536 681 503 348 548 314 819 435 569 850 181 499 218 275 216 650 106 656 445 314 17 817 74 772 558 584 541 350 771 581 689 238 810 453 551 280 723 515 88 213 586 30 89 105 121 477 470 827 530 452 485 68 367 668 118 455 329 731 405 855 363 83 677 476
179 0 848 568 451 119 762 975 681 788 213 174 489 191 497 690 623 518 634 395 654 271 692 692 321 656 391 453 270 728 76 531 608 357 161 916 115 902 390 594 477 460 891 759 510 156 843 560 386 430 877 591 266 225 760 189 95 217 96 606 643 822 425 431 610 247 522 766 193 357 357 608 456 917 482 182 699 330
757 848 0 1341 1291 803 1585 440 750 1499 1060 770 754 792 554 1417 1103 548 214 454 1458 914 1142 1512 581 970 770 640 963 1308 791 864 909 496 765 1408 761 1277 1206 1324 628 407 1309 657 1244 980 1518 1092 983 882 397 258 736 625 577 728 778 659 756 317 846 1569 1270 1208 302 738 468 1284 874 723 505 889 401 1518 1006 692 320 1175
588 568 1341 0 461 555 281 1319 1232 244 451 576 680 550 1065 149 466 851 1135 903 675 751 511 643 760 640 611 749 378 368 589 1047 646 894 584 565 605 672 548 96 1042 934 624 978 746 412 322 405 830 525 1232 1104 606 771 1025 618 594 692 630 1043 733 254 283 138 1054 603 907 458 469 913 903 1123 990 453 430 664 1254 426
599 451 1291 461 0 536 467 1419 928 696 239 589 860 587 850 608 819 947 1078 842 243 442 883 253 767 940 761 865 513 803 521 711 916 795 584 1009 559 1079 122 548 800 911 1043 1161 295 369 781 746 467 739 1322 1032 672 666 1179 621 538 665 547 1058 981 668 180 406 1062 657 965 881 529 657 787 775 891 915 714 630 1099 123
64 119 803 555 536 0 782 883 751 752 298 56 369 71 536 658 525 413 591 352 755 385 593 786 237 541 271 339 200 654 59 625 491 338 48 830 52 800 493 561 532 399 794 644 627 180 797 468 502 316 786 555 148 220 651 85 49 144 92 533 523 800 473 416 539 130 429 681 102 432 348 701 435 853 383 111 700 412
828 762 1585 281 467 782 0 1594 1369 360 585 815 958 795 1244 329 739 1120 1374 1135 593 873 776 533 1007 918 883 1020 634 603 803 1162 927 1113 820 770 828 912 586 356 1208 1178 857 1258 755 612 447 683 923 803 1504 1337 861 984 1304 857 812 927 842 1299 1014 277 354 387 1308 855 1170 697 714 1069 1117 1230 1212 605 711 894 1462 506
820 975 440 1319 1419 883 1594 0 1133 1411 1180 831 640 838 891 1350 951 480 495 633 1629 1142 965 1666 654 774 710 576 967 1165 900 1192 730 708 835 1203 862 1036 1366 1272 958 545 1083 381 1461 1057 1404 970 1240 796 97 543 755 800 309 798 883 758 881 393 643 1500 1342 1208 398 768 454 1113 908 1006 734 1236 655 1359 906 793 727 1295
766 681 750 1232 928 751 1369 1133 0 1464 791 772 1016 804 265 1365 1269 898 638 598 978 495 1335 1055 725 1243 951 914 944 1404 695 225 1182 529 756 1581 703 1535 808 1270 229 672 1536 1147 725 828 1523 1218 465 1040 1054 593 827 561 1098 747 701 689 659 778 1175 1486 1016 1101 765 812 834 1432 852 324 499 189 517 1598 1129 690 430 863
772 788 1499 244 696 752 360 1411 1464 0 692 761 778 731 1282 99 472 973 1303 1083 891 990 484 848 928 660 734 872 556 280 796 1286 689 1086 772 415 805 574 790 194 1265 1099 515 1043 986 636 89 441 1073 628 1333 1278 768 973 1105 802 797 878 837 1188 780 105 522 363 1201 771 1042 369 656 1141 1100 1362 1178 245 508 854 1449 670
363 213 1060 451 239 298 585 1180 791 692 0 353 641 354 660 594 669 711 846 608 458 301 738 487 528 755 540 634 319 712 282 597 721 565 347 915 319 946 202 507 623 674 921 935 374 149 763 597 381 539 1083 802 440 434 947 383 299 426 309 819 776 701 232 334 823 423 726 772 306 483 561 672 664 869 543 391 891 117
12 174 770 576 589 56 815 831 772 761 353 0 315 32 545 669 497 358 560 326 810 433 563 840 193 497 219 283 204 641 104 659 445 325 16 809 75 767 549 573 548 363 765 588 683 227 799 445 550 276 734 527 92 222 594 42 88 117 122 489 472 815 518 440 497 73 378 661 106 460 340 735 417 845 357 93 688 465
312 489 754 680 860 369 958 640 1016 778 641 315 0 299 759 711 348 206 588 441 1096 746 389 1113 291 237 100 120 355 557 419 945 173 493 329 657 386 549 843 631 786 406 569 308 994 494 781 345 863 155 556 583 225 463 346 312 402 341 429 437 163 863 744 577 452 244 287 529 334 735 522 1016 544 765 269 354 805 740
41 191 792 550 587 71 795 838 804 731 354 32 299 0 577 640 465 361 584 353 812 456 532 839 212 471 200 279 176 609 127 689 420 355 48 777 104 737 553 544 580 385 734 581 695 220 768 413 573 248 742 553 85 254 592 70 113 146 151 506 452 787 506 416 514 70 388 628 81 491 371 764 446 813 325 125 718 463
536 497 554 1065 850 536 1244 891 265 1282 660 545 759 577 0 1185 1034 633 399 333 964 415 1097 1031 467 991 702 652 736 1187 487 310 928 267 530 1352 484 1290 742 1088 73 406 1296 881 727 653 1331 988 452 798 806 348 585 323 834 513 488 446 447 520 916 1319 893 928 509 572 569 1204 638 197 237 345 253 1389 897 455 269 757
681 690 1417 149 608 658 329 1350 1365 99 594 669 711 640 1185 0 432 900 1217 993 814 891 458 776 841 619 659 798 465 273 700 1187 640 994 680 447 710 582 697 97 1167 1014 528 989 895 537 173 389 975 557 1268 1190 682 879 1046 711 702 786 741 1108 730 152 432 264 1121 683 965 367 563 1043 1006 1263 1087 310 443 762 1357 575
503 623 1103 466 819 525 739 951 1269 472 669 497 348 465 1034 432 0 555 931 752 1061 890 70 1053 589 188 350 463 362 214 584 1149 221 785 513 320 569 281 853 383 1044 737 269 575 1041 532 453 72 1001 239 879 920 449 712 642 523 574 587 615 785 310 570 655 428 801 462 635 182 431 956 809 1226 857 418 141 580 1129 726
348 518 548 851 947 413 1120 480 898 973 711 358 206 361 633 900 555 0 392 300 1167 732 594 1198 213 427 242 102 489 762 441 870 364 371 364 860 402 740 905 814 676 235 766 261 1024 581 982 548 843 345 386 395 277 398 244 330 422 310 431 232 314 1053 862 733 248 290 84 736 429 660 403 933 390 972 467 340 627 823
548 634 214 1135 1078 591 1374 495 638 1303 846 560 588 584 399 1217 931 392 0 240 1251 714 977 1303 376 819 586 469 758 1127 577 706 755 284 554 1245 548 1132 996 1123 468 203 1157 572 1044 767 1327 911 792 700 415 53 534 412 504 518 565 447 542 176 706 1367 1056 1000 159 534 307 1113 665 539 297 744 195 1339 822 479 258 962
314 395 454 903 842 352 1135 633 598 1083 608 326 441 353 333 993 752 300 240 0 1026 511 808 1074 164 678 404 327 529 933 336 585 614 78 319 1073 307 987 767 897 377 89 1001 552 835 526 1115 720 606 513 537 202 318 179 512 284 324 210 301 239 591 1141 815 766 237 313 240 932 433 383 109 643 104 1143 628 240 377 724
819 654 1458 675 243 755 593 1629 978 891 458 810 1096 812 964 814 1061 1167 1251 1026 0 552 1124 81 975 1183 996 1092 754 1032 730 753 1158 967 803 1236 768 1317 263 768 903 1103 1279 1393 253 601 980 989 523 981 1532 1201 898 847 1405 837 747 871 748 1254 1222 843 410 641 1256 881 1176 1114 762 767 954 800 1057 1124 958 837 1229 356
435 271 914 751 442 385 873 1142 495 990 301 433 746 456 415 891 890 732 714 511 552 0 960 616 519 926 653 690 530 977 329 296 877 441 418 1173 361 1171 328 801 359 598 1157 989 330 374 1057 825 116 700 1046 662 521 344 975 434 345 424 317 751 906 1002 520 628 748 502 711 1024 463 218 420 371 519 1152 751 400 677 368
569 692 1142 511 883 593 776 965 1335 484 738 563 389 532 1097 458 70 594 977 808 1124 960 0 1113 646 191 404 508 432 209 652 1218 240 845 580 267 636 211 920 422 1108 788 201 585 1110 602 453 140 1071 298 898 969 511 776 657 588 642 650 682 826 322 587 715 486 842 525 676 147 500 1023 869 1294 913 393 210 645 1183 792
850 692 1512 643 253 786 533 1666 1055 848 487 840 1113 839 1031 776 1053 1198 1303 1074 81 616 1113 0 1013 1185 1015 1118 765 1008 766 829 1165 1019 834 1208 804 1300 307 739 971 1148 1259 1415 331 622 937 981 595 991 1569 1254 925 895 1432 870 783 909 788 1298 1233 792 398 627 1300 909 1212 1093 782 833 1007 878 1111 1086 958 874 1293 375
181 321 581 760 767 237 1007 654 725 928 528 193 291 212 467 841 589 213 376 164 975 519 646 1013 0 524 241 191 383 769 246 669 461 203 192 910 208 829 712 747 496 173 841 472 817 417 956 556 630 349 556 350 159 188 456 153 229 104 228 296 450 991 710 627 303 158 201 768 294 458 230 736 268 980 464 138 541 644
499 656 970 640 940 541 918 774 1243 660 755 497 237 471 991 619 188 427 819 678 1183 926 191 1185 524 0 292 356 436 395 599 1154 64 727 514 441 573 313 953 564 1013 643 339 394 1128 608 638 235 1042 226 708 817 422 683 466 509 584 556 620 658 132 759 791 578 674 440 512 338 469 949 755 1228 781 584 227 561 1042 833
218 391 770 611 761 271 883 710 951 734 540 219 100 200 702 659 350 242 586 404 996 653 404 1015 241 292 0 139 263 541 324 864 233 443 234 670 292 589 743 572 722 389 599 401 894 394 748 325 770 113 621 571 133 391 430 222 307 264 338 454 252 812 650 497 468 152 307 531 234 657 469 937 508 753 236 270 779 641
275 453 640 749 865 339 1020 576 914 872 634 283 120 279 652 798 463 102 469 327 1092 690 508 1118 191 356 139 0 391 667 377 860 292 385 293 776 339 669 832 712 685 286 690 305 964 496 882 452 804 245 484 463 193 377 313 264 359 266 376 322 264 951 771 633 337 210 172 646 339 648 415 928 428 877 368 289 685 742
216 270 963 378 513 200 634 967 944 556 319 204 355 176 736 465 362 489 758 529 754 530 432 765 383 436 263 391 0 459 251 801 405 530 215 646 252 643 517 368 730 556 626 663 692 174 597 295 640 226 875 728 229 419 693 246 248 321 290 667 468 611 388 248 677 225 535 496 100 622 543 878 622 654 227 297 893 400
650 728 1308 368 803 654 603 1165 1404 280 712 641 557 609 1187 273 214 762 1127 933 1032 977 209 1008 769 395 541 667 459 0 709 1258 435 955 656 206 704 309 866 271 1186 929 257 788 1064 603 244 216 1079 427 1094 1112 616 863 856 675 703 747 746 990 523 385 624 399 1005 625 840 93 552 1082 975 1336 1035 211 306 733 1310 735
106 76 791 589 521 59 803 900 695 796 282 104 419 127 487 700 584 441 577 336 730 329 652 766 246 599 324 377 251 709 0 565 547 310 89 888 39 859 466 602 478 394 853 683 586 191 844 526 446 375 803 537 194 183 683 113 18 143 41 537 576 839 479 450 541 175 447 738 157 375 315 642 408 906 442 108 665 399
656 531 864 1047 711 625 1162 1192 225 1286 597 659 945 689 310 1187 1149 870 706 585 753 296 1218 829 669 1154 864 860 801 1258 565 0 1098 507 643 1447 584 1425 589 1096 238 672 1418 1131 499 661 1352 1090 243 936 1102 654 732 483 1097 644 576 604 537 807 1108 1299 812 923 798 714 823 1297 719 211 476 77 537 1441 1007 594 563 656
445 608 909 646 916 491 927 730 1182 689 721 445 173 420 928 640 221 364 755 614 1158 877 240 1165 461 64 233 292 405 435 547 1098 0 664 461 499 520 378 921 576 952 578 402 354 1090 572 675 251 993 183 659 753 365 623 421 454 532 497 566 595 90 785 774 571 612 383 448 387 426 891 692 1171 717 632 218 503 977 805
314 357 496 894 795 338 1113 708 529 1086 565 325 493 355 267 994 785 371 284 78 967 441 845 1019 203 727 443 385 530 955 310 507 664 0 314 1106 288 1032 712 897 304 167 1042 627 768 501 1124 747 532 546 613 237 339 131 590 285 302 210 271 314 649 1138 782 755 310 329 317 962 430 304 31 565 99 1163 655 232 363 680
17 161 765 584 584 48 820 835 756 772 347 16 329 48 530 680 513 364 554 319 803 418 580 834 192 514 234 293 215 656 89 643 461 314 0 825 59 784 541 583 532 358 781 598 672 225 811 461 535 293 738 520 105 207 603 38 72 108 106 488 487 825 518 447 496 86 381 676 116 444 328 718 407 859 373 81 677 460
817 916 1408 565 1009 830 770 1203 1581 415 915 809 657 777 1352 447 320 860 1245 1073 1236 1173 267 1208 910 441 670 776 646 206 888 1447 499 1106 825 0 878 192 1072 469 1358 1056 131 822 1271 800 341 363 1278 560 1144 1237 768 1028 900 839 880 906 922 1092 572 515 829 605 1108 780 943 149 731 1263 1129 1525 1178 203 454 897 1449 942
74 115 761 605 559 52 828 862 703 805 319 75 386 104 484 710 569 402 548 307 768 361 636 804 208 573 292 339 252 704 39 584 520 288 59 878 0 841 505 613 482 361 837 645 625 219 849 515 477 352 764 509 160 168 644 75 21 107 47 501 545 852 510 467 506 141 408 728 153 387 297 660 386 904 428 72 648 436
772 902 1277 672 1079 800 912 1036 1535 574 946 767 549 737 1290 582 281 740 1132 987 1317 1171 211 1300 829 313 589 669 643 309 859 1425 378 1032 784 192 841 0 1124 576 1307 955 62 659 1316 813 513 349 1282 494 984 1131 708 973 740 789 848 846 888 968 430 679 906 675 985 723 825 216 709 1228 1058 1501 1091 392 420 845 1355 995
558 390 1206 548 122 493 586 1366 808 790 202 549 843 553 742 697 853 905 996 767 263 328 920 307 712 953 743 832 517 866 466 589 921 712 541 1072 505 1124 0 627 688 842 1094 1135 199 351 871 781 345 740 1268 948 638 587 1144 575 484 607 484 992 978 772 267 468 994 621 913 937 509 546 700 653 804 997 735 573 997 130
584 594 1324 96 548 561 356 1272 1270 194 507 573 631 544 1088 97 383 814 1123 897 768 801 422 739 747 564 572 712 368 271 602 1096 576 897 583 469 613 576 627 0 1071 920 528 919 826 442 256 329 888 476 1187 1095 588 781 972 614 604 690 643 1018 666 244 368 173 1030 589 876 362 466 948 909 1172 990 370 368 664 1260 501
541 477 628 1042 800 532 1208 958 229 1265 623 548 786 580 73 1167 1044 676 468 377 903 359 1108 971 496 1013 722 685 730 1186 478 238 952 304 532 1358 482 1307 688 1071 0 457 1309 929 661 631 1319 994 385 812 871 417 599 333 887 520 482 460 440 580 946 1297 855 907 570 584 617 1209 634 142 273 277 310 1384 905 463 339 713
350 460 407 934 911 399 1178 545 672 1099 674 363 406 385 406 1014 737 235 203 89 1103 598 788 1148 173 643 389 286 556 929 394 672 578 167 358 1056 361 955 842 920 457 0 975 474 919 579 1125 713 695 502 449 182 331 258 429 321 380 255 364 153 543 1165 871 801 153 331 163 920 466 472 196 728 156 1141 623 289 399 791
771 891 1309 624 1043 794 857 1083 1536 515 921 765 569 734 1296 528 269 766 1157 1001 1279 1157 201 1259 841 339 599 690 626 257 853 1418 402 1042 781 131 837 62 1094 528 1309 975 0 703 1288 792 452 331 1267 498 1028 1153 711 976 783 789 843 850 884 997 464 619 868 637 1014 725 851 166 699 1225 1067 1495 1106 330 410 846 1373 963
581 759 657 978 1161 644 1258 381 1147 1043 935 588 308 581 881 989 575 261 572 552 1393 989 585 1415 472 394 401 305 663 788 683 1131 354 627 598 822 645 659 1135 919 929 474 703 0 1269 792 1029 602 1102 456 325 594 497 659 83 569 664 564 680 397 265 1137 1051 882 413 514 312 732 632 921 659 1192 630 978 550 591 829 1040
689 510 1244 746 295 627 755 1461 725 986 374 683 994 695 727 895 1041 1024 1044 835 253 330 1110 331 817 1128 894 964 692 1064 586 499 1090 768 672 1271 625 1316 199 826 661 919 1288 1269 0 519 1069 969 276 907 1363 993 776 661 1268 700 605 714 592 1073 1139 963 463 667 1072 757 1017 1133 666 532 750 547 849 1196 917 684 995 328
238 156 980 412 369 180 612 1057 828 636 149 227 494 220 653 537 532 581 767 526 601 374 602 622 417 608 394 496 174 603 191 661 572 501 225 800 219 813 351 442 631 579 792 792 519 0 694 463 477 389 961 728 304 371 809 264 201 323 229 714 627 666 292 275 720 290 606 653 160 505 504 738 600 779 401 289 852 247
810 843 1518 322 781 797 447 1404 1523 89 763 799 781 768 1331 173 453 982 1327 1115 980 1057 453 937 956 638 748 882 597 244 844 1352 675 1124 811 341 849 513 871 256 1319 1125 452 1029 1069 694 0 436 1144 637 1329 1305 797 1017 1095 839 843 914 884 1203 764 176 605 429 1217 801 1055 321 697 1199 1140 1428 1213 158 514 893 1486 749
453 560 1092 405 746 468 683 970 1218 441 597 445 345 413 988 389 72 548 911 720 989 825 140 981 556 235 325 452 295 216 526 1090 251 747 461 363 515 349 781 329 994 713 331 602 969 463 436 0 935 211 893 896 408 665 663 475 518 543 559 774 341 534 583 358 789 418 625 215 371 901 769 1167 824 427 92 533 1098 653
551 386 983 830 467 502 923 1240 465 1073 381 550 863 573 452 975 1001 843 792 606 523 116 1071 595 630 1042 770 804 640 1079 446 243 993 532 535 1278 477 1282 345 888 385 695 1267 1102 276 477 1144 935 0 816 1144 740 638 449 1085 550 462 538 433 846 1022 1076 578 715 842 619 818 1130 577 261 508 308 600 1247 863 515 721 420
280 430 882 525 739 316 803 796 1040 628 539 276 155 248 798 557 239 345 700 513 981 700 298 991 349 226 113 245 226 427 375 936 183 546 293 560 352 494 740 476 812 502 498 456 907 389 637 211 816 0 711 685 213 479 500 295 361 352 399 566 242 710 608 425 580 228 417 419 243 735 570 1011 617 639 123 350 890 626
723 877 397 1232 1322 786 1504 97 1054 1333 1083 734 556 742 806 1268 879 386 415 537 1532 1046 898 1569 556 708 621 484 875 1094 803 1102 659 613 738 1144 764 984 1268 1187 871 449 1028 325 1363 961 1329 893 1144 711 0 461 660 703 244 700 785 660 783 299 576 1419 1247 1117 305 672 356 1046 814 913 640 1148 565 1292 825 695 659 1198
515 591 258 1104 1032 555 1337 543 593 1278 802 527 583 553 348 1190 920 395 53 202 1201 662 969 1254 350 817 571 463 728 1112 537 654 753 237 520 1237 509 1131 948 1095 417 182 1153 594 993 728 1305 896 740 685 461 0 509 367 531 485 526 412 501 199 710 1340 1015 968 183 507 311 1102 634 486 247 693 144 1323 806 443 235 917
88 266 736 606 672 148 861 755 827 768 440 92 225 85 585 682 449 277 534 318 898 521 511 925 159 422 133 193 229 616 194 732 365 339 105 768 160 708 638 588 599 331 711 497 776 304 797 408 638 213 660 509 0 265 507 89 177 139 205 438 384 833 586 477 448 19 311 623 153 527 361 805 419 826 315 139 694 549
213 225 625 771 666 220 984 800 561 973 434 222 463 254 323 879 712 398 412 179 847 344 776 895 188 683 391 377 419 863 183 483 623 131 207 1028 168 973 587 781 333 258 976 659 661 371 1017 665 449 479 703 367 265 0 637 189 178 127 142 412 626 1020 651 633 412 250 368 880 319 272 132 552 230 1067 574 131 482 549
586 760 577 1025 1179 651 1304 309 1098 1105 947 594 346 592 834 1046 642 244 504 512 1405 975 657 1432 456 466 430 313 693 856 683 1097 421 590 603 900 644 740 1144 972 887 429 783 83 1268 809 1095 663 1085 500 244 531 507 637 0 571 665 555 675 332 334 1196 1079 922 348 523 274 805 651 891 621 1155 581 1050 604 584 763 1056
30 189 728 618 621 85 857 798 747 802 383 42 312 70 513 711 523 330 518 284 837 434 588 870 153 509 222 264 246 675 113 644 454 285 38 839 75 789 575 614 520 321 789 569 700 264 839 475 550 295 700 485 89 189 571 0 94 75 117 450 473 857 556 482 457 70 344 691 149 440 301 718 376 881 385 57 648 497
89 95 778 594 538 49 812 883 701 797 299 88 402 113 488 702 574 422 565 324 747 345 642 783 229 584 307 359 248 703 18 576 532 302 72 880 21 848 484 604 482 380 843 664 605 201 843 518 462 361 785 526 177 178 665 94 0 127 42 521 560 842 492 455 526 157 429 730 151 383 309 652 400 902 432 92 660 415
105 217 659 692 665 144 927 758 689 878 426 117 341 146 446 786 587 310 447 210 871 424 650 909 104 556 264 266 321 747 143 604 497 210 108 906 107 846 607 690 460 255 850 564 714 323 914 543 538 352 660 412 139 127 555 75 127 0 123 393 504 933 616 556 399 125 306 759 223 395 227 675 300 954 452 35 572 543
121 96 756 630 547 92 842 881 659 837 309 122 429 151 447 741 615 431 542 301 748 317 682 788 228 620 338 376 290 746 41 537 566 271 106 922 47 888 484 643 440 364 884 680 592 229 884 559 433 399 783 501 205 142 675 117 42 123 0 510 589 880 514 491 514 185 429 772 193 341 275 613 370 944 473 91 625 426
477 606 317 1043 1058 533 1299 393 778 1188 819 489 437 506 520 1108 785 232 176 239 1254 751 826 1298 296 658 454 322 667 990 537 807 595 314 488 1092 501 968 992 1018 580 153 997 397 1073 714 1203 774 846 566 299 199 438 412 332 450 521 393 510 0 539 1261 1006 915 17 443 150 967 586 615 341 857 270 1200 689 429 431 936
470 643 846 733 981 523 1014 643 1175 780 776 472 163 452 916 730 310 314 706 591 1222 906 322 1233 450 132 252 264 468 523 576 1108 90 649 487 572 545 430 978 666 946 543 464 265 1139 627 764 341 1022 242 576 710 384 626 334 473 560 504 589 539 0 875 847 653 556 404 399 470 473 898 678 1179 690 716 303 517 940 867
827 822 1569 254 668 800 277 1500 1486 105 701 815 863 787 1319 152 570 1053 1367 1141 843 1002 587 792 991 759 812 951 611 385 839 1299 785 1138 825 515 852 679 772 244 1297 1165 619 1137 963 666 176 534 1076 710 1419 1340 833 1020 1196 857 842 933 880 1261 875 0 506 391 1273 833 1118 474 709 1168 1149 1373 1233 333 594 907 1501 661
530 425 1270 283 180 473 354 1342 1016 522 232 518 744 506 893 432 655 862 1056 815 410 520 715 398 710 791 650 771 388 624 479 812 774 782 518 829 510 906 267 368 855 871 868 1051 463 292 605 583 578 608 1247 1015 586 651 1079 556 492 616 514 1006 847 506 0 230 1013 575 895 704 433 715 782 883 882 736 563 581 1119 158
452 431 1208 138 406 416 387 1208 1101 363 334 440 577 416 928 264 428 733 1000 766 641 628 486 627 627 578 497 633 248 399 450 923 571 755 447 605 467 675 468 173 907 801 637 882 667 275 429 358 715 425 1117 968 477 633 922 482 455 556 491 915 653 391 230 0 925 472 783 475 334 780 764 999 852 536 353 526 1115 338
485 610 302 1054 1062 539 1308 398 765 1201 823 497 452 514 509 1121 801 248 159 237 1256 748 842 1300 303 674 468 337 677 1005 541 798 612 310 496 1108 506 985 994 1030 570 153 1014 413 1072 720 1217 789 842 580 305 183 448 412 348 457 526 399 514 17 556 1273 1013 925 0 453 165 982 595 608 335 847 261 1215 704 434 415 940
68 247 738 603 657 130 855 768 812 771 423 73 244 70 572 683 462 290 534 313 881 502 525 909 158 440 152 210 225 625 175 714 383 329 86 780 141 723 621 589 584 331 725 514 757 290 801 418 619 228 672 507 19 250 523 70 157 125 185 443 404 833 575 472 453 0 320 634 143 509 350 788 412 833 326 122 687 534
367 522 468 907 965 429 1170 454 834 1042 726 378 287 388 569 965 635 84 307 240 1176 711 676 1212 201 512 307 172 535 840 447 823 448 317 381 943 408 825 913 876 617 163 851 312 1017 606 1055 625 818 417 356 311 311 368 274 344 429 306 429 150 399 1118 895 783 165 320 0 816 464 616 348 882 319 1050 540 339 545 841
668 766 1284 458 881 681 697 1113 1432 369 772 661 529 628 1204 367 182 736 1113 932 1114 1024 147 1093 768 338 531 646 496 93 738 1297 387 962 676 149 728 216 937 362 1209 920 166 732 1133 653 321 215 1130 419 1046 1102 623 880 805 691 730 759 772 967 470 474 704 475 982 634 816 0 581 1113 984 1375 1036 245 307 749 1309 806
118 193 874 469 529 102 714 908 852 656 306 106 334 81 638 563 431 429 665 433 762 463 500 782 294 469 234 339 100 552 157 719 426 430 116 731 153 709 509 466 634 466 699 632 666 160 697 371 577 243 814 634 153 319 651 149 151 223 193 586 473 709 433 334 595 143 464 581 0 532 443 796 523 751 289 198 793 407
455 357 723 913 657 432 1069 1006 324 1141 483 460 735 491 197 1043 956 660 539 383 767 218 1023 833 458 949 657 648 622 1082 375 211 891 304 444 1263 387 1228 546 948 142 472 1225 921 532 505 1199 901 261 735 913 486 527 272 891 440 383 395 341 615 898 1168 715 780 608 509 616 1113 532 0 275 280 353 1274 815 387 463 571
329 357 505 903 787 348 1117 734 499 1100 561 340 522 371 237 1006 809 403 297 109 954 420 869 1007 230 755 469 415 543 975 315 476 692 31 328 1129 297 1058 700 909 273 196 1067 659 750 504 1140 769 508 570 640 247 361 132 621 301 309 227 275 341 678 1149 782 764 335 350 348 984 443 275 0 534 103 1182 677 246 351 674
731 608 889 1123 775 701 1230 1236 189 1362 672 735 1016 764 345 1263 1226 933 744 643 800 371 1294 878 736 1228 937 928 878 1336 642 77 1171 565 718 1525 660 1501 653 1172 277 728 1495 1192 547 738 1428 1167 308 1011 1148 693 805 552 1155 718 652 675 613 857 1179 1373 883 999 847 788 882 1375 796 280 534 0 586 1518 1084 667 578 726
405 456 401 990 891 435 1212 655 517 1178 664 417 544 446 253 1087 857 390 195 104 1057 519 913 1111 268 781 508 428 622 1035 408 537 717 99 407 1178 386 1091 804 990 310 156 1106 630 849 600 1213 824 600 617 565 144 419 230 581 376 400 300 370 270 690 1233 882 852 261 412 319 1036 523 353 103 586 0 1245 731 326 275 777
855 917 1518 453 915 853 605 1359 1598 245 869 845 765 813 1389 310 418 972 1339 1143 1124 1152 393 1086 980 584 753 877 654 211 906 1441 632 1163 859 203 904 392 997 370 1384 1141 330 978 1196 779 158 427 1247 639 1292 1323 826 1067 1050 881 902 954 944 1200 716 333 736 536 1215 833 1050 245 751 1274 1182 1518 1245 0 517 938 1520 870
363 482 1006 430 714 383 711 906 1129 508 543 357 269 325 897 443 141 467 822 628 958 751 210 958 464 227 236 368 227 306 442 1007 218 655 373 454 428 420 735 368 905 623 410 550 917 401 514 92 863 123 825 806 315 574 604 385 432 452 473 689 303 594 563 353 704 326 540 307 289 815 677 1084 731 517 0 442 1006 611
83 182 692 664 630 111 894 793 690 854 391 93 354 125 455 762 580 340 479 240 837 400 645 874 138 561 270 289 297 733 108 594 503 232 81 897 72 845 573 664 463 289 846 591 684 289 893 533 515 350 695 443 139 131 584 57 92 35 91 429 517 907 581 526 434 122 339 749 198 387 246 667 326 938 442 0 595 507
677 699 320 1254 1099 700 1462 727 430 1449 891 688 805 718 269 1357 1129 627 258 377 1229 677 1183 1293 541 1042 779 685 893 1310 665 563 977 363 677 1449 648 1355 997 1260 339 399 1373 829 995 852 1486 1098 721 890 659 235 694 482 763 648 660 572 625 431 940 1501 1119 1115 415 687 545 1309 793 463 351 578 275 1520 1006 595 0 997
476 330 1175 426 123 412 506 1295 863 670 117 465 740 463 757 575 726 823 962 724 356 368 792 375 644 833 641 742 400 735 399 656 805 680 460 942 436 995 130 501 713 791 963 1040 328 247 749 653 420 626 1198 917 549 549 1056 497 415 543 426 936 867 661 158 338 940 534 841 806 407 571 674 726 777 870 611 507 997 0
