0 964 906 1409 1473 772 184 548 414 431 1394 217 1654 1350 1193 1661
964 0 700 2287 1968 790 980 428 1321 993 601 1111 866 1179 1909 2493
906 700 0 2303 1317 1256 788 560 1318 1206 662 1121 1557 526 2088 2003
1409 2287 2303 0 2300 1672 1515 1925 997 1305 2791 1208 2712 2684 585 1763
1473 1968 1317 2300 0 2211 1297 1638 1665 1902 1936 1611 2832 1137 2420 993
772 790 1256 1672 2211 0 925 697 882 443 1391 747 1045 1782 1197 2416
184 980 788 1515 1297 925 0 552 545 614 1338 380 1736 1196 1350 1555
548 428 560 1925 1638 697 552 0 934 693 867 720 1224 1085 1614 2079
414 1321 1318 997 1665 882 545 934 0 439 1797 213 1893 1741 814 1599
431 993 1206 1305 1902 443 614 693 439 0 1542 324 1465 1701 926 1998
1394 601 662 2791 1936 1391 1338 867 1797 1542 0 1584 1187 885 2469 2665
217 1111 1121 1208 1611 747 380 720 213 324 1584 0 1719 1566 976 1675
1654 866 1557 2712 2832 1045 1736 1224 1893 1465 1187 1719 0 1993 2204 3291
1350 1179 526 2684 1137 1782 1196 1085 1741 1701 885 1566 1993 0 2543 2020
1193 1909 2088 585 2420 1197 1350 1614 814 926 2469 976 2204 2543 0 2108
1661 2493 2003 1763 993 2416 1555 2079 1599 1998 2665 1675 3291 2020 2108 0
