0 1126 663 140 636 727 804 1501 478 100 1074 968 1730 902 600 1012
1126 0 682 1119 1761 1830 334 2419 1458 1101 228 1996 1341 1255 562 947
663 682 0 583 1259 1247 382 2153 1123 698 523 1355 1792 1283 513 1170
140 1119 583 0 678 710 787 1615 604 235 1039 908 1831 1034 634 1117
636 1761 1259 678 0 296 1440 1106 485 664 1708 637 2152 1184 1220 1457
727 1830 1247 710 296 0 1497 1366 744 790 1741 342 2378 1435 1326 1668
804 334 382 787 1440 1497 0 2173 1175 790 288 1662 1447 1110 309 895
1501 2419 2153 1615 1106 1366 2173 0 1030 1455 2461 1667 2142 1277 1872 1679
478 1458 1123 604 485 744 1175 1030 0 425 1462 1077 1671 699 896 989
100 1101 698 235 664 790 790 1455 425 0 1069 1050 1638 801 555 919
1074 228 523 1039 1708 1741 288 2461 1462 1069 0 1874 1557 1368 591 1105
968 1996 1355 908 637 342 1662 1667 1077 1050 1874 0 2676 1756 1543 1960
1730 1341 1792 1831 2152 2378 1447 2142 1671 1638 1557 2676 0 986 1301 718
902 1255 1283 1034 1184 1435 1110 1277 699 801 1368 1756 986 0 812 401
600 562 513 634 1220 1326 309 1872 896 555 591 1543 1301 812 0 657
1012 947 1170 1117 1457 1668 895 1679 989 919 1105 1960 718 401 657 0
