0 1152 612 1354 1718 1200 95 754 1283 738 1342 981 1309 1211 646 258 1038
1152 0 1465 1538 2626 488 1118 1342 957 1689 2477 950 1304 559 537 1013 2186
612 1465 0 904 1178 1673 707 290 1854 234 1430 817 1917 1269 937 516 1107
1354 1538 904 0 1480 1945 1430 633 2296 1045 2317 592 2493 1051 1208 1120 2000
1718 2626 1178 1480 0 2852 1809 1293 3000 987 1617 1811 3002 2331 2110 1689 1438
1200 488 1673 1945 2852 0 1131 1627 481 1872 2407 1354 858 1039 775 1163 2153
95 1118 707 1430 1809 1131 0 840 1194 832 1361 1031 1213 1221 634 316 1067
754 1342 290 633 1293 1627 840 0 1878 490 1720 560 1999 1054 854 561 1396
1283 957 1854 2296 3000 481 1194 1878 0 2016 2278 1721 399 1486 1088 1343 2073
738 1689 234 1045 987 1872 832 490 2016 0 1273 1042 2042 1503 1156 708 960
1342 2477 1430 2317 1617 2407 1361 1720 2278 1273 0 2198 2071 2536 1988 1554 325
981 950 817 592 1811 1354 1031 560 1721 1042 2198 0 1947 523 640 722 1872
1309 1304 1917 2493 3002 858 1213 1999 399 2042 2071 1947 0 1796 1308 1439 1911
1211 559 1269 1051 2331 1039 1221 1054 1486 1503 2536 523 1796 0 611 982 2218
646 537 937 1208 2110 775 634 854 1088 1156 1988 640 1308 611 0 477 1684
258 1013 516 1120 1689 1163 316 561 1343 708 1554 722 1439 982 477 0 1238
1038 2186 1107 2000 1438 2153 1067 1396 2073 960 325 1872 1911 2218 1684 1238 0
