0 725 114 484 513 437 79 434 41 749 192 211 345 865 599 318 687 151 407 99 438 345 11 206 92 373 264 144 249 685 240 525 730 534 803 852 171 606 343 804 455 660 190 735 664 481 199 113 849 604 801 629 485 218 72 188 247 378 638 237 210 132 551 34 91 494 166 140 678 451 754 693 419 745 475 461 2 384
725 0 738 888 1238 1081 802 619 764 1356 544 694 939 617 1325 700 262 585 1101 663 302 882 724 647 637 863 967 586 491 1316 948 912 1188 1121 770 286 638 1044 1069 1454 394 1260 847 467 860 1196 665 622 893 550 839 1321 1203 620 697 678 948 919 1213 830 765 667 719 692 811 303 573 585 1268 616 1441 637 436 516 916 504 723 1109
114 738 0 597 519 363 114 536 134 668 197 109 248 792 613 214 739 158 469 199 437 236 103 312 166 486 331 205 246 763 304 639 837 629 708 899 273 717 353 739 522 575 112 812 776 460 307 192 957 694 908 683 469 319 59 298 211 486 732 131 324 238 658 113 112 545 235 188 768 362 707 608 374 679 361 394 115 404
484 888 597 0 699 843 511 273 468 1140 577 690 801 1263 733 796 701 559 446 419 717 820 495 328 471 119 417 479 611 487 428 41 303 291 1253 852 366 158 594 1147 494 1066 647 605 239 757 321 456 450 426 421 587 745 343 551 321 636 160 352 711 273 380 236 493 523 585 458 501 410 903 1050 1126 802 1134 955 875 483 586
513 1238 519 699 0 358 437 834 475 531 699 605 456 1277 97 674 1182 656 256 586 947 531 514 645 602 596 310 655 754 472 317 728 750 493 1140 1350 632 711 169 483 940 495 431 1189 938 128 628 620 1149 1026 1118 288 104 670 547 612 317 539 550 488 549 594 894 546 429 996 671 653 544 839 362 1075 892 1176 645 900 515 133
437 1081 363 843 358 0 367 865 422 312 555 387 148 975 446 405 1102 520 503 536 779 221 430 639 519 724 439 564 599 792 421 881 998 744 809 1260 607 916 294 376 884 227 252 1170 1061 233 628 544 1261 1040 1218 633 257 654 419 614 208 692 830 251 598 566 970 456 354 908 593 550 842 556 365 767 668 892 299 645 439 338
79 802 114 511 437 367 0 498 54 680 262 224 293 905 526 327 766 219 357 172 510 309 78 271 171 394 217 223 318 649 190 552 732 516 823 932 240 618 267 728 533 593 137 810 708 401 260 193 901 674 855 574 405 287 114 247 169 385 619 200 243 199 606 110 13 574 245 218 653 477 676 723 474 789 447 503 82 311
434 619 536 273 834 865 498 0 443 1178 428 595 779 1051 892 687 429 430 613 337 488 772 443 228 372 282 523 349 439 741 518 293 569 540 1080 585 264 426 689 1218 226 1091 625 364 284 853 237 347 428 193 376 802 848 217 477 250 662 349 617 667 287 302 138 424 511 318 318 371 674 751 1147 944 609 921 889 695 432 703
41 764 134 468 475 422 54 443 0 735 234 239 343 904 560 346 718 193 366 120 479 353 48 216 127 354 223 179 290 646 198 509 703 499 836 884 186 584 306 783 482 648 186 757 659 449 206 146 849 619 803 587 451 232 107 193 223 352 604 243 196 144 553 75 68 526 198 178 642 485 727 729 461 785 487 500 43 345
749 1356 668 1140 531 312 680 1178 735 0 853 671 427 1135 582 656 1402 822 753 848 1058 474 742 951 830 1023 725 873 891 1003 712 1177 1261 1002 928 1556 919 1196 555 147 1191 95 562 1480 1365 416 941 855 1568 1353 1527 816 437 967 726 927 517 984 1073 545 907 879 1280 767 666 1209 902 857 1073 774 261 931 925 1080 461 880 751 581
192 544 197 577 699 555 262 428 234 853 0 190 426 700 788 264 548 42 597 174 248 391 188 248 125 488 455 98 56 863 432 616 858 696 676 704 210 722 529 932 349 759 308 641 701 652 256 128 855 550 802 820 659 237 153 257 404 514 800 308 329 205 564 159 269 356 119 78 845 330 904 550 240 575 482 301 191 573
211 694 109 690 605 387 224 595 239 671 190 0 246 687 701 107 733 170 577 275 392 201 200 383 228 583 440 247 221 873 413 731 941 737 599 885 342 817 445 760 539 575 173 832 852 529 383 250 1023 735 971 787 542 383 139 377 287 589 841 137 418 315 726 196 221 544 278 224 877 253 749 500 292 577 295 296 211 499
345 939 248 801 456 148 293 779 343 427 426 246 0 836 552 257 975 396 535 441 637 77 336 552 414 682 435 452 465 839 411 841 996 755 684 1129 515 896 341 515 767 332 156 1058 1002 348 544 439 1192 942 1145 704 367 562 307 533 189 664 850 119 536 477 895 355 280 783 483 435 872 410 514 629 521 747 195 496 347 395
865 617 792 1263 1277 975 905 1051 904 1135 700 687 836 0 1374 603 856 730 1262 875 564 758 857 939 824 1185 1122 797 657 1550 1095 1299 1555 1394 235 903 905 1415 1128 1271 855 1053 851 1053 1334 1181 950 829 1431 1076 1375 1475 1198 921 797 954 963 1215 1499 789 1030 906 1185 837 905 781 811 779 1542 438 1320 208 462 129 690 405 864 1183
599 1325 613 733 97 446 526 892 560 582 788 701 552 1374 0 771 1258 746 288 666 1036 627 601 717 687 639 376 739 844 436 388 758 744 497 1236 1426 708 725 259 512 1014 560 528 1253 971 212 699 703 1182 1086 1155 239 189 743 638 683 414 577 537 585 614 671 941 633 518 1074 754 739 521 936 377 1172 987 1273 738 996 601 215
318 700 214 796 674 405 327 687 346 656 264 107 257 603 771 0 776 257 673 378 408 188 307 483 329 690 540 339 275 973 513 837 1048 843 496 917 442 925 525 762 605 561 249 895 951 585 484 349 1115 813 1063 878 600 481 247 479 359 696 947 186 525 418 820 303 323 595 369 316 981 164 771 406 269 502 228 239 319 580
687 262 739 701 1182 1102 766 429 718 1402 548 733 975 856 1258 776 0 581 1001 600 383 934 689 541 595 705 883 545 512 1167 869 716 987 966 976 168 550 848 1018 1478 243 1307 851 205 626 1167 559 573 635 308 583 1208 1169 515 685 575 932 769 1047 857 652 588 498 659 778 193 520 555 1104 745 1440 835 555 742 1004 643 684 1049
151 585 158 559 656 520 219 430 193 822 42 170 396 730 746 257 581 0 557 145 291 366 146 234 93 465 415 83 98 827 391 599 834 664 694 740 193 700 487 897 373 727 271 665 697 610 238 103 858 564 806 780 617 227 111 237 364 487 768 277 302 181 563 117 227 388 112 60 812 344 866 573 274 606 466 327 149 531
407 1101 469 446 256 503 357 613 366 753 597 577 535 1262 288 673 1001 557 0 442 835 591 414 462 478 351 142 524 653 305 167 473 508 249 1169 1168 464 456 209 729 757 697 432 976 685 340 444 486 896 805 867 222 322 490 468 429 346 289 327 506 349 434 654 440 357 827 530 531 340 830 617 1077 826 1146 728 860 409 171
99 663 199 419 586 536 172 337 120 848 174 275 441 875 666 378 600 145 442 0 394 436 106 112 52 320 304 84 224 692 285 460 689 521 839 767 73 556 419 901 362 759 289 638 579 568 108 47 757 505 708 664 569 120 143 101 342 341 625 329 157 40 459 86 186 410 89 97 671 486 847 718 414 749 559 473 96 453
438 302 437 717 947 779 510 488 479 1058 248 392 637 564 1036 408 383 291 835 394 0 584 435 415 357 658 695 310 193 1080 673 750 1018 899 624 512 392 875 778 1152 295 962 545 541 770 897 430 348 873 522 816 1058 906 391 401 439 649 702 999 528 525 409 620 404 518 236 308 303 1049 361 1138 482 172 435 633 262 436 822
345 882 236 820 531 221 309 772 353 474 391 201 77 758 627 188 934 366 591 436 584 0 335 548 401 704 480 432 422 897 455 861 1033 800 609 1084 509 926 406 575 738 378 176 1031 1009 424 543 426 1193 925 1144 770 444 555 294 533 245 692 898 109 549 474 895 349 298 745 464 412 924 335 585 552 456 671 140 425 347 462
11 724 103 495 514 430 78 443 48 742 188 200 336 857 601 307 689 146 414 106 435 335 0 215 94 384 271 145 244 693 246 536 741 544 793 854 179 617 344 798 459 653 182 740 674 480 209 117 858 611 810 635 484 226 62 198 243 388 648 227 221 141 560 31 89 497 169 139 687 440 751 684 412 737 464 452 12 386
206 647 312 328 645 639 271 228 216 951 248 383 552 939 717 483 541 234 462 112 415 548 215 0 155 247 341 151 283 672 329 367 616 484 925 709 41 476 487 997 298 864 397 550 469 645 17 134 645 404 596 677 643 27 255 33 438 286 584 441 117 74 346 199 285 365 129 174 634 577 934 798 477 811 670 547 204 511
92 637 166 471 602 519 171 372 127 830 125 228 414 824 687 329 595 93 478 52 357 401 94 155 0 373 337 52 177 738 315 511 742 571 786 760 113 609 433 890 366 738 267 650 624 573 155 25 797 528 746 701 577 156 106 151 337 393 675 298 209 91 498 64 183 402 75 53 720 433 845 666 365 699 518 421 89 472
373 863 486 119 596 724 394 282 354 1023 488 583 682 1185 639 690 705 465 351 320 658 704 384 247 373 0 303 389 528 461 311 158 370 261 1159 866 279 236 481 1033 477 948 530 643 347 646 235 361 556 466 522 522 635 268 443 231 517 67 350 595 165 283 302 386 406 563 373 410 405 806 940 1037 722 1057 841 789 373 477
264 967 331 417 310 439 217 523 223 725 455 440 435 1122 376 540 883 415 142 304 695 480 271 341 337 303 0 385 511 433 26 453 563 320 1037 1051 335 477 177 729 639 655 310 879 650 343 324 347 859 716 823 364 333 368 326 308 247 259 418 384 239 301 589 297 218 702 394 391 446 693 638 940 684 1005 620 719 266 181
144 586 205 479 655 564 223 349 179 873 98 247 452 797 739 339 545 83 524 84 310 432 145 151 52 389 385 0 141 776 364 518 760 603 773 709 112 624 486 938 319 780 312 607 613 625 158 38 777 492 725 747 629 143 146 159 387 418 706 334 233 109 481 114 234 351 31 23 753 425 895 648 335 670 542 399 141 524
249 491 246 611 754 599 318 439 290 891 56 221 465 657 844 275 512 98 653 224 193 422 244 283 177 528 511 141 0 915 487 649 898 745 647 664 249 760 585 975 330 796 357 620 720 705 293 176 863 543 808 876 713 268 207 297 457 559 848 349 375 251 578 215 325 324 154 126 894 311 952 516 194 529 500 265 247 629
685 1316 763 487 472 792 649 741 646 1003 863 873 839 1550 436 973 1167 827 305 692 1080 897 693 672 738 461 433 776 915 0 460 490 348 201 1470 1326 689 393 503 947 937 964 737 1092 688 592 655 739 880 912 870 198 569 698 752 644 652 399 148 811 556 671 723 714 651 1020 773 789 102 1126 814 1372 1101 1430 1033 1146 686 454
240 948 304 428 317 421 190 518 198 712 432 413 411 1095 388 513 869 391 167 285 673 455 246 329 315 311 26 364 487 460 0 464 585 345 1010 1037 320 494 173 722 626 640 284 871 657 340 311 326 865 710 828 388 332 355 300 295 225 272 444 358 232 284 591 273 191 687 374 369 472 666 635 913 659 979 596 693 241 185
525 912 639 41 728 881 552 293 509 1177 616 731 841 1299 758 837 716 599 473 460 750 861 536 367 511 158 453 518 649 490 464 0 276 300 1292 864 406 133 629 1181 518 1104 688 610 214 791 360 496 423 432 399 603 778 381 592 361 675 194 350 752 315 420 236 534 563 609 496 540 407 943 1082 1165 839 1170 997 914 524 619
730 1188 837 303 750 998 732 569 703 1261 858 941 996 1555 744 1048 987 834 508 689 1018 1033 741 616 742 370 563 760 898 348 585 276 0 259 1527 1128 649 144 710 1232 794 1203 857 863 402 847 605 731 562 691 564 528 828 635 802 601 811 352 210 929 532 653 492 748 740 886 744 780 245 1174 1112 1407 1092 1427 1174 1160 729 679
534 1121 629 291 493 744 516 540 499 1002 696 737 755 1394 497 843 966 664 249 521 899 800 544 484 571 261 320 603 745 201 345 300 259 0 1336 1125 506 231 453 974 738 945 628 892 508 588 469 568 711 712 693 308 569 510 606 459 566 202 104 702 373 495 527 559 522 823 596 619 150 985 856 1227 936 1270 941 990 534 420
803 770 708 1253 1140 809 823 1080 836 928 676 599 684 235 1236 496 976 694 1169 839 624 609 793 925 786 1159 1037 773 647 1470 1010 1292 1527 1336 0 1054 886 1395 1008 1070 917 852 739 1158 1364 1032 932 798 1490 1145 1434 1368 1052 912 731 932 841 1176 1440 667 995 876 1218 781 819 860 795 752 1477 353 1133 142 472 264 511 385 803 1064
852 286 899 852 1350 1260 932 585 884 1556 704 885 1129 903 1426 917 168 740 1168 767 512 1084 854 709 760 866 1051 709 664 1326 1037 864 1128 1125 1054 0 718 994 1186 1637 411 1460 1011 279 748 1333 727 739 716 437 670 1374 1335 683 847 743 1096 931 1202 1012 819 756 635 823 943 357 686 718 1260 866 1603 919 677 802 1144 758 850 1217
171 638 273 366 632 607 240 264 186 919 210 342 515 905 708 442 550 193 464 73 392 509 179 41 113 279 335 112 249 689 320 406 649 506 886 718 0 512 471 969 307 831 362 572 510 625 45 93 685 433 635 682 625 47 215 48 409 313 608 403 133 41 386 160 254 366 94 134 657 537 910 761 443 778 630 511 169 499
606 1044 717 158 711 916 618 426 584 1196 722 817 896 1415 725 925 848 700 456 556 875 926 617 476 609 236 477 624 760 393 494 133 144 231 1395 994 512 0 641 1184 650 1131 750 735 297 792 466 597 487 559 476 537 776 494 678 464 718 233 245 819 401 519 360 622 629 742 605 644 299 1043 1073 1272 953 1286 1065 1023 606 620
343 1069 353 594 169 294 267 689 306 555 529 445 341 1128 259 525 1018 487 209 419 778 406 344 487 433 481 177 486 585 503 173 629 710 453 1008 1186 471 641 0 552 778 492 276 1036 828 166 471 452 1037 880 1000 364 159 511 378 455 167 435 536 342 402 431 765 376 259 830 504 484 548 689 461 931 728 1022 536 741 346 55
804 1454 739 1147 483 376 728 1218 783 147 932 760 515 1271 512 762 1478 897 729 901 1152 575 798 997 890 1033 729 938 975 947 722 1181 1232 974 1070 1637 969 1184 552 0 1256 218 627 1539 1380 391 984 915 1588 1401 1549 752 407 1015 793 969 559 987 1034 626 936 927 1308 827 715 1284 965 925 1026 894 142 1066 1031 1210 587 994 806 565
455 394 522 494 940 884 533 226 482 1191 349 539 767 855 1014 605 243 373 757 362 295 738 459 298 366 477 639 319 330 937 626 518 794 738 917 411 307 650 778 1256 0 1098 631 292 489 930 315 342 577 228 521 967 931 271 464 331 702 537 825 648 408 347 341 430 546 91 291 333 881 621 1209 775 449 727 829 541 452 806
660 1260 575 1066 495 227 593 1091 648 95 759 575 332 1053 560 561 1307 727 697 759 962 378 653 864 738 948 655 780 796 964 640 1104 1203 945 852 1460 831 1131 492 218 1098 0 471 1388 1287 371 854 764 1488 1264 1445 784 394 878 634 841 435 913 1022 450 825 791 1197 677 579 1115 810 764 1026 682 295 847 830 993 371 786 662 526
190 847 112 647 431 252 137 625 186 562 308 173 156 851 528 249 851 271 432 289 545 176 182 397 267 530 310 312 357 737 284 688 857 628 739 1011 362 750 276 627 631 471 0 918 845 357 389 293 1036 793 989 630 369 409 166 377 113 516 728 74 380 323 739 206 124 657 340 297 756 413 596 656 465 746 316 468 193 331
735 467 812 605 1189 1170 810 364 757 1480 641 832 1058 1053 1253 895 205 665 976 638 541 1031 740 550 650 643 879 607 620 1092 871 610 863 892 1158 279 572 735 1036 1539 292 1388 918 0 472 1196 565 625 441 179 392 1165 1193 528 753 581 980 710 958 940 640 614 374 713 824 308 577 623 1016 895 1483 1015 711 935 1121 803 732 1056
664 860 776 239 938 1061 708 284 659 1365 701 852 1002 1334 971 951 626 697 685 579 770 1009 674 469 624 347 650 613 720 688 657 214 402 508 1364 748 510 297 828 1380 489 1287 845 472 0 993 470 602 210 317 185 814 981 470 721 478 852 399 541 900 466 539 149 664 722 576 585 636 596 1029 1286 1228 894 1205 1137 979 662 823
481 1196 460 757 128 233 401 853 449 416 652 529 348 1181 212 585 1167 610 340 568 897 424 480 645 573 646 343 625 705 592 340 791 847 588 1032 1333 625 792 166 391 930 371 357 1196 993 0 630 594 1202 1043 1166 415 24 668 499 615 248 596 657 401 566 584 931 511 390 975 647 619 657 747 295 976 822 1087 528 819 483 173
199 665 307 321 628 628 260 237 206 941 256 383 544 950 699 484 559 238 444 108 430 543 209 17 155 235 324 158 293 655 311 360 605 469 932 727 45 466 471 984 315 854 389 565 470 630 0 136 650 416 601 659 628 45 251 16 426 272 568 435 100 69 351 194 274 383 138 180 619 582 919 806 487 822 667 556 197 494
113 622 192 456 620 544 193 347 146 855 128 250 439 829 703 349 573 103 486 47 348 426 117 134 25 361 347 38 176 739 326 496 731 568 798 739 93 597 452 915 342 764 293 625 602 594 136 0 773 502 722 709 597 133 132 134 360 386 672 323 201 77 475 88 205 381 52 50 718 447 868 676 368 703 541 429 111 488
849 893 957 450 1149 1261 901 428 849 1568 855 1023 1192 1431 1182 1115 635 858 896 757 873 1193 858 645 797 556 859 777 863 880 865 423 562 711 1490 716 685 487 1037 1588 577 1488 1036 441 210 1202 650 773 0 355 56 1019 1191 640 900 660 1052 609 731 1085 662 718 298 844 915 650 746 800 783 1173 1496 1350 1018 1304 1315 1108 847 1034
604 550 694 426 1026 1040 674 193 619 1353 550 735 942 1076 1086 813 308 564 805 505 522 925 611 404 528 466 716 492 543 912 710 432 691 712 1145 437 433 559 880 1401 228 1264 793 179 317 1043 416 502 355 0 299 988 1039 386 635 432 842 533 779 826 478 474 199 587 687 294 461 513 836 845 1335 1003 677 950 1030 768 601 895
801 839 908 421 1118 1218 855 376 803 1527 802 971 1145 1375 1155 1063 583 806 867 708 816 1144 810 596 746 522 823 725 808 870 828 399 564 693 1434 670 635 476 1000 1549 521 1445 989 392 185 1166 601 722 56 299 0 1000 1156 590 850 612 1009 579 722 1037 619 670 250 795 869 594 694 748 775 1118 1461 1294 962 1248 1264 1052 799 1000
629 1321 683 587 288 633 574 802 587 816 820 787 704 1475 239 878 1208 780 222 664 1058 770 635 677 701 522 364 747 876 198 388 603 528 308 1368 1374 682 537 364 752 967 784 630 1165 814 415 659 709 1019 988 1000 0 391 705 687 645 528 455 317 700 560 654 817 662 572 1041 753 754 290 1039 617 1284 1047 1362 899 1077 630 308
485 1203 469 745 104 257 405 848 451 437 659 542 367 1198 189 600 1169 617 322 569 906 444 484 643 577 635 333 629 713 569 332 778 828 569 1052 1335 625 776 159 407 931 394 369 1193 981 24 628 597 1191 1039 1156 391 0 667 506 612 258 584 636 416 561 584 923 516 395 978 650 623 635 764 305 994 834 1103 549 833 487 158
218 620 319 343 670 654 287 217 232 967 237 383 562 921 743 481 515 227 490 120 391 555 226 27 156 268 368 143 268 698 355 381 635 510 912 683 47 494 511 1015 271 878 409 528 470 668 45 133 640 386 590 705 667 0 260 60 456 311 608 449 145 88 342 207 301 337 117 166 660 567 955 784 459 792 674 533 216 536
72 697 59 551 547 419 114 477 107 726 153 139 307 797 638 247 685 111 468 143 401 294 62 255 106 443 326 146 207 752 300 592 802 606 731 847 215 678 378 793 464 634 166 753 721 499 251 132 900 635 850 687 506 260 0 243 252 450 710 191 278 182 601 58 119 491 176 131 749 378 757 622 360 679 416 393 72 424
188 678 298 321 612 614 247 250 193 927 257 377 533 954 683 479 575 237 429 101 439 533 198 33 151 231 308 159 297 644 295 361 601 459 932 743 48 464 455 969 331 841 377 581 478 615 16 134 660 432 612 645 612 60 243 0 411 264 560 425 87 61 362 185 261 398 142 180 609 581 904 807 491 826 659 558 186 478
247 948 211 636 317 208 169 662 223 517 404 287 189 963 414 359 932 364 346 342 649 245 243 438 337 517 247 387 457 652 225 675 811 566 841 1096 409 718 167 559 702 435 113 980 852 248 426 360 1052 842 1009 528 258 456 252 411 0 489 661 174 390 368 762 273 156 738 412 378 682 524 508 764 577 859 381 582 249 223
378 919 486 160 539 692 385 349 352 984 514 589 664 1215 577 696 769 487 289 341 702 692 388 286 393 67 259 418 559 399 272 194 352 202 1176 931 313 233 435 987 537 913 516 710 399 596 272 386 609 533 579 455 584 311 450 264 489 0 297 585 184 308 367 396 395 621 406 436 350 823 889 1059 753 1088 831 814 377 425
638 1213 732 352 550 830 619 617 604 1073 800 841 850 1499 537 947 1047 768 327 625 999 898 648 584 675 350 418 706 848 148 444 350 210 104 1440 1202 608 245 536 1034 825 1022 728 958 541 657 568 672 731 779 722 317 636 608 710 560 661 297 0 802 475 598 585 664 625 913 698 723 57 1089 909 1332 1040 1375 1039 1094 639 497
237 830 131 711 488 251 200 667 243 545 308 137 119 789 585 186 857 277 506 329 528 109 227 441 298 595 384 334 349 811 358 752 929 702 667 1012 403 819 342 626 648 450 74 940 900 401 435 323 1085 826 1037 700 416 449 191 425 174 585 802 0 440 367 787 242 190 664 365 316 831 351 612 589 426 688 246 417 238 397
210 765 324 273 549 598 243 287 196 907 329 418 536 1030 614 525 652 302 349 157 525 549 221 117 209 165 239 233 375 556 232 315 532 373 995 819 133 401 402 936 408 825 380 640 466 566 100 201 662 478 619 560 561 145 278 87 390 184 475 440 0 124 373 221 256 481 223 251 524 642 860 876 568 904 683 630 209 417
132 667 238 380 594 566 199 302 144 879 205 315 477 906 671 418 588 181 434 40 409 474 141 74 91 283 301 109 251 671 284 420 653 495 876 756 41 519 431 927 347 791 323 614 539 584 69 77 718 474 670 654 584 88 182 61 368 308 598 367 124 0 420 125 212 403 102 127 645 524 869 754 444 779 598 506 130 460
551 719 658 236 894 970 606 138 553 1280 564 726 895 1185 941 820 498 563 654 459 620 895 560 346 498 302 589 481 578 723 591 236 492 527 1218 635 386 360 765 1308 341 1197 739 374 149 931 351 475 298 199 250 817 923 342 601 362 762 367 585 787 373 420 0 545 620 430 451 504 643 889 1226 1082 747 1055 1016 833 549 770
34 692 113 493 546 456 110 424 75 767 159 196 355 837 633 303 659 117 440 86 404 349 31 199 64 386 297 114 215 714 273 534 748 559 781 823 160 622 376 827 430 677 206 713 664 511 194 88 844 587 795 662 516 207 58 185 273 396 664 242 221 125 545 0 120 465 139 107 705 427 781 668 388 716 473 432 32 418
91 811 112 523 429 354 13 511 68 666 269 221 280 905 518 323 778 227 357 186 518 298 89 285 183 406 218 234 325 651 191 563 740 522 819 943 254 629 259 715 546 579 124 824 722 390 274 205 915 687 869 572 395 301 119 261 156 395 625 190 256 212 620 120 0 586 257 228 658 474 663 721 477 790 436 504 93 305
494 303 545 585 996 908 574 318 526 1209 356 544 783 781 1074 595 193 388 827 410 236 745 497 365 402 563 702 351 324 1020 687 609 886 823 860 357 366 742 830 1284 91 1115 657 308 576 975 383 381 650 294 594 1041 978 337 491 398 738 621 913 664 481 403 430 465 586 0 328 361 968 586 1246 717 403 656 823 495 492 862
166 573 235 458 671 593 245 318 198 902 119 278 483 811 754 369 520 112 530 89 308 464 169 129 75 373 394 31 154 773 374 496 744 596 795 686 94 605 504 965 291 810 340 577 585 647 138 52 746 461 694 753 650 117 176 142 412 406 698 365 223 102 451 139 257 328 0 53 746 449 920 668 348 684 573 417 163 540
140 585 188 501 653 550 218 371 178 857 78 224 435 779 739 316 555 60 531 97 303 412 139 174 53 410 391 23 126 789 369 540 780 619 752 718 134 644 484 925 333 764 297 623 636 619 180 50 800 513 748 754 623 166 131 180 378 436 723 316 251 127 504 107 228 361 53 0 768 402 885 627 317 653 520 379 138 524
678 1268 768 410 544 842 653 674 642 1073 845 877 872 1542 521 981 1104 812 340 671 1049 924 687 634 720 405 446 753 894 102 472 407 245 150 1477 1260 657 299 548 1026 881 1026 756 1016 596 657 619 718 783 836 775 290 635 660 749 609 682 350 57 831 524 645 643 705 658 968 746 768 0 1127 897 1371 1085 1418 1063 1137 679 504
451 616 362 903 839 556 477 751 485 774 330 253 410 438 936 164 745 344 830 486 361 335 440 577 433 806 693 425 311 1126 666 943 1174 985 353 866 537 1043 689 894 621 682 413 895 1029 747 582 447 1173 845 1118 1039 764 567 378 581 524 823 1089 351 642 524 889 427 474 586 449 402 1127 0 917 246 190 339 314 112 450 744
754 1441 707 1050 362 365 676 1147 727 261 904 749 514 1320 377 771 1440 866 617 847 1138 585 751 934 845 940 638 895 952 814 635 1082 1112 856 1133 1603 910 1073 461 142 1209 295 596 1483 1286 295 919 868 1496 1335 1461 617 305 955 757 904 508 889 909 612 860 869 1226 781 663 1246 920 885 897 917 0 1112 1034 1247 630 1009 757 463
693 637 608 1126 1075 767 723 944 729 931 550 500 629 208 1172 406 835 573 1077 718 482 552 684 798 666 1037 940 648 516 1372 913 1165 1407 1227 142 919 761 1272 931 1066 775 847 656 1015 1228 976 806 676 1350 1003 1294 1284 994 784 622 807 764 1059 1332 589 876 754 1082 668 721 717 668 627 1371 246 1112 0 334 161 482 251 693 986
419 436 374 802 892 668 474 609 461 925 240 292 521 462 987 269 555 274 826 414 172 456 412 477 365 722 684 335 194 1101 659 839 1092 936 472 677 443 953 728 1031 449 830 465 711 894 822 487 368 1018 677 962 1047 834 459 360 491 577 753 1040 426 568 444 747 388 477 403 348 317 1085 190 1034 334 0 335 480 92 418 778
745 516 679 1134 1176 892 789 921 785 1080 575 577 747 129 1273 502 742 606 1146 749 435 671 737 811 699 1057 1005 670 529 1430 979 1170 1427 1270 264 802 778 1286 1022 1210 727 993 746 935 1205 1087 822 703 1304 950 1248 1362 1103 792 679 826 859 1088 1375 688 904 779 1055 716 790 656 684 653 1418 339 1247 161 335 0 623 285 744 1076
475 916 361 955 645 299 447 889 487 461 482 295 195 690 738 228 1004 466 728 559 633 140 464 670 518 841 620 542 500 1033 596 997 1174 941 511 1144 630 1065 536 587 829 371 316 1121 1137 528 667 541 1315 1030 1264 899 549 674 416 659 381 831 1039 246 683 598 1016 473 436 823 573 520 1063 314 630 482 480 623 0 423 476 591
461 504 394 875 900 645 503 695 500 880 301 296 496 405 996 239 643 327 860 473 262 425 452 547 421 789 719 399 265 1146 693 914 1160 990 385 758 511 1023 741 994 541 786 468 803 979 819 556 429 1108 768 1052 1077 833 533 393 558 582 814 1094 417 630 506 833 432 504 495 417 379 1137 112 1009 251 92 285 423 0 460 794
2 723 115 483 515 439 82 432 43 751 191 211 347 864 601 319 684 149 409 96 436 347 12 204 89 373 266 141 247 686 241 524 729 534 803 850 169 606 346 806 452 662 193 732 662 483 197 111 847 601 799 630 487 216 72 186 249 377 639 238 209 130 549 32 93 492 163 138 679 450 757 693 418 744 476 460 0 386
384 1109 404 586 133 338 311 703 345 581 573 499 395 1183 215 580 1049 531 171 453 822 462 386 511 472 477 181 524 629 454 185 619 679 420 1064 1217 499 620 55 565 806 526 331 1056 823 173 494 488 1034 895 1000 308 158 536 424 478 223 425 497 397 417 460 770 418 305 862 540 524 504 744 463 986 778 1076 591 794 386 0
