0 1387 986 501 415 1367 667 318 440 1532 532 486 1730 705 206 1481
1387 0 2310 1779 1731 1813 1694 1072 962 2648 1819 1325 3073 724 1339 2840
986 2310 0 531 585 1397 725 1288 1417 1621 491 1371 763 1682 1140 543
501 1779 531 0 97 1137 338 776 905 1649 40 958 1294 1166 690 1067
415 1731 585 97 0 1206 407 705 834 1578 119 863 1345 1097 598 1108
1367 1813 1397 1137 1206 0 800 1396 1472 2784 1155 1819 1973 1608 1556 1859
667 1694 725 338 407 800 0 839 958 1985 359 1153 1452 1188 873 1262
318 1072 1288 776 705 1396 839 0 129 1729 812 461 2041 393 300 1795
440 962 1417 905 834 1472 958 129 0 1779 942 464 2169 265 380 1921
1532 2648 1621 1649 1578 2784 1985 1729 1779 0 1637 1336 1864 1946 1433 1645
532 1819 491 40 119 1155 359 812 942 1637 0 982 1254 1203 717 1027
486 1325 1371 958 863 1819 1153 461 464 1336 982 0 2060 611 280 1797
1730 3073 763 1294 1345 1973 1452 2041 2169 1864 1254 2060 0 2434 1862 265
705 724 1682 1166 1097 1608 1188 393 265 1946 1203 611 2434 0 621 2187
206 1339 1140 690 598 1556 873 300 380 1433 717 280 1862 621 0 1606
1481 2840 543 1067 1108 1859 1262 1795 1921 1645 1027 1797 265 2187 1606 0
