0 1111 1013 1284 1713 901 276 116 1373 777 337 805 906 961 1111 744 331
1111 0 2101 1545 838 1986 920 1221 495 1042 955 1903 1781 1177 2197 958 835
1013 2101 0 1961 2721 592 1270 921 2271 1641 1296 513 1144 1773 624 1646 1339
1284 1545 1961 0 1448 1453 1083 1270 2030 576 990 1475 888 389 1591 653 1107
1713 838 2721 1448 0 2450 1450 1799 1197 1221 1431 2401 2064 1227 2650 1171 1382
901 1986 592 1453 2450 0 1068 785 2275 1261 1050 124 581 1346 211 1292 1152
276 920 1270 1083 1450 1068 0 348 1261 534 94 992 913 728 1278 488 85
116 1221 921 1270 1799 785 348 0 1490 798 385 689 816 971 994 778 418
1373 495 2271 2030 1197 2275 1261 1490 0 1502 1321 2176 2169 1654 2484 1418 1179
777 1042 1641 576 1221 1261 534 798 1502 0 448 1233 844 196 1449 84 541
337 955 1296 990 1431 1050 94 385 1321 448 0 983 847 639 1259 409 149
805 1903 513 1475 2401 124 992 689 2176 1233 983 0 632 1335 311 1257 1075
906 1781 1144 888 2064 581 913 816 2169 844 847 632 0 863 702 903 992
961 1177 1773 389 1227 1346 728 971 1654 196 639 1335 863 0 1520 266 738
1111 2197 624 1591 2650 211 1278 994 2484 1449 1259 311 702 1520 0 1485 1363
744 958 1646 653 1171 1292 488 778 1418 84 409 1257 903 266 1485 0 484
331 835 1339 1107 1382 1152 85 418 1179 541 149 1075 992 738 1363 484 0
