0 718 372 766 474 652 29 719 513 438 32 517 469 308 862 673 687 21 69 572 357 207 249 239 600 254 830 116 42 249 454 402 266 374 606 463 318 36 358 180 36 256 175 736 28 238 142 265 568 481 775 9 652 756 236 22 578 42 704 728 181 100 378 667 695 544 546 305 470 526 686 412 757 135 574 71 519 353
718 0 471 636 282 204 713 1356 300 966 714 363 413 409 1431 771 1146 719 650 466 597 513 489 497 1143 876 1548 833 690 656 1056 452 490 942 1300 480 507 681 554 843 735 744 853 32 729 837 758 844 892 456 563 724 767 1169 537 703 1276 687 1354 1162 680 618 717 51 921 973 1215 441 1188 1150 170 826 1082 624 1220 773 1193 1033
372 471 0 416 190 327 386 1091 441 496 388 155 99 224 1226 841 680 385 329 605 526 209 151 306 953 615 1144 479 331 488 818 30 120 724 863 528 418 345 495 548 368 284 546 500 367 390 487 610 441 526 801 374 388 1072 136 350 844 367 894 700 246 311 248 429 507 852 766 320 798 687 529 356 1038 238 946 443 891 725
766 636 416 0 477 433 786 1477 776 668 788 344 349 623 1628 1234 714 783 737 965 934 626 567 718 1362 1019 1426 858 724 905 1221 393 537 1133 1110 910 823 745 899 946 752 576 941 668 754 685 894 1020 456 901 1135 765 240 1489 544 744 1102 771 1075 705 599 722 447 623 392 1269 994 720 1118 882 776 516 1453 632 1334 836 1268 1108
474 282 190 477 0 179 477 1167 300 683 478 134 154 193 1275 763 869 480 413 487 487 267 226 303 991 678 1291 590 440 495 876 174 218 769 1028 436 375 439 447 627 484 462 632 310 479 559 550 659 623 425 662 479 533 1070 264 456 1006 453 1074 888 404 384 437 239 673 855 939 275 935 868 346 546 1012 360 1024 538 982 816
652 204 327 433 179 0 656 1345 394 815 657 185 243 368 1449 883 972 659 592 585 642 447 403 477 1163 856 1462 768 617 665 1053 301 391 944 1189 563 533 618 599 807 660 611 812 236 656 717 729 835 709 545 726 657 567 1228 433 633 1169 632 1220 983 567 563 556 191 725 1018 1094 441 1109 1014 348 665 1160 534 1203 717 1162 996
29 713 386 786 477 656 0 705 499 467 3 528 481 304 843 644 716 9 64 550 330 209 256 226 578 233 837 120 64 221 435 415 276 350 622 441 297 41 333 162 65 284 160 731 56 266 115 240 597 459 752 37 677 730 249 46 593 25 725 757 207 95 405 662 723 516 566 292 476 550 675 441 729 153 561 61 509 342
719 1356 1091 1477 1167 1345 705 0 1075 948 703 1232 1187 977 216 840 1147 705 765 1000 776 905 958 871 271 488 556 619 760 700 300 1121 980 415 675 921 850 746 816 544 727 912 544 1364 726 819 617 513 1175 948 1123 717 1327 464 954 741 646 725 857 1197 877 789 1049 1307 1317 475 746 918 469 845 1261 1029 591 854 144 647 214 369
513 300 441 776 300 394 499 1075 0 870 499 434 448 247 1136 489 1092 507 445 192 302 349 361 274 849 611 1328 617 500 379 775 442 382 659 1120 180 229 479 260 595 542 636 609 300 533 698 509 572 876 157 364 522 822 868 423 506 1092 474 1208 1120 550 415 667 259 948 673 1055 209 970 1016 187 764 784 469 944 551 928 777
438 966 496 668 683 815 467 948 870 0 470 631 572 623 1143 1111 249 458 479 980 791 523 510 620 940 629 766 431 420 687 781 517 495 747 444 876 730 455 785 551 402 234 532 994 410 200 564 663 245 888 1188 430 447 1141 450 428 439 477 416 292 322 498 261 922 382 947 327 677 505 214 1003 158 1169 408 823 467 736 616
32 714 388 788 478 657 3 703 499 470 0 530 484 305 840 641 719 11 65 548 328 210 258 226 575 230 837 120 67 218 432 418 278 347 623 439 295 43 331 159 68 287 158 731 59 269 112 237 600 458 750 39 680 727 252 49 594 26 727 760 210 96 408 663 726 513 568 291 476 552 674 444 725 156 558 60 507 340
517 363 155 344 134 185 528 1232 434 631 530 0 59 292 1357 892 788 528 467 621 602 329 274 398 1077 748 1299 629 478 592 951 125 251 850 1016 566 489 487 565 687 517 434 688 395 515 543 619 737 529 556 796 520 410 1176 283 496 997 506 1039 801 401 443 371 331 559 958 916 387 953 832 464 480 1127 387 1088 587 1037 870
469 413 99 349 154 243 481 1187 448 572 484 59 0 274 1317 887 734 482 423 628 585 292 234 372 1041 707 1242 578 429 564 910 69 208 812 956 564 474 440 550 643 467 374 642 443 465 484 578 699 479 557 812 471 378 1149 233 448 938 461 979 749 345 401 313 377 519 930 856 371 897 772 499 422 1107 336 1043 540 989 822
308 409 224 623 193 368 304 977 247 623 305 292 274 0 1082 618 845 310 241 387 311 110 114 109 797 488 1139 424 283 303 684 237 137 576 901 304 200 272 276 443 327 389 450 427 321 457 362 466 636 303 589 315 612 884 176 294 875 279 974 873 305 209 424 358 721 666 826 97 779 777 391 518 834 230 835 365 798 633
862 1431 1226 1628 1275 1449 843 216 1136 1143 840 1357 1317 1082 0 810 1352 845 896 1028 834 1027 1084 973 288 611 757 777 904 785 408 1255 1109 507 891 966 927 884 877 682 877 1081 688 1435 875 997 739 619 1361 993 1113 862 1497 361 1090 884 862 860 1073 1402 1033 916 1217 1384 1501 472 959 1010 681 1054 1315 1209 501 996 320 792 409 536
673 771 841 1234 763 883 644 840 489 1111 641 892 887 618 810 0 1360 653 636 305 329 655 704 544 568 560 1274 708 692 423 593 855 735 507 1181 326 424 657 350 608 709 908 631 761 701 911 560 508 1210 339 308 681 1225 467 754 683 1147 634 1325 1399 817 624 999 739 1317 364 1163 521 966 1178 612 1065 343 730 753 654 788 703
687 1146 680 714 869 972 716 1147 1092 249 719 788 734 845 1352 1360 0 707 725 1216 1037 752 730 856 1172 873 856 678 668 936 1013 695 710 989 539 1115 970 702 1029 797 651 464 777 1176 659 449 813 910 269 1125 1424 679 474 1381 668 677 550 726 421 49 557 742 433 1107 333 1192 428 909 681 309 1207 328 1415 646 1034 717 943 843
21 719 385 783 480 659 9 705 507 458 11 528 482 310 845 653 707 0 68 559 340 212 258 234 582 236 830 114 60 230 437 415 277 354 614 450 306 41 343 163 56 277 160 736 48 257 121 245 589 468 761 28 672 736 249 41 585 32 716 748 201 100 399 668 716 523 557 299 470 541 682 433 736 151 561 58 508 341
69 650 329 737 413 592 64 765 445 479 65 467 423 241 896 636 725 68 0 512 311 145 193 171 625 285 898 183 60 216 488 358 215 396 674 405 258 33 306 220 96 273 222 668 88 282 158 283 582 420 718 77 643 763 194 61 646 40 768 763 185 31 380 599 702 546 612 236 538 585 616 431 751 110 621 125 572 405
572 466 605 965 487 585 550 1000 192 980 548 621 628 387 1028 305 1216 559 512 0 247 464 496 360 750 585 1330 653 573 362 710 612 523 598 1163 108 254 543 224 595 606 752 614 456 597 791 517 537 1022 92 208 581 993 725 556 572 1132 529 1275 1248 659 487 809 434 1109 555 1116 308 983 1097 310 895 624 571 883 587 886 754
357 597 526 934 487 642 330 776 302 791 328 602 585 311 834 329 1037 340 311 247 0 329 381 220 547 338 1082 419 370 118 478 544 413 363 924 149 112 336 43 349 393 580 369 600 384 592 275 291 880 176 432 366 902 586 427 363 892 315 1046 1075 488 296 669 552 988 378 885 215 737 879 486 736 525 400 649 355 644 507
207 513 209 626 267 447 209 905 349 523 210 329 292 110 1027 655 752 212 145 464 329 0 59 112 749 419 1034 324 177 279 621 234 89 521 792 368 233 172 305 362 222 290 365 534 216 349 289 407 563 374 672 213 573 862 99 191 766 185 865 784 201 117 348 463 662 642 716 156 675 668 500 431 830 120 762 270 716 549
249 489 151 567 226 403 256 958 361 510 258 274 234 114 1084 704 730 258 193 496 381 59 0 161 807 474 1065 365 213 337 677 175 31 578 811 405 279 216 354 414 257 276 415 512 253 353 345 465 526 408 701 254 521 921 62 230 787 233 872 759 196 169 312 440 618 701 728 190 709 671 496 404 888 135 814 317 765 599
239 497 306 718 303 477 226 871 274 620 226 398 372 109 973 544 856 234 171 360 220 112 161 0 688 384 1062 346 226 194 576 325 192 467 846 259 120 204 193 345 267 392 355 511 259 434 261 359 674 268 568 247 682 777 211 231 817 201 936 889 299 140 460 446 774 559 781 65 702 748 448 539 734 211 731 282 698 535
600 1143 953 1362 991 1163 578 271 849 940 575 1077 1041 797 288 568 1172 582 625 750 547 749 807 688 0 345 771 534 642 497 159 980 834 229 792 682 639 617 589 423 621 838 434 1147 617 770 467 343 1137 709 857 603 1250 236 819 622 758 591 969 1220 779 642 971 1096 1274 205 828 722 559 898 1030 980 338 731 217 533 290 329
254 876 615 1019 678 856 233 488 611 629 230 748 707 488 611 560 873 236 285 585 338 419 474 384 345 0 745 200 296 233 203 643 499 122 621 486 381 273 368 81 276 497 97 887 272 441 129 52 803 512 758 257 905 516 479 277 587 248 769 919 433 305 628 826 936 318 609 435 411 640 798 645 541 386 347 188 318 169
830 1548 1144 1426 1291 1462 837 556 1328 766 837 1299 1242 1139 757 1274 856 830 898 1330 1082 1034 1065 1062 771 745 0 716 857 969 685 1174 1073 767 326 1227 1105 866 1108 738 812 875 721 1566 818 761 821 796 1008 1252 1503 823 1214 999 1029 844 327 863 449 900 898 930 984 1497 1136 933 444 1126 360 569 1509 910 1109 930 554 780 493 580
116 833 479 858 590 768 120 619 617 431 120 629 578 424 777 708 678 114 183 653 419 324 365 346 534 200 716 0 152 301 378 510 380 321 510 545 406 152 430 120 111 305 102 851 113 241 148 232 604 565 850 111 720 716 346 134 480 146 627 722 258 214 440 782 740 516 466 411 356 469 794 447 738 242 476 67 413 250
42 690 331 724 440 617 64 760 500 420 67 478 429 283 904 692 668 60 60 573 370 177 213 226 642 296 857 152 0 269 497 361 228 415 622 465 318 35 366 222 44 223 217 710 39 222 180 305 535 481 778 42 612 795 195 19 595 61 710 706 142 86 341 640 660 580 555 291 498 525 667 381 791 93 616 113 560 394
249 656 488 905 495 665 221 700 379 687 218 592 564 303 785 423 936 230 216 362 118 279 337 194 497 233 969 301 269 0 400 511 368 286 805 258 151 234 138 232 286 489 252 664 277 487 156 192 798 282 551 257 844 585 370 259 773 210 928 976 400 209 592 607 914 366 767 225 620 765 567 647 551 319 565 239 548 401
454 1056 818 1221 876 1053 435 300 775 781 432 951 910 684 408 593 1013 437 488 710 478 621 677 576 159 203 685 378 497 400 0 847 702 115 656 625 550 475 517 274 471 684 282 1064 469 612 332 217 978 652 850 456 1098 377 682 477 622 451 827 1061 629 508 818 1007 1116 249 680 620 423 743 962 822 449 588 172 385 194 173
402 452 30 393 174 301 415 1121 442 517 418 125 69 237 1255 855 695 415 358 612 544 234 175 325 980 643 1174 510 361 511 847 0 146 751 891 538 434 374 511 577 399 310 576 482 397 418 515 637 449 534 804 404 381 1096 166 380 872 396 919 713 276 338 265 412 507 876 793 334 828 712 519 374 1059 268 976 473 921 755
266 490 120 537 218 391 276 980 382 495 278 251 208 137 1109 735 710 277 215 523 413 89 31 192 834 499 1073 380 228 368 702 146 0 605 811 434 310 235 385 436 270 262 436 514 267 347 370 491 499 436 726 270 489 951 47 246 788 254 866 737 190 193 287 442 588 731 725 219 718 663 507 382 919 142 836 336 785 618
374 942 724 1133 769 944 350 415 659 747 347 850 812 576 507 507 989 354 396 598 363 521 578 467 229 122 767 321 415 286 115 751 605 0 693 510 435 389 401 203 397 619 218 949 393 563 238 114 925 538 746 377 1026 395 590 395 658 363 853 1035 554 413 750 893 1059 209 697 508 466 742 846 767 430 502 286 310 291 199
606 1300 863 1110 1028 1189 622 675 1120 444 623 1016 956 901 891 1181 539 614 674 1163 924 792 811 846 792 621 326 510 622 805 656 891 811 693 0 1055 916 641 940 580 579 582 558 1323 587 472 648 673 683 1076 1357 598 891 1027 765 614 34 646 182 585 624 705 676 1251 810 895 118 911 233 243 1289 593 1105 676 599 577 509 495
463 480 528 910 436 563 441 921 180 876 439 566 564 304 966 326 1115 450 405 108 149 368 405 259 682 486 1227 545 465 258 625 538 434 510 1055 0 147 435 119 490 498 651 509 478 489 685 411 440 930 27 313 473 916 689 463 464 1024 421 1167 1149 558 381 716 439 1023 498 1007 214 878 989 349 798 604 469 797 478 793 655
318 507 418 823 375 533 297 850 229 730 295 489 474 200 927 424 970 306 258 254 112 233 279 120 639 381 1105 406 318 151 550 434 310 435 916 147 0 288 76 368 352 507 384 514 342 538 283 343 795 163 460 327 800 696 331 317 886 275 1022 1005 413 233 581 458 895 484 863 102 750 842 417 657 638 324 717 339 699 547
36 681 345 745 439 618 41 746 479 455 43 487 440 272 884 657 702 41 33 543 336 172 216 204 617 273 866 152 35 234 475 374 235 389 641 435 288 0 333 203 63 258 201 700 55 256 151 277 570 451 748 43 641 764 208 28 613 27 735 741 174 64 373 630 693 549 579 270 506 554 650 416 758 113 602 100 549 383
358 554 495 899 447 599 333 816 260 785 331 565 550 276 877 350 1029 343 306 224 43 305 354 193 589 368 1108 430 366 138 517 511 385 401 940 119 76 333 0 371 394 568 390 557 385 589 293 323 863 143 420 367 875 629 404 362 908 315 1056 1065 475 287 650 508 967 422 895 179 759 884 445 722 565 386 687 365 679 537
180 843 548 946 627 807 162 544 595 551 159 687 643 443 682 608 797 163 220 595 349 362 414 345 423 81 738 120 222 232 274 577 436 203 580 490 368 203 371 0 197 416 22 857 194 361 85 113 722 514 780 181 826 597 411 202 547 181 716 842 355 245 548 792 855 396 555 403 387 575 780 564 618 315 400 110 355 190
36 735 368 752 484 660 65 727 542 402 68 517 467 327 877 709 651 56 96 606 393 222 257 267 621 276 812 111 44 286 471 399 270 397 579 498 352 63 394 197 0 225 189 755 9 201 173 292 536 515 810 28 629 784 234 35 551 78 671 692 157 126 352 684 666 573 515 332 453 491 710 380 789 130 583 87 523 358
256 744 284 576 462 611 284 912 636 234 287 434 374 389 1081 908 464 277 273 752 580 290 276 392 838 497 875 305 223 489 684 310 262 619 582 651 507 258 568 416 225 0 404 770 231 114 397 517 312 660 960 250 416 1009 216 238 565 285 612 498 93 284 136 697 440 799 482 446 545 406 770 158 1013 182 772 310 699 546
175 853 546 941 632 812 160 544 609 532 158 688 642 450 688 631 777 160 222 614 369 365 415 355 434 97 721 102 217 252 282 576 436 218 558 509 384 201 390 22 189 404 0 867 187 344 100 134 706 532 801 175 815 613 410 197 525 182 694 822 346 248 537 802 841 415 532 415 368 552 794 549 637 311 400 104 350 184
736 32 500 668 310 236 731 1364 300 994 731 395 443 427 1435 761 1176 736 668 456 600 534 512 511 1147 887 1566 851 710 664 1064 482 514 949 1323 478 514 700 557 857 755 770 867 0 748 862 772 854 923 453 543 743 799 1167 562 722 1299 705 1380 1192 705 636 747 72 953 974 1240 453 1206 1176 152 855 1076 647 1229 790 1205 1046
28 729 367 754 479 656 56 726 533 410 59 515 465 321 875 701 659 48 88 597 384 216 253 259 617 272 818 113 39 277 469 397 267 393 587 489 342 55 385 194 9 231 187 748 0 210 166 286 543 505 801 19 633 779 232 27 559 69 680 700 161 118 357 678 671 567 523 324 459 500 703 387 782 129 583 84 524 358
238 837 390 685 559 717 266 819 698 200 269 543 484 457 997 911 449 257 282 791 592 349 353 434 770 441 761 241 222 487 612 418 347 563 472 685 538 256 589 361 201 114 344 862 210 0 365 471 366 698 998 229 509 958 299 229 454 278 519 491 157 304 238 789 505 756 379 495 433 319 847 212 976 229 682 269 604 461
142 758 487 894 550 729 115 617 509 564 112 619 578 362 739 560 813 121 158 517 275 289 345 261 467 129 821 148 180 156 332 515 370 238 648 411 283 151 293 85 173 397 100 772 166 365 0 126 709 434 708 147 793 614 351 162 616 124 774 856 322 176 521 708 838 401 612 318 467 617 694 553 616 264 474 96 436 274
265 844 610 1020 659 835 240 513 572 663 237 737 699 466 619 508 910 245 283 537 291 407 465 359 343 52 796 232 305 192 217 637 491 114 673 440 343 277 323 113 292 517 134 854 286 471 126 0 826 466 707 269 917 492 476 286 639 250 818 955 446 299 643 794 957 285 658 405 463 685 759 669 505 390 375 206 357 217
568 892 441 456 623 709 597 1175 876 245 600 529 479 636 1361 1210 269 589 582 1022 880 563 526 674 1137 803 1008 604 535 798 978 449 499 925 683 930 795 570 863 722 536 312 706 923 543 366 709 826 0 935 1226 562 219 1318 467 551 681 597 623 274 397 589 214 856 141 1110 564 716 746 443 968 157 1325 481 1044 619 961 826
481 456 526 901 425 545 459 948 157 888 458 556 557 303 993 339 1125 468 420 92 176 374 408 268 709 512 1252 565 481 282 652 534 436 538 1076 27 163 451 143 514 515 660 532 453 505 698 434 466 935 0 300 490 914 713 468 480 1045 438 1185 1157 568 395 721 416 1025 525 1026 218 901 1005 322 805 626 479 824 498 820 681
775 563 801 1135 662 726 752 1123 364 1188 750 796 812 589 1113 308 1424 761 718 208 432 672 701 568 857 758 1503 850 778 551 850 804 726 746 1357 313 460 748 420 780 810 960 801 543 801 998 708 707 1226 300 0 785 1185 775 762 777 1325 732 1476 1456 867 694 1013 547 1308 651 1315 515 1166 1302 392 1102 650 779 1020 785 1038 922
9 724 374 765 479 657 37 717 522 430 39 520 471 315 862 681 679 28 77 581 366 213 254 247 603 257 823 111 42 257 456 404 270 377 598 473 327 43 367 181 28 250 175 743 19 229 147 269 562 490 785 0 649 761 238 23 569 52 695 720 177 108 374 673 690 549 537 313 463 517 694 406 763 136 573 70 517 351
652 767 388 240 533 567 677 1327 822 447 680 410 378 612 1497 1225 474 672 643 993 902 573 521 682 1250 905 1214 720 612 844 1098 381 489 1026 891 916 800 641 875 826 629 416 815 799 633 509 793 917 219 914 1185 649 0 1406 475 631 887 669 842 467 471 639 280 739 163 1190 774 706 928 656 874 310 1393 533 1188 716 1113 963
756 1169 1072 1489 1070 1228 730 464 868 1141 727 1176 1149 884 361 467 1381 736 763 725 586 862 921 777 236 516 999 716 795 585 377 1096 951 395 1027 689 696 764 629 597 784 1009 613 1167 779 958 614 492 1318 713 775 761 1406 0 947 777 993 737 1202 1428 937 772 1135 1127 1450 219 1057 794 793 1120 1031 1160 139 874 448 699 526 550
236 537 136 544 264 433 249 954 423 450 252 283 233 176 1090 754 668 249 194 556 427 99 62 211 819 479 1029 346 195 370 682 166 47 590 765 463 331 208 404 411 234 216 410 562 232 299 351 476 467 468 762 238 475 947 0 214 742 230 818 697 142 177 252 489 563 727 678 249 676 616 554 342 922 104 810 307 755 589
22 703 350 744 456 633 46 741 506 428 49 496 448 294 884 683 677 41 61 572 363 191 230 231 622 277 844 134 19 259 477 380 246 395 614 464 317 28 362 202 35 238 197 722 27 229 162 286 551 480 777 23 631 777 214 0 586 49 707 716 160 91 358 652 676 563 550 297 484 525 676 396 775 113 596 93 540 374
578 1276 844 1102 1006 1169 593 646 1092 439 594 997 938 875 862 1147 550 585 646 1132 892 766 787 817 758 587 327 480 595 773 622 872 788 658 34 1024 886 613 908 547 551 565 525 1299 559 454 616 639 681 1045 1325 569 887 993 742 586 0 617 213 598 603 678 664 1227 812 860 123 883 199 247 1262 585 1070 651 567 547 477 460
42 687 367 771 453 632 25 725 474 477 26 506 461 279 860 634 726 32 40 529 315 185 233 201 591 248 863 146 61 210 451 396 254 363 646 421 275 27 315 181 78 285 182 705 69 278 124 250 597 438 732 52 669 737 230 49 617 0 746 765 202 69 401 636 721 521 588 266 502 569 649 443 730 139 581 86 532 365
704 1354 894 1075 1074 1220 725 857 1208 416 727 1039 979 974 1073 1325 421 716 768 1275 1046 865 872 936 969 769 449 627 710 928 827 919 866 853 182 1167 1022 735 1056 716 671 612 694 1380 680 519 774 818 623 1185 1476 695 842 1202 818 707 213 746 0 461 676 796 674 1307 733 1059 161 1001 409 206 1365 574 1274 744 780 691 689 660
728 1162 700 705 888 983 757 1197 1120 292 760 801 749 873 1402 1399 49 748 763 1248 1075 784 759 889 1220 919 900 722 706 976 1061 713 737 1035 585 1149 1005 741 1065 842 692 498 822 1192 700 491 856 955 274 1157 1456 720 467 1428 697 716 598 765 461 0 591 779 455 1124 317 1238 475 941 730 357 1229 355 1460 680 1083 759 992 891
181 680 246 599 404 567 207 877 550 322 210 401 345 305 1033 817 557 201 185 659 488 201 196 299 779 433 898 258 142 400 629 276 190 554 624 558 413 174 475 355 157 93 346 705 161 157 322 446 397 568 867 177 471 937 142 160 603 202 676 591 0 192 198 632 518 723 535 355 552 474 692 248 933 89 734 245 668 508
100 618 311 722 384 563 95 789 415 498 96 443 401 209 916 624 742 100 31 487 296 117 169 140 642 305 930 214 86 209 508 338 193 413 705 381 233 64 287 245 126 284 248 636 118 304 176 299 589 395 694 108 639 772 177 91 678 69 796 779 192 0 382 567 705 553 641 206 570 611 585 441 754 109 645 156 599 432
378 717 248 447 437 556 405 1049 667 261 408 371 313 424 1217 999 433 399 380 809 669 348 312 460 971 628 984 440 341 592 818 265 287 750 676 716 581 373 650 548 352 136 537 747 357 238 521 643 214 721 1013 374 280 1135 252 358 664 401 674 455 198 382 0 676 322 921 567 502 670 469 774 109 1131 273 909 439 835 683
667 51 429 623 239 191 662 1307 259 922 663 331 377 358 1384 739 1107 668 599 434 552 463 440 446 1096 826 1497 782 640 607 1007 412 442 893 1251 439 458 630 508 792 684 697 802 72 678 789 708 794 856 416 547 673 739 1127 489 652 1227 636 1307 1124 632 567 676 0 891 929 1167 390 1137 1103 158 785 1043 575 1170 722 1142 982
695 921 507 392 673 725 723 1317 948 382 726 559 519 721 1501 1317 333 716 702 1109 988 662 618 774 1274 936 1136 740 660 914 1116 507 588 1059 810 1023 895 693 967 855 666 440 841 953 671 505 838 957 141 1025 1308 690 163 1450 563 676 812 721 733 317 518 705 322 891 0 1239 691 808 886 568 1018 293 1452 595 1185 751 1102 966
544 973 852 1269 855 1018 516 475 673 947 513 958 930 666 472 364 1192 523 546 555 378 642 701 559 205 318 933 516 580 366 249 876 731 209 895 498 484 549 422 396 573 799 415 974 567 756 401 285 1110 525 651 549 1190 219 727 563 860 521 1059 1238 723 553 921 929 1239 0 905 579 664 951 847 953 222 657 393 490 440 399
546 1215 766 994 939 1094 566 746 1055 327 568 916 856 826 959 1163 428 557 612 1116 885 716 728 781 828 609 444 466 555 767 680 793 725 697 118 1007 863 579 895 555 515 482 532 1240 523 379 612 658 564 1026 1315 537 774 1057 678 550 123 588 161 475 535 641 567 1167 691 905 0 846 279 124 1216 479 1122 596 652 530 560 510
305 441 320 720 275 441 292 918 209 677 291 387 371 97 1010 521 909 299 236 308 215 156 190 65 722 435 1126 411 291 225 620 334 219 508 911 214 102 270 179 403 332 446 415 453 324 495 318 405 716 218 515 313 706 794 249 297 883 266 1001 941 355 206 502 390 808 579 846 0 766 811 383 587 740 268 780 346 752 592
470 1188 798 1118 935 1109 476 469 970 505 476 953 897 779 681 966 681 470 538 983 737 675 709 702 559 411 360 356 498 620 423 828 718 466 233 878 750 506 759 387 453 545 368 1206 459 433 467 463 746 901 1166 463 928 793 676 484 199 502 409 730 552 570 670 1137 886 664 279 766 0 376 1149 618 872 575 374 420 282 267
526 1150 687 882 868 1014 550 845 1016 214 552 832 772 777 1054 1178 309 541 585 1097 879 668 671 748 898 640 569 469 525 765 743 712 663 742 243 989 842 554 884 575 491 406 552 1176 500 319 617 685 443 1005 1302 517 656 1120 616 525 247 569 206 357 474 611 469 1103 568 951 124 811 376 0 1167 372 1172 548 740 526 647 570
686 170 529 776 346 348 675 1261 187 1003 674 464 499 391 1315 612 1207 682 616 310 486 500 496 448 1030 798 1509 794 667 567 962 519 507 846 1289 349 417 650 445 780 710 770 794 152 703 847 694 759 968 322 392 694 874 1031 554 676 1262 649 1365 1229 692 585 774 158 1018 847 1216 383 1149 1167 0 879 935 621 1131 729 1116 964
412 826 356 516 546 665 441 1029 764 158 444 480 422 518 1209 1065 328 433 431 895 736 431 404 539 980 645 910 447 381 647 822 374 382 767 593 798 657 416 722 564 380 158 549 855 387 212 553 669 157 805 1102 406 310 1160 342 396 585 443 574 355 248 441 109 785 293 953 479 587 618 372 879 0 1169 335 894 462 814 673
757 1082 1038 1453 1012 1160 729 591 784 1169 725 1127 1107 834 501 343 1415 736 751 624 525 830 888 734 338 541 1109 738 791 551 449 1059 919 430 1105 604 638 758 565 618 789 1013 637 1076 782 976 616 505 1325 626 650 763 1393 139 922 775 1070 730 1274 1460 933 754 1131 1043 1452 222 1122 740 872 1172 935 1169 0 861 555 708 622 613
135 624 238 632 360 534 153 854 469 408 156 387 336 230 996 730 646 151 110 571 400 120 135 211 731 386 930 242 93 319 588 268 142 502 676 469 324 113 386 315 130 182 311 647 129 229 264 390 481 479 779 136 533 874 104 113 651 139 744 680 89 109 273 575 595 657 596 268 575 548 621 335 861 0 710 206 653 487
574 1220 946 1334 1024 1203 561 144 944 823 558 1088 1043 835 320 753 1034 561 621 883 649 762 814 731 217 347 554 476 616 565 172 976 836 286 599 797 717 602 687 400 583 772 400 1229 583 682 474 375 1044 824 1020 573 1188 448 810 596 567 581 780 1083 734 645 909 1170 1185 393 652 780 374 740 1131 894 555 710 0 503 92 226
71 773 443 836 538 717 61 647 551 467 60 587 540 365 792 654 717 58 125 587 355 270 317 282 533 188 780 67 113 239 385 473 336 310 577 478 339 100 365 110 87 310 104 790 84 269 96 206 619 498 785 70 716 699 307 93 547 86 691 759 245 156 439 722 751 490 530 346 420 526 729 462 708 206 503 0 449 282
519 1193 891 1268 982 1162 509 214 928 736 507 1037 989 798 409 788 943 508 572 886 644 716 765 698 290 318 493 413 560 548 194 921 785 291 509 793 699 549 679 355 523 699 350 1205 524 604 436 357 961 820 1038 517 1113 526 755 540 477 532 689 992 668 599 835 1142 1102 440 560 752 282 647 1116 814 622 653 92 449 0 166
353 1033 725 1108 816 996 342 369 777 616 340 870 822 633 536 703 843 341 405 754 507 549 599 535 329 169 580 250 394 401 173 755 618 199 495 655 547 383 537 190 358 546 184 1046 358 461 274 217 826 681 922 351 963 550 589 374 460 365 660 891 508 432 683 982 966 399 510 592 267 570 964 673 613 487 226 282 166 0
