0 638 12 557 460 534 464 293 391 527 551 536 733 719 213 461 511 518 138 485 278 850 818 686 521 309 226 557 49 368 223 488 492 746 336 773 658 400 289 802 96 763 841 588 832 62 569 800 390 31 520 411 325 111 313 435 146 19 729 364 478 356 36 413 483 633 259 728 184 362 585 128 4 170 229 36 853 364
638 0 648 137 1062 224 1071 357 478 956 523 526 625 845 829 1076 262 1157 715 596 682 1154 228 958 1052 940 428 127 592 472 781 662 914 1385 765 1356 1219 563 403 1304 666 273 514 1127 912 598 1163 847 869 624 223 999 870 556 738 925 627 637 425 360 347 986 603 1034 681 1115 490 1341 793 695 400 766 641 470 484 649 376 585
12 648 0 568 448 540 459 304 391 516 550 548 733 713 201 449 523 509 126 483 271 840 826 694 508 302 237 568 61 368 225 483 481 736 327 770 646 412 294 803 87 769 853 588 827 74 565 796 394 31 531 399 313 124 304 438 140 29 733 369 490 349 47 407 478 621 271 716 171 355 597 118 7 180 232 27 859 361
557 137 568 0 1003 285 965 264 489 942 572 389 703 890 761 1012 125 1071 653 623 655 1174 365 821 1016 846 334 11 508 476 672 682 900 1298 740 1240 1177 429 373 1176 601 402 427 1006 969 509 1051 908 746 549 86 945 825 462 712 801 576 553 528 355 210 890 521 934 698 1093 373 1279 727 684 270 685 561 388 446 575 508 584
460 1062 448 1003 0 904 446 745 661 345 768 977 909 733 246 47 970 256 350 656 416 652 1203 986 180 328 682 1001 509 651 503 607 349 413 363 693 220 830 663 858 401 1116 1298 657 839 519 533 843 637 459 976 70 210 571 377 646 435 471 1012 723 938 331 495 381 586 310 713 279 278 461 1042 350 455 620 582 434 1183 563
534 224 540 285 904 0 996 325 268 752 299 629 417 621 690 925 382 1037 572 374 498 932 299 1016 867 843 379 274 497 268 723 441 711 1262 575 1300 1037 611 250 1290 531 228 712 1092 691 514 1098 628 849 511 348 836 699 485 550 904 477 540 260 182 447 890 504 948 462 915 483 1181 654 493 539 654 536 389 328 533 323 379
464 1071 459 965 446 996 0 714 842 749 994 767 1169 1082 398 404 881 244 483 907 652 1082 1270 603 620 174 644 969 499 821 292 887 736 402 657 313 646 621 753 416 499 1225 1116 210 1196 483 109 1182 293 490 904 469 528 518 650 268 567 456 1191 828 815 137 492 70 874 754 595 559 420 734 884 360 463 612 690 473 1317 786
293 357 304 264 745 325 714 0 356 727 497 363 670 772 501 751 229 808 398 497 436 1003 561 699 775 585 71 264 244 334 425 537 686 1035 520 1003 929 300 196 971 345 539 588 781 872 245 807 821 530 287 230 690 579 200 491 586 331 289 575 236 226 630 257 677 546 865 158 1019 467 487 343 420 297 125 236 313 642 414
391 478 391 489 661 268 842 356 0 483 161 720 346 418 478 689 537 830 367 142 245 685 559 1020 604 672 363 481 375 24 612 193 442 1046 313 1154 776 645 160 1193 343 458 903 979 515 402 950 465 771 360 516 592 451 401 291 820 275 405 359 136 567 717 375 782 208 646 481 933 445 226 682 481 390 324 168 372 522 110
527 956 516 942 345 752 749 727 483 0 525 1050 621 399 385 391 953 598 391 410 291 340 1038 1191 183 590 688 936 560 486 687 344 42 749 207 1026 334 924 568 1164 431 926 1316 950 498 585 849 510 854 506 944 292 231 625 236 881 408 545 777 597 951 615 547 679 319 165 769 540 386 261 1068 491 522 621 499 490 969 373
551 523 550 572 768 299 994 497 161 525 0 856 184 322 616 802 645 962 512 117 361 643 534 1178 678 821 515 562 537 186 773 182 489 1169 405 1307 848 794 311 1354 495 411 999 1138 396 564 1103 336 933 520 618 698 559 563 392 982 426 565 252 261 691 865 536 932 206 690 635 1028 585 307 799 633 549 483 330 530 443 213
536 526 548 389 977 629 767 363 720 1050 856 0 1021 1136 739 967 265 947 673 861 769 1350 752 443 1057 713 373 400 495 698 504 900 1012 1156 846 980 1188 151 560 858 625 789 349 732 1235 474 823 1184 485 550 304 939 862 428 819 531 642 520 888 595 184 745 508 762 907 1168 281 1222 715 834 149 627 541 435 590 570 896 773
733 625 733 703 909 417 1169 670 346 621 184 1021 0 292 783 946 793 1120 686 264 523 641 567 1359 794 996 694 692 721 370 956 302 592 1318 550 1482 955 970 492 1536 673 433 1129 1320 310 748 1279 242 1117 702 761 840 706 747 543 1166 604 748 231 435 848 1038 720 1106 322 777 814 1152 754 454 950 811 732 665 514 711 420 383
719 845 713 890 733 621 1082 772 418 399 322 1136 292 0 684 778 952 975 622 276 447 349 836 1399 583 909 769 880 726 439 933 239 385 1145 425 1382 724 1050 576 1482 633 705 1313 1262 115 756 1190 110 1105 688 928 671 562 774 434 1146 572 737 511 552 986 944 719 1013 238 530 883 938 666 360 1100 752 715 719 554 687 707 370
213 829 201 761 246 690 398 501 478 385 616 739 783 684 0 250 724 352 117 519 259 725 987 810 326 224 436 760 262 462 306 492 362 572 259 705 448 596 441 800 163 912 1053 581 799 273 507 783 469 214 730 199 154 324 252 496 213 225 838 508 692 261 248 330 477 452 469 518 35 337 797 117 209 375 362 188 991 403
461 1076 449 1012 47 925 404 751 689 391 802 967 946 778 250 0 973 209 361 691 445 699 1224 957 227 297 686 1011 510 677 483 644 395 372 398 646 249 818 681 813 411 1141 1294 615 884 519 488 887 608 464 980 107 243 570 409 614 451 470 1043 743 937 295 497 341 624 355 709 267 284 496 1039 344 457 625 600 438 1211 593
511 262 523 125 970 382 881 229 537 953 645 265 793 952 724 973 0 1010 626 677 661 1213 490 697 1005 777 287 135 462 519 589 729 911 1234 746 1143 1158 311 395 1065 573 525 368 903 1040 456 961 982 643 510 39 917 809 405 717 697 561 503 636 401 86 819 476 856 742 1094 287 1240 692 705 157 633 516 352 454 535 631 617
518 1157 509 1071 256 1037 244 808 830 598 962 947 1120 975 352 209 1010 0 468 858 600 907 1330 843 436 236 737 1072 565 814 442 820 598 227 572 439 420 796 786 624 506 1262 1291 444 1085 562 301 1083 513 533 1025 307 419 609 577 500 564 520 1190 857 958 202 554 204 802 560 726 315 386 666 1045 390 515 687 710 509 1343 748
138 715 126 653 350 572 483 398 367 391 512 673 686 622 117 361 626 468 0 424 176 720 869 808 386 309 339 651 178 349 315 408 358 690 212 795 532 538 323 864 52 795 969 645 738 199 592 714 488 123 629 292 189 245 193 525 96 155 726 390 602 352 164 419 398 495 393 627 82 262 713 130 133 273 244 102 874 303
485 596 483 623 656 374 907 497 142 410 117 861 264 276 519 691 677 858 424 0 259 558 637 1145 561 733 498 614 481 162 708 69 373 1060 293 1219 730 780 300 1282 416 519 1042 1064 375 510 1017 328 875 454 655 586 448 519 282 921 348 502 369 276 709 775 477 843 92 574 615 912 491 194 824 551 483 453 288 459 559 123
278 682 271 655 416 498 652 436 245 291 361 769 523 447 259 445 661 600 176 259 0 584 796 965 370 478 399 650 296 235 485 234 250 808 85 962 540 653 283 1040 186 702 1025 820 562 325 762 537 658 249 653 347 206 355 57 698 134 297 597 324 661 518 286 586 222 437 490 689 233 86 778 306 274 334 209 243 767 149
850 1154 840 1174 652 932 1082 1003 685 340 643 1350 641 349 725 699 1213 907 720 558 584 0 1175 1526 471 929 977 1166 876 698 1025 494 365 1017 514 1345 539 1237 817 1498 753 1046 1581 1287 370 904 1179 424 1194 825 1196 614 572 938 539 1222 716 869 858 820 1228 951 865 1012 476 351 1074 760 725 516 1346 829 846 915 767 813 1055 595
818 228 826 365 1203 299 1270 561 559 1038 534 752 567 836 987 1224 490 1330 869 637 796 1175 0 1187 1163 1127 629 356 776 562 985 707 998 1556 871 1564 1334 791 545 1526 825 133 687 1342 876 788 1366 808 1087 799 451 1136 999 751 847 1143 775 821 336 481 576 1173 785 1227 730 1202 707 1481 951 784 620 943 820 658 625 822 191 669
686 958 694 821 986 1016 603 699 1020 1191 1178 443 1359 1399 810 957 697 843 808 1145 965 1526 1187 0 1126 659 665 831 673 996 504 1162 1162 994 1019 678 1205 405 866 482 780 1207 717 454 1511 643 598 1472 349 715 735 978 963 626 997 345 831 667 1273 926 610 665 681 641 1161 1258 546 1157 805 1048 591 699 690 695 857 721 1314 1032
521 1052 508 1016 180 867 620 775 604 183 678 1057 794 583 326 227 1005 436 386 561 370 471 1163 1126 0 483 722 1012 564 600 626 502 203 568 292 873 171 917 650 1034 437 1061 1354 829 681 583 711 694 779 509 1003 153 197 631 316 795 443 536 930 695 987 496 550 552 478 135 779 359 344 381 1100 443 516 655 571 487 1115 495
309 940 302 846 328 843 174 585 672 590 821 713 996 909 224 297 777 236 309 733 478 929 1127 659 483 0 514 848 351 652 208 712 574 456 483 486 546 561 595 578 329 1072 1055 360 1024 342 284 1008 311 331 795 329 363 385 476 317 397 306 1026 670 723 46 341 110 699 618 492 520 245 559 808 192 307 471 527 311 1160 612
226 428 237 334 682 379 644 71 363 688 515 373 694 769 436 686 287 737 339 498 399 977 629 665 722 514 0 335 176 339 356 530 648 964 481 935 872 282 203 911 286 600 633 717 873 175 738 826 470 223 294 629 525 128 452 525 283 220 620 261 266 559 190 606 536 819 119 954 404 461 381 351 230 67 217 248 700 401
557 127 568 11 1001 274 969 264 481 936 562 400 692 880 760 1011 135 1072 651 614 650 1166 356 831 1012 848 335 0 509 469 676 674 894 1300 735 1245 1174 437 368 1183 600 391 438 1012 959 510 1056 897 752 548 96 943 822 463 707 807 573 553 516 347 220 892 521 936 690 1088 377 1278 726 678 281 685 561 387 442 574 496 577
49 592 61 508 509 497 499 244 375 560 537 495 721 726 262 510 462 565 178 481 296 876 776 673 564 351 176 509 0 351 239 490 523 793 363 805 705 364 257 820 129 726 794 610 838 29 601 802 396 55 470 459 367 67 337 445 161 45 702 333 430 397 14 452 488 673 215 778 232 376 538 176 53 122 208 77 818 362
368 472 368 476 651 268 821 334 24 486 186 698 370 439 462 677 519 814 349 162 235 698 562 996 600 652 339 469 351 0 589 210 444 1031 308 1133 771 621 138 1170 322 466 886 956 537 378 929 488 747 337 500 581 441 377 284 796 256 381 376 121 547 697 351 762 223 647 457 924 428 225 663 460 367 300 143 350 534 112
223 781 225 672 503 723 292 425 612 687 773 504 956 933 306 483 589 442 315 708 485 1025 985 504 626 208 356 676 239 589 0 707 660 656 526 579 723 353 494 581 300 950 849 371 1048 215 382 1019 173 254 611 483 458 237 508 213 363 207 940 569 527 241 237 268 701 756 302 724 300 572 605 196 225 334 447 249 1047 586
488 662 483 682 607 441 887 537 193 344 182 900 302 239 492 644 729 820 408 69 234 494 707 1162 502 712 530 674 490 210 707 0 308 1016 248 1196 669 810 342 1273 409 588 1096 1053 348 520 997 312 878 456 709 538 404 535 244 921 344 506 433 330 756 752 485 821 24 508 643 856 467 155 872 538 485 479 314 458 625 131
492 914 481 900 349 711 736 686 442 42 489 1012 592 385 362 395 911 598 358 373 250 365 998 1162 203 574 648 894 523 444 660 308 0 759 166 1021 363 888 526 1150 396 887 1275 934 489 549 839 495 829 470 902 291 211 588 195 858 369 511 741 555 911 601 511 666 284 204 731 562 359 219 1028 463 487 582 457 455 932 332
746 1385 736 1298 413 1262 402 1035 1046 749 1169 1156 1318 1145 572 372 1234 227 690 1060 808 1017 1556 994 568 456 964 1300 793 1031 656 1016 759 0 768 431 482 1007 1011 670 731 1485 1504 551 1247 789 399 1255 695 761 1250 480 612 836 778 670 786 747 1404 1080 1179 416 781 394 996 667 948 281 608 866 1261 618 743 915 934 736 1563 958
336 765 327 740 363 575 657 520 313 207 405 846 550 425 259 398 746 572 212 293 85 514 871 1019 292 483 481 735 363 308 526 248 166 768 0 960 463 725 368 1058 240 771 1109 838 540 390 765 525 699 311 739 293 156 426 28 734 204 356 651 406 744 519 351 588 230 352 566 625 242 98 861 334 332 415 294 300 829 206
773 1356 770 1240 693 1300 313 1003 1154 1026 1307 980 1482 1382 705 646 1143 439 795 1219 962 1345 1564 678 873 486 935 1245 805 1133 579 1196 1021 431 960 0 851 851 1062 251 812 1528 1322 248 1495 786 204 1485 502 801 1171 735 821 816 956 451 880 764 1503 1137 1068 444 799 376 1182 999 868 692 729 1042 1116 673 773 912 1002 785 1623 1099
658 1219 646 1177 220 1037 646 929 776 334 848 1188 955 724 448 249 1158 420 532 730 540 539 1334 1205 171 546 872 1174 705 771 723 669 363 482 463 851 0 1043 816 1044 585 1232 1499 856 812 720 719 834 856 652 1159 248 352 770 487 863 601 672 1100 864 1134 545 691 586 645 199 917 222 474 552 1243 561 654 806 736 628 1286 667
400 563 412 429 830 611 621 300 645 924 794 151 970 1050 596 818 311 796 538 780 653 1237 791 405 917 561 282 437 364 621 353 810 888 1007 725 851 1043 0 484 755 494 803 497 605 1155 340 683 1108 350 419 346 794 725 299 699 400 521 383 869 535 227 594 377 613 814 1033 166 1072 574 725 265 481 405 331 495 436 910 680
289 403 294 373 663 250 753 196 160 568 311 560 492 576 441 681 395 786 323 300 283 817 545 866 650 595 203 368 257 138 494 342 526 1011 368 1062 816 484 0 1074 280 477 763 866 675 279 857 626 639 264 381 599 467 264 340 692 230 297 445 75 414 642 262 702 352 720 323 942 405 312 531 405 290 174 81 284 565 222
802 1304 803 1176 858 1290 416 971 1193 1164 1354 858 1536 1482 800 813 1065 624 864 1282 1040 1498 1526 482 1034 578 911 1183 820 1170 581 1273 1150 670 1058 251 1044 755 1074 0 866 1510 1178 220 1598 796 325 1578 441 834 1098 884 940 811 1048 386 934 788 1519 1147 982 549 819 485 1263 1167 819 913 816 1126 1005 734 804 906 1029 824 1612 1159
96 666 87 601 401 531 499 345 343 431 495 625 673 633 163 411 573 506 52 416 186 753 825 780 437 329 286 600 129 322 300 409 396 731 240 812 585 494 280 866 0 756 917 647 748 153 607 719 472 75 576 344 240 196 217 513 69 115 697 350 550 374 116 439 401 543 344 678 127 273 662 138 92 221 204 59 839 293
763 273 769 402 1116 228 1225 539 458 926 411 789 433 705 912 1141 525 1262 795 519 702 1046 133 1207 1061 1072 600 391 726 466 950 588 887 1485 771 1528 1232 803 477 1510 756 0 778 1316 742 742 1326 675 1069 740 485 1047 907 712 749 1124 699 769 202 405 606 1118 733 1177 612 1091 694 1391 877 680 671 882 764 616 552 761 107 565
841 514 853 427 1298 712 1116 588 903 1316 999 349 1129 1313 1053 1294 368 1291 969 1042 1025 1581 687 717 1354 1055 633 438 794 886 849 1096 1275 1504 1109 1322 1499 497 763 1178 917 778 0 1073 1396 779 1171 1335 833 847 386 1252 1157 729 1080 877 916 828 940 766 367 1090 808 1111 1110 1452 584 1555 1025 1072 256 949 845 701 821 871 871 986
588 1127 588 1006 657 1092 210 781 979 950 1138 732 1320 1262 581 615 903 444 645 1064 820 1287 1342 454 829 360 717 1012 610 956 371 1053 934 551 838 248 856 605 866 220 647 1316 1073 0 1378 586 153 1358 260 619 933 676 723 607 828 206 716 575 1312 941 826 335 607 276 1043 963 636 754 596 906 869 515 589 704 816 608 1415 941
832 912 827 969 839 691 1196 872 515 498 396 1235 310 115 799 884 1040 1085 738 375 562 370 876 1511 681 1024 873 959 838 537 1048 348 489 1247 540 1495 812 1155 675 1598 748 742 1396 1378 0 868 1304 67 1220 802 1014 779 674 884 549 1261 686 851 541 644 1079 1059 832 1127 350 614 989 1030 782 475 1191 867 829 826 660 801 728 479
62 598 74 509 519 514 483 245 402 585 564 474 748 756 273 519 456 562 199 510 325 904 788 643 583 342 175 510 29 378 215 520 549 789 390 786 720 340 279 796 153 742 779 586 868 0 584 832 368 79 466 472 388 51 365 418 190 48 725 354 418 387 38 439 518 694 197 785 245 406 523 177 67 130 235 96 836 392
569 1163 565 1051 533 1098 109 807 950 849 1103 823 1279 1190 507 488 961 301 592 1017 762 1179 1366 598 711 284 738 1056 601 929 382 997 839 399 765 204 719 683 857 325 607 1326 1171 153 1304 584 0 1290 337 596 986 564 633 616 760 296 676 560 1298 933 890 245 595 176 983 843 678 603 529 843 949 469 568 711 797 580 1420 896
800 847 796 908 843 628 1182 821 465 510 336 1184 242 110 783 887 982 1083 714 328 537 424 808 1472 694 1008 826 897 802 488 1019 312 495 1255 525 1485 834 1108 626 1578 719 675 1335 1358 67 832 1290 0 1190 769 955 780 667 845 531 1232 655 818 474 590 1024 1045 797 1113 317 639 943 1049 763 451 1135 844 797 782 617 770 661 440
390 869 394 746 637 849 293 530 771 854 933 485 1117 1105 469 608 643 513 488 875 658 1194 1087 349 779 311 470 752 396 747 173 878 829 695 699 502 856 350 639 441 472 1069 833 260 1220 368 337 1190 0 421 673 629 624 375 681 55 534 373 1082 711 566 322 398 310 872 912 380 821 469 745 615 366 392 468 603 419 1171 754
31 624 31 549 459 511 490 287 360 506 520 550 702 688 214 464 510 533 123 454 249 825 799 715 509 331 223 548 55 337 254 456 470 761 311 801 652 419 264 834 75 740 847 619 802 79 596 769 421 0 516 407 312 122 287 467 116 49 701 338 482 378 41 437 452 617 270 732 181 333 591 144 29 161 200 25 829 332
520 223 531 86 976 348 904 230 516 944 618 304 761 928 730 980 39 1025 629 655 653 1196 451 735 1003 795 294 96 470 500 611 709 902 1250 739 1171 1159 346 381 1098 576 485 386 933 1014 466 986 955 673 516 0 921 808 416 710 727 560 513 600 379 124 837 484 877 723 1089 309 1248 697 693 192 644 524 356 445 542 592 601
411 999 399 945 70 836 469 690 592 292 698 939 840 671 199 107 917 307 292 586 347 614 1136 978 153 329 629 943 459 581 483 538 291 480 293 735 248 794 599 884 344 1047 1252 676 779 472 564 780 629 407 921 0 140 523 306 644 372 424 942 656 889 343 445 400 517 289 669 344 227 391 996 312 407 565 517 383 1114 493
325 870 313 825 210 699 528 579 451 231 559 862 706 562 154 243 809 419 189 448 206 572 999 963 197 363 525 822 367 441 458 404 211 612 156 821 352 725 467 940 240 907 1157 723 674 388 633 667 624 312 808 140 0 434 166 650 249 342 801 521 790 392 354 458 385 308 583 483 159 253 902 264 321 458 386 291 973 352
111 556 124 462 571 485 518 200 401 625 563 428 747 774 324 570 405 609 245 519 355 938 751 626 631 385 128 463 67 377 237 535 588 836 426 816 770 299 264 811 196 712 729 607 884 51 616 845 375 122 416 523 434 0 400 428 222 99 707 336 367 430 80 478 535 740 148 836 296 432 473 228 116 96 234 143 809 405
313 738 304 712 377 550 650 491 291 236 392 819 543 434 252 409 717 577 193 282 57 539 847 997 316 476 452 707 337 284 508 244 195 778 28 956 487 699 340 1048 217 749 1080 828 549 365 760 531 681 287 710 306 166 400 0 718 177 332 635 379 715 514 326 583 227 380 539 643 232 89 832 319 309 386 266 277 810 187
435 925 438 801 646 904 268 586 820 881 982 531 1166 1146 496 614 697 500 525 921 698 1222 1143 345 795 317 525 807 445 796 213 921 858 670 734 451 863 400 692 386 513 1124 877 206 1261 418 296 1232 55 467 727 644 650 428 718 0 577 419 1135 764 619 320 446 297 915 930 435 813 499 785 664 399 437 521 653 463 1226 799
146 627 140 576 435 477 567 331 275 408 426 642 604 572 213 451 561 564 96 348 134 716 775 831 443 397 283 573 161 256 363 344 369 786 204 880 601 521 230 934 69 699 916 716 686 190 676 655 534 116 560 372 249 222 177 577 0 165 632 295 549 441 152 507 338 536 362 713 178 216 664 207 143 216 149 114 778 225
19 637 29 553 471 540 456 289 405 545 565 520 748 737 225 470 503 520 155 502 297 869 821 667 536 306 220 553 45 381 207 506 511 747 356 764 672 383 297 788 115 769 828 575 851 48 560 818 373 49 513 424 342 99 332 419 165 0 740 372 467 352 35 408 501 650 245 737 197 381 572 131 23 167 241 56 860 381
729 425 733 528 1012 260 1191 575 359 777 252 888 231 511 838 1043 636 1190 726 369 597 858 336 1273 930 1026 620 516 702 376 940 433 741 1404 651 1503 1100 869 445 1519 697 202 940 1312 541 725 1298 474 1082 701 600 942 801 707 635 1135 632 740 0 371 706 1072 706 1135 457 941 732 1277 805 554 793 833 730 613 501 718 198 449
364 360 369 355 723 182 828 236 136 597 261 595 435 552 508 743 401 857 390 276 324 820 481 926 695 670 261 347 333 121 569 330 555 1080 406 1137 864 535 75 1147 350 405 766 941 644 354 933 590 711 338 379 656 521 336 379 764 295 372 371 0 435 716 337 776 344 754 380 1001 473 336 548 478 365 243 146 358 490 229
478 347 490 210 938 447 815 226 567 951 691 184 848 986 692 937 86 958 602 709 661 1228 576 610 987 723 266 220 430 547 527 756 911 1179 744 1068 1134 227 414 982 550 606 367 826 1079 418 890 1024 566 482 124 889 790 367 715 619 549 467 706 435 0 762 444 795 766 1085 232 1202 662 713 117 593 482 333 461 506 712 636
356 986 349 890 331 890 137 630 717 615 865 745 1038 944 261 295 819 202 352 775 518 951 1173 665 496 46 559 892 397 697 241 752 601 416 519 444 545 594 642 549 374 1118 1090 335 1059 387 245 1045 322 378 837 343 392 430 514 320 441 352 1072 716 762 0 388 68 738 631 532 500 285 598 845 238 354 517 573 357 1207 655
36 603 47 521 495 504 492 257 375 547 536 508 720 719 248 497 476 554 164 477 286 865 785 681 550 341 190 521 14 351 237 485 511 781 351 799 691 377 262 819 116 733 808 607 832 38 595 797 398 41 484 445 354 80 326 446 152 35 706 337 444 388 0 444 482 659 229 764 217 368 552 164 40 134 209 62 825 358
413 1034 407 934 381 948 70 677 782 679 932 762 1106 1013 330 341 856 204 419 843 586 1012 1227 641 552 110 606 936 452 762 268 821 666 394 588 376 586 613 702 485 439 1177 1111 276 1127 439 176 1113 310 437 877 400 458 478 583 297 507 408 1135 776 795 68 444 0 807 687 569 516 353 667 871 301 412 569 636 418 1267 723
483 681 478 698 586 462 874 546 208 319 206 907 322 238 477 624 742 802 398 92 222 476 730 1161 478 699 536 690 488 223 701 24 284 996 230 1182 645 814 352 1263 401 612 1110 1043 350 518 983 317 872 452 723 517 385 535 227 915 338 501 457 344 766 738 482 807 0 484 647 834 454 140 883 528 480 483 319 452 649 134
633 1115 621 1093 310 915 754 865 646 165 690 1168 777 530 452 355 1094 560 495 574 437 351 1202 1258 135 618 819 1088 673 647 756 508 204 667 352 999 199 1033 720 1167 543 1091 1452 963 614 694 843 639 912 617 1089 289 308 740 380 930 536 650 941 754 1085 631 659 687 484 0 888 421 465 421 1200 568 628 752 646 597 1133 535
259 490 271 373 713 483 595 158 481 769 635 281 814 883 469 709 287 726 393 615 490 1074 707 546 779 492 119 377 215 457 302 643 731 948 566 868 917 166 323 819 344 694 584 636 989 197 678 943 380 270 309 669 583 148 539 435 362 245 732 380 232 532 229 569 647 888 0 973 442 560 329 365 264 164 329 292 798 513
728 1341 716 1279 279 1181 559 1019 933 540 1028 1222 1152 938 518 267 1240 315 627 912 689 760 1481 1157 359 520 954 1278 778 924 724 856 562 281 625 692 222 1072 942 913 678 1391 1555 754 1030 785 603 1049 821 732 1248 344 483 836 643 813 713 737 1277 1001 1202 500 764 516 834 421 973 0 552 722 1301 608 724 893 861 706 1454 830
184 793 171 727 278 654 420 467 445 386 585 715 754 666 35 284 692 386 82 491 233 725 951 805 344 245 404 726 232 428 300 467 359 608 242 729 474 574 405 816 127 877 1025 596 782 245 529 763 469 181 697 227 159 296 232 499 178 197 805 473 662 285 217 353 454 465 442 552 0 314 769 105 179 342 326 156 956 373
362 695 355 684 461 493 734 487 226 261 307 834 454 360 337 496 705 666 262 194 86 516 784 1048 381 559 461 678 376 225 572 155 219 866 98 1042 552 725 312 1126 273 680 1072 906 475 406 843 451 745 333 693 391 253 432 89 785 216 381 554 336 713 598 368 667 140 421 560 722 314 0 831 392 359 399 252 329 734 115
585 400 597 270 1042 539 884 343 682 1068 799 149 950 1100 797 1039 157 1045 713 824 778 1346 620 591 1100 808 381 281 538 663 605 872 1028 1261 861 1116 1243 265 531 1005 662 671 256 869 1191 523 949 1135 615 591 192 996 902 473 832 664 664 572 793 548 117 845 552 871 883 1200 329 1301 769 831 0 694 589 448 579 615 776 753
128 766 118 685 350 654 360 420 481 491 633 627 811 752 117 344 633 390 130 551 306 829 943 699 443 192 351 685 176 460 196 538 463 618 334 673 561 481 405 734 138 882 949 515 867 177 469 844 366 144 644 312 264 228 319 399 207 131 833 478 593 238 164 301 528 568 365 608 105 392 694 0 125 298 335 121 969 429
4 641 7 561 455 536 463 297 390 522 549 541 732 715 209 457 516 515 133 483 274 846 820 690 516 307 230 561 53 367 225 485 487 743 332 773 654 405 290 804 92 764 845 589 829 67 568 797 392 29 524 407 321 116 309 437 143 23 730 365 482 354 40 412 480 628 264 724 179 359 589 125 0 173 229 32 854 361
170 470 180 388 620 389 612 125 324 621 483 435 665 719 375 625 352 687 273 453 334 915 658 695 655 471 67 387 122 300 334 479 582 915 415 912 806 331 174 906 221 616 701 704 826 130 711 782 468 161 356 565 458 96 386 521 216 167 613 243 333 517 134 569 483 752 164 893 342 399 448 298 173 0 165 187 712 349
229 484 232 446 582 328 690 236 168 499 330 590 514 554 362 600 454 710 244 288 209 767 625 857 571 527 217 442 208 143 447 314 457 934 294 1002 736 495 81 1029 204 552 821 816 660 235 797 617 603 200 445 517 386 234 266 653 149 241 501 146 461 573 209 636 319 646 329 861 326 252 579 335 229 165 0 217 635 184
36 649 27 575 434 533 473 313 372 490 530 570 711 687 188 438 535 509 102 459 243 813 822 721 487 311 248 574 77 350 249 458 455 736 300 785 628 436 284 824 59 761 871 608 801 96 580 770 419 25 542 383 291 143 277 463 114 56 718 358 506 357 62 418 452 597 292 706 156 329 615 121 32 187 217 0 849 337
853 376 859 508 1183 323 1317 642 522 969 443 896 420 707 991 1211 631 1343 874 559 767 1055 191 1314 1115 1160 700 496 818 534 1047 625 932 1563 829 1623 1286 910 565 1612 839 107 871 1415 728 836 1420 661 1171 829 592 1114 973 809 810 1226 778 860 198 490 712 1207 825 1267 649 1133 798 1454 956 734 776 969 854 712 635 849 0 623
364 585 361 584 563 379 786 414 110 373 213 773 383 370 403 593 617 748 303 123 149 595 669 1032 495 612 401 577 362 112 586 131 332 958 206 1099 667 680 222 1159 293 565 986 941 479 392 896 440 754 332 601 493 352 405 187 799 225 381 449 229 636 655 358 723 134 535 513 830 373 115 753 429 361 349 184 337 623 0
