0 1131 1550 915 14 327 1184 1056 97 1438 1086 311 1314 1179 1382 1061 274
1131 0 2325 1723 1116 845 1003 2065 1051 2569 1235 832 1481 2284 257 382 1269
1550 2325 0 2216 1557 1827 1562 693 1546 1548 1224 1660 1124 1068 2565 2021 1276
915 1723 2216 0 920 967 2083 1558 998 1322 2001 1134 2223 1397 1922 1821 1115
14 1116 1557 920 0 314 1176 1068 85 1452 1081 297 1310 1192 1368 1048 281
327 845 1827 967 314 0 1152 1377 289 1737 1150 214 1404 1504 1087 860 565
1184 1003 1562 2083 1176 1152 0 1589 1092 2384 338 955 511 1956 1172 622 1088
1056 2065 693 1558 1068 1377 1589 0 1090 932 1286 1269 1330 435 2321 1849 821
97 1051 1546 998 85 289 1092 1090 0 1522 1008 221 1242 1243 1305 967 276
1438 2569 1548 1322 1452 1737 2384 932 1522 0 2127 1743 2222 498 2819 2470 1356
1086 1235 1224 2001 1081 1150 338 1286 1008 2127 0 936 264 1675 1438 873 920
311 832 1660 1134 297 214 955 1269 221 1743 936 0 1190 1454 1088 752 450
1314 1481 1124 2223 1310 1404 511 1330 1242 2222 264 1190 0 1747 1671 1109 1118
1179 2284 1068 1397 1192 1504 1956 435 1243 498 1675 1454 1747 0 2541 2126 1018
1382 257 2565 1922 1368 1087 1172 2321 1305 2819 1438 1088 1671 2541 0 565 1526
1061 382 2021 1821 1048 860 622 1849 967 2470 873 752 1109 2126 565 0 1118
274 1269 1276 1115 281 565 1088 821 276 1356 920 450 1118 1018 1526 1118 0
