0 792 1541 1641 243 872 1106 1451 713 174 1355 1347 1696 711 1167 229
792 0 834 2233 594 1639 1862 1751 285 950 2107 2139 1007 245 1780 568
1541 834 0 2617 1303 2414 2647 2559 1098 1665 2701 2862 175 1063 2235 1314
1641 2233 2617 0 1699 1579 1696 2826 2291 1482 752 1377 2693 2274 474 1762
243 594 1303 1699 0 1112 1348 1613 591 367 1513 1568 1455 577 1231 77
872 1639 2414 1579 1112 0 239 1289 1486 765 938 568 2568 1499 1200 1100
1106 1862 2647 1696 1348 239 0 1288 1693 1005 995 478 2803 1709 1359 1332
1451 1751 2559 2826 1613 1289 1288 0 1469 1517 2227 1765 2735 1508 2395 1544
713 285 1098 2291 591 1486 1693 1469 0 886 2069 2018 1273 40 1823 533
174 950 1665 1482 367 765 1005 1517 886 0 1182 1201 1814 883 1009 381
1355 2107 2701 752 1513 938 995 2227 2069 1182 0 627 2818 2065 617 1550
1347 2139 2862 1377 1568 568 478 1765 2018 1201 627 0 3004 2026 1150 1575
1696 1007 175 2693 1455 2568 2803 2735 1273 1814 2818 3004 0 1238 2330 1471
711 245 1063 2274 577 1499 1709 1508 40 883 2065 2026 1238 0 1807 522
1167 1780 2235 474 1231 1200 1359 2395 1823 1009 617 1150 2330 1807 0 1292
229 568 1314 1762 77 1100 1332 1544 533 381 1550 1575 1471 522 1292 0
