0 1320 983 462 189 195 696 179 861 644 452 1175 911 1329 243 1259
1320 0 432 1782 1235 1363 636 1410 2085 915 1171 2022 2231 2100 1513 1468
983 432 0 1435 946 1074 301 1039 1682 487 755 1589 1875 1996 1205 1501
462 1782 1435 0 583 476 1155 410 544 1042 784 1114 449 1296 322 1492
189 1235 946 583 0 129 646 368 1036 699 573 1361 1027 1203 280 1073
195 1363 1074 476 129 0 774 356 963 800 639 1352 911 1134 158 1093
696 636 301 1155 646 774 0 774 1453 368 561 1472 1601 1719 909 1293
179 1410 1039 410 368 356 774 0 708 632 381 998 837 1467 333 1438
861 2085 1682 544 1036 963 1453 708 0 1210 930 711 493 1814 833 2029
644 915 487 1042 699 800 368 632 1210 0 282 1120 1457 1889 887 1586
452 1171 755 784 573 639 561 381 930 282 0 927 1182 1771 685 1591
1175 2022 1589 1114 1361 1352 1472 998 711 1120 927 0 1203 2401 1287 2434
911 2231 1875 449 1027 911 1601 837 493 1457 1182 1203 0 1444 752 1824
1329 2100 1996 1296 1203 1134 1719 1467 1814 1889 1771 2401 1444 0 1137 793
243 1513 1205 322 280 158 909 333 833 887 685 1287 752 1137 0 1199
1259 1468 1501 1492 1073 1093 1293 1438 2029 1586 1591 2434 1824 793 1199 0
