0 522 978 259 1421 1208 994 1693 955 1146 1434 184 1267 1550 1055 1450 1412
522 0 1322 781 1588 1331 1516 1890 1053 652 950 369 1198 1164 1546 1932 1615
978 1322 0 894 2263 586 974 2487 1883 1962 2261 1138 986 2475 1359 1687 557
259 781 894 0 1384 1247 736 1630 990 1394 1676 426 1392 1757 816 1213 1395
1421 1588 2263 1384 0 2618 1607 306 538 1740 1853 1374 2677 1568 1220 1322 2780
1208 1331 586 1247 2618 0 1536 2875 2163 1881 2165 1308 463 2475 1883 2238 333
994 1516 974 736 1607 1536 0 1747 1433 2124 2400 1161 1851 2431 440 715 1522
1693 1890 2487 1630 306 2875 1747 0 843 2042 2143 1660 2957 1833 1327 1339 3018
955 1053 1883 990 538 2163 1433 843 0 1235 1388 872 2175 1192 1157 1408 2361
1146 652 1962 1394 1740 1881 2124 2042 1235 0 299 967 1628 634 2078 2438 2193
1434 950 2261 1676 1853 2165 2400 2143 1388 299 0 1252 1887 466 2325 2672 2482
184 369 1138 426 1374 1308 1161 1660 872 967 1252 0 1305 1368 1178 1566 1539
1267 1198 986 1392 2677 463 1851 2957 2175 1628 1887 1305 0 2253 2138 2518 773
1550 1164 2475 1757 1568 2475 2431 1833 1192 634 466 1368 2253 0 2273 2577 2773
1055 1546 1359 816 1220 1883 440 1327 1157 2078 2325 1178 2138 2273 0 397 1916
1450 1932 1687 1213 1322 2238 715 1339 1408 2438 2672 1566 2518 2577 397 0 2238
1412 1615 557 1395 2780 333 1522 3018 2361 2193 2482 1539 773 2773 1916 2238 0
