0 1612 832 531 1517 1433 674 1302 904 359 1058 54 1231 34 978 746
1612 0 1092 1165 3126 185 2145 1541 2340 1942 1938 1566 607 1637 2291 2036
832 1092 0 782 2195 961 1132 641 1734 1186 855 815 522 867 1786 972
531 1165 782 0 2020 980 1192 1406 1180 799 1388 477 948 542 1155 1208
1517 3126 2195 2020 0 2949 1083 2339 1169 1224 1758 1566 2686 1495 1379 1319
1433 185 961 980 2949 0 1980 1462 2156 1759 1815 1386 524 1456 2108 1883
674 2145 1132 1192 1083 1980 0 1274 1125 651 749 727 1643 675 1300 268
1302 1541 641 1406 2339 1462 1274 0 2181 1605 615 1307 940 1335 2278 1021
904 2340 1734 1180 1169 2156 1125 2181 0 576 1810 918 2083 869 217 1361
359 1942 1186 799 1224 1759 651 1605 576 0 1255 391 1589 326 697 838
1058 1938 855 1388 1758 1815 749 615 1810 1255 0 1088 1342 1083 1952 480
54 1566 815 477 1566 1386 727 1307 918 391 1088 0 1198 70 981 791
1231 607 522 948 2686 524 1643 940 2083 1589 1342 1198 0 1263 2090 1495
34 1637 867 542 1495 1456 675 1335 869 326 1083 70 1263 0 944 759
978 2291 1786 1155 1379 2108 1300 2278 217 697 1952 981 2090 944 0 1521
746 2036 972 1208 1319 1883 268 1021 1361 838 480 791 1495 759 1521 0
