0 607 875 1434 857 571 842 132 898 1570 386 906 1208 1357 152 955
607 0 268 965 854 789 445 542 1491 2101 736 522 930 1331 759 1071
875 268 0 842 1002 978 430 802 1759 2357 985 490 888 1430 1027 1197
1434 965 842 0 924 1753 1272 1430 2147 2536 1298 1327 1705 1039 1558 2023
857 854 1002 924 0 1390 1298 937 1291 1611 527 1376 1779 510 908 1760
571 789 978 1753 1390 0 678 459 1233 1986 957 698 810 1900 621 384
842 445 430 1272 1298 678 0 723 1726 2411 1104 77 486 1775 983 803
132 542 802 1430 937 459 723 0 1005 1695 504 783 1076 1445 260 840
898 1491 1759 2147 1291 1233 1726 1005 0 765 852 1783 2024 1616 748 1546
1570 2101 2357 2536 1611 1986 2411 1695 765 0 1373 2476 2756 1717 1437 2310
386 736 985 1298 527 957 1104 504 852 1373 0 1178 1531 997 392 1341
906 522 490 1327 1376 698 77 783 1783 2476 1178 0 411 1852 1044 783
1208 930 888 1705 1779 810 486 1076 2024 2756 1531 411 0 2261 1325 684
1357 1331 1430 1039 510 1900 1775 1445 1616 1717 997 1852 2261 0 1389 2271
152 759 1027 1558 908 621 983 260 748 1437 392 1044 1325 1389 0 1000
955 1071 1197 2023 1760 384 803 840 1546 2310 1341 783 684 2271 1000 0
