0 846 909 271 432 781 609 1196 253 1188 452 694 40 5 974 385 855
846 0 492 967 1145 1074 381 520 694 813 789 1488 852 847 317 1180 1700
909 492 0 1133 1317 1426 318 342 666 341 1080 1376 893 908 237 1111 1674
271 967 1133 0 185 551 818 1388 511 1433 306 794 308 275 1158 533 833
432 1145 1317 185 0 539 1003 1574 683 1613 420 793 463 436 1343 590 746
781 1074 1426 551 539 0 1120 1585 960 1762 365 1325 822 787 1359 1084 1275
609 381 318 818 1003 1120 0 587 386 644 767 1161 599 609 372 869 1421
1196 520 342 1388 1574 1585 587 0 970 437 1273 1712 1187 1196 232 1438 1998
253 694 666 511 683 960 386 970 0 935 598 794 230 250 759 489 1035
1188 813 341 1433 1613 1762 644 437 935 0 1411 1539 1165 1186 508 1316 1873
452 789 1080 306 420 365 767 1273 598 1411 0 1089 491 457 1042 807 1137
694 1488 1376 794 793 1325 1161 1712 794 1539 1089 0 669 690 1525 313 376
40 852 893 308 463 822 599 1187 230 1165 491 669 0 35 968 358 847
5 847 908 275 436 787 609 1196 250 1186 457 690 35 0 974 381 854
974 317 237 1158 1343 1359 372 232 759 508 1042 1525 968 974 0 1239 1793
385 1180 1111 533 590 1084 869 1438 489 1316 807 313 358 381 1239 0 563
855 1700 1674 833 746 1275 1421 1998 1035 1873 1137 376 847 854 1793 563 0
