0 751 1501 955 1397 1408 226 1218 101 703 843 55 385 962 1657 709
751 0 2190 561 1236 2030 549 697 674 967 1053 731 396 1151 1296 1023
1501 2190 0 2095 2778 347 1652 2358 1601 1398 2113 1545 1879 1444 3110 1329
955 561 2095 0 1797 1859 737 276 932 704 1546 969 781 772 1840 774
1397 1236 2778 1797 0 2763 1394 1905 1305 2015 676 1342 1160 2256 428 2046
1408 2030 347 1859 2763 0 1519 2109 1509 1154 2121 1458 1763 1156 3060 1085
226 549 1652 737 1394 1519 0 995 197 624 928 232 253 874 1601 652
1218 697 2358 276 1905 2109 995 0 1186 960 1740 1227 1000 985 1887 1029
101 674 1601 932 1305 1509 197 1186 0 761 774 58 293 1019 1558 774
703 967 1398 704 2015 1154 624 960 761 0 1535 752 856 258 2194 69
843 1053 2113 1546 676 2121 928 1740 774 1535 0 790 772 1792 1060 1548
55 731 1545 969 1342 1458 232 1227 58 752 790 0 352 1010 1605 760
385 396 1879 781 1160 1763 253 1000 293 856 772 352 0 1096 1349 892
962 1151 1444 772 2256 1156 874 985 1019 258 1792 1010 1096 0 2415 264
1657 1296 3110 1840 428 3060 1601 1887 1558 2194 1060 1605 1349 2415 0 2236
709 1023 1329 774 2046 1085 652 1029 774 69 1548 760 892 264 2236 0
