0 1281 1389 220 1323 1662 1459 1505 943 448 1135 1552 863 300 946 735
1281 0 475 1202 2291 475 695 1299 433 1011 2416 1747 487 1109 335 2013
1389 475 0 1385 2125 359 221 1762 806 1262 2478 1375 539 1313 586 2071
220 1202 1385 0 1542 1621 1487 1288 819 252 1253 1727 846 104 876 874
1323 2291 2125 1542 0 2481 2049 2828 2115 1763 1143 1182 1805 1621 1997 1018
1662 475 359 1621 2481 0 509 1732 904 1457 2779 1711 800 1536 752 2372
1459 695 221 1487 2049 509 0 1971 996 1395 2505 1203 662 1426 762 2102
1505 1299 1762 1288 2828 1732 1971 0 1002 1068 2370 2775 1436 1207 1245 2071
943 433 806 819 2115 904 996 1002 0 600 2067 1810 441 718 243 1675
448 1011 1262 252 1763 1457 1395 1068 600 0 1497 1817 733 151 705 1124
1135 2416 2478 1253 1143 2779 2505 2370 2067 1497 0 2113 1980 1357 2080 407
1552 1747 1375 1727 1182 1711 1203 2775 1810 1817 2113 0 1373 1741 1591 1803
863 487 539 846 1805 800 662 1436 441 733 1980 1373 0 775 220 1573
300 1109 1313 104 1621 1536 1426 1207 718 151 1357 1741 775 0 787 978
946 335 586 876 1997 752 762 1245 243 705 2080 1591 220 787 0 1677
735 2013 2071 874 1018 2372 2102 2071 1675 1124 407 1803 1573 978 1677 0
