0 1514 976 417 882 492 112 1099 933 336 1092 472 298 1116 710 1341 1165
1514 0 1054 1555 1084 1614 1502 1942 2438 1789 610 1146 1615 2541 1604 488 665
976 1054 0 1292 95 1376 891 1941 1827 1073 1093 982 870 2078 632 1238 403
417 1555 1292 0 1205 84 528 686 969 687 1013 413 712 991 1125 1256 1380
882 1084 95 1205 0 1289 795 1860 1732 978 1069 908 776 1983 558 1230 455
492 1614 1376 84 1289 0 604 607 954 742 1058 481 782 943 1202 1298 1459
112 1502 891 528 795 604 0 1210 973 295 1120 529 199 1189 598 1366 1109
1099 1942 1941 686 1860 607 1210 0 1248 1317 1333 969 1384 1024 1809 1518 1954
933 2438 1827 969 1732 954 973 1248 0 755 1957 1319 956 403 1318 2207 2082
336 1789 1073 687 978 742 295 1317 755 0 1414 808 202 1044 598 1661 1350
1092 610 1093 1013 1069 1058 1120 1333 1957 1414 0 641 1284 2001 1437 251 855
472 1146 982 413 908 481 529 969 1319 808 641 0 721 1394 1016 891 995
298 1615 870 712 776 782 199 1384 956 202 1284 721 0 1231 443 1525 1152
1116 2541 2078 991 1983 943 1189 1024 403 1044 2001 1394 1231 0 1639 2241 2279
710 1604 632 1125 558 1202 598 1809 1318 598 1437 1016 443 1639 0 1648 1010
1341 488 1238 1256 1230 1298 1366 1518 2207 1661 251 891 1525 2241 1648 0 935
1165 665 403 1380 455 1459 1109 1954 2082 1350 855 995 1152 2279 1010 935 0
