0 1044 1230 368 1437 566 472 1478 1241 629 1016 329 496 1538 1374 718
1044 0 501 720 1710 1519 965 826 1792 1666 1189 1018 1538 2130 1966 1738
1230 501 0 861 2179 1562 1325 1302 2209 1784 913 1328 1712 1901 2378 1822
368 720 861 0 1596 800 602 1309 1489 956 811 534 857 1558 1642 1020
1437 1710 2179 1596 0 1880 1000 1295 448 1714 2402 1113 1497 2949 549 1848
566 1519 1562 800 1880 0 1010 2040 1584 311 970 855 434 1084 1674 279
472 965 1325 602 1000 1010 0 1120 900 973 1402 156 771 2010 1062 1093
1478 826 1302 1309 1295 2040 1120 0 1573 2075 1978 1259 1885 2857 1741 2183
1241 1792 2209 1489 448 1584 900 1573 0 1370 2254 958 1167 2668 176 1502
629 1666 1784 956 1714 311 973 2075 1370 0 1273 822 220 1333 1438 134
1016 1189 913 811 2402 970 1402 1978 2254 1273 0 1304 1316 988 2391 1246
329 1018 1328 534 1113 855 156 1259 958 822 1304 0 625 1866 1107 939
496 1538 1712 857 1497 434 771 1885 1167 220 1316 625 0 1510 1246 353
1538 2130 1901 1558 2949 1084 2010 2857 2668 1333 988 1866 1510 0 2757 1220
1374 1966 2378 1642 549 1674 1062 1741 176 1438 2391 1107 1246 2757 0 1566
718 1738 1822 1020 1848 279 1093 2183 1502 134 1246 939 353 1220 1566 0
