0 517 917 303 1349 1623 1627 103 1281 520 807 551 1610 216 922 1566
517 0 643 489 1465 2001 1189 571 1388 880 366 829 2014 615 786 2068
917 643 0 1062 2103 1839 785 1015 952 1416 359 788 1895 1109 247 2424
303 489 1062 0 1081 1913 1677 249 1567 392 849 851 1892 191 1127 1625
1349 1465 2103 1081 0 2763 2573 1256 2629 896 1817 1889 2703 1140 2200 1700
1623 2001 1839 1913 2763 0 2562 1664 1049 1888 2056 1174 137 1749 1610 1731
1627 1189 785 1677 2573 2562 0 1711 1565 2066 831 1573 2634 1782 967 3181
103 571 1015 249 1256 1664 1711 0 1373 417 885 635 1643 116 1025 1497
1281 1388 952 1567 2629 1049 1565 1373 0 1761 1270 746 1149 1489 705 2280
520 880 1416 392 896 1888 2066 417 1761 0 1236 1015 1840 308 1441 1272
807 366 359 849 1817 2056 831 885 1270 1236 0 909 2093 952 578 2373
551 829 788 851 1889 1174 1573 635 746 1015 909 0 1195 750 643 1707
1610 2014 1895 1892 2703 137 2634 1643 1149 1840 2093 1195 0 1721 1674 1609
216 615 1109 191 1140 1749 1782 116 1489 308 952 750 1721 0 1133 1459
922 786 247 1127 2200 1610 967 1025 705 1441 578 643 1674 1133 0 2338
1566 2068 2424 1625 1700 1731 3181 1497 2280 1272 2373 1707 1609 1459 2338 0
