0 339 740 314 684 152 651 147 237 596 259 138 328 435 14 543 796 163 342 498 276 374 65 672 578 401 89 231 462 710 300 824 473 721 542 292 134 632 598 276 143 445 127 819 480 579 805 136 498 589 71 136 374 347 687 371 677 37 534 14 84 315 634 807 447 852 654 38 298 303 205 790 491 714 103 436 736 315
339 0 855 472 567 480 925 425 575 830 524 453 536 161 334 630 1125 500 370 253 594 710 345 800 265 727 350 272 800 960 613 548 257 1047 341 556 209 873 802 614 259 743 429 1041 649 652 753 228 719 928 397 206 614 506 360 697 915 376 688 328 390 566 708 1108 492 1067 826 372 546 127 520 926 701 455 283 770 556 170
740 855 0 1050 1387 804 456 601 702 319 954 824 1047 1016 728 1282 825 770 485 1107 605 704 805 69 1102 927 652 599 880 1332 586 1394 697 1139 668 979 795 341 1285 717 663 521 834 1465 266 208 391 705 1184 851 780 748 411 1082 1166 636 336 742 208 750 806 461 159 1304 364 1503 1358 758 470 928 616 1505 1187 807 829 899 1403 966
314 472 1050 0 471 272 893 450 419 872 154 241 81 456 327 231 927 314 645 460 508 529 248 982 595 392 403 521 505 493 535 743 700 667 781 163 321 901 330 436 430 678 222 569 787 894 1107 400 249 672 271 367 664 36 709 564 946 308 843 306 244 605 949 677 758 595 362 292 591 356 460 484 229 923 249 458 566 327
684 567 1387 471 0 718 1329 831 868 1281 625 682 541 422 692 365 1398 760 912 337 943 991 630 1324 451 861 759 789 976 830 969 383 816 1108 895 633 595 1316 636 893 725 1117 656 832 1146 1196 1320 683 623 1143 681 639 1057 469 516 1017 1361 700 1195 670 655 999 1253 1072 1038 839 593 685 981 464 880 597 594 956 581 929 130 423
152 480 804 272 718 0 621 215 150 602 149 36 247 550 164 497 696 42 472 597 236 276 136 735 698 250 210 374 321 573 263 918 625 571 692 175 270 630 486 175 292 406 65 692 537 672 925 288 385 465 83 284 402 295 811 299 674 117 595 159 90 345 722 655 560 727 554 114 334 418 193 700 384 866 203 290 792 418
651 925 456 893 1329 621 0 515 473 149 752 655 855 1062 646 1111 369 579 622 1137 387 388 699 414 1189 617 593 662 528 1010 361 1461 891 737 904 763 768 116 1023 461 668 214 679 1150 352 517 810 705 932 439 648 739 313 913 1284 335 125 630 365 666 675 359 520 918 573 1188 1108 645 378 938 449 1260 945 1084 755 565 1387 960
147 425 601 450 831 215 515 0 192 450 361 227 448 550 139 681 704 193 272 622 173 306 209 532 684 420 78 209 443 785 189 947 480 723 532 389 253 487 702 230 168 319 234 907 337 457 712 197 600 533 179 226 226 480 785 278 531 142 393 160 205 168 508 838 346 942 767 158 150 424 103 910 598 717 249 432 877 445
237 575 702 419 868 150 473 192 0 467 281 186 383 671 241 639 560 108 461 728 99 137 258 634 816 240 239 399 250 633 123 1053 669 531 723 296 372 490 587 40 340 259 212 764 440 600 880 355 488 354 199 368 291 440 925 148 534 203 497 251 221 244 645 654 519 801 664 212 240 538 102 815 494 907 325 241 939 545
596 830 319 872 1281 602 149 450 467 0 746 631 847 977 588 1100 513 561 499 1058 369 423 653 270 1095 657 524 560 589 1062 343 1376 766 831 772 763 697 45 1048 467 583 229 650 1200 212 368 660 622 951 537 609 661 224 897 1183 357 84 583 217 610 637 282 370 1004 435 1239 1128 598 300 861 412 1280 960 948 699 617 1326 888
259 524 954 154 625 149 752 361 281 746 0 133 102 552 273 359 773 186 600 576 376 378 206 885 698 244 338 489 353 454 402 878 715 542 789 34 330 771 342 291 400 539 132 560 687 817 1060 382 241 519 192 363 551 165 813 419 815 235 745 258 174 495 869 584 699 593 406 224 484 430 341 551 238 951 248 308 717 414
138 453 824 241 682 36 655 227 186 631 133 0 223 518 152 469 732 78 472 563 268 312 108 755 666 273 209 368 352 574 295 882 611 594 680 163 245 660 475 211 282 440 28 688 557 684 930 273 374 499 67 264 426 266 779 334 705 108 615 142 63 368 736 670 566 722 539 100 356 386 219 682 371 851 173 318 755 384
328 536 1047 81 541 247 855 448 383 847 102 223 0 532 342 256 863 286 669 540 478 479 266 978 673 319 414 550 436 424 504 824 751 586 830 96 365 873 277 394 459 642 213 511 781 902 1132 434 185 604 271 407 648 72 787 521 917 313 838 323 247 591 956 597 775 540 326 298 579 426 440 463 170 980 286 388 642 400
435 161 1016 456 422 550 1062 550 671 977 552 518 532 0 434 557 1231 580 531 92 708 809 417 959 148 782 471 426 870 948 730 399 394 1093 473 580 302 1019 772 708 395 869 490 1010 804 813 904 357 704 1014 476 323 756 484 262 807 1061 468 845 421 461 704 869 1128 653 1032 778 459 684 133 635 857 681 546 349 834 397 137
14 334 728 327 692 164 646 139 241 588 273 152 342 434 0 556 798 172 328 498 275 378 79 660 576 412 76 217 470 724 298 825 461 732 529 306 132 625 613 280 130 442 141 834 468 566 790 125 513 594 84 128 365 361 684 372 669 47 523 22 98 307 621 819 433 867 668 51 289 302 202 804 506 702 110 445 741 317
543 630 1282 231 365 497 1111 681 639 1100 359 469 256 557 556 0 1103 539 864 522 733 734 478 1214 666 552 632 737 671 465 759 722 880 757 963 349 528 1127 271 650 649 898 453 482 1018 1122 1322 615 265 839 503 577 895 203 768 778 1172 540 1075 534 476 836 1177 708 981 495 239 524 823 503 689 299 237 1083 467 622 490 461
796 1125 825 927 1398 696 369 704 560 513 773 732 863 1231 798 1103 0 659 904 1288 531 423 818 782 1374 550 776 901 432 850 514 1612 1163 492 1195 768 930 485 931 525 872 411 761 983 688 869 1169 897 865 264 759 919 589 934 1481 427 491 763 715 810 779 606 880 677 891 1019 1020 772 622 1098 605 1163 887 1382 886 481 1484 1106
163 500 770 314 760 42 579 193 108 561 186 78 286 580 172 539 659 0 459 631 194 237 163 701 727 242 203 370 299 591 220 953 630 560 693 208 291 588 516 135 294 364 104 714 504 645 905 297 414 434 104 299 364 337 839 256 633 125 562 173 120 309 694 656 540 750 587 128 299 447 155 735 416 871 231 273 832 450
342 370 485 645 912 472 622 272 461 499 600 472 669 531 328 864 904 459 0 622 414 557 403 429 623 692 263 128 710 1045 417 914 269 992 290 633 339 544 941 497 214 492 467 1160 295 284 463 249 841 779 408 290 319 680 698 511 580 365 324 346 426 298 342 1110 126 1194 995 376 283 448 362 1128 834 477 397 702 920 488
498 253 1107 460 337 597 1137 622 728 1058 576 563 540 92 498 522 1288 631 622 0 774 865 470 1050 144 815 544 514 911 941 797 326 484 1117 561 600 370 1099 757 763 475 939 534 991 891 905 995 435 699 1062 529 398 835 482 251 869 1142 528 933 483 510 782 961 1138 745 1010 753 517 762 198 701 817 674 620 402 872 305 182
276 594 605 508 943 236 387 173 99 369 376 268 478 708 275 733 531 194 414 774 0 143 316 537 848 325 244 378 307 726 26 1100 648 589 693 394 406 394 686 112 341 173 291 859 347 515 805 366 587 367 262 390 195 531 953 105 439 249 403 291 288 155 557 728 452 897 764 263 156 578 74 914 594 880 376 311 1005 592
374 710 704 529 991 276 388 306 137 423 378 312 479 809 378 734 423 237 557 865 143 0 395 639 953 234 367 516 177 639 143 1189 787 453 834 384 509 436 634 102 468 194 340 777 462 641 938 487 543 226 335 503 311 543 1062 68 475 340 514 388 355 286 677 604 591 815 719 349 292 675 203 871 556 1021 462 196 1068 682
65 345 805 248 630 136 699 209 258 653 206 108 266 417 79 478 818 163 403 470 316 395 0 737 564 382 154 286 457 660 341 794 510 702 583 240 136 687 540 293 195 489 86 765 544 645 866 176 441 597 59 159 433 282 676 402 732 70 599 58 45 374 700 774 511 797 592 54 358 284 249 726 432 749 68 425 689 287
672 800 69 982 1324 735 414 532 634 270 885 755 978 959 660 1214 782 701 429 1050 537 639 737 0 1050 860 585 538 815 1264 519 1342 655 1077 633 910 731 298 1216 649 600 460 766 1397 197 167 404 641 1115 792 711 685 343 1013 1118 571 301 674 140 683 738 393 133 1241 314 1435 1289 690 401 868 547 1436 1118 782 762 834 1344 904
578 265 1102 595 451 698 1189 684 816 1095 698 666 673 148 576 666 1374 727 623 144 848 953 564 1050 0 930 606 536 1018 1081 868 292 429 1240 495 725 444 1138 900 853 521 1003 638 1135 911 895 940 487 838 1161 622 458 879 620 115 948 1179 612 946 564 608 830 948 1271 737 1154 898 604 811 280 773 961 814 515 496 982 383 285
401 727 927 392 861 250 617 420 240 657 244 273 319 782 412 552 550 242 692 815 325 234 382 860 930 0 445 612 118 406 341 1122 872 320 936 229 519 670 408 214 537 429 298 543 672 839 1120 537 325 287 334 535 520 392 1044 300 709 365 728 409 337 479 882 418 759 581 495 364 478 653 342 646 343 1113 445 69 958 645
89 350 652 403 759 210 593 78 239 524 338 209 414 471 76 632 776 203 263 544 244 367 154 585 606 445 0 167 485 782 263 868 432 758 491 370 174 562 681 280 100 397 206 897 394 490 722 121 580 592 146 148 300 436 709 348 607 103 448 98 167 242 545 860 361 931 739 116 224 345 170 877 575 672 180 467 801 367
231 272 599 521 789 374 662 209 399 560 489 368 550 426 217 737 901 370 128 514 378 516 286 538 536 612 167 0 649 941 390 820 271 924 325 523 211 603 826 438 91 498 358 1050 378 406 586 122 727 742 301 162 349 557 624 483 644 260 419 231 315 307 464 1027 251 1083 876 268 289 329 312 1005 718 508 272 633 805 367
462 800 880 505 976 321 528 443 250 589 353 352 436 870 470 671 432 299 710 911 307 177 457 815 1018 118 485 649 0 482 314 1224 917 283 974 342 590 595 514 213 584 362 380 621 639 817 1111 593 438 169 402 598 488 508 1132 244 631 424 691 473 412 459 854 427 758 660 603 427 462 739 348 752 458 1157 524 48 1070 735
710 960 1332 493 830 573 1010 785 633 1062 454 574 424 948 724 465 850 591 1045 941 726 639 660 1264 1081 406 782 941 482 0 745 1182 1167 383 1243 420 781 1073 194 614 853 833 582 139 1073 1231 1497 837 244 605 640 816 922 464 1193 705 1110 682 1130 711 626 877 1277 262 1132 178 248 673 873 849 729 345 267 1401 699 447 955 820
300 613 586 535 969 263 361 189 123 343 402 295 504 730 298 759 514 220 417 797 26 143 341 519 868 341 263 390 314 745 0 1123 658 595 700 419 428 368 709 131 357 147 318 879 331 503 796 384 611 362 288 410 178 558 972 94 412 274 386 315 314 144 543 739 448 917 788 288 148 600 95 939 618 888 401 323 1031 615
824 548 1394 743 383 918 1461 947 1053 1376 878 882 824 399 825 722 1612 953 914 326 1100 1189 794 1342 292 1122 868 820 1224 1182 1123 0 716 1410 776 898 695 1418 988 1086 794 1265 854 1203 1198 1187 1221 756 953 1381 853 721 1155 756 256 1194 1460 853 1235 809 833 1103 1241 1406 1029 1213 960 842 1084 523 1027 979 926 759 727 1183 257 508
473 257 697 700 816 625 891 480 669 766 715 611 751 394 461 880 1163 630 269 484 648 787 510 655 429 872 432 271 917 1167 658 716 0 1189 83 749 386 811 1027 708 335 753 594 1263 558 490 513 337 937 1013 544 351 586 736 473 752 846 508 577 468 550 558 539 1281 347 1292 1062 512 541 383 583 1172 922 241 468 899 787 427
721 1047 1139 667 1108 571 737 723 531 831 542 594 586 1093 732 757 492 560 992 1117 589 453 702 1077 1240 320 758 924 283 383 595 1410 1189 0 1250 516 839 827 518 494 854 617 617 504 912 1094 1391 857 491 298 654 855 763 655 1355 517 855 684 961 730 657 739 1128 187 1041 538 600 684 744 968 630 723 519 1430 764 291 1220 955
542 341 668 781 895 692 904 532 723 772 789 680 830 473 529 963 1195 693 290 561 693 834 583 633 495 936 491 325 974 1243 700 776 83 1250 0 823 464 817 1107 762 400 783 666 1341 560 465 445 408 1014 1060 613 426 609 817 526 795 849 575 571 537 621 588 508 1348 339 1371 1143 580 573 466 632 1255 1001 187 545 958 862 510
292 556 979 163 633 175 763 389 296 763 34 163 96 580 306 349 768 208 633 600 394 384 240 910 725 229 370 523 342 420 419 898 749 516 823 0 364 787 312 302 433 552 165 527 712 846 1092 416 211 510 224 397 573 166 840 429 830 267 770 291 208 518 897 553 729 561 379 256 508 460 364 526 209 985 282 295 729 443
134 209 795 321 595 270 768 253 372 697 330 245 365 302 132 528 930 291 339 370 406 509 136 731 444 519 174 211 590 781 428 695 386 839 464 364 0 736 643 410 131 569 222 876 550 612 794 91 550 722 188 49 472 357 552 504 780 170 600 121 182 416 670 909 462 906 683 164 397 172 332 804 536 620 82 560 629 192
632 873 341 901 1316 630 116 487 490 45 771 660 873 1019 625 1127 485 588 544 1099 394 436 687 298 1138 670 562 603 595 1073 368 1418 811 827 817 787 736 0 1066 488 624 242 681 1212 257 407 695 663 971 530 641 702 264 925 1227 372 44 617 258 646 669 320 406 1003 479 1250 1148 633 338 902 443 1300 981 992 735 626 1364 928
598 802 1285 330 636 486 1023 702 587 1048 342 475 277 772 613 271 931 516 941 757 686 634 540 1216 900 408 681 826 514 194 709 988 1027 518 1107 312 643 1066 0 580 734 824 475 239 1019 1159 1403 711 101 669 535 684 875 296 1009 694 1107 578 1077 596 515 823 1209 442 1041 265 89 565 815 684 669 238 107 1253 563 469 761 651
276 614 717 436 893 175 461 230 40 467 291 211 394 708 280 650 525 135 497 763 112 102 293 649 853 214 280 438 213 614 131 1086 708 494 762 302 410 488 580 0 380 249 239 748 459 625 909 395 483 314 233 408 307 454 963 128 530 240 515 289 253 265 667 623 551 785 661 248 264 574 135 812 492 947 360 207 967 580
143 259 663 430 725 292 668 168 340 583 400 282 459 395 130 649 872 294 214 475 341 468 195 600 521 537 100 91 584 853 357 794 335 854 400 433 131 624 734 380 0 484 270 960 423 481 676 42 636 692 214 85 361 466 619 446 667 175 471 141 226 309 538 948 333 992 784 181 290 279 268 914 627 576 182 564 752 310
445 743 521 678 1117 406 214 319 259 229 539 440 642 869 442 898 411 364 492 939 173 194 489 460 1003 429 397 498 362 833 147 1265 753 617 783 552 569 242 824 249 484 0 464 971 306 493 798 516 730 337 435 546 180 699 1104 130 283 421 349 460 462 195 519 783 485 1010 907 435 211 741 240 1059 740 970 547 388 1178 759
127 429 834 222 656 65 679 234 212 650 132 28 213 490 141 453 761 104 467 534 291 340 86 766 638 298 206 358 380 582 318 854 594 617 666 165 222 681 475 239 270 464 0 693 569 689 928 257 374 528 59 245 441 249 752 361 725 103 626 128 44 383 742 688 567 726 535 91 370 359 238 676 369 834 147 345 728 356
819 1041 1465 569 832 692 1150 907 764 1200 560 688 511 1010 834 482 983 714 1160 991 859 777 765 1397 1135 543 897 1050 621 139 879 1203 1263 504 1341 527 876 1212 239 748 960 971 693 0 1204 1358 1617 940 326 743 752 916 1054 536 1242 843 1249 795 1262 819 735 1008 1405 352 1253 38 243 784 1002 923 857 273 341 1491 796 586 962 891
480 649 266 787 1146 537 352 337 440 212 687 557 781 804 468 1018 688 504 295 891 347 462 544 197 911 672 394 378 639 1073 331 1198 558 912 560 712 550 257 1019 459 423 306 569 1204 0 187 492 465 918 642 515 508 152 817 991 395 288 479 57 491 542 197 216 1066 222 1242 1091 495 204 700 351 1238 921 735 574 652 1175 733
579 652 208 894 1196 672 517 457 600 368 817 684 902 813 566 1122 869 645 284 905 515 641 645 167 895 839 490 406 817 1231 503 1187 490 1094 465 846 612 407 1159 625 481 493 689 1358 187 0 304 521 1057 829 631 564 330 927 957 577 426 590 154 587 655 360 57 1243 160 1394 1224 604 361 733 502 1365 1055 616 657 826 1204 772
805 753 391 1107 1320 925 810 712 880 660 1060 930 1132 904 790 1322 1169 905 463 995 805 938 866 404 940 1120 722 586 1111 1497 796 1221 513 1391 445 1092 794 695 1403 909 676 798 928 1617 492 304 0 708 1302 1132 868 745 630 1143 968 876 704 825 456 809 888 652 289 1533 365 1652 1458 837 648 864 778 1591 1296 507 858 1115 1300 908
136 228 705 400 683 288 705 197 355 622 382 273 434 357 125 615 897 297 249 435 366 487 176 641 487 537 121 122 593 837 384 756 337 857 408 416 91 663 711 395 42 516 257 940 465 521 708 0 615 709 206 43 399 436 588 470 706 172 513 130 213 347 578 943 370 972 758 174 327 238 292 885 604 578 151 569 710 268
498 719 1184 249 623 385 932 600 488 951 241 374 185 704 513 265 865 414 841 699 587 543 441 1115 838 325 580 727 438 244 611 953 937 491 1014 211 550 971 101 483 636 730 374 326 918 1057 1302 615 0 600 434 590 775 220 950 600 1013 477 976 496 415 722 1107 453 940 356 177 465 714 606 567 329 28 1166 469 390 741 576
589 928 851 672 1143 465 439 533 354 537 519 499 604 1014 594 839 264 434 779 1062 367 226 597 792 1161 287 592 742 169 605 362 1381 1013 298 1060 510 722 530 669 314 692 337 528 743 642 829 1132 709 600 0 539 722 504 676 1273 268 557 552 686 601 553 494 857 480 802 781 759 559 504 881 430 904 622 1247 665 217 1235 883
71 397 780 271 681 83 648 179 199 609 192 67 271 476 84 503 759 104 408 529 262 335 59 711 622 334 146 301 402 640 288 853 544 654 613 224 188 641 535 233 214 435 59 752 515 631 868 206 434 539 0 201 394 301 734 344 686 43 572 76 27 335 684 736 507 785 594 33 320 342 199 734 429 785 127 372 744 347
136 206 748 367 639 284 739 226 368 661 363 264 407 323 128 577 919 299 290 398 390 503 159 685 458 535 148 162 598 816 410 721 351 855 426 397 49 702 684 408 85 546 245 916 508 564 745 43 590 722 201 0 438 403 562 492 745 173 556 126 201 383 621 934 412 946 727 172 364 200 316 851 577 589 120 572 668 227
374 614 411 664 1057 402 313 226 291 224 551 426 648 756 365 895 589 364 319 835 195 311 433 343 879 520 300 349 488 922 178 1155 586 763 609 573 472 264 875 307 361 180 441 1054 152 330 630 399 775 504 394 438 0 691 971 246 307 364 208 387 422 59 366 914 305 1092 950 380 76 638 209 1099 779 794 476 500 1101 664
347 506 1082 36 469 295 913 480 440 897 165 266 72 484 361 203 934 337 680 482 531 543 282 1013 620 392 436 557 508 464 558 756 736 655 817 166 357 925 296 454 466 699 249 536 817 927 1143 436 220 676 301 403 691 0 732 582 970 339 874 340 275 633 982 656 792 561 326 324 620 388 486 448 198 958 284 460 570 357
687 360 1166 709 516 811 1284 785 925 1183 813 779 787 262 684 768 1481 839 698 251 953 1062 676 1118 115 1044 709 624 1132 1193 972 256 473 1355 526 840 552 1227 1009 963 619 1104 752 1242 991 957 968 588 950 1273 734 562 971 732 0 1054 1267 722 1022 674 721 925 1009 1385 804 1260 1002 714 906 393 878 1058 925 503 608 1096 424 400
371 697 636 564 1017 299 335 278 148 357 419 334 521 807 372 778 427 256 511 869 105 68 402 571 948 300 348 483 244 705 94 1194 752 517 795 429 504 372 694 128 446 130 361 843 395 577 876 470 600 268 344 492 246 582 1054 0 413 340 447 386 368 227 611 671 535 881 777 352 236 674 177 930 612 982 467 264 1087 686
677 915 336 946 1361 674 125 531 534 84 815 705 917 1061 669 1172 491 633 580 1142 439 475 732 301 1179 709 607 644 631 1110 412 1460 846 855 849 830 780 44 1107 530 667 283 725 1249 288 426 704 706 1013 557 686 745 307 970 1267 413 0 662 282 691 714 364 419 1034 509 1288 1190 677 382 945 488 1342 1023 1021 780 663 1408 971
37 376 742 308 700 117 630 142 203 583 235 108 313 468 47 540 763 125 365 528 249 340 70 674 612 365 103 260 424 682 274 853 508 684 575 267 170 617 578 240 175 421 103 795 479 590 825 172 477 552 43 173 364 339 722 340 662 0 535 49 65 304 643 773 464 828 637 16 289 335 181 776 472 749 127 398 757 345
534 688 208 843 1195 595 365 393 497 217 745 615 838 845 523 1075 715 562 324 933 403 514 599 140 946 728 448 419 691 1130 386 1235 577 961 571 770 600 258 1077 515 471 349 626 1262 57 154 456 513 976 686 572 556 208 874 1022 447 282 535 0 545 598 254 170 1118 232 1299 1149 551 262 745 408 1296 978 739 627 706 1221 780
14 328 750 306 670 159 666 160 251 610 258 142 323 421 22 534 810 173 346 483 291 388 58 683 564 409 98 231 473 711 315 809 468 730 537 291 121 646 596 289 141 460 128 819 491 587 809 130 496 601 76 126 387 340 674 386 691 49 545 0 84 328 643 813 453 851 649 45 311 288 219 784 488 708 89 445 721 301
84 390 806 244 655 90 675 205 221 637 174 63 247 461 98 476 779 120 426 510 288 355 45 738 608 337 167 315 412 626 314 833 550 657 621 208 182 669 515 253 226 462 44 735 542 655 888 213 415 553 27 201 422 275 721 368 714 65 598 84 0 363 709 732 528 768 572 51 348 328 227 710 408 789 112 380 719 329
315 566 461 605 999 345 359 168 244 282 495 368 591 704 307 836 606 309 298 782 155 286 374 393 830 479 242 307 459 877 144 1103 558 739 588 518 416 320 823 265 309 195 383 1008 197 360 652 347 722 494 335 383 59 633 925 227 364 304 254 328 363 0 402 883 308 1045 896 321 19 583 154 1044 725 775 417 466 1044 608
634 708 159 949 1253 722 520 508 645 370 869 736 956 869 621 1177 880 694 342 961 557 677 700 133 948 882 545 464 854 1277 543 1241 539 1128 508 897 670 406 1209 667 538 519 742 1405 216 57 289 578 1107 857 684 621 366 982 1009 611 419 643 170 643 709 402 0 1281 216 1442 1276 658 404 790 548 1418 1107 650 714 866 1261 829
807 1108 1304 677 1072 655 918 838 654 1004 584 670 597 1128 819 708 677 656 1110 1138 728 604 774 1241 1271 418 860 1027 427 262 739 1406 1281 187 1348 553 909 1003 442 623 948 783 688 352 1066 1243 1533 943 453 480 736 934 914 656 1385 671 1034 773 1118 813 732 883 1281 0 1174 381 508 768 884 1013 756 604 481 1521 828 417 1193 993
447 492 364 758 1038 560 573 346 519 435 699 566 775 653 433 981 891 540 126 745 452 591 511 314 737 759 361 251 758 1132 448 1029 347 1041 339 729 462 479 1041 551 333 485 567 1253 222 160 365 370 940 802 507 412 305 792 804 535 509 464 232 453 528 308 216 1174 0 1287 1101 477 300 574 417 1237 936 512 514 758 1045 614
852 1067 1503 595 839 727 1188 942 801 1239 593 722 540 1032 867 495 1019 750 1194 1010 897 815 797 1435 1154 581 931 1083 660 178 917 1213 1292 538 1371 561 906 1250 265 785 992 1010 726 38 1242 1394 1652 972 356 781 785 946 1092 561 1260 881 1288 828 1299 851 768 1045 1442 381 1287 0 257 817 1039 948 894 265 369 1519 826 624 969 914
654 826 1358 362 593 554 1108 767 664 1128 406 539 326 778 668 239 1020 587 995 753 764 719 592 1289 898 495 739 876 603 248 788 960 1062 600 1143 379 683 1148 89 661 784 907 535 243 1091 1224 1458 758 177 759 594 727 950 326 1002 777 1190 637 1149 649 572 896 1276 508 1101 257 0 623 887 703 741 152 170 1281 607 557 722 667
38 372 758 292 685 114 645 158 212 598 224 100 298 459 51 524 772 128 376 517 263 349 54 690 604 364 116 268 427 673 288 842 512 684 580 256 164 633 565 248 181 435 91 784 495 604 837 174 465 559 33 172 380 324 714 352 677 16 551 45 51 321 658 768 477 817 623 0 305 326 195 761 459 753 114 400 743 334
298 546 470 591 981 334 378 150 240 300 484 356 579 684 289 823 622 299 283 762 156 292 358 401 811 478 224 289 462 873 148 1084 541 744 573 508 397 338 815 264 290 211 370 1002 204 361 648 327 714 504 320 364 76 620 906 236 382 289 262 311 348 19 404 884 300 1039 887 305 0 564 146 1034 716 760 400 467 1025 589
303 127 928 356 464 418 938 424 538 861 430 386 426 133 302 503 1098 447 448 198 578 675 284 868 280 653 345 329 739 849 600 523 383 968 466 460 172 902 684 574 279 741 359 923 700 733 864 238 606 881 342 200 638 388 393 674 945 335 745 288 328 583 790 1013 574 948 703 326 564 0 504 800 585 581 216 704 475 44
205 520 616 460 880 193 449 103 102 412 341 219 440 635 202 689 605 155 362 701 74 203 249 547 773 342 170 312 348 729 95 1027 583 630 632 364 332 443 669 135 268 240 238 857 351 502 778 292 567 430 199 316 209 486 878 177 488 181 408 219 227 154 548 756 417 894 741 195 146 504 0 890 571 818 307 342 938 520
790 926 1505 484 597 700 1260 910 815 1280 551 682 463 857 804 299 1163 735 1128 817 914 871 726 1436 961 646 877 1005 752 345 939 979 1172 723 1255 526 804 1300 238 812 914 1059 676 273 1238 1365 1591 885 329 904 734 851 1099 448 1058 930 1342 776 1296 784 710 1044 1418 604 1237 265 152 761 1034 800 890 0 320 1381 733 707 727 760
491 701 1187 229 594 384 945 598 494 960 238 371 170 681 506 237 887 416 834 674 594 556 432 1118 814 343 575 718 458 267 618 926 922 519 1001 209 536 981 107 492 627 740 369 341 921 1055 1296 604 28 622 429 577 779 198 925 612 1023 472 978 488 408 725 1107 481 936 369 170 459 716 585 571 320 0 1149 457 410 713 555
714 455 807 923 956 866 1084 717 907 948 951 851 980 546 702 1083 1382 871 477 620 880 1021 749 782 515 1113 672 508 1157 1401 888 759 241 1430 187 985 620 992 1253 947 576 970 834 1491 735 616 507 578 1166 1247 785 589 794 958 503 982 1021 749 739 708 789 775 650 1521 512 1519 1281 753 760 581 818 1381 1149 0 703 1139 898 621
103 283 829 249 581 203 755 249 325 699 248 173 286 349 110 467 886 231 397 402 376 462 68 762 496 445 180 272 524 699 401 727 468 764 545 282 82 735 563 360 182 547 147 796 574 657 858 151 469 665 127 120 476 284 608 467 780 127 627 89 112 417 714 828 514 826 607 114 400 216 307 733 457 703 0 491 632 220
436 770 899 458 929 290 565 432 241 617 308 318 388 834 445 622 481 273 702 872 311 196 425 834 982 69 467 633 48 447 323 1183 899 291 958 295 560 626 469 207 564 388 345 586 652 826 1115 569 390 217 372 572 500 460 1096 264 663 398 706 445 380 466 866 417 758 624 557 400 467 704 342 707 410 1139 491 0 1024 698
736 556 1403 566 130 792 1387 877 939 1326 717 755 642 397 741 490 1484 832 920 305 1005 1068 689 1344 383 958 801 805 1070 955 1031 257 787 1220 862 729 629 1364 761 967 752 1178 728 962 1175 1204 1300 710 741 1235 744 668 1101 570 424 1087 1408 757 1221 721 719 1044 1261 1193 1045 969 722 743 1025 475 938 727 713 898 632 1024 0 441
315 170 966 327 423 418 960 445 545 888 414 384 400 137 317 461 1106 450 488 182 592 682 287 904 285 645 367 367 735 820 615 508 427 955 510 443 192 928 651 580 310 759 356 891 733 772 908 268 576 883 347 227 664 357 400 686 971 345 780 301 329 608 829 993 614 914 667 334 589 44 520 760 555 621 220 698 441 0
