0 1151 268 1498 1476 1529 918 1670 480 1239 1647 198 1506 893 961 1003
1151 0 1300 2152 2026 1285 1614 1848 1411 2215 2240 998 2106 1972 1424 656
268 1300 0 1695 1224 1796 1137 1928 214 986 1386 455 1714 943 753 1248
1498 2152 1695 0 2886 1347 592 795 1886 2327 3016 1447 103 1017 2446 1545
1476 2026 1224 2886 0 2936 2354 3147 1014 863 216 1626 2917 1975 610 2296
1529 1285 1796 1347 2936 0 1122 690 2002 2756 3129 1343 1257 1827 2345 686
918 1614 1137 592 2354 1122 0 892 1340 1896 2501 855 589 729 1877 1067
1670 1848 1928 795 3147 690 892 0 2141 2775 3314 1531 692 1599 2607 1193
480 1411 214 1886 1014 2002 1340 2141 0 817 1173 659 1911 1066 589 1433
1239 2215 986 2327 863 2756 1896 2775 817 0 862 1436 2382 1323 989 2235
1647 2240 1386 3016 216 3129 2501 3314 1173 862 0 1806 3052 2073 821 2497
198 998 455 1447 1626 1343 855 1531 659 1436 1806 0 1442 987 1076 805
1506 2106 1714 103 2917 1257 589 692 1911 2382 3052 1442 0 1084 2461 1487
893 1972 943 1017 1975 1827 729 1599 1066 1323 2073 987 1084 0 1655 1598
961 1424 753 2446 610 2345 1877 2607 589 989 821 1076 2461 1655 0 1692
1003 656 1248 1545 2296 686 1067 1193 1433 2235 2497 805 1487 1598 1692 0
