0 505 220 1353 1575 757 1718 62 52 178 669 634 1584 931 537 929 155
505 0 604 1183 1188 1017 2197 562 553 572 1154 142 1121 1000 965 805 602
220 604 0 1210 1522 537 1594 184 190 43 563 745 1721 734 671 792 344
1353 1183 1210 0 697 985 2339 1359 1359 1228 1596 1240 1888 609 1876 423 1508
1575 1188 1522 697 0 1520 2918 1607 1603 1521 2032 1163 1420 1189 2105 847 1718
757 1017 537 985 1520 0 1398 718 725 580 640 1155 2114 377 1121 673 869
1718 2197 1594 2339 2918 1398 0 1657 1666 1624 1049 2336 3302 1744 1580 2071 1697
62 562 184 1359 1607 718 1657 0 10 147 607 693 1646 913 519 936 160
52 553 190 1359 1603 725 1666 10 0 152 617 684 1636 917 520 936 157
178 572 43 1228 1521 580 1624 147 152 0 587 712 1686 766 648 808 308
669 1154 563 1596 2032 640 1049 607 617 587 0 1292 2253 1006 667 1223 658
634 142 745 1240 1163 1155 2336 693 684 712 1292 0 978 1115 1058 889 715
1584 1121 1721 1888 1420 2114 3302 1646 1636 1686 2253 978 0 2000 1880 1686 1624
931 1000 734 609 1189 377 1744 913 917 766 1006 1115 2000 0 1394 364 1074
537 965 671 1876 2105 1121 1580 519 520 648 667 1058 1880 1394 0 1454 387
929 805 792 423 847 673 2071 936 936 808 1223 889 1686 364 1454 0 1084
155 602 344 1508 1718 869 1697 160 157 308 658 715 1624 1074 387 1084 0
