0 994 387 912 1033 1604 1335 152 62 1659 1660 169 667 132 463 1497
994 0 1232 1042 518 2323 841 1040 957 1872 2019 946 1323 969 985 2301
387 1232 0 1299 1380 1804 1329 245 450 1354 1988 309 313 517 844 1125
912 1042 1299 0 620 1377 1803 1062 851 2502 978 1039 1574 781 461 2375
1033 518 1380 620 0 1990 1357 1142 975 2301 1563 1071 1568 945 784 2504
1604 2323 1804 1377 1990 0 2912 1708 1586 3145 826 1769 2104 1521 1351 2393
1335 841 1329 1803 1357 2912 0 1278 1339 1228 2768 1191 1213 1396 1584 2091
152 1040 245 1062 1142 1708 1278 0 211 1515 1804 97 515 285 615 1367
62 957 450 851 975 1586 1339 211 0 1707 1614 209 726 79 406 1559
1659 1872 1354 2502 2301 3145 1228 1515 1707 0 3319 1498 1044 1786 2104 1294
1660 2019 1988 978 1563 826 2768 1804 1614 3319 0 1824 2300 1535 1236 2864
169 946 309 1039 1071 1769 1191 97 209 1498 1824 0 537 288 609 1433
667 1323 313 1574 1568 2104 1213 515 726 1044 2300 537 0 800 1131 978
132 969 517 781 945 1521 1396 285 79 1786 1535 288 800 0 330 1613
463 985 844 461 784 1351 1584 615 406 2104 1236 609 1131 330 0 1914
1497 2301 1125 2375 2504 2393 2091 1367 1559 1294 2864 1433 978 1613 1914 0
