0 1408 396 247 912 857 52 1136 21 847 85 739 863 30 640 394
1408 0 1800 1183 769 2165 1390 2399 1396 2246 1395 813 641 1424 2033 1790
396 1800 0 639 1291 638 425 921 411 493 407 1087 1230 386 248 50
247 1183 639 0 668 1011 215 1273 229 1063 277 605 693 253 885 641
912 769 1291 668 0 1490 873 1691 893 1650 945 795 721 914 1539 1300
857 2165 638 1011 1490 0 845 286 857 362 921 1592 1701 829 666 688
52 1390 425 215 873 845 0 1120 31 857 133 746 863 41 671 428
1136 2399 921 1273 1691 286 1120 0 1134 561 1203 1864 1966 1107 921 970
21 1396 411 229 893 857 31 1134 0 856 102 737 858 28 656 411
847 2246 493 1063 1650 362 857 561 856 0 882 1572 1708 827 388 529
85 1395 407 277 945 921 133 1203 102 882 0 691 827 114 639 395
739 813 1087 605 795 1592 746 1864 737 1572 691 0 172 765 1291 1063
863 641 1230 693 721 1701 863 1966 858 1708 827 172 0 887 1444 1210
30 1424 386 253 914 829 41 1107 28 827 114 765 887 0 632 388
640 2033 248 885 1539 666 671 921 656 388 639 1291 1444 632 0 245
394 1790 50 641 1300 688 428 970 411 529 395 1063 1210 388 245 0
