0 308 183 427 696 288 359 49 291 764 787 210 36 847 599 346 161 409 826 177 554 174 180 251 718 304 536 538 62 458 802 779 367 665 184 220 280 739 540 787 737 442 117 788 391 718 476 755 228 30 516 508 501 256 510 424 818 856 592 81 815 615 449 120 346 178 377 687 56 261 257 738 164 705 38 30 411 12
308 0 340 735 700 590 639 356 118 547 668 418 343 1071 465 276 172 717 577 152 778 473 217 83 655 229 807 488 294 382 1104 1020 378 969 232 506 409 964 647 713 894 561 383 909 680 483 430 696 309 286 589 739 398 482 471 698 776 555 453 304 1116 319 396 188 654 370 398 746 290 362 170 751 256 696 327 282 701 301
183 340 0 491 872 314 321 183 257 653 935 392 197 732 737 490 277 455 733 191 439 215 123 326 880 440 474 370 241 308 801 680 197 674 109 212 462 625 723 616 580 625 116 619 516 813 311 919 399 160 698 399 356 433 341 371 987 823 728 101 897 656 606 219 401 38 203 869 233 80 197 916 83 879 153 167 389 193
427 735 491 0 873 181 251 379 708 1145 1070 411 391 682 922 695 576 55 1223 599 476 280 575 672 959 672 335 833 447 793 410 585 672 273 571 282 507 596 637 1058 729 570 384 827 174 1098 784 985 544 450 668 434 843 372 803 280 1021 1281 920 452 405 1034 749 546 90 455 670 800 449 552 661 895 541 894 412 454 211 433
696 700 872 873 0 872 985 720 803 1228 290 520 698 1500 327 425 617 902 1228 741 1223 809 807 634 149 475 1152 1168 634 1066 1269 1415 1021 1140 820 869 424 1396 244 1406 1430 303 808 1485 705 557 1105 146 472 713 206 1174 1091 523 1146 1050 149 1084 339 773 1051 723 304 668 856 875 1037 127 641 942 826 51 819 29 733 706 1005 685
288 590 314 181 872 0 117 239 547 966 1025 359 257 628 855 609 449 140 1048 445 368 116 409 539 932 575 281 652 328 612 514 543 491 378 403 102 461 527 658 879 607 573 216 693 269 1000 602 963 465 305 668 319 662 348 622 178 1012 1122 850 291 585 903 689 408 92 277 489 823 327 372 495 903 372 888 263 310 136 298
359 639 321 251 985 117 0 312 576 951 1126 467 334 514 949 699 519 197 1041 487 250 190 436 601 1039 660 178 609 410 588 480 433 463 356 426 138 568 411 775 818 493 688 258 584 377 1078 567 1071 561 367 782 202 638 463 580 66 1123 1145 943 335 631 958 787 470 182 284 457 939 407 357 518 1017 396 1000 326 374 69 370
49 356 183 379 720 239 312 0 333 797 825 215 22 807 640 388 210 360 862 220 517 125 211 300 750 348 490 550 98 478 752 736 377 615 212 174 297 700 550 798 710 452 88 767 355 766 489 785 260 71 533 469 523 250 521 378 846 902 633 92 771 665 485 170 297 168 386 702 95 263 293 760 187 730 37 74 362 59
291 118 257 708 803 547 576 333 0 486 786 453 327 974 582 378 213 682 537 114 685 432 139 168 768 327 732 372 303 266 1052 930 260 921 149 452 470 868 725 603 784 633 331 794 682 596 313 809 374 263 674 650 288 515 354 628 887 575 570 257 1104 407 502 195 622 293 280 838 296 260 62 853 179 801 297 261 641 290
764 547 653 1145 1228 966 951 797 486 0 1124 940 797 1174 940 816 697 1107 116 596 945 867 585 629 1155 774 1059 379 786 364 1421 1170 488 1307 585 864 951 1088 1195 380 908 1108 764 854 1152 829 396 1195 853 734 1136 931 315 1000 399 981 1279 381 927 707 1550 575 927 680 1054 689 496 1287 779 597 507 1280 612 1219 759 734 1020 765
787 668 935 1070 290 1025 1126 825 786 1124 0 669 802 1632 203 445 658 1088 1098 764 1341 937 839 630 142 494 1303 1156 727 1050 1479 1558 1038 1343 854 994 568 1525 501 1372 1515 521 904 1551 918 331 1099 149 566 793 435 1294 1062 698 1140 1193 210 903 215 848 1306 560 339 715 1033 949 1057 418 732 989 828 319 864 261 825 785 1161 775
210 418 392 411 520 359 467 215 453 940 669 0 197 981 512 289 248 421 986 345 703 289 378 336 572 276 640 746 162 661 820 900 577 682 385 348 102 877 335 996 915 238 302 978 292 692 683 604 140 237 323 654 701 64 719 533 655 967 509 292 732 665 339 259 364 382 588 490 170 471 439 555 370 533 239 232 494 202
36 343 197 391 698 257 334 22 327 797 802 197 0 830 617 366 192 374 860 213 539 145 212 284 727 326 512 560 76 484 769 759 388 632 214 196 276 723 531 809 731 433 109 788 357 745 499 763 237 64 512 492 529 236 532 400 824 893 611 100 779 649 463 155 311 185 397 682 73 276 290 738 191 708 44 65 383 42
847 1071 732 682 1500 628 514 807 974 1174 1632 981 830 0 1446 1194 994 634 1286 924 295 697 853 1057 1551 1150 353 797 905 845 523 101 750 529 838 638 1082 108 1286 879 282 1202 731 380 851 1545 796 1584 1066 845 1297 339 883 977 780 449 1637 1474 1439 796 888 1381 1293 938 661 706 732 1451 901 713 912 1531 816 1515 810 853 500 859
599 465 737 922 327 855 949 640 582 940 203 512 617 1446 0 252 460 933 925 562 1153 758 637 427 217 298 1127 953 541 847 1332 1377 834 1194 653 813 416 1339 445 1172 1318 425 715 1350 786 241 895 255 390 602 367 1107 860 553 936 1015 340 760 13 654 1203 401 173 518 874 753 853 433 545 788 624 376 664 308 636 594 990 587
346 276 490 695 425 609 699 388 378 816 445 289 366 1194 252 0 214 698 831 328 901 508 400 209 397 52 877 747 290 643 1101 1125 609 962 415 562 216 1086 390 982 1070 318 462 1108 580 403 685 437 151 349 323 854 667 344 726 765 512 743 245 403 1017 404 124 271 637 504 626 471 293 547 406 475 422 422 384 342 742 334
161 172 277 576 617 449 519 210 213 697 658 248 192 994 460 214 0 564 739 124 699 336 190 97 609 163 695 554 128 456 962 931 403 824 204 380 256 886 514 798 857 420 266 894 510 559 491 648 162 152 469 654 488 312 530 583 720 727 451 197 948 458 333 57 501 293 419 636 126 334 216 664 208 619 192 145 572 151
409 717 455 55 902 140 197 360 682 1107 1088 421 374 634 933 698 564 0 1188 576 421 250 546 659 981 672 284 788 437 752 403 538 629 263 541 243 521 545 671 1008 673 599 353 771 217 1099 740 1009 548 430 696 379 802 390 758 225 1048 1257 930 425 446 1023 761 530 63 417 627 835 438 512 632 927 510 922 390 435 155 416
826 577 733 1223 1228 1048 1041 862 537 116 1098 986 860 1286 925 831 739 1188 0 651 1051 943 652 660 1142 794 1159 489 840 462 1516 1279 583 1398 654 946 986 1199 1218 492 1023 1136 839 970 1217 787 500 1181 887 796 1154 1035 415 1049 508 1076 1266 283 911 776 1627 538 933 731 1133 771 593 1298 833 684 569 1280 683 1216 825 795 1111 825
177 152 191 599 741 445 487 220 114 596 764 345 213 924 562 328 124 576 651 0 630 328 75 138 725 275 654 429 189 332 956 870 281 822 91 356 374 816 636 674 762 540 232 789 568 622 366 765 284 150 593 590 365 404 406 545 840 682 551 154 992 472 451 86 515 219 298 761 182 228 95 788 108 742 186 147 550 175
554 778 439 476 1223 368 250 517 685 945 1341 703 539 295 1153 901 699 421 1051 630 0 414 560 762 1265 856 168 568 614 592 520 244 482 448 546 354 801 187 1022 717 252 932 438 355 623 1250 551 1300 777 551 1024 49 636 707 545 199 1357 1210 1146 501 793 1092 1002 643 426 411 467 1185 609 426 623 1258 522 1236 516 559 266 566
174 473 215 280 809 116 190 125 432 867 937 289 145 697 758 508 336 250 943 328 414 0 297 424 853 471 369 575 220 522 631 621 406 495 291 59 387 591 614 814 629 522 104 701 309 891 520 887 371 188 611 365 571 299 545 257 942 1008 752 175 684 787 598 292 191 181 408 775 218 284 382 844 261 822 147 194 237 184
180 217 123 575 807 409 436 211 139 585 839 378 212 853 637 400 190 546 652 75 560 297 0 213 797 348 596 373 215 283 913 803 214 782 15 313 423 746 688 621 687 590 193 713 567 695 309 837 341 150 650 522 323 431 347 490 910 713 627 124 976 533 522 139 488 156 229 820 207 152 85 853 40 810 174 152 502 183
251 83 326 672 634 539 601 300 168 629 630 336 284 1057 427 209 97 659 660 138 762 424 213 0 602 158 774 538 225 433 1053 1000 407 916 229 463 325 949 567 772 900 479 343 926 606 488 477 643 226 235 511 720 457 401 518 662 720 632 416 267 1045 364 333 131 595 350 426 671 222 366 199 684 245 632 277 229 658 242
718 655 880 959 149 932 1039 750 768 1155 142 572 727 1551 217 397 609 981 1142 725 1265 853 797 602 0 450 1213 1140 656 1035 1364 1472 1006 1231 812 912 470 1445 365 1368 1455 396 834 1500 800 424 1080 40 490 729 304 1217 1054 592 1120 1105 123 974 231 787 1174 617 275 665 930 889 1024 276 661 943 801 184 817 121 756 721 1067 706
304 229 440 672 475 575 660 348 327 774 494 276 326 1150 298 52 163 672 794 275 856 471 348 158 450 0 839 694 250 591 1075 1083 556 936 363 522 220 1042 424 931 1021 345 418 1057 568 426 633 490 135 304 362 810 615 336 673 726 565 721 290 356 1008 394 176 221 610 455 573 516 253 496 353 525 370 474 340 296 707 292
536 807 474 335 1152 281 178 490 732 1059 1303 640 512 353 1127 877 695 284 1159 654 168 369 596 774 1213 839 0 693 588 696 368 263 576 282 584 316 742 261 934 867 412 852 430 521 499 1254 664 1244 739 543 948 146 744 629 667 112 1293 1289 1121 506 625 1126 965 644 307 439 565 1099 585 490 672 1182 555 1169 502 550 147 548
538 488 370 833 1168 652 609 550 372 379 1156 746 560 797 953 747 554 788 489 429 568 575 373 538 1140 694 693 0 584 106 1060 791 173 955 363 553 796 709 1061 249 540 964 486 504 883 937 63 1181 713 509 1022 558 108 795 30 627 1259 692 941 460 1234 707 871 510 745 397 167 1190 576 293 342 1216 376 1168 516 513 676 544
62 294 241 447 634 328 410 98 303 786 727 162 76 905 541 290 128 437 840 189 614 220 215 225 656 250 588 584 0 499 836 835 416 698 223 272 220 798 484 833 799 385 178 851 386 672 521 692 166 80 456 567 539 217 557 475 756 850 535 140 821 587 388 110 374 240 428 628 8 316 280 677 208 643 100 74 457 50
458 382 308 793 1066 612 588 478 266 364 1050 661 484 845 847 643 456 752 462 332 592 522 283 433 1035 591 696 106 499 0 1057 827 124 942 276 510 704 751 968 342 606 871 424 586 823 833 57 1075 617 428 925 573 50 714 94 617 1154 628 834 385 1198 607 767 416 703 340 132 1092 491 240 240 1115 294 1065 441 431 657 463
802 1104 801 410 1269 514 480 752 1052 1421 1479 820 769 523 1332 1101 962 403 1516 956 520 631 913 1053 1364 1075 368 1060 836 1057 0 431 934 139 903 600 917 499 1026 1234 722 970 724 837 564 1502 1028 1388 951 819 1066 512 1106 782 1034 440 1417 1625 1330 801 387 1417 1159 922 465 763 924 1183 837 835 996 1285 873 1291 777 825 411 811
779 1020 680 585 1415 543 433 736 930 1170 1558 900 759 101 1377 1125 931 538 1279 870 244 621 803 1000 1472 1083 263 791 835 827 431 0 723 429 789 564 1002 87 1197 901 320 1115 665 430 756 1487 782 1505 992 780 1211 280 869 892 771 367 1555 1451 1370 735 789 1336 1219 877 569 651 707 1362 831 671 868 1446 764 1431 742 788 411 791
367 378 197 672 1021 491 463 377 260 488 1038 577 388 750 834 609 403 629 583 281 482 406 214 407 1006 556 576 173 416 124 934 723 0 819 201 389 633 651 898 420 533 800 313 535 712 857 114 1046 555 339 863 459 174 623 143 494 1121 728 823 288 1076 653 732 353 582 225 20 1034 408 121 210 1067 208 1023 344 344 533 374
665 969 674 273 1140 378 356 615 921 1307 1343 682 632 529 1194 962 824 263 1398 822 448 495 782 916 1231 936 282 955 698 942 139 429 819 0 773 468 779 477 899 1144 678 839 591 791 434 1363 918 1256 812 683 936 428 992 645 927 327 1288 1495 1192 668 362 1280 1021 785 326 636 811 1059 699 714 866 1158 743 1161 641 688 287 673
184 232 109 571 820 403 426 212 149 585 854 385 214 838 653 415 204 541 654 91 546 291 15 229 812 363 584 363 223 276 903 789 201 773 0 305 433 732 698 612 671 601 187 697 567 711 299 852 353 154 662 508 317 438 336 479 925 721 643 122 973 547 537 152 483 144 216 832 215 136 92 867 30 823 174 156 492 188
220 506 212 282 869 102 138 174 452 864 994 348 196 638 813 562 380 243 946 356 354 59 313 463 912 522 316 553 272 510 600 564 389 468 305 0 446 532 673 785 571 581 123 645 343 939 502 946 428 229 671 305 560 357 523 203 1002 1027 807 201 687 823 655 332 192 175 388 834 269 270 398 904 275 882 187 235 194 231
280 409 462 507 424 461 568 297 470 951 568 102 276 1082 416 216 256 521 986 374 801 387 423 325 470 220 742 796 220 704 917 1002 633 779 433 446 0 977 265 1044 1006 167 386 1065 372 610 732 502 99 301 236 752 739 136 770 635 555 937 415 360 803 614 242 288 465 458 646 407 228 537 469 462 424 435 315 294 597 269
739 964 625 596 1396 527 411 700 868 1088 1525 877 723 108 1339 1086 886 545 1199 816 187 591 746 949 1445 1042 261 709 798 751 499 87 651 477 732 532 977 0 1186 814 234 1100 623 347 760 1437 703 1479 959 737 1194 231 791 875 691 348 1533 1377 1331 688 839 1276 1186 830 566 599 634 1351 794 608 806 1429 709 1411 702 745 403 751
540 647 723 637 244 658 775 550 725 1195 501 335 531 1286 445 390 514 671 1218 636 1022 614 688 567 365 424 934 1061 484 968 1026 1197 898 899 698 673 265 1186 0 1309 1244 98 637 1312 466 684 997 378 352 564 78 972 1002 316 1035 837 393 1129 452 622 810 776 317 552 630 716 911 165 491 800 730 259 689 269 572 558 786 530
787 713 616 1058 1406 879 818 798 603 380 1372 996 809 879 1172 982 798 1008 492 674 717 814 621 772 1368 931 867 249 833 342 1234 901 420 1144 612 785 1044 814 1309 0 598 1212 730 518 1123 1123 312 1409 959 759 1267 722 315 1044 277 824 1489 758 1159 708 1449 876 1105 757 971 640 412 1435 825 537 583 1456 625 1405 764 763 881 794
737 894 580 729 1430 607 493 710 784 908 1515 915 731 282 1318 1070 857 673 1023 762 252 629 687 900 1455 1021 412 540 799 606 722 320 533 678 671 571 1006 234 1244 598 0 1151 622 114 871 1378 551 1492 965 726 1238 295 637 929 528 449 1555 1231 1309 668 1035 1186 1183 800 674 566 514 1404 793 535 725 1469 656 1440 699 733 518 749
442 561 625 570 303 573 688 452 633 1108 521 238 433 1202 425 318 420 599 1136 540 932 522 590 479 396 345 852 964 385 871 970 1115 800 839 601 581 167 1100 98 1212 1151 0 540 1216 405 655 900 418 258 465 97 883 906 225 938 752 450 1061 429 523 787 717 271 455 553 619 813 253 393 702 635 330 591 323 475 459 704 432
117 383 116 384 808 216 258 88 331 764 904 302 109 731 715 462 266 353 839 232 438 104 193 343 834 418 430 486 178 424 724 665 313 591 187 123 386 623 637 730 622 540 0 678 399 825 428 870 344 114 621 392 472 332 456 319 932 906 708 78 788 700 566 214 295 90 318 790 172 193 279 848 157 817 78 122 318 129
788 909 619 827 1485 693 584 767 794 854 1551 978 788 380 1350 1108 894 771 970 789 355 701 713 926 1500 1057 521 504 851 586 837 430 535 791 697 645 1065 347 1312 518 114 1216 678 0 961 1391 528 1538 1015 773 1300 393 609 998 499 546 1605 1196 1340 714 1145 1185 1225 837 766 611 515 1468 844 562 739 1526 687 1494 751 781 615 800
391 680 516 174 705 269 377 355 682 1152 918 292 357 851 786 580 510 217 1217 568 623 309 567 606 800 568 499 883 386 823 564 756 712 434 567 343 372 760 466 1123 871 405 399 961 0 981 826 823 433 421 502 577 871 237 853 425 854 1236 786 445 441 953 613 497 197 486 715 627 392 590 647 725 541 727 393 421 360 392
718 483 813 1098 557 1000 1078 766 596 829 331 692 745 1545 241 403 559 1099 787 622 1250 891 695 488 424 426 1254 937 672 833 1502 1487 857 1363 711 939 610 1437 684 1123 1378 655 825 1391 981 0 889 453 554 711 605 1208 833 744 927 1142 531 573 232 752 1413 254 385 611 1037 838 877 670 673 844 653 602 730 534 751 704 1129 707
476 430 311 784 1105 602 567 489 313 396 1099 683 499 796 895 685 491 740 500 366 551 520 309 477 1080 633 664 63 521 57 1028 782 114 918 299 502 732 703 997 312 551 900 428 528 826 889 0 1120 649 447 958 535 87 732 40 591 1198 680 884 398 1187 665 810 446 694 340 113 1127 513 236 279 1154 313 1106 455 451 636 482
755 696 919 985 146 963 1071 785 809 1195 149 604 763 1584 255 437 648 1009 1181 765 1300 887 837 643 40 490 1244 1181 692 1075 1388 1505 1046 1256 852 946 502 1479 378 1409 1492 418 870 1538 823 453 1120 0 526 766 323 1252 1095 621 1161 1138 84 1009 269 825 1189 654 315 704 958 927 1064 273 698 982 841 170 856 117 793 758 1099 742
228 309 399 544 472 465 561 260 374 853 566 140 237 1066 390 151 162 548 887 284 777 371 341 226 490 135 739 713 166 617 951 992 555 812 353 428 99 959 352 959 965 258 344 1015 433 554 649 526 0 241 309 729 650 200 688 628 590 842 385 301 873 528 226 202 488 403 569 478 172 469 378 517 349 479 266 234 600 216
30 286 160 450 713 305 367 71 263 734 793 237 64 845 602 349 152 430 796 150 551 188 150 235 729 304 543 509 80 428 819 780 339 683 154 229 301 737 564 759 726 465 114 773 421 711 447 766 241 0 537 506 471 285 481 430 831 831 594 59 842 598 457 104 368 161 350 708 72 236 227 756 134 720 41 7 422 35
516 589 698 668 206 668 782 533 674 1136 435 323 512 1297 367 323 469 696 1154 593 1024 611 650 511 304 362 948 1022 456 925 1066 1211 863 936 662 671 236 1194 78 1267 1238 97 621 1300 502 605 958 323 309 537 0 975 956 319 997 847 352 1056 373 596 871 701 240 511 650 695 877 171 464 772 685 234 656 225 551 530 800 505
508 739 399 434 1174 319 202 469 650 931 1294 654 492 339 1107 854 654 379 1035 590 49 365 522 720 1217 810 146 558 567 573 512 280 459 428 508 305 752 231 972 722 295 883 392 393 577 1208 535 1252 729 506 975 0 619 657 534 154 1308 1185 1100 457 765 1055 955 599 380 370 445 1136 562 393 588 1209 483 1187 470 514 223 520
501 398 356 843 1091 662 638 523 288 315 1062 701 529 883 860 667 488 802 415 365 636 571 323 457 1054 615 744 108 539 50 1106 869 174 992 317 560 739 791 1002 315 637 906 472 609 871 833 87 1095 650 471 956 619 0 755 109 666 1174 594 848 430 1248 599 790 451 752 389 181 1122 531 290 271 1141 337 1089 486 474 707 506
256 482 433 372 523 348 463 250 515 1000 698 64 236 977 553 344 312 390 1049 404 707 299 431 401 592 336 629 795 217 714 782 892 623 645 438 357 136 875 316 1044 929 225 332 998 237 744 732 621 200 285 319 657 755 0 766 527 665 1032 551 335 673 728 379 320 337 418 633 478 225 513 497 554 420 540 280 282 481 250
510 471 341 803 1146 622 580 521 354 399 1140 719 532 780 936 726 530 758 508 406 545 545 347 518 1120 673 667 30 557 94 1034 771 143 927 336 523 770 691 1035 277 528 938 456 499 853 927 40 1161 688 481 997 534 109 766 0 600 1238 702 924 431 1204 701 850 485 715 367 138 1166 549 263 320 1194 348 1146 487 486 648 517
424 698 371 280 1050 178 66 378 628 981 1193 533 400 449 1015 765 583 225 1076 545 199 257 490 662 1105 726 112 627 475 617 440 367 494 327 479 203 635 348 837 824 449 752 319 546 425 1142 591 1138 628 430 847 154 666 527 600 0 1188 1192 1009 395 632 1017 854 532 227 334 485 1002 473 396 569 1081 449 1065 390 437 69 435
818 776 987 1021 149 1012 1123 846 887 1279 210 655 824 1637 340 512 720 1048 1266 840 1357 942 910 720 123 565 1293 1259 756 1154 1417 1555 1121 1288 925 1002 555 1533 393 1489 1555 450 932 1605 854 531 1198 84 590 831 352 1308 1174 665 1238 1188 0 1092 354 891 1198 737 388 774 1000 993 1138 258 762 1052 918 146 927 126 856 824 1146 806
856 555 823 1281 1084 1122 1145 902 575 381 903 967 893 1474 760 743 727 1257 283 682 1210 1008 713 632 974 721 1289 692 850 628 1625 1451 728 1495 721 1027 937 1377 1129 758 1231 1061 906 1196 1236 573 680 1009 842 831 1056 1185 594 1032 702 1192 1092 0 747 832 1671 361 817 741 1196 861 744 1175 845 799 629 1135 752 1067 869 828 1213 852
592 453 728 920 339 850 943 633 570 927 215 509 611 1439 13 245 451 930 911 551 1146 752 627 416 231 290 1121 941 535 834 1330 1370 823 1192 643 807 415 1331 452 1159 1309 429 708 1340 786 232 884 269 385 594 373 1100 848 551 924 1009 354 747 0 646 1205 387 172 509 871 745 842 443 539 778 613 388 654 320 629 586 985 580
81 304 101 452 773 291 335 92 257 707 848 292 100 796 654 403 197 425 776 154 501 175 124 267 787 356 506 460 140 385 801 735 288 668 122 201 360 688 622 708 668 523 78 714 445 752 398 825 301 59 596 457 430 335 431 395 891 832 646 0 852 623 514 141 365 102 297 768 132 179 209 816 95 780 56 67 396 91
815 1116 897 405 1051 585 631 771 1104 1550 1306 732 779 888 1203 1017 948 446 1627 992 793 684 976 1045 1174 1008 625 1234 821 1198 387 789 1076 362 973 687 803 839 810 1449 1035 787 788 1145 441 1413 1187 1189 873 842 871 765 1248 673 1204 632 1198 1671 1205 852 0 1395 1034 929 495 861 1074 942 826 958 1061 1054 944 1078 807 844 569 819
615 319 656 1034 723 903 958 665 407 575 560 665 649 1381 401 404 458 1023 538 472 1092 787 533 364 617 394 1126 707 587 607 1417 1336 653 1280 547 823 614 1276 776 876 1186 717 700 1185 953 254 665 654 528 598 701 1055 599 728 701 1017 737 361 387 623 1395 0 461 495 960 689 673 813 585 668 469 773 573 706 640 592 1018 607
449 396 606 749 304 689 787 485 502 927 339 339 463 1293 173 124 333 761 933 451 1002 598 522 333 275 176 965 871 388 767 1159 1219 732 1021 537 655 242 1186 317 1105 1183 271 566 1225 613 385 810 315 226 457 240 955 790 379 850 854 388 817 172 514 1034 461 0 389 703 616 749 365 393 667 530 355 541 299 487 449 824 437
120 188 219 546 668 408 470 170 195 680 715 259 155 938 518 271 57 530 731 86 643 292 139 131 665 221 644 510 110 416 922 877 353 785 152 332 288 830 552 757 800 455 214 837 497 611 446 704 202 104 511 599 451 320 485 532 774 741 509 141 929 495 389 0 467 235 368 681 105 278 181 714 152 671 145 97 526 113
346 654 401 90 856 92 182 297 622 1054 1033 364 311 661 874 637 501 63 1133 515 426 191 488 595 930 610 307 745 374 703 465 569 582 326 483 192 465 566 630 971 674 553 295 766 197 1037 694 958 488 368 650 380 752 337 715 227 1000 1196 871 365 495 960 703 467 0 365 581 795 375 462 573 883 452 874 328 372 163 353
178 370 38 455 875 277 284 168 293 689 949 382 185 706 753 504 293 417 771 219 411 181 156 350 889 455 439 397 240 340 763 651 225 636 144 175 458 599 716 640 566 619 90 611 486 838 340 927 403 161 695 370 389 418 367 334 993 861 745 102 861 689 616 235 365 0 229 866 233 103 234 917 116 882 144 169 351 189
377 398 203 670 1037 489 457 386 280 496 1057 588 397 732 853 626 419 627 593 298 467 408 229 426 1024 573 565 167 428 132 924 707 20 811 216 388 646 634 911 412 514 813 318 515 715 877 113 1064 569 350 877 445 181 633 138 485 1138 744 842 297 1074 673 749 368 581 229 0 1048 420 125 230 1083 221 1039 353 355 526 385
687 746 869 800 127 823 939 702 838 1287 418 490 682 1451 433 471 636 835 1298 761 1185 775 820 671 276 516 1099 1190 628 1092 1183 1362 1034 1059 832 834 407 1351 165 1435 1404 253 790 1468 627 670 1127 273 478 708 171 1136 1122 478 1166 1002 258 1175 443 768 942 813 365 681 795 866 1048 0 635 943 852 112 827 156 722 701 951 677
56 290 233 449 641 327 407 95 296 779 732 170 73 901 545 293 126 438 833 182 609 218 207 222 661 253 585 576 8 491 837 831 408 699 215 269 228 794 491 825 793 393 172 844 392 673 513 698 172 72 464 562 531 225 549 473 762 845 539 132 826 585 393 105 375 233 420 635 0 309 272 684 200 649 94 66 455 44
261 362 80 552 942 372 357 263 260 597 989 471 276 713 788 547 334 512 684 228 426 284 152 366 943 496 490 293 316 240 835 671 121 714 136 270 537 608 800 537 535 702 193 562 590 844 236 982 469 236 772 393 290 513 263 396 1052 799 778 179 958 668 667 278 462 103 125 943 309 0 198 986 125 947 232 242 427 270
257 170 197 661 826 495 518 293 62 507 828 439 290 912 624 406 216 632 569 95 623 382 85 199 801 353 672 342 280 240 996 868 210 866 92 398 469 806 730 583 725 635 279 739 647 653 279 841 378 227 685 588 271 497 320 569 918 629 613 209 1061 469 530 181 573 234 230 852 272 198 0 875 123 826 256 227 584 257
738 751 916 895 51 903 1017 760 853 1280 319 555 738 1531 376 475 664 927 1280 788 1258 844 853 684 184 525 1182 1216 677 1115 1285 1446 1067 1158 867 904 462 1429 259 1456 1469 330 848 1526 725 602 1154 170 517 756 234 1209 1141 554 1194 1081 146 1135 388 816 1054 773 355 714 883 917 1083 112 684 986 875 0 865 68 775 749 1034 727
164 256 83 541 819 372 396 187 179 612 864 370 191 816 664 422 208 510 683 108 522 261 40 245 817 370 555 376 208 294 873 764 208 743 30 275 424 709 689 625 656 591 157 687 541 730 313 856 349 134 656 483 337 420 348 449 927 752 654 95 944 573 541 152 452 116 221 827 200 125 123 865 0 824 149 138 462 169
705 696 879 894 29 888 1000 730 801 1219 261 533 708 1515 308 422 619 922 1216 742 1236 822 810 632 121 474 1169 1168 643 1065 1291 1431 1023 1161 823 882 435 1411 269 1405 1440 323 817 1494 727 534 1106 117 479 720 225 1187 1089 540 1146 1065 126 1067 320 780 1078 706 299 671 874 882 1039 156 649 947 826 68 824 0 742 713 1022 693
38 327 153 412 733 263 326 37 297 759 825 239 44 810 636 384 192 390 825 186 516 147 174 277 756 340 502 516 100 441 777 742 344 641 174 187 315 702 572 764 699 475 78 751 393 751 455 793 266 41 551 470 486 280 487 390 856 869 629 56 807 640 487 145 328 144 353 722 94 232 256 775 149 742 0 48 381 50
30 282 167 454 706 310 374 74 261 734 785 232 65 853 594 342 145 435 795 147 559 194 152 229 721 296 550 513 74 431 825 788 344 688 156 235 294 745 558 763 733 459 122 781 421 704 451 758 234 7 530 514 474 282 486 437 824 828 586 67 844 592 449 97 372 169 355 701 66 242 227 749 138 713 48 0 429 31
411 701 389 211 1005 136 69 362 641 1020 1161 494 383 500 990 742 572 155 1111 550 266 237 502 658 1067 707 147 676 457 657 411 411 533 287 492 194 597 403 786 881 518 704 318 615 360 1129 636 1099 600 422 800 223 707 481 648 69 1146 1213 985 396 569 1018 824 526 163 351 526 951 455 427 584 1034 462 1022 381 429 0 421
12 301 193 433 685 298 370 59 290 765 775 202 42 859 587 334 151 416 825 175 566 184 183 242 706 292 548 544 50 463 811 791 374 673 188 231 269 751 530 794 749 432 129 800 392 707 482 742 216 35 505 520 506 250 517 435 806 852 580 91 819 607 437 113 353 189 385 677 44 270 257 727 169 693 50 31 421 0
