0 317 938 1515 168 1139 1274 595 202 233 116 579 497 1337 1028 107
317 0 1000 1296 162 1192 1584 441 409 547 322 335 485 1646 958 210
938 1000 0 2267 909 200 1366 671 1137 1005 1054 856 516 1397 1938 953
1515 1296 2267 0 1435 2446 2707 1611 1424 1664 1428 1425 1756 2773 749 1434
168 162 909 1435 0 1107 1422 456 320 401 219 415 416 1483 1028 76
1139 1192 200 2446 1107 0 1461 838 1336 1201 1255 1025 707 1485 2136 1152
1274 1584 1366 2707 1422 1461 0 1654 1297 1068 1322 1749 1425 67 2050 1380
595 441 671 1611 456 838 1654 0 775 798 674 186 235 1706 1387 531
202 409 1137 1424 320 1336 1297 775 0 240 101 726 698 1363 867 243
233 547 1005 1664 401 1201 1068 798 240 0 253 805 653 1133 1093 338
116 322 1054 1428 219 1255 1322 674 101 253 0 629 602 1386 916 143
579 335 856 1425 415 1025 1749 186 726 805 629 0 384 1805 1236 490
497 485 516 1756 416 707 1425 235 698 653 602 384 0 1476 1435 475
1337 1646 1397 2773 1483 1485 67 1706 1363 1133 1386 1805 1476 0 2117 1442
1028 958 1938 749 1028 2136 2050 1387 867 1093 916 1236 1435 2117 0 989
107 210 953 1434 76 1152 1380 531 243 338 143 490 475 1442 989 0
