0 583 1179 1116 397 974 1590 1091 1179 1139 622 999 1606 837 1101 1591
583 0 604 577 942 1476 1787 1391 604 597 1176 1106 1022 397 915 1853
1179 604 0 447 1508 1991 2038 1917 276 446 1780 1376 459 644 1189 2156
1116 577 447 0 1501 2050 2307 1600 187 22 1638 1623 603 322 767 2394
397 942 1508 1501 0 581 1352 1248 1547 1523 530 892 1954 1232 1474 1309
974 1476 1991 2050 581 0 1072 1693 2073 2071 894 943 2448 1800 2051 949
1590 1787 2038 2307 1352 1072 0 2600 2240 2323 1852 684 2460 2185 2636 209
1091 1391 1917 1600 1248 1693 2600 0 1762 1619 799 2077 2204 1295 968 2553
1179 604 276 187 1547 2073 2240 1762 0 179 1738 1562 453 467 954 2341
1139 597 446 22 1523 2071 2323 1619 179 0 1661 1639 585 344 779 2411
622 1176 1780 1638 530 894 1852 799 1738 1661 0 1422 2183 1323 1344 1782
999 1106 1376 1623 892 943 684 2077 1562 1639 1422 0 1814 1504 1978 781
1606 1022 459 603 1954 2448 2460 2204 453 585 2183 1814 0 915 1340 2590
837 397 644 322 1232 1800 2185 1295 467 344 1323 1504 915 0 576 2247
1101 915 1189 767 1474 2051 2636 968 954 779 1344 1978 1340 576 0 2666
1591 1853 2156 2394 1309 949 209 2553 2341 2411 1782 781 2590 2247 2666 0
