0 974 686 91 770 617 75 1434 436 571 1585 1199 297 771 74 841
974 0 393 889 917 458 911 2405 1409 413 1610 860 741 1705 962 499
686 393 0 595 542 75 614 2109 1100 306 1756 1092 554 1353 652 658
91 889 595 0 704 525 23 1523 520 492 1595 1165 254 837 81 787
770 917 542 704 0 503 705 1971 1023 780 2204 1607 850 1118 699 1170
617 458 75 525 503 0 543 2036 1026 297 1751 1110 505 1278 580 673
75 911 614 23 705 543 0 1502 498 515 1608 1186 275 814 58 810
1434 2405 2109 1523 1971 2036 1502 0 1009 1994 2317 2375 1676 869 1458 2166
436 1409 1100 520 1023 1026 498 1009 0 1007 1789 1557 713 390 450 1248
571 413 306 492 780 297 515 1994 1007 0 1454 827 329 1327 570 391
1585 1610 1756 1595 2204 1751 1608 2317 1789 1454 0 780 1373 2171 1652 1124
1199 860 1092 1165 1607 1110 1186 2375 1557 827 780 0 910 1941 1243 437
297 741 554 254 850 505 275 1676 713 329 1373 910 0 1067 332 543
771 1705 1353 837 1118 1278 814 869 390 1327 2171 1941 1067 0 757 1610
74 962 652 81 699 580 58 1458 450 570 1652 1243 332 757 0 869
841 499 658 787 1170 673 810 2166 1248 391 1124 437 543 1610 869 0
