0 135 1726 1004 1189 1509 794 131 1519 1147 1425 886 708 408 1709 468 498
135 0 1607 912 1323 1374 819 195 1635 1228 1494 751 719 544 1574 604 396
1726 1607 0 818 2877 881 1613 1798 2821 2181 3014 1024 1524 2095 864 2150 1235
1004 912 818 0 2089 1113 806 1106 2011 1385 2403 721 708 1325 1243 1375 517
1189 1323 2877 2089 0 2684 1460 1168 987 1246 1186 2070 1480 788 2887 731 1648
1509 1374 881 1113 2684 0 1814 1516 2934 2387 2477 626 1694 1918 204 1978 1165
794 819 1613 806 1460 1814 0 925 1207 584 2130 1250 123 849 1978 873 697
131 195 1798 1106 1168 1516 925 0 1585 1254 1307 905 840 423 1719 480 590
1519 1635 2821 2011 987 2934 1207 1585 0 661 2147 2319 1303 1187 3117 1143 1769
1147 1228 2181 1385 1246 2387 584 1254 661 0 2205 1802 697 972 2557 958 1238
1425 1494 3014 2403 1186 2477 2130 1307 2147 2205 0 2005 2080 1289 2673 1279 1886
886 751 1024 721 2070 626 1250 905 2319 1802 2005 0 1127 1295 823 1355 563
708 719 1524 708 1480 1694 123 840 1303 697 2080 1127 0 818 1860 849 574
408 544 2095 1325 788 1918 849 423 1187 972 1289 1295 818 0 2118 59 861
1709 1574 864 1243 2887 204 1978 1719 3117 2557 2673 823 1860 2118 0 2178 1348
468 604 2150 1375 731 1978 873 480 1143 958 1279 1355 849 59 2178 0 918
498 396 1235 517 1648 1165 697 590 1769 1238 1886 563 574 861 1348 918 0
