0 931 185 542 15 377 142 446 749 1215 317 1294 568 1062 247 1189
931 0 1022 1389 934 1303 1050 502 591 2088 1212 2195 1284 1325 1156 1816
185 1022 0 382 170 382 254 520 919 1236 191 1173 701 1240 151 1311
542 1389 382 0 530 432 527 889 1291 1125 233 813 881 1508 306 1415
15 934 170 530 0 378 150 445 760 1220 307 1287 581 1078 238 1202
377 1303 382 432 378 0 253 823 1028 856 265 990 452 1097 243 994
142 1050 254 527 150 253 0 579 797 1074 294 1217 448 1002 222 1064
446 502 520 889 445 823 579 0 582 1649 710 1693 910 1185 656 1509
749 591 919 1291 760 1028 797 582 0 1664 1064 2014 825 734 992 1265
1215 2088 1236 1125 1220 856 1074 1649 1664 0 1086 985 838 1312 1090 738
317 1212 191 233 307 265 294 710 1064 1086 0 988 681 1286 73 1256
1294 2195 1173 813 1287 990 1217 1693 2014 985 988 0 1354 2004 1050 1629
568 1284 701 881 581 452 448 910 825 838 681 1354 0 659 627 621
1062 1325 1240 1508 1078 1097 1002 1185 734 1312 1286 2004 659 0 1220 673
247 1156 151 306 238 243 222 656 992 1090 73 1050 627 1220 0 1215
1189 1816 1311 1415 1202 994 1064 1509 1265 738 1256 1629 621 673 1215 0
