0 1447 1363 1566 613 281 690 305 802 1466 1435 191 1235 74 1472 937
1447 0 2739 2460 1781 1168 2043 1323 2033 2413 953 1444 2179 1417 2727 1307
1363 2739 0 1130 1520 1632 696 1416 1443 1023 2781 1470 1956 1422 409 2190
1566 2460 1130 0 2060 1711 1065 1385 2119 120 2885 1752 2654 1640 759 2497
613 1781 1520 2060 0 742 1025 917 252 1948 1403 452 626 567 1767 729
281 1168 1632 1711 742 0 946 327 972 1621 1203 306 1319 249 1711 809
690 2043 696 1065 1025 946 0 719 1056 947 2125 830 1594 757 787 1589
305 1323 1416 1385 917 327 719 0 1106 1297 1513 476 1536 353 1438 1131
802 2033 1443 2119 252 972 1056 1106 0 2002 1623 670 539 770 1737 938
1466 2413 1023 120 1948 1621 947 1297 2002 0 2805 1650 2538 1540 667 2400
1435 953 2781 2885 1403 1203 2125 1513 1623 2805 0 1310 1535 1368 2906 687
191 1444 1470 1752 452 306 830 476 670 1650 1310 0 1061 125 1617 764
1235 2179 1956 2654 626 1319 1594 1536 539 2538 1535 1061 0 1183 2269 895
74 1417 1422 1640 567 249 757 353 770 1540 1368 125 1183 0 1541 863
1472 2727 409 759 1767 1711 787 1438 1737 667 2906 1617 2269 1541 0 2374
937 1307 2190 2497 729 809 1589 1131 938 2400 687 764 895 863 2374 0
