0 271 39 80 1455 462 934 422 519 540 424 1421 1258 1052 1055 109
271 0 234 344 1189 720 959 271 341 511 684 1689 1021 1213 920 332
39 234 0 120 1421 502 919 385 481 515 464 1455 1219 1059 1045 119
80 344 120 0 1518 382 979 502 599 604 344 1359 1339 1052 1069 140
1455 1189 1421 1518 0 1860 1830 1223 1166 1460 1830 2876 872 2290 991 1521
462 720 502 382 1860 0 1209 876 974 922 39 1059 1720 1088 1249 471
934 959 919 979 1830 1209 0 724 724 450 1174 1607 1146 587 1873 839
422 271 385 502 1223 876 724 0 98 276 837 1730 851 1076 1153 410
519 341 481 599 1166 974 724 98 0 298 935 1818 754 1124 1176 508
540 511 515 604 1460 922 450 276 298 0 883 1614 940 831 1422 470
424 684 464 344 1830 39 1174 837 935 883 0 1079 1682 1067 1236 431
1421 1689 1455 1359 2876 1059 1607 1730 1818 1614 1079 0 2550 1089 2302 1361
1258 1021 1219 1339 872 1720 1146 851 754 940 1682 2550 0 1705 1488 1261
1052 1213 1059 1052 2290 1088 587 1076 1124 831 1067 1089 1705 0 2104 943
1055 920 1045 1069 991 1249 1873 1153 1176 1422 1236 2302 1488 2104 0 1162
109 332 119 140 1521 471 839 410 508 470 431 1361 1261 943 1162 0
