0 562 283 171 353 15 28 658 511 33 218 300 675 822 161 629 157 545 818 371 73 313 724 225 721 289 254 429 236 73 415 804 852 695 605 621 506 430 187 117 821 348 131 375 260 755 74 780 331 394 150 490 674 119 376 57 769 199 558 268 565 296 800 391 307 744 664 829 714 19 173 767 161 355 715 131 84 380
562 0 381 732 212 549 550 695 780 595 385 592 857 869 456 799 417 277 1277 192 632 848 860 676 546 537 317 186 501 497 272 1222 1287 1031 534 926 307 826 377 679 1375 910 652 912 756 894 566 1333 784 285 691 882 816 609 881 578 907 520 674 294 281 504 359 804 466 635 774 622 1244 548 483 205 443 283 155 559 624 482
283 381 0 426 243 267 291 789 729 312 75 212 534 620 302 478 141 506 1099 212 353 495 903 306 445 157 125 345 402 260 394 1079 1131 663 679 562 493 691 207 376 1083 589 412 656 391 594 244 980 604 124 433 501 509 267 512 330 952 388 368 162 524 449 709 655 95 815 482 553 876 263 127 572 122 340 532 367 305 148
171 732 426 0 524 183 186 747 541 138 374 359 693 870 313 657 321 703 718 541 105 176 775 218 836 374 421 598 356 240 576 727 765 646 726 595 661 411 358 53 658 177 144 246 187 779 182 613 297 546 107 437 706 167 260 170 816 315 616 439 724 411 964 369 419 860 709 943 560 184 299 938 311 518 886 236 120 485
353 212 243 524 0 341 340 594 611 386 211 447 775 838 245 718 222 263 1077 58 422 651 735 496 586 395 133 102 303 286 160 1031 1093 903 459 804 254 631 166 471 1162 702 440 700 569 830 367 1131 579 219 478 730 746 415 694 366 784 315 602 98 280 319 477 605 339 589 713 683 1052 341 306 416 257 122 362 348 422 384
15 549 267 183 341 0 34 661 520 47 203 290 666 810 158 619 142 538 833 358 88 320 731 223 706 276 239 419 239 67 407 818 867 692 605 616 501 443 176 129 835 360 146 391 262 745 67 791 345 379 165 487 664 116 380 69 777 203 546 255 558 298 792 404 293 744 653 815 722 5 158 754 145 347 702 139 88 366
28 550 291 186 340 34 0 629 485 50 222 324 701 844 135 654 158 522 808 362 82 337 697 254 733 310 249 411 208 53 392 790 840 724 577 649 482 411 173 134 827 363 121 375 288 780 101 799 316 397 148 518 698 148 402 39 742 170 580 260 542 267 779 373 323 716 687 841 737 40 189 755 169 333 702 104 111 396
658 695 789 747 594 661 629 0 284 667 722 930 1305 1409 518 1252 675 425 811 651 667 923 180 884 1180 897 667 531 423 606 443 710 783 1354 170 1276 388 451 587 719 1126 867 603 721 908 1375 728 1278 522 809 640 1148 1290 777 1005 612 220 458 1154 634 428 364 583 471 872 179 1268 1275 1278 666 768 812 719 471 755 530 736 937
511 780 729 541 611 520 485 284 0 506 654 810 1186 1326 427 1140 592 562 551 666 490 710 239 723 1166 792 627 594 328 486 509 466 537 1183 382 1121 511 172 526 530 841 625 411 455 723 1266 585 1010 265 792 436 973 1184 623 798 454 276 341 1062 607 574 293 789 200 791 456 1172 1271 1027 526 664 945 626 501 884 382 570 864
33 595 312 138 386 47 50 667 506 0 250 311 681 834 185 637 190 572 792 405 40 287 725 219 746 305 287 460 250 103 443 781 828 688 622 618 533 415 220 85 787 315 109 344 243 763 85 749 312 426 121 481 683 117 354 55 770 211 572 302 593 309 830 375 330 760 676 855 686 50 197 801 191 384 748 136 68 402
218 385 75 374 211 203 222 722 654 250 0 237 590 688 227 535 67 467 1030 198 291 465 831 291 520 189 78 312 328 187 346 1006 1059 694 619 598 447 616 135 322 1032 544 344 594 371 655 193 952 532 175 368 518 570 228 495 261 880 313 432 116 486 375 688 581 150 758 545 627 858 199 98 585 63 288 540 293 255 216
300 592 212 359 447 290 324 930 810 311 237 0 378 523 411 329 261 705 1077 422 339 349 1016 155 493 55 315 549 511 329 583 1081 1122 457 845 361 685 727 353 328 973 479 419 605 237 455 227 813 621 317 418 289 373 202 336 358 1063 482 262 353 724 567 920 686 128 985 364 597 690 284 163 777 215 524 741 428 260 155
675 857 534 693 775 666 701 1305 1186 681 590 378 0 214 788 57 630 1038 1395 734 704 600 1394 477 464 408 658 875 889 708 929 1418 1450 268 1209 184 1028 1091 720 679 1192 750 785 923 516 88 600 927 981 579 775 322 60 565 533 732 1441 860 182 696 1055 945 1214 1050 441 1348 110 519 764 661 537 997 586 874 980 805 622 391
822 869 620 870 838 810 844 1409 1326 834 688 523 214 0 908 223 742 1091 1584 788 863 799 1518 652 369 534 743 930 1011 840 998 1598 1634 466 1294 396 1091 1250 824 847 1403 948 943 1109 705 140 750 1141 1144 622 940 534 173 724 738 879 1566 988 263 777 1105 1062 1228 1210 540 1427 161 380 978 805 662 970 702 952 966 945 783 472
161 456 302 313 245 158 135 518 427 185 227 411 788 908 0 737 166 390 839 284 208 472 610 377 742 381 207 295 102 93 262 801 860 842 448 760 348 403 104 265 922 486 201 457 421 861 218 925 337 374 244 641 777 272 537 142 658 86 647 197 410 156 651 372 368 588 759 848 870 161 251 658 206 207 600 103 245 439
629 799 478 657 718 619 654 1252 1140 637 535 329 57 223 737 0 577 980 1366 676 661 577 1345 440 422 356 602 818 838 659 872 1384 1418 300 1154 203 971 1050 666 639 1181 726 743 892 485 125 555 930 940 522 735 316 50 522 515 686 1392 811 125 640 997 893 1156 1008 385 1292 79 485 771 614 485 941 533 818 923 758 579 333
157 417 141 321 222 142 158 675 592 190 67 261 630 742 166 577 0 458 963 225 231 431 776 276 587 222 100 315 269 120 330 939 992 711 584 621 431 549 92 268 977 496 278 532 347 700 148 915 465 239 305 523 615 194 472 196 824 250 482 125 478 320 695 514 201 724 594 694 831 139 99 622 45 269 572 226 207 272
545 277 506 703 263 538 522 425 562 572 467 705 1038 1091 390 980 458 0 1099 305 598 858 597 732 804 655 389 162 373 471 130 1025 1095 1162 259 1065 52 652 374 655 1281 874 582 816 793 1091 584 1315 646 469 627 981 1007 637 916 532 643 409 863 351 20 344 264 642 602 359 973 888 1259 539 553 392 500 191 333 478 626 647
818 1277 1099 718 1077 833 808 811 551 792 1030 1077 1395 1584 839 1366 963 1099 0 1122 754 798 678 933 1539 1087 1039 1094 776 843 1021 122 78 1282 933 1265 1046 452 940 750 463 650 687 475 881 1483 872 793 502 1201 671 1097 1416 879 877 769 676 762 1334 1035 1113 775 1338 472 1121 990 1424 1647 899 837 989 1463 977 995 1402 745 822 1192
371 192 212 541 58 358 362 651 666 405 198 422 734 788 284 676 225 305 1122 0 443 656 793 489 528 369 125 142 352 310 214 1079 1140 875 514 774 303 679 192 488 1189 718 470 731 567 785 374 1140 621 166 506 710 702 418 692 392 842 361 558 102 321 373 497 652 306 642 668 625 1054 357 296 397 253 180 347 385 432 343
73 632 353 105 422 88 82 667 490 40 291 339 704 863 208 661 231 598 754 443 0 269 715 232 785 338 327 493 259 136 470 746 791 696 632 631 556 388 255 58 747 281 81 303 241 786 119 718 281 467 82 487 708 139 342 65 758 218 601 341 619 317 858 347 367 768 703 893 663 91 235 838 231 412 784 140 82 439
313 848 495 176 651 320 337 923 710 287 465 349 600 799 472 577 431 858 798 656 269 0 947 198 842 387 530 737 528 387 728 831 856 499 900 468 820 567 493 211 626 149 321 334 112 688 284 486 453 619 283 301 627 238 90 334 986 487 570 557 879 584 1113 527 453 1035 642 943 402 319 371 1051 405 668 1003 408 233 502
724 860 903 775 735 731 697 180 239 725 831 1016 1394 1518 610 1345 776 597 678 793 715 947 0 945 1317 990 787 687 508 686 596 566 638 1411 348 1344 556 405 696 759 1042 864 639 691 953 1470 798 1241 504 942 669 1202 1386 841 1034 670 49 534 1257 759 602 455 763 437 977 341 1369 1417 1265 736 860 988 816 613 930 592 792 1047
225 676 306 218 496 223 254 884 723 219 291 155 477 652 377 440 276 732 933 489 232 198 945 0 649 189 365 592 462 284 603 946 982 469 826 399 702 615 358 201 818 323 313 458 87 562 158 676 503 429 298 264 488 106 206 275 989 425 401 398 753 521 972 573 256 966 491 752 570 218 193 874 239 541 831 355 152 304
721 546 445 836 586 706 733 1180 1166 746 520 493 464 369 742 422 587 804 1539 528 785 842 1317 649 0 465 539 657 838 706 740 1523 1573 721 1039 619 817 1136 640 795 1467 971 852 1080 730 453 667 1284 1049 376 867 681 405 669 817 773 1367 829 324 561 814 876 893 1101 418 1160 355 108 1142 701 549 613 564 708 617 813 721 351
289 537 157 374 395 276 310 897 792 305 189 55 408 534 381 356 222 655 1087 369 338 387 990 189 465 0 265 498 482 306 536 1084 1128 507 804 409 637 719 313 337 1005 508 415 619 275 480 220 859 617 262 420 344 396 208 383 346 1038 457 270 304 674 537 866 680 74 944 380 571 741 271 130 722 177 478 685 410 264 115
254 317 125 421 133 239 249 667 627 287 78 315 658 743 207 602 100 389 1039 125 327 530 787 365 539 265 0 234 298 201 271 1007 1063 772 553 675 372 610 103 368 1075 596 365 624 441 720 249 1015 537 167 397 596 634 292 567 283 836 293 494 38 408 337 610 578 217 690 607 644 928 237 173 521 127 215 472 294 308 273
429 186 345 598 102 419 411 531 594 460 312 549 875 930 295 818 315 162 1094 142 493 737 687 592 657 498 234 0 321 357 90 1037 1102 1005 382 907 162 642 243 546 1217 774 496 750 660 928 454 1210 608 308 539 830 844 505 785 431 735 346 700 197 179 319 379 622 441 504 811 747 1139 420 404 371 354 99 311 396 504 484
236 501 402 356 303 239 208 423 328 250 328 511 889 1011 102 838 269 373 776 352 259 528 508 462 838 482 298 321 0 183 261 728 789 931 373 853 324 328 198 316 909 513 218 443 494 962 305 953 286 465 263 726 878 355 602 196 556 41 749 280 392 59 637 303 470 510 861 943 915 243 352 693 308 222 633 120 318 541
73 497 260 240 286 67 53 606 486 103 187 329 708 840 93 659 120 471 843 310 136 387 686 284 706 306 201 357 183 0 341 819 872 750 541 670 434 431 119 188 879 417 163 423 329 784 125 852 344 357 196 548 701 178 447 82 733 152 576 209 492 241 727 394 306 681 686 814 788 69 177 702 144 282 648 108 155 380
415 272 394 576 160 407 392 443 509 443 346 583 929 998 262 872 330 130 1021 214 470 728 596 603 740 536 271 90 261 341 0 958 1025 1039 300 945 101 568 244 526 1170 748 459 702 663 987 454 1188 545 379 503 854 902 507 785 405 645 292 759 233 151 246 388 552 488 429 871 833 1130 409 428 442 374 61 381 355 496 539
804 1222 1079 727 1031 818 790 710 466 781 1006 1081 1418 1598 801 1384 939 1025 122 1079 746 831 566 946 1523 1084 1007 1037 728 819 958 0 72 1326 842 1300 973 400 905 752 575 689 672 497 902 1505 865 886 475 1172 664 1132 1434 879 915 751 561 719 1342 999 1039 718 1255 429 1111 889 1437 1632 979 823 977 1400 959 938 1339 714 821 1184
852 1287 1131 765 1093 867 840 783 537 828 1059 1122 1450 1634 860 1418 992 1095 78 1140 791 856 638 982 1573 1128 1063 1102 789 872 1025 72 0 1346 914 1325 1042 461 962 793 541 710 721 527 934 1537 911 870 527 1227 709 1157 1468 921 938 801 631 779 1381 1057 1108 782 1326 488 1158 962 1473 1682 974 872 1025 1467 1010 1003 1406 769 864 1230
695 1031 663 646 903 692 724 1354 1183 688 694 457 268 466 842 300 711 1162 1282 875 696 499 1411 469 721 507 772 1005 931 750 1039 1326 1346 0 1288 108 1141 1057 802 653 1007 637 772 833 460 325 626 699 942 746 747 209 327 576 411 744 1454 895 405 810 1181 990 1372 1015 569 1429 374 784 530 687 612 1197 666 979 1170 825 620 549
605 534 679 726 459 605 577 170 382 622 619 845 1209 1294 448 1154 584 259 933 514 632 900 348 826 1039 804 553 382 373 541 300 842 914 1288 0 1202 227 522 492 689 1197 872 584 758 865 1273 667 1303 561 679 627 1089 1188 720 975 569 390 414 1047 517 259 316 421 529 768 140 1161 1130 1281 609 682 642 629 342 585 492 689 827
621 926 562 595 804 616 649 1276 1121 618 598 361 184 396 760 203 621 1065 1265 774 631 468 1344 399 619 409 675 907 853 670 945 1300 1325 108 1202 0 1046 1006 713 594 1026 615 710 802 407 259 549 745 891 641 690 168 239 502 388 673 1388 819 299 714 1084 912 1270 964 467 1343 281 687 581 611 522 1090 575 885 1063 753 552 443
506 307 493 661 254 501 482 388 511 533 447 685 1028 1091 348 971 431 52 1046 303 556 820 556 702 817 637 372 162 324 434 101 973 1042 1141 227 1046 0 599 344 614 1231 830 536 766 760 1084 551 1271 594 469 581 955 1000 604 880 491 602 361 857 334 69 292 313 589 588 342 968 906 1219 503 529 439 475 162 379 432 589 638
430 826 691 411 631 443 411 451 172 415 616 727 1091 1250 403 1050 549 652 452 679 388 567 405 615 1136 719 610 642 328 431 568 400 461 1057 522 1006 599 0 507 414 678 466 307 285 599 1175 501 838 114 776 317 849 1097 527 657 373 436 319 988 599 668 323 901 41 734 616 1091 1244 861 449 600 1011 574 543 950 323 470 808
187 377 207 358 166 176 173 587 526 220 135 353 720 824 104 666 92 374 940 192 255 493 696 358 640 313 103 243 198 119 244 905 962 802 492 713 344 507 0 305 998 536 277 538 420 788 212 968 437 270 314 612 703 264 544 201 745 190 567 95 394 241 620 476 284 632 680 746 895 176 191 582 137 182 528 196 260 351
117 679 376 53 471 129 134 719 530 85 322 328 679 847 265 639 268 655 750 488 58 211 759 201 795 337 368 546 316 188 526 752 793 653 689 594 614 414 305 0 710 231 120 284 193 763 132 664 302 496 97 443 687 128 287 123 802 275 590 385 675 373 914 372 376 825 687 903 605 131 252 884 260 468 832 196 74 445
821 1375 1083 658 1162 835 827 1126 841 787 1032 973 1192 1403 922 1181 977 1281 463 1189 747 626 1042 818 1467 1005 1075 1217 909 879 1170 575 541 1007 1197 1026 1231 678 998 710 0 498 723 467 737 1277 840 370 641 1205 684 870 1230 817 668 797 1056 877 1192 1087 1300 938 1544 667 1064 1294 1253 1569 517 837 956 1579 970 1123 1523 820 778 1121
348 910 589 177 702 360 363 867 625 315 544 479 750 948 486 726 496 874 650 718 281 149 864 323 971 508 596 774 513 417 748 689 710 637 872 615 830 466 536 231 498 0 295 200 248 838 351 440 360 713 250 447 776 322 227 344 899 473 714 615 895 562 1136 429 566 999 790 1076 411 361 461 1115 481 692 1063 398 289 624
131 652 412 144 440 146 121 603 411 109 344 419 785 943 201 743 278 582 687 470 81 321 639 313 852 415 365 496 218 163 459 672 721 772 584 710 536 307 277 120 723 295 0 261 313 868 195 735 202 518 45 563 789 220 402 82 682 178 681 371 602 269 845 266 438 716 784 961 697 151 304 856 290 406 800 104 163 511
375 912 656 246 700 391 375 721 455 344 594 605 923 1109 457 892 532 816 475 731 303 334 691 458 1080 619 624 750 443 423 702 497 527 833 758 802 766 285 538 284 467 200 261 0 407 1010 415 557 199 770 227 635 942 411 421 340 721 409 860 631 835 476 1079 255 661 871 948 1187 576 394 535 1114 535 656 1058 354 359 729
260 756 391 187 569 262 288 908 723 243 371 237 516 705 421 485 347 793 881 567 241 112 953 87 730 275 441 660 494 329 663 902 934 460 865 407 760 599 420 193 737 248 313 407 0 603 209 589 484 515 287 251 535 156 125 298 995 454 465 471 814 553 1040 557 343 1004 545 832 487 259 273 956 314 601 911 378 176 390
755 894 594 779 830 745 780 1375 1266 763 655 455 88 140 861 125 700 1091 1483 785 786 688 1470 562 453 480 720 928 962 784 987 1505 1537 325 1273 259 1084 1175 788 763 1277 838 868 1010 603 0 680 1004 1065 625 859 407 85 647 620 812 1517 936 227 756 1107 1018 1254 1133 505 1410 120 490 840 739 610 1021 657 935 1008 883 704 447
74 566 244 182 367 67 101 728 585 85 193 227 600 750 218 555 148 584 872 374 119 284 798 158 667 220 249 454 305 125 454 865 911 626 667 549 551 501 212 132 840 351 195 415 209 680 0 766 397 364 201 422 600 53 332 131 844 270 486 273 605 364 832 460 248 807 591 775 685 62 119 771 130 392 721 206 61 319
780 1333 980 613 1131 791 799 1278 1010 749 952 813 927 1141 925 930 915 1315 793 1140 718 486 1241 676 1284 859 1015 1210 953 852 1188 886 870 699 1303 745 1271 838 968 664 370 440 735 557 589 1004 766 0 756 1104 690 616 975 724 476 783 1268 913 974 1039 1335 999 1576 811 930 1424 1008 1376 169 791 858 1536 891 1131 1488 838 709 968
331 784 604 297 579 345 316 522 265 312 532 621 981 1144 337 940 465 646 502 621 281 453 504 503 1049 617 537 608 286 344 545 475 527 942 561 891 594 114 437 302 641 360 202 199 484 1065 397 756 0 700 205 734 988 420 543 276 539 264 883 532 664 302 906 73 638 672 984 1157 763 350 504 979 484 508 919 242 361 712
394 285 124 546 219 379 397 809 792 426 175 317 579 622 374 522 239 469 1201 166 467 619 942 429 376 262 167 308 465 357 379 1172 1227 746 679 641 469 776 270 496 1205 713 518 770 515 625 364 1104 700 0 544 604 543 391 634 435 991 460 399 185 484 500 635 743 188 808 506 479 997 375 251 460 236 339 426 457 426 197
150 691 433 107 478 165 148 640 436 121 368 418 775 940 244 735 305 627 671 506 82 283 669 298 867 420 397 539 263 196 503 664 709 747 627 690 581 317 314 97 684 250 45 227 287 859 201 690 205 544 0 538 782 216 367 113 710 223 680 405 647 314 890 275 450 758 780 976 653 169 318 895 311 450 840 149 157 521
490 882 501 437 730 487 518 1148 973 481 518 289 322 534 641 316 523 981 1097 710 487 301 1202 264 681 344 596 830 726 548 854 1132 1157 209 1089 168 955 849 612 443 870 447 563 635 251 407 422 616 734 604 538 0 363 371 220 537 1245 689 361 633 1000 786 1206 807 416 1230 392 766 464 483 427 1064 480 793 1029 618 412 419
674 816 509 706 746 664 698 1290 1184 683 570 373 60 173 777 50 615 1007 1416 702 708 627 1386 488 405 396 634 844 878 701 902 1434 1468 327 1188 239 1000 1097 703 687 1230 776 789 942 535 85 600 975 988 543 782 363 0 569 565 731 1434 852 144 671 1023 933 1174 1055 419 1325 50 458 814 658 526 949 572 850 934 801 626 362
119 609 267 167 415 116 148 777 623 117 228 202 565 724 272 522 194 637 879 418 139 238 841 106 669 208 292 505 355 178 507 879 921 576 720 502 604 527 264 128 817 322 220 411 156 647 53 724 420 391 216 371 569 0 280 171 886 318 464 319 658 415 884 486 251 860 564 776 637 111 139 812 167 445 765 250 58 317
376 881 512 260 694 380 402 1005 798 354 495 336 533 738 537 515 472 916 877 692 342 90 1034 206 817 383 567 785 602 447 785 915 938 411 975 388 880 657 544 287 668 227 402 421 125 620 332 476 543 634 367 220 565 280 0 405 1074 561 525 597 937 659 1164 616 455 1111 585 914 364 378 397 1080 439 724 1036 482 291 492
57 578 330 170 366 69 39 612 454 55 261 358 732 879 142 686 196 532 769 392 65 334 670 275 773 346 283 431 196 82 405 751 801 744 569 673 491 373 201 123 797 344 82 340 298 812 131 783 276 435 113 537 731 171 405 0 715 156 616 291 553 255 793 334 362 707 722 881 729 75 227 783 208 348 728 81 124 435
769 907 952 816 784 777 742 220 276 770 880 1063 1441 1566 658 1392 824 643 676 842 758 986 49 989 1367 1038 836 735 556 733 645 561 631 1454 390 1388 602 436 745 802 1056 899 682 721 995 1517 844 1268 539 991 710 1245 1434 886 1074 715 0 581 1305 808 646 504 800 470 1026 370 1417 1467 1297 782 908 1032 864 662 974 638 836 1095
199 520 388 315 315 203 170 458 341 211 313 482 860 988 86 811 250 409 762 361 218 487 534 425 829 457 293 346 41 152 292 719 779 895 414 819 361 319 190 275 877 473 178 409 454 936 270 913 264 460 223 689 852 318 561 156 581 0 725 280 428 98 673 291 450 550 837 935 874 208 327 716 286 248 657 79 279 522
558 674 368 616 602 546 580 1154 1062 572 432 262 182 263 647 125 482 863 1334 558 601 570 1257 401 324 270 494 700 749 576 759 1342 1381 405 1047 299 857 988 567 590 1192 714 681 860 465 227 486 974 883 399 680 361 144 464 525 616 1305 725 0 530 880 802 1032 947 282 1184 113 405 825 541 399 816 441 708 797 681 522 220
268 294 162 439 98 255 260 634 607 302 116 353 696 777 197 640 125 351 1035 102 341 557 759 398 561 304 38 197 280 209 233 999 1057 810 517 714 334 599 95 385 1087 615 371 631 471 756 273 1039 532 185 405 633 671 319 597 291 808 280 530 0 370 314 575 569 255 654 643 665 956 254 208 499 159 178 448 291 330 310
565 281 524 724 280 558 542 428 574 593 486 724 1055 1105 410 997 478 20 1113 321 619 879 602 753 814 674 408 179 392 492 151 1039 1108 1181 259 1084 69 668 394 675 1300 895 602 835 814 1107 605 1335 664 484 647 1000 1023 658 937 553 646 428 880 370 0 362 244 659 620 353 989 897 1280 560 573 386 520 212 327 498 647 664
296 504 449 411 319 298 267 364 293 309 375 567 945 1062 156 893 320 344 775 373 317 584 455 521 876 537 337 319 59 241 246 718 782 990 316 912 292 323 241 373 938 562 269 476 553 1018 364 999 302 500 314 786 933 415 659 255 504 98 802 314 362 0 605 306 521 451 914 980 967 303 408 687 361 220 627 177 377 591
800 359 709 964 477 792 779 583 789 830 688 920 1214 1228 651 1156 695 264 1338 497 858 1113 763 972 893 866 610 379 637 727 388 1255 1326 1372 421 1270 313 901 620 914 1544 1136 845 1079 1040 1254 832 1576 906 635 890 1206 1174 884 1164 793 800 673 1032 575 244 605 0 896 803 441 1134 955 1515 793 783 316 733 445 285 741 879 831
391 804 655 369 605 404 373 471 200 375 581 686 1050 1210 372 1008 514 642 472 652 347 527 437 573 1101 680 578 622 303 394 552 429 488 1015 529 964 589 41 476 372 667 429 266 255 557 1133 460 811 73 743 275 807 1055 486 616 334 470 291 947 569 659 306 896 0 696 630 1051 1209 828 410 562 993 537 523 932 287 429 770
307 466 95 419 339 293 323 872 791 330 150 128 441 540 368 385 201 602 1121 306 367 453 977 256 418 74 217 441 470 306 488 1111 1158 569 768 467 588 734 284 376 1064 566 438 661 343 505 248 930 638 188 450 416 419 251 455 362 1026 450 282 255 620 521 803 696 0 906 395 526 815 287 134 648 164 433 613 415 302 74
744 635 815 860 589 744 716 179 456 760 758 985 1348 1427 588 1292 724 359 990 642 768 1035 341 966 1160 944 690 504 510 681 429 889 962 1429 140 1343 342 616 632 825 1294 999 716 871 1004 1410 807 1424 672 808 758 1230 1325 860 1111 707 370 550 1184 654 353 451 441 630 906 0 1297 1247 1409 748 822 711 769 476 659 628 827 964
664 774 482 709 713 653 687 1268 1172 676 545 364 110 161 759 79 594 973 1424 668 703 642 1369 491 355 380 607 811 861 686 871 1437 1473 374 1161 281 968 1091 680 687 1253 790 784 948 545 120 591 1008 984 506 780 392 50 564 585 722 1417 837 113 643 989 914 1134 1051 395 1297 0 410 850 648 509 903 553 821 889 789 623 333
829 622 553 943 683 815 841 1275 1271 855 627 597 519 380 848 485 694 888 1647 625 893 943 1417 752 108 571 644 747 943 814 833 1632 1682 784 1130 687 906 1244 746 903 1569 1076 961 1187 832 490 775 1376 1157 479 976 766 458 776 914 881 1467 935 405 665 897 980 955 1209 526 1247 410 0 1230 810 658 659 673 805 672 921 829 458
714 1244 876 560 1052 722 737 1278 1027 686 858 690 764 978 870 771 831 1259 899 1054 663 402 1265 570 1142 741 928 1139 915 788 1130 979 974 530 1281 581 1219 861 895 605 517 411 697 576 487 840 685 169 763 997 653 464 814 637 364 729 1297 874 825 956 1280 967 1515 828 815 1409 850 1230 0 721 761 1444 801 1070 1399 795 635 844
19 548 263 184 341 5 40 666 526 50 199 284 661 805 161 614 139 539 837 357 91 319 736 218 701 271 237 420 243 69 409 823 872 687 609 611 503 449 176 131 837 361 151 394 259 739 62 791 350 375 169 483 658 111 378 75 782 208 541 254 560 303 793 410 287 748 648 810 721 0 153 753 141 349 701 144 86 361
173 483 127 299 306 158 189 768 664 197 98 163 537 662 251 485 99 553 989 296 235 371 860 193 549 130 173 404 352 177 428 977 1025 612 682 522 529 600 191 252 956 461 304 535 273 610 119 858 504 251 318 427 526 139 397 227 908 327 399 208 573 408 783 562 134 822 509 658 761 153 0 682 53 367 638 284 179 208
767 205 572 938 416 754 755 812 945 801 585 777 997 970 658 941 622 392 1463 397 838 1051 988 874 613 722 521 371 693 702 442 1400 1467 1197 642 1090 439 1011 582 884 1579 1115 856 1114 956 1021 771 1536 979 460 895 1064 949 812 1080 783 1032 716 816 499 386 687 316 993 648 711 903 659 1444 753 682 0 645 470 61 761 829 650
161 443 122 311 257 145 169 719 626 191 63 215 586 702 206 533 45 500 977 253 231 405 816 239 564 177 127 354 308 144 374 959 1010 666 629 575 475 574 137 260 970 481 290 535 314 657 130 891 484 236 311 480 572 167 439 208 864 286 441 159 520 361 733 537 164 769 553 673 801 141 53 645 0 313 598 252 192 237
355 283 340 518 122 347 333 471 501 384 288 524 874 952 207 818 269 191 995 180 412 668 613 541 708 478 215 99 222 282 61 938 1003 979 342 885 162 543 182 468 1123 692 406 656 601 935 392 1131 508 339 450 793 850 445 724 348 662 248 708 178 212 220 445 523 433 476 821 805 1070 349 367 470 313 0 410 304 435 488
715 155 532 886 362 702 702 755 884 748 540 741 980 966 600 923 572 333 1402 347 784 1003 930 831 617 685 472 311 633 648 381 1339 1406 1170 585 1063 379 950 528 832 1523 1063 800 1058 911 1008 721 1488 919 426 840 1029 934 765 1036 728 974 657 797 448 327 627 285 932 613 659 889 672 1399 701 638 61 598 410 0 703 779 621
131 559 367 236 348 139 104 530 382 136 293 428 805 945 103 758 226 478 745 385 140 408 592 355 813 410 294 396 120 108 355 714 769 825 492 753 432 323 196 196 820 398 104 354 378 883 206 838 242 457 149 618 801 250 482 81 638 79 681 291 498 177 741 287 415 628 789 921 795 144 284 761 252 304 703 0 205 489
84 624 305 120 422 88 111 736 570 68 255 260 622 783 245 579 207 626 822 432 82 233 792 152 721 264 308 504 318 155 496 821 864 620 689 552 589 470 260 74 778 289 163 359 176 704 61 709 361 426 157 412 626 58 291 124 836 279 522 330 647 377 879 429 302 827 623 829 635 86 179 829 192 435 779 205 0 371
380 482 148 485 384 366 396 937 864 402 216 155 391 472 439 333 272 647 1192 343 439 502 1047 304 351 115 273 484 541 380 539 1184 1230 549 827 443 638 808 351 445 1121 624 511 729 390 447 319 968 712 197 521 419 362 317 492 435 1095 522 220 310 664 591 831 770 74 964 333 458 844 361 208 650 237 488 621 489 371 0
