0 983 1359 772 523 1565 194 1120 1305 1224 1552 1290 806 561 936 1031
983 0 2010 1699 1177 2548 923 2101 2250 674 2481 493 955 723 1919 287
1359 2010 0 1589 1811 1563 1554 1218 1781 1730 972 1993 1095 1288 1297 1857
772 1699 1589 0 614 954 777 648 551 1995 1262 2056 1509 1320 420 1792
523 1177 1811 614 0 1565 371 1208 1144 1619 1772 1603 1314 1034 979 1334
1565 2548 1563 954 1565 0 1648 467 554 2683 698 2819 2068 2001 629 2575
194 923 1554 777 371 1648 0 1224 1327 1272 1702 1291 944 662 1020 1024
1120 2101 1218 648 1208 467 1224 0 573 2215 624 2355 1603 1535 232 2115
1305 2250 1781 551 1144 554 1327 573 0 2514 1131 2594 1976 1828 506 2334
1224 674 1730 1995 1619 2683 1272 2215 2514 0 2436 305 665 689 2086 387
1552 2481 972 1262 1772 698 1702 624 1131 2436 0 2636 1773 1815 842 2430
1290 493 1993 2056 1603 2819 1291 2355 2594 305 2636 0 902 828 2203 268
806 955 1095 1509 1314 2068 944 1603 1976 665 1773 902 0 315 1507 767
561 723 1288 1320 1034 2001 662 1535 1828 689 1815 828 315 0 1398 615
936 1919 1297 420 979 629 1020 232 506 2086 842 2203 1507 1398 0 1954
1031 287 1857 1792 1334 2575 1024 2115 2334 387 2430 268 767 615 1954 0
