0 1245 1300 1023 1392 1141 962 490 1687 61 148 1634 294 731 1040 1132 1509
1245 0 2374 2047 2637 2380 1464 788 2278 1209 1393 1973 1047 1706 1830 1173 2126
1300 2374 0 1705 991 725 1098 1755 1013 1361 1187 1330 1359 1652 1991 2407 917
1023 2047 1705 0 1085 1085 1916 1290 2477 1010 947 2548 1315 341 404 1235 2312
1392 2637 991 1085 0 322 1808 1866 1989 1429 1244 2245 1623 1236 1477 2193 1871
1141 2380 725 1085 322 0 1486 1628 1694 1186 993 1930 1346 1145 1439 2057 1567
962 1464 1098 1916 1808 1486 0 1144 836 1007 984 675 758 1671 1997 1975 670
490 788 1755 1290 1866 1628 1144 0 1962 442 636 1801 423 950 1145 837 1787
1687 2278 1013 2477 1989 1694 836 1962 0 1742 1655 451 1553 2309 2656 2777 177
61 1209 1361 1010 1429 1186 1007 442 1742 0 194 1681 306 706 1004 1071 1565
148 1393 1187 947 1244 993 984 636 1655 194 0 1642 410 687 1019 1223 1479
1634 1973 1330 2548 2245 1930 675 1801 451 1681 1642 0 1432 2328 2662 2638 434
294 1047 1359 1315 1623 1346 758 423 1553 306 410 1432 0 1012 1300 1225 1376
731 1706 1652 341 1236 1145 1671 950 2309 706 687 2328 1012 0 349 968 2137
1040 1830 1991 404 1477 1439 1997 1145 2656 1004 1019 2662 1300 349 0 873 2483
1132 1173 2407 1235 2193 2057 1975 837 2777 1071 1223 2638 1225 968 873 0 2600
1509 2126 917 2312 1871 1567 670 1787 177 1565 1479 434 1376 2137 2483 2600 0
