0 1398 1509 685 634 772 753 1271 688 1547 556 717 271 1636 101 1342 451
1398 0 2754 807 2031 1059 951 1538 1228 2309 1348 1585 1297 391 1498 1149 1502
1509 2754 0 1947 1031 1742 2262 1652 1559 2568 1411 1199 1758 2860 1417 2072 1254
685 807 1947 0 1282 341 745 957 460 2024 547 794 716 970 771 796 695
634 2031 1031 1282 0 1257 1325 1558 1106 1588 923 904 812 2251 533 1786 716
772 1059 1742 341 1257 0 1064 622 183 2258 354 544 907 1118 827 569 560
753 951 2262 745 1325 1064 0 1685 1115 1383 1098 1338 514 1309 845 1532 1116
1271 1538 1652 957 1558 622 1685 0 599 2814 716 654 1470 1454 1288 474 878
688 1228 1559 460 1106 183 1115 599 0 2219 184 362 871 1301 723 683 394
1547 2309 2568 2024 1588 2258 1383 2814 2219 0 2103 2249 1351 2684 1549 2808 1983
556 1348 1411 547 923 354 1098 716 184 2103 0 254 775 1456 572 863 210
717 1585 1199 794 904 544 1338 654 362 2249 254 0 969 1662 700 937 267
271 1297 1758 716 812 907 514 1470 871 1351 775 969 0 1586 345 1467 710
1636 391 2860 970 2251 1118 1309 1454 1301 2684 1456 1662 1586 0 1730 1003 1640
101 1498 1417 771 533 827 845 1288 723 1549 572 700 345 1730 0 1393 433
1342 1149 2072 796 1786 569 1532 474 683 2808 863 937 1467 1003 1393 0 1070
451 1502 1254 695 716 560 1116 878 394 1983 210 267 710 1640 433 1070 0
