0 1413 127 1150 1524 848 1390 1228 1216 968 1633 169 1192 1545 1639 1261
1413 0 1447 1506 1532 1751 1959 457 2349 2301 1884 1293 1861 2956 501 155
127 1447 0 1044 1648 722 1515 1223 1100 1013 1760 154 1068 1511 1635 1299
1150 1506 1044 0 2465 554 2501 1061 1100 1987 2673 1005 401 2145 1343 1429
1524 1532 1648 2465 0 2344 666 1801 2732 1761 381 1577 2645 2679 2027 1438
848 1751 722 554 2344 0 2235 1367 615 1508 2479 767 368 1591 1730 1636
1390 1959 1515 2501 666 2235 0 2105 2485 1250 410 1507 2582 2178 2417 1831
1228 457 1223 1061 1801 1367 2105 0 1980 2184 2115 1075 1431 2720 412 426
1216 2349 1100 1100 2732 615 2485 1980 0 1472 2795 1210 739 1187 2345 2226
968 2301 1013 1987 1761 1508 1250 2184 1472 0 1645 1135 1871 930 2590 2146
1633 1884 1760 2673 381 2479 410 2115 2795 1645 0 1720 2807 2576 2372 1779
169 1293 154 1005 1577 767 1507 1075 1210 1135 1720 0 1087 1666 1487 1145
1192 1861 1068 401 2645 368 2582 1431 739 1871 2807 1087 0 1866 1737 1768
1545 2956 1511 2145 2679 1591 2178 2720 1187 930 2576 1666 1866 0 3130 2806
1639 501 1635 1343 2027 1730 2417 412 2345 2590 2372 1487 1737 3130 0 593
1261 155 1299 1429 1438 1636 1831 426 2226 2146 1779 1145 1768 2806 593 0
