0 712 20 422 807 786 161 681 58 33 331 577 159 646 673 235 398 225 234 459 754 282 121 803 261 786 177 9 258 457 403 250 343 736 26 858 397 835 90 396 259 236 348 538 844 714 455 280 783 496 743 481 673 654 179 832 119 502 368 743 630 401 327 611 815 398 405 635 384 469 649 716 623 398 114 397 616 70
712 0 712 336 1180 1473 678 320 765 742 381 469 570 1312 82 755 874 937 499 612 1394 444 654 1423 678 1469 889 716 465 527 1109 888 768 1223 701 807 1011 1422 622 524 467 886 978 214 224 887 929 955 149 529 314 250 805 1197 718 532 604 1144 1045 1378 1332 870 660 561 1437 714 680 1027 555 246 274 504 1028 905 709 1077 126 716
20 712 0 415 828 795 141 671 53 30 331 563 151 658 674 256 377 228 241 476 768 287 139 817 241 779 182 13 263 472 400 234 322 718 10 875 414 820 94 381 253 222 365 542 848 734 434 269 786 512 751 484 693 637 200 845 127 490 380 757 637 422 307 626 802 418 424 614 367 467 656 730 644 418 135 408 618 49
422 336 415 0 1081 1209 351 270 466 446 146 250 264 1063 334 547 538 643 279 546 1163 238 408 1205 341 1140 598 424 244 478 796 560 432 894 405 881 786 1085 342 202 164 559 743 270 531 860 595 631 455 504 519 222 789 861 494 701 340 810 786 1150 1053 702 325 594 1100 591 569 706 230 119 428 618 904 723 460 816 294 407
807 1180 828 1081 0 761 968 1340 824 818 935 1314 909 610 1101 577 1187 780 806 568 561 843 726 526 1068 1233 765 815 838 654 912 988 1149 1465 833 580 489 1456 820 1163 952 969 532 970 1150 338 1235 955 1140 651 965 955 412 1357 638 849 794 1136 618 543 775 406 1130 649 1390 490 516 1419 1162 1037 934 770 184 411 699 625 1054 877
786 1473 795 1209 761 0 899 1466 748 765 1102 1344 946 178 1418 729 949 576 974 979 204 1029 820 260 974 593 614 786 1009 1042 508 754 984 1041 806 1238 483 906 867 1158 1044 741 504 1273 1556 983 962 675 1511 1068 1407 1225 1015 923 757 1398 876 701 428 220 177 679 1040 1144 813 847 884 1110 1137 1242 1332 1285 700 633 765 396 1360 814
161 678 141 351 968 899 0 577 164 159 318 445 129 776 656 392 267 322 288 576 892 314 255 945 100 790 289 154 293 554 449 210 191 630 135 974 552 772 168 259 216 208 501 543 845 856 328 280 775 593 777 482 808 566 333 902 207 468 503 882 731 561 166 707 771 539 539 497 239 434 680 793 783 560 270 527 605 97
681 320 671 270 1340 1466 577 0 718 700 410 189 521 1327 378 817 684 892 547 786 1430 502 677 1473 530 1333 851 680 511 709 1025 770 585 991 660 1072 1055 1221 607 336 430 775 1012 420 543 1095 727 849 469 727 618 406 1018 990 764 832 609 994 1048 1417 1304 970 483 796 1255 849 823 780 366 306 554 780 1167 993 728 1077 380 653
58 765 53 466 824 748 164 718 0 25 384 602 201 616 728 265 366 176 292 509 729 340 174 781 260 728 133 51 316 512 347 199 326 692 63 906 389 780 147 417 305 184 338 595 901 752 420 222 839 551 801 537 716 605 215 889 177 446 340 719 587 422 328 665 758 440 450 603 401 521 707 773 641 413 154 366 671 68
33 742 30 446 818 765 159 700 25 0 361 589 181 630 703 252 378 197 267 488 741 314 151 791 257 753 152 26 291 489 371 220 331 710 41 886 393 803 122 406 284 205 343 570 876 737 433 247 814 528 776 512 699 625 199 865 152 469 353 730 606 414 325 642 782 422 431 615 391 498 682 749 634 407 136 380 647 61
331 381 331 146 935 1102 318 410 384 361 0 390 196 948 345 412 559 556 139 403 1041 92 284 1078 351 1099 508 335 102 341 730 523 458 926 321 757 659 1088 241 291 104 518 620 225 528 718 620 582 460 371 464 164 649 875 363 615 226 785 675 1027 955 560 363 470 1090 444 422 760 308 140 367 518 759 584 339 706 290 339
577 469 563 250 1314 1344 445 189 602 589 390 0 427 1219 506 756 505 768 508 794 1331 477 606 1380 377 1162 733 574 477 728 877 617 412 802 553 1129 971 1035 521 186 362 624 924 496 692 1109 544 698 615 755 730 459 1038 803 697 930 534 822 942 1320 1176 921 319 843 1072 829 810 591 208 348 649 858 1133 936 649 969 487 534
159 570 151 264 909 946 129 521 201 181 196 427 0 805 540 336 391 378 163 465 911 185 184 957 194 903 334 159 164 434 539 327 303 757 140 858 544 900 94 256 104 322 497 419 724 760 453 386 657 472 649 359 705 695 275 774 115 590 527 899 788 506 238 585 897 449 442 614 252 324 552 666 725 514 222 556 486 146
646 1312 658 1063 610 178 776 1327 616 630 948 1219 805 0 1254 560 869 457 816 802 130 870 664 199 860 654 486 648 852 867 449 661 887 1023 668 1062 309 933 721 1034 899 646 335 1107 1386 809 893 589 1343 892 1233 1062 837 904 593 1219 725 672 278 130 176 501 929 966 849 670 707 1057 1016 1087 1160 1107 529 455 609 250 1196 684
673 82 674 334 1101 1418 656 378 728 703 345 506 540 1254 0 694 871 895 449 535 1331 395 603 1358 668 1443 846 678 417 449 1074 865 765 1228 664 726 949 1415 582 533 441 861 919 146 197 805 928 927 121 450 241 194 723 1194 661 458 559 1125 991 1315 1283 801 658 478 1424 641 606 1038 562 225 193 423 952 837 658 1023 58 684
235 755 256 547 577 729 392 817 265 252 412 756 336 560 694 0 630 312 273 291 638 324 151 670 491 900 270 244 310 330 507 457 578 953 259 665 255 1015 243 592 396 440 225 547 827 489 685 456 782 363 684 504 460 860 61 712 222 675 312 623 610 171 553 463 978 187 208 867 588 544 604 593 392 179 122 344 637 306
398 874 377 538 1187 949 267 684 366 378 559 505 391 869 871 630 0 434 554 842 997 575 512 1060 208 660 430 388 555 822 442 212 106 367 377 1241 724 548 433 358 455 230 674 779 1067 1112 61 279 993 860 1023 719 1069 322 577 1164 473 323 633 992 771 789 214 975 572 795 799 237 326 647 926 1057 1006 776 512 647 826 328
225 937 228 643 780 576 322 892 176 197 556 768 378 457 895 312 434 0 449 599 579 501 304 637 403 593 50 221 478 624 198 222 434 685 238 976 297 711 314 581 481 203 249 758 1061 784 471 175 1003 661 947 702 766 579 292 1009 336 372 199 571 412 416 471 768 668 498 520 652 561 694 857 891 610 388 257 217 838 239
234 499 241 279 806 974 288 547 292 267 139 508 163 816 449 273 554 449 0 310 905 54 154 941 357 1021 400 241 36 271 637 466 466 918 233 697 522 1050 147 372 151 456 484 308 612 617 616 510 553 309 509 254 556 852 225 615 115 727 546 890 834 423 394 422 1039 321 305 777 379 272 415 505 627 445 210 578 391 267
459 612 476 546 568 979 576 786 509 488 403 794 465 802 535 291 842 599 310 0 850 322 337 863 659 1191 554 469 329 85 797 708 765 1194 474 399 497 1288 408 679 458 694 487 402 612 314 902 725 587 94 440 389 247 1113 309 425 369 949 591 832 883 303 702 172 1258 131 95 1074 688 480 384 308 418 348 359 620 486 521
754 1394 768 1163 561 204 892 1430 729 741 1041 1331 911 130 1331 638 997 579 905 850 0 958 757 70 979 764 603 756 941 922 580 788 1012 1153 777 1066 383 1055 823 1147 1000 772 421 1184 1450 808 1022 718 1413 943 1289 1143 848 1034 679 1254 822 802 389 19 290 547 1048 1005 968 719 757 1188 1131 1178 1222 1146 520 504 704 364 1274 798
282 444 287 238 843 1029 314 502 340 314 92 477 185 870 395 324 575 501 54 322 958 0 209 994 372 1066 452 288 23 270 686 504 482 942 278 695 575 1084 192 357 139 496 538 256 561 635 637 553 501 304 468 201 569 881 279 588 165 767 601 944 888 468 400 413 1077 353 332 791 368 219 371 482 666 493 264 632 337 308
121 654 139 408 726 820 255 677 174 151 284 606 184 664 603 151 512 304 154 337 757 209 0 797 351 890 254 131 189 338 498 371 446 857 137 736 378 955 93 440 249 357 336 461 760 601 570 396 705 377 643 408 556 775 91 717 71 620 391 744 679 321 408 490 931 284 287 748 436 423 552 600 541 331 55 423 545 185
803 1423 817 1205 526 260 945 1473 781 791 1078 1380 957 199 1358 670 1060 637 941 863 70 994 797 0 1035 832 659 805 977 939 648 850 1071 1222 827 1054 419 1125 867 1198 1043 834 461 1212 1470 795 1087 782 1435 957 1304 1173 841 1103 715 1257 864 872 442 69 360 564 1104 1012 1038 735 773 1254 1183 1213 1241 1153 508 523 745 420 1302 850
261 678 241 341 1068 974 100 530 260 257 351 377 194 860 668 491 208 403 357 659 979 372 351 1035 0 808 376 254 354 629 500 241 109 575 235 1053 649 746 260 195 247 247 598 571 863 948 268 322 790 666 815 511 896 527 432 958 295 472 592 971 802 661 69 779 759 632 630 420 168 443 718 854 883 660 369 615 621 196
786 1469 779 1140 1233 593 790 1333 728 753 1099 1162 903 654 1443 900 660 593 1021 1191 764 1066 890 832 808 0 641 779 1043 1217 395 580 750 546 788 1555 778 335 874 997 1003 583 754 1319 1625 1338 634 516 1559 1254 1529 1259 1335 448 885 1603 905 339 644 772 478 966 849 1361 233 1082 1108 700 967 1224 1435 1484 1104 926 848 626 1389 761
177 889 182 598 765 614 289 851 133 152 508 733 334 486 846 270 430 50 400 554 603 452 254 659 376 641 0 175 429 576 246 223 419 705 193 936 293 746 266 547 436 205 243 708 1011 750 473 195 953 614 897 652 728 603 246 961 286 406 216 595 454 388 445 722 707 457 478 656 529 647 807 843 590 365 208 239 789 200
9 716 13 424 815 786 154 680 51 26 335 574 159 648 678 244 388 221 241 469 756 288 131 805 254 779 175 0 265 467 397 240 335 727 21 867 402 825 96 393 260 227 352 544 850 723 445 271 788 506 750 486 683 644 188 841 126 493 369 745 629 409 320 620 806 408 415 625 380 473 656 725 631 406 123 397 621 61
258 465 263 244 838 1009 293 511 316 291 102 477 164 852 417 310 555 478 36 329 941 23 189 977 354 1043 429 265 0 282 662 481 463 922 255 708 559 1062 169 350 129 472 521 280 585 640 617 529 525 317 491 223 576 859 262 609 142 743 581 927 867 458 385 428 1054 351 332 773 359 236 395 501 660 481 244 612 360 284
457 527 472 478 654 1042 554 709 512 489 341 728 434 867 449 330 822 624 271 85 922 270 338 939 629 1217 576 467 282 0 822 707 737 1181 468 426 558 1292 393 626 409 694 543 317 532 386 883 734 504 39 367 307 312 1107 332 385 353 958 640 905 936 375 665 154 1269 204 166 1048 638 402 303 266 503 418 371 671 400 512
403 1109 400 796 912 508 449 1025 347 371 730 877 539 449 1074 507 442 198 637 797 580 686 498 648 500 395 246 397 662 822 0 261 487 581 410 1167 426 545 494 694 643 253 390 942 1248 963 454 179 1186 859 1141 884 952 463 490 1208 521 231 293 579 330 590 559 966 488 691 715 610 669 863 1049 1089 757 554 454 288 1018 393
250 888 234 560 988 754 210 770 199 220 523 617 327 661 865 457 212 222 466 708 788 504 371 850 241 580 223 240 481 707 261 0 230 495 239 1106 515 586 321 436 424 18 466 747 1051 947 250 82 983 746 972 686 914 405 412 1078 358 262 420 782 578 601 298 861 572 637 649 433 409 644 876 963 811 583 353 435 813 198
343 768 322 432 1149 984 191 585 326 331 458 412 303 887 765 578 106 434 466 765 1012 482 446 1071 109 750 419 335 463 737 487 230 0 468 319 1161 707 654 359 254 355 243 656 675 961 1047 163 311 887 775 922 616 999 429 521 1068 397 410 633 1005 808 744 108 888 676 731 730 311 223 541 825 964 965 738 456 652 720 273
736 1223 718 894 1465 1041 630 991 692 710 926 802 757 1023 1228 953 367 685 918 1194 1153 942 857 1222 575 546 705 727 922 1181 581 495 468 0 720 1594 978 267 789 698 822 513 933 1144 1425 1443 306 511 1350 1221 1390 1085 1408 119 907 1531 828 351 858 1154 876 1093 570 1336 347 1132 1141 216 668 1007 1293 1423 1295 1070 846 860 1186 673
26 701 10 405 833 806 135 660 63 41 321 553 140 668 664 259 377 238 233 474 777 278 137 827 235 788 193 21 255 468 410 239 319 720 0 873 423 825 86 371 242 227 374 533 839 735 434 277 776 507 743 474 693 640 202 839 120 496 390 766 647 427 300 622 808 418 423 613 358 457 648 724 648 424 137 418 608 48
858 807 875 881 580 1238 974 1072 906 886 757 1129 858 1062 726 665 1241 976 697 399 1066 695 736 1054 1053 1555 936 867 708 426 1167 1106 1161 1594 873 0 798 1679 808 1047 834 1090 808 651 687 259 1301 1117 708 390 509 673 226 1511 697 319 768 1339 920 1047 1185 594 1091 287 1644 478 459 1471 1062 784 533 303 546 638 753 944 702 920
397 1011 414 786 489 483 552 1055 389 393 659 971 544 309 949 255 724 297 522 497 383 575 378 419 649 778 293 402 559 558 426 515 707 978 423 798 0 971 452 793 626 497 51 802 1076 564 766 472 1035 585 924 760 572 868 296 920 446 647 135 368 391 206 717 665 911 366 402 948 782 795 850 805 332 160 327 152 892 454
835 1422 820 1085 1456 906 772 1221 780 803 1088 1035 900 933 1415 1015 548 711 1050 1288 1055 1084 955 1125 746 335 746 825 1062 1292 545 586 654 267 825 1679 971 0 906 905 984 598 935 1313 1609 1495 497 562 1536 1331 1549 1253 1475 231 982 1664 945 340 838 1060 765 1126 762 1445 101 1202 1220 473 873 1190 1452 1550 1303 1094 928 831 1368 784
90 622 94 342 820 867 168 607 147 122 241 521 94 721 582 243 433 314 147 408 823 192 93 867 260 874 266 96 169 393 494 321 359 789 86 808 452 906 0 350 178 310 406 448 754 688 493 362 692 432 657 390 639 715 182 757 39 580 443 810 716 414 315 547 892 372 371 666 344 380 562 643 635 421 128 473 525 122
396 524 381 202 1163 1158 259 336 417 406 291 186 256 1034 533 592 358 581 372 679 1147 357 440 1198 195 997 547 393 350 626 694 436 254 698 371 1047 793 905 350 0 221 442 745 470 730 989 408 517 654 659 720 418 926 676 532 895 370 659 758 1137 989 762 148 761 930 690 677 505 31 321 628 805 980 771 478 784 496 349
259 467 253 164 952 1044 216 430 305 284 104 362 104 899 441 396 455 481 151 458 1000 139 249 1043 247 1003 436 260 129 409 643 424 355 822 242 834 626 984 178 221 0 420 582 328 628 768 516 488 559 444 568 268 705 771 339 713 179 684 621 987 889 559 265 551 987 472 457 660 230 221 471 612 771 575 298 651 388 250
236 886 222 559 969 741 208 775 184 205 518 624 322 646 861 440 230 203 456 694 772 496 357 834 247 583 205 227 472 694 253 18 243 513 227 1090 497 598 310 442 420 0 447 741 1046 930 268 74 978 733 964 681 898 421 396 1067 347 271 402 766 566 583 306 848 582 621 633 451 416 641 868 952 792 564 337 418 808 188
348 978 365 743 532 504 501 1012 338 343 620 924 497 335 919 225 674 249 484 487 421 538 336 461 598 754 243 352 521 543 390 466 656 933 374 808 51 935 406 745 582 447 0 772 1052 583 716 425 1008 572 905 727 584 824 259 912 403 606 111 407 395 214 667 658 878 359 393 898 732 757 828 796 368 172 283 136 861 404
538 214 542 270 970 1273 543 420 595 570 225 496 419 1107 146 547 779 758 308 402 1184 256 461 1212 571 1319 708 544 280 317 942 747 675 1144 533 651 802 1313 448 470 328 741 772 0 306 691 839 803 244 325 250 60 611 1098 515 434 422 1009 846 1168 1139 656 575 378 1315 500 466 968 496 152 158 364 815 691 515 878 90 558
844 224 848 531 1150 1556 845 543 901 876 528 692 724 1386 197 827 1067 1061 612 612 1450 561 760 1470 863 1625 1011 850 585 532 1248 1051 961 1425 839 687 1076 1609 754 730 628 1046 1052 306 0 827 1124 1109 77 518 186 365 746 1389 804 375 726 1313 1136 1433 1432 905 855 501 1616 736 698 1236 759 419 228 395 1023 947 812 1168 241 864
714 887 734 860 338 983 856 1095 752 737 718 1109 760 809 805 489 1112 784 617 314 808 635 601 795 948 1338 750 723 640 386 963 947 1047 1443 735 259 564 1495 688 989 768 930 583 691 827 0 1169 942 826 368 641 691 82 1349 537 511 652 1156 694 788 941 373 998 330 1449 316 318 1348 996 789 624 438 287 411 600 715 765 783
455 929 434 595 1235 962 328 727 420 433 620 544 453 893 928 685 61 471 616 902 1022 637 570 1087 268 634 473 445 617 883 454 250 163 306 434 1301 766 497 493 408 516 268 716 839 1124 1169 0 306 1050 922 1084 779 1127 268 633 1225 533 304 668 1019 785 840 269 1036 528 853 858 184 377 705 987 1119 1055 826 568 680 884 386
280 955 269 631 955 675 280 849 222 247 582 698 386 589 927 456 279 175 510 725 718 553 396 782 322 516 195 271 529 734 179 82 311 511 277 1117 472 562 362 517 488 74 425 803 1109 942 306 0 1043 773 1020 743 916 408 419 1112 397 224 364 713 498 583 380 885 535 642 658 481 490 709 924 996 783 559 366 374 873 245
783 149 786 455 1140 1511 775 469 839 814 460 615 657 1343 121 782 993 1003 553 587 1413 501 705 1435 790 1559 953 788 525 504 1186 983 887 1350 776 708 1035 1536 692 654 559 978 1008 244 77 826 1050 1043 0 495 199 301 744 1315 755 410 667 1244 1087 1396 1381 872 780 496 1545 705 668 1159 683 346 205 408 1004 912 758 1119 170 799
496 529 512 504 651 1068 593 727 551 528 371 755 472 892 450 363 860 661 309 94 943 304 377 957 666 1254 614 506 317 39 859 746 775 1221 507 390 585 1331 432 659 444 733 572 325 518 368 922 773 495 0 346 322 290 1147 369 349 392 997 671 925 966 395 702 115 1308 223 185 1086 672 423 291 230 508 440 409 702 404 551
743 314 751 519 965 1407 777 618 801 776 464 730 649 1233 241 684 1023 947 509 440 1289 468 643 1304 815 1529 897 750 491 367 1141 972 922 1390 743 509 924 1549 657 720 568 964 905 250 186 641 1084 1020 199 346 0 306 559 1340 671 218 623 1235 997 1271 1294 741 823 316 1545 569 531 1217 746 400 97 211 843 785 691 1028 243 775
481 250 484 222 955 1225 482 406 537 512 164 459 359 1062 194 504 719 702 254 389 1143 201 408 1173 511 1259 652 486 223 307 884 686 616 1085 474 673 760 1253 390 418 268 681 727 60 365 691 779 743 301 322 306 0 613 1038 468 479 366 949 797 1127 1088 623 517 392 1254 475 443 911 442 111 211 398 794 656 463 829 136 498
673 805 693 789 412 1015 808 1018 716 699 649 1038 705 837 723 460 1069 766 556 247 848 569 556 841 896 1335 728 683 576 312 952 914 999 1408 693 226 572 1475 639 926 705 898 584 611 746 82 1127 916 744 290 559 613 0 1319 501 438 601 1134 696 829 958 370 943 248 1434 276 269 1304 934 713 542 358 333 413 562 720 684 741
654 1197 637 861 1357 923 566 990 605 625 875 803 695 904 1194 860 322 579 852 1113 1034 881 775 1103 527 448 603 644 859 1107 463 405 429 119 640 1511 868 231 715 676 771 421 824 1098 1389 1349 268 408 1315 1147 1340 1038 1319 0 818 1468 754 232 745 1035 757 992 537 1262 280 1042 1055 258 645 969 1242 1356 1189 967 758 746 1148 595
179 718 200 494 638 757 333 764 215 199 363 697 275 593 661 61 577 292 225 309 679 279 91 715 432 885 246 188 262 332 490 412 521 907 202 697 296 982 182 532 339 396 259 515 804 537 633 419 755 369 671 468 501 818 0 718 162 642 331 665 627 232 492 476 950 224 238 814 527 498 586 599 453 239 64 363 603 249
832 532 845 701 849 1398 902 832 889 865 615 930 774 1219 458 712 1164 1009 615 425 1254 588 717 1257 958 1603 961 841 609 385 1208 1078 1068 1531 839 319 920 1664 757 895 713 1067 912 434 375 511 1225 1112 410 349 218 479 438 1468 718 0 719 1335 1016 1235 1308 718 978 254 1647 553 519 1374 917 586 281 118 762 764 755 1046 452 879
119 604 127 340 794 876 207 609 177 152 226 534 115 725 559 222 473 336 115 369 822 165 71 864 295 905 286 126 142 353 521 358 397 828 120 768 446 945 39 370 179 347 403 422 726 652 533 397 667 392 623 366 601 754 162 719 0 617 449 809 729 391 347 507 929 337 334 705 367 366 529 605 609 402 119 480 502 160
502 1144 490 810 1136 701 468 994 446 469 785 822 590 672 1125 675 323 372 727 949 802 767 620 872 472 339 406 493 743 958 231 262 410 351 496 1339 647 340 580 659 684 271 606 1009 1313 1156 304 224 1244 997 1235 949 1134 232 642 1335 617 0 519 803 531 789 510 1110 312 862 880 415 628 901 1138 1219 974 759 590 517 1073 459
368 1045 380 786 618 428 503 1048 340 353 675 942 527 278 991 312 633 199 546 591 389 601 391 442 592 644 216 369 581 640 293 420 633 858 390 920 135 838 443 758 621 402 111 846 1136 694 668 364 1087 671 997 797 696 745 331 1016 449 519 0 379 297 326 661 763 776 465 498 845 742 814 916 899 467 283 336 31 933 409
743 1378 757 1150 543 220 882 1417 719 730 1027 1320 899 130 1315 623 992 571 890 832 19 944 744 69 971 772 595 745 927 905 579 782 1005 1154 766 1047 368 1060 810 1137 987 766 407 1168 1433 788 1019 713 1396 925 1271 1127 829 1035 665 1235 809 803 379 0 296 530 1040 986 974 702 739 1185 1121 1163 1205 1128 501 487 690 355 1258 788
630 1332 637 1053 775 177 731 1304 587 606 955 1176 788 176 1283 610 771 412 834 883 290 888 679 360 802 478 454 629 867 936 330 578 808 876 647 1185 391 765 716 989 889 566 395 1139 1432 941 785 498 1381 966 1294 1088 958 757 627 1308 729 531 297 296 0 598 868 1053 677 754 789 935 967 1095 1213 1191 674 552 624 266 1225 651
401 870 422 702 406 679 561 970 422 414 560 921 506 501 801 171 789 416 423 303 547 468 321 564 661 966 388 409 458 375 590 601 744 1093 427 594 206 1126 414 762 559 583 214 656 905 373 840 583 872 395 741 623 370 992 232 718 391 789 326 530 598 0 723 464 1077 172 209 1024 758 682 677 605 222 46 292 350 746 471
327 660 307 325 1130 1040 166 483 328 325 363 319 238 929 658 553 214 471 394 702 1048 400 408 1104 69 849 445 320 385 665 559 298 108 570 300 1091 717 762 315 148 265 306 667 575 855 998 269 380 780 702 823 517 943 537 492 978 347 510 661 1040 868 723 0 813 784 685 680 396 117 436 727 878 945 724 431 684 615 263
611 561 626 594 649 1144 707 796 665 642 470 843 585 966 478 463 975 768 422 172 1005 413 490 1012 779 1361 722 620 428 154 966 861 888 1336 622 287 665 1445 547 761 551 848 658 378 501 330 1036 885 496 115 316 392 248 1262 476 254 507 1110 763 986 1053 464 813 0 1421 299 265 1199 777 500 294 141 532 511 520 792 443 666
815 1437 802 1100 1390 813 771 1255 758 782 1090 1072 897 849 1424 978 572 668 1039 1258 968 1077 931 1038 759 233 707 806 1054 1269 488 572 676 347 808 1644 911 101 892 930 987 582 878 1315 1616 1449 528 535 1545 1308 1545 1254 1434 280 950 1647 929 312 776 974 677 1077 784 1421 0 1165 1185 537 899 1200 1448 1531 1244 1042 900 766 1375 771
398 714 418 591 490 847 539 849 440 422 444 829 449 670 641 187 795 498 321 131 719 353 284 735 632 1082 457 408 351 204 691 637 731 1132 418 478 366 1202 372 690 472 621 359 500 736 316 853 642 705 223 569 475 276 1042 224 553 337 862 465 702 754 172 685 299 1165 0 37 1032 693 548 507 438 319 216 286 494 588 467
405 680 424 569 516 884 539 823 450 431 422 810 442 707 606 208 799 520 305 95 757 332 287 773 630 1108 478 415 332 166 715 649 730 1141 423 459 402 1220 371 677 457 633 393 466 698 318 858 658 668 185 531 443 269 1055 238 519 334 880 498 739 789 209 680 265 1185 37 0 1035 682 520 469 403 350 254 296 527 554 472
635 1027 614 706 1419 1110 497 780 603 615 760 591 614 1057 1038 867 237 652 777 1074 1188 791 748 1254 420 700 656 625 773 1048 610 433 311 216 613 1471 948 473 666 505 660 451 898 968 1236 1348 184 481 1159 1086 1217 911 1304 258 814 1374 705 415 845 1185 935 1024 396 1199 537 1032 1035 0 476 824 1122 1272 1240 1010 749 856 1001 565
384 555 367 230 1162 1137 239 366 401 391 308 208 252 1016 562 588 326 561 379 688 1131 368 436 1183 168 967 529 380 359 638 669 409 223 668 358 1062 782 873 344 31 230 416 732 496 759 996 377 490 683 672 746 442 934 645 527 917 367 628 742 1121 967 758 117 777 899 693 682 476 0 348 652 825 977 766 471 767 524 333
469 246 467 119 1037 1242 434 306 521 498 140 348 324 1087 225 544 647 694 272 480 1178 219 423 1213 443 1224 647 473 236 402 863 644 541 1007 457 784 795 1190 380 321 221 641 757 152 419 789 705 709 346 423 400 111 713 969 498 586 366 901 814 1163 1095 682 436 500 1200 548 520 824 348 0 310 509 868 709 478 846 179 470
649 274 656 428 934 1332 680 554 707 682 367 649 552 1160 193 604 926 857 415 384 1222 371 552 1241 718 1435 807 656 395 303 1049 876 825 1293 648 533 850 1452 562 628 471 868 828 158 228 624 987 924 205 291 97 211 542 1242 586 281 529 1138 916 1205 1213 677 727 294 1448 507 469 1122 652 310 0 230 799 718 602 947 174 680
716 504 730 618 770 1285 793 780 773 749 518 858 666 1107 423 593 1057 891 505 308 1146 482 600 1153 854 1484 843 725 501 266 1089 963 964 1423 724 303 805 1550 643 805 612 952 796 364 395 438 1119 996 408 230 211 398 358 1356 599 118 605 1219 899 1128 1191 605 878 141 1531 438 403 1272 825 509 230 0 667 651 637 928 403 765
623 1028 644 904 184 700 783 1167 641 634 759 1133 725 529 952 392 1006 610 627 418 520 666 541 508 883 1104 590 631 660 503 757 811 965 1295 648 546 332 1303 635 980 771 792 368 815 1023 287 1055 783 1004 508 843 794 333 1189 453 762 609 974 467 501 674 222 945 532 1244 319 350 1240 977 868 799 667 0 229 514 480 902 692
398 905 418 723 411 633 560 993 413 407 584 936 514 455 837 179 776 388 445 348 504 493 331 523 660 926 365 406 481 418 554 583 738 1070 424 638 160 1094 421 771 575 564 172 691 947 411 826 559 912 440 785 656 413 967 239 764 402 759 283 487 552 46 724 511 1042 216 254 1010 766 709 718 651 229 0 295 306 781 466
114 709 135 460 699 765 270 728 154 136 339 649 222 609 658 122 512 257 210 359 704 264 55 745 369 848 208 123 244 371 454 353 456 846 137 753 327 928 128 478 298 337 283 515 812 600 568 366 758 409 691 463 562 758 64 755 119 590 336 690 624 292 431 520 900 286 296 749 471 478 602 637 514 295 0 368 600 185
397 1077 408 816 625 396 527 1077 366 380 706 969 556 250 1023 344 647 217 578 620 364 632 423 420 615 626 239 397 612 671 288 435 652 860 418 944 152 831 473 784 651 418 136 878 1168 715 680 374 1119 702 1028 829 720 746 363 1046 480 517 31 355 266 350 684 792 766 494 527 856 767 846 947 928 480 306 368 0 965 435
616 126 618 294 1054 1360 605 380 671 647 290 487 486 1196 58 637 826 838 391 486 1274 337 545 1302 621 1389 789 621 360 400 1018 813 720 1186 608 702 892 1368 525 496 388 808 861 90 241 765 884 873 170 404 243 136 684 1148 603 452 502 1073 933 1258 1225 746 615 443 1375 588 554 1001 524 179 174 403 902 781 600 965 0 629
70 716 49 407 877 814 97 653 68 61 339 534 146 684 684 306 328 239 267 521 798 308 185 850 196 761 200 61 284 512 393 198 273 673 48 920 454 784 122 349 250 188 404 558 864 783 386 245 799 551 775 498 741 595 249 879 160 459 409 788 651 471 263 666 771 467 472 565 333 470 680 765 692 466 185 435 629 0
