0 81 79 701 1664 1514 1607 745 751 942 341 1467 1144 146 1501 1427
81 0 49 667 1595 1536 1614 693 717 1013 363 1487 1064 69 1441 1406
79 49 0 716 1585 1487 1566 739 681 1022 401 1527 1072 109 1485 1366
701 667 716 0 1846 2201 2263 182 1284 1140 479 1043 1148 617 875 1987
1664 1595 1585 1846 0 1866 1678 1695 1086 2607 1906 2889 725 1562 1898 1118
1514 1536 1487 2201 1866 0 287 2197 1070 2019 1833 2904 1942 1584 2878 770
1607 1614 1566 2263 1678 287 0 2237 1039 2215 1941 3043 1852 1652 2874 560
745 693 739 182 1695 2197 2237 0 1226 1304 597 1205 985 631 763 1921
751 717 681 1284 1086 1070 1039 1226 0 1635 1080 2201 898 726 1835 704
942 1013 1022 1140 2607 2019 2215 1304 1635 0 762 1050 2052 1053 1987 2223
341 363 401 479 1906 1833 1941 597 1080 762 0 1126 1301 364 1350 1766
1467 1487 1527 1043 2889 2904 3043 1205 2201 1050 1126 0 2189 1475 1506 2893
1144 1064 1072 1148 725 1942 1852 985 898 2052 1301 2189 0 1010 1211 1359
146 69 109 617 1562 1584 1652 631 726 1053 364 1475 1010 0 1375 1423
1501 1441 1485 875 1898 2878 2874 763 1835 1987 1350 1506 1211 1375 0 2471
1427 1406 1366 1987 1118 770 560 1921 704 2223 1766 2893 1359 1423 2471 0
