0 929 1415 953 509 617 758 1538 1466 1241 1073 1624 1043 1180 596 1643 1452
929 0 758 1849 632 1274 1553 2410 2368 1167 1352 1294 809 877 901 2449 2344
1415 758 0 2364 1327 1922 1763 2952 2641 1924 1191 648 1565 1621 1609 3052 2598
953 1849 2364 0 1275 720 969 590 947 1632 1730 2490 1639 1763 1123 768 985
509 632 1327 1275 0 644 1265 1808 1946 797 1427 1727 543 677 282 1824 1939
617 1274 1922 720 644 0 1174 1187 1575 927 1679 2220 921 1043 423 1179 1591
758 1553 1763 969 1265 1174 0 1486 878 1979 814 1682 1801 1938 1329 1729 834
1538 2410 2952 590 1808 1187 1486 0 1109 1999 2284 3074 2088 2197 1610 339 1175
1466 2368 2641 947 1946 1575 878 1109 0 2499 1622 2526 2424 2559 1900 1442 76
1241 1167 1924 1632 797 927 1979 1999 2499 0 2224 2437 358 338 650 1874 2511
1073 1352 1191 1730 1427 1679 814 2284 1622 2224 0 910 1938 2058 1627 2498 1562
1624 1294 648 2490 1727 2220 1682 3074 2526 2437 910 0 2089 2169 1999 3238 2468
1043 809 1565 1639 543 921 1801 2088 2424 358 1938 2089 0 137 527 2018 2426
1180 877 1621 1763 677 1043 1938 2197 2559 338 2058 2169 137 0 660 2113 2562
596 901 1609 1123 282 423 1329 1610 1900 650 1627 1999 527 660 0 1590 1904
1643 2449 3052 768 1824 1179 1729 339 1442 1874 2498 3238 2018 2113 1590 0 1506
1452 2344 2598 985 1939 1591 834 1175 76 2511 1562 2468 2426 2562 1904 1506 0
