0 672 1671 1023 479 176 1242 16 72 315 233 1674 1144 1633 573 1608
672 0 999 716 1149 785 945 681 625 905 517 1011 1814 2030 158 2118
1671 999 0 1162 2149 1774 1283 1680 1624 1890 1499 234 2810 2806 1112 3007
1023 716 1162 0 1430 1007 1650 1039 1028 1337 789 1308 1958 1653 623 2630
479 1149 2149 1430 0 425 1569 469 525 339 684 2144 685 1526 1051 1293
176 785 1774 1007 425 0 1418 183 248 403 276 1796 1038 1458 662 1659
1242 945 1283 1650 1569 1418 0 1238 1170 1230 1262 1112 2229 2855 1079 1914
16 681 1680 1039 469 183 1238 0 70 299 249 1681 1137 1641 585 1592
72 625 1624 1028 525 248 1170 70 0 313 243 1620 1200 1703 539 1603
315 905 1890 1337 339 403 1230 299 313 0 547 1861 1011 1784 841 1293
233 517 1499 789 684 276 1262 249 243 547 0 1527 1314 1595 386 1841
1674 1011 234 1308 2144 1796 1112 1681 1620 1861 1527 0 2819 2925 1145 2911
1144 1814 2810 1958 685 1038 2229 1137 1200 1011 1314 2819 0 1376 1699 1330
1633 2030 2806 1653 1526 1458 2855 1641 1703 1784 1595 2925 1376 0 1872 2669
573 158 1112 623 1051 662 1079 585 539 841 386 1145 1699 1872 0 2097
1608 2118 3007 2630 1293 1659 1914 1592 1603 1293 1841 2911 1330 2669 2097 0
