0 1567 1642 1674 1291 251 86 640 1641 661 271 1245 337 1034 792 1509
1567 0 3195 1580 830 1769 1528 1381 2300 1663 1594 1502 1830 701 1288 3074
1642 3195 0 3036 2734 1493 1697 2107 2058 1916 1710 2316 1366 2667 2096 447
1674 1580 3036 0 2117 1659 1588 1035 3202 1135 1452 2557 2001 1062 2116 2715
1291 830 2734 2117 0 1540 1299 1474 1489 1708 1456 687 1418 1055 641 2722
251 1769 1493 1659 1540 0 249 642 1807 552 220 1479 392 1180 1037 1310
86 1528 1697 1588 1299 249 0 554 1719 584 201 1296 420 971 834 1545
640 1381 2107 1035 1474 642 554 0 2231 282 424 1694 966 691 1220 1861
1641 2300 2058 3202 1489 1807 1719 2231 0 2303 1913 802 1427 2247 1110 2291
661 1663 1916 1135 1708 552 584 282 2303 0 390 1847 934 973 1373 1634
271 1594 1710 1452 1456 220 201 424 1913 390 0 1494 557 976 1028 1507
1245 1502 2316 2557 687 1479 1296 1694 802 1847 1494 0 1197 1533 475 2406
337 1830 1366 2001 1418 392 420 966 1427 934 557 1197 0 1353 819 1304
1034 701 2667 1062 1055 1180 971 691 2247 973 976 1533 1353 0 1136 2483
792 1288 2096 2116 641 1037 834 1220 1110 1373 1028 475 819 1136 0 2106
1509 3074 447 2715 2722 1310 1545 1861 2291 1634 1507 2406 1304 2483 2106 0
