0 768 188 546 310 580 874 1263 702 610 592 977 1229 1000 133 995
768 0 942 395 972 1100 1545 1949 609 775 1247 249 565 1764 709 913
188 942 0 734 339 628 811 1176 877 632 563 1139 1417 821 307 1153
546 395 734 0 644 719 1185 1588 260 864 893 644 697 1523 435 601
310 972 339 644 0 289 586 986 685 917 291 1206 1336 917 278 893
580 1100 628 719 289 0 488 879 648 1189 243 1348 1352 1064 503 743
874 1545 811 1185 586 488 0 404 1136 1443 298 1786 1839 773 864 1200
1263 1949 1176 1588 986 879 404 0 1524 1804 702 2190 2230 851 1264 1546
702 609 877 260 685 648 1136 1524 0 1114 869 845 706 1602 571 342
610 775 632 864 917 1189 1443 1804 1114 0 1184 837 1340 1294 697 1453
592 1247 563 893 291 243 298 702 869 1184 0 1487 1561 828 568 986
977 249 1139 644 1206 1348 1786 2190 845 837 1487 0 593 1955 935 1128
1229 565 1417 697 1336 1352 1839 2230 706 1340 1561 593 0 2220 1130 816
1000 1764 821 1523 917 1064 773 851 1602 1294 828 1955 2220 0 1089 1791
133 709 307 435 278 503 864 1264 571 697 568 935 1130 1089 0 862
995 913 1153 601 893 743 1200 1546 342 1453 986 1128 816 1791 862 0
