0 433 962 839 1084 1128 1038 424 1095 416 1520 1391 415 183 1238 1691
433 0 548 1021 1219 1380 1087 165 1442 392 1763 1663 365 501 957 1892
962 548 0 1263 1376 1896 1509 662 1816 708 2269 2182 682 972 601 2372
839 1021 1263 0 256 1859 1874 1133 631 632 2232 2078 662 656 1100 2437
1084 1219 1376 256 0 2115 2122 1346 737 826 2487 2332 853 902 1097 2694
1128 1380 1896 1859 2115 0 606 1238 1777 1542 391 286 1537 1278 2325 578
1038 1087 1509 1874 2122 606 0 923 1993 1382 860 848 1366 1220 2032 893
424 165 662 1133 1346 1238 923 0 1499 524 1617 1523 500 546 1116 1738
1095 1442 1816 631 737 1777 1993 1499 0 1115 2095 1926 1144 953 1729 2330
416 392 708 632 826 1542 1382 524 1115 0 1934 1807 30 317 838 2098
1520 1763 2269 2232 2487 391 860 1617 2095 1934 0 171 1929 1667 2713 247
1391 1663 2182 2078 2332 286 848 1523 1926 1807 171 0 1804 1530 2602 417
415 365 682 662 853 1537 1366 500 1144 30 1929 1804 0 329 831 2090
183 501 972 656 902 1278 1220 546 953 317 1667 1530 329 0 1156 1849
1238 957 601 1100 1097 2325 2032 1116 1729 838 2713 2602 831 1156 0 2849
1691 1892 2372 2437 2694 578 893 1738 2330 2098 247 417 2090 1849 2849 0
