0 82 162 907 726 1053 1598 711 249 1465 1511 671 148 166 762 293
82 0 106 877 799 1133 1565 675 223 1448 1527 753 228 164 835 375
162 106 0 952 888 1205 1635 568 316 1347 1630 816 308 110 923 444
907 877 952 0 1110 1511 691 1451 658 2254 908 1287 930 1041 1134 1027
726 799 888 1110 0 405 1708 1382 759 2029 1196 290 580 852 35 465
1053 1133 1205 1511 405 0 2085 1619 1137 2156 1463 398 905 1143 378 761
1598 1565 1635 691 1708 2085 0 2096 1349 2892 935 1929 1619 1728 1725 1708
711 675 568 1451 1382 1619 2096 0 875 802 2195 1224 828 550 1415 917
249 223 316 658 759 1137 1349 875 0 1662 1320 796 306 388 794 442
1465 1448 1347 2254 2029 2156 2892 802 1662 0 2975 1801 1551 1299 2057 1596
1511 1527 1630 908 1196 1463 935 2195 1320 2975 0 1482 1444 1676 1194 1449
671 753 816 1287 290 398 1929 1224 796 1801 1482 0 528 748 302 378
148 228 308 930 580 905 1619 828 306 1551 1444 528 0 280 615 150
166 164 110 1041 852 1143 1728 550 388 1299 1676 748 280 0 886 391
762 835 923 1134 35 378 1725 1415 794 2057 1194 302 615 886 0 498
293 375 444 1027 465 761 1708 917 442 1596 1449 378 150 391 498 0
