0 1509 613 1146 816 1725 1330 979 279 1355 669 1658 279 24 1691 1237 1150
1509 0 960 1427 1686 222 995 2486 1397 2664 843 1186 1255 1509 3174 2290 1187
613 960 0 808 1166 1162 780 1578 638 1936 187 1119 450 622 2302 1399 692
1146 1427 808 0 1901 1550 523 1855 1325 2462 980 694 1157 1167 2594 997 248
816 1686 1166 1901 0 1902 1943 1248 578 1028 1077 2281 745 792 1715 2022 1843
1725 222 1162 1550 1902 0 1076 2704 1619 2886 1057 1210 1474 1726 3396 2454 1303
1330 995 780 523 1943 1076 0 2201 1415 2685 878 338 1227 1346 2946 1514 288
979 2486 1578 1855 1248 2704 2201 0 1122 846 1649 2496 1235 977 745 1319 1960
279 1397 638 1325 578 1619 1415 1122 0 1313 612 1752 188 258 1779 1515 1283
1355 2664 1936 2462 1028 2886 2685 846 1313 0 1925 3013 1493 1338 818 2130 2500
669 843 187 980 1077 1057 878 1649 612 1925 0 1212 439 671 2354 1577 839
1658 1186 1119 694 2281 1210 338 2496 1752 3013 1212 0 1564 1674 3241 1675 536
279 1255 450 1157 745 1474 1227 1235 188 1493 439 1564 0 270 1922 1447 1102
24 1509 622 1167 792 1726 1346 977 258 1338 671 1674 270 0 1685 1259 1169
1691 3174 2302 2594 1715 3396 2946 745 1779 818 2354 3241 1922 1685 0 1950 2705
1237 2290 1399 997 2022 2454 1514 1319 1515 2130 1577 1675 1447 1259 1950 0 1227
1150 1187 692 248 1843 1303 288 1960 1283 2500 839 536 1102 1169 2705 1227 0
