0 1220 596 415 405 602 204 1635 1673 586 532 1030 1130 795 1026 1494 1673
1220 0 1745 1146 1625 1684 1199 2627 2547 1803 750 436 2316 522 720 2312 1508
596 1745 0 637 325 787 754 1650 1792 273 998 1615 915 1377 1349 1682 2223
415 1146 637 0 659 999 600 2023 2080 788 404 1112 1431 882 720 1907 1967
405 1625 325 659 0 469 496 1408 1515 184 917 1423 772 1192 1365 1385 1923
602 1684 787 999 469 0 505 1033 1083 553 1105 1374 664 1179 1621 928 1590
204 1199 754 600 496 505 0 1524 1530 679 605 942 1117 720 1130 1337 1480
1635 2627 1650 2023 1408 1033 1524 0 309 1378 2130 2249 813 2104 2651 479 1965
1673 2547 1792 2080 1515 1083 1530 309 0 1520 2128 2146 1043 2028 2656 246 1728
586 1803 273 788 184 553 679 1378 1520 0 1084 1608 664 1376 1506 1417 2080
532 750 998 404 917 1105 605 2130 2128 1084 0 725 1663 509 528 1923 1682
1030 436 1615 1112 1423 1374 942 2249 2146 1608 725 0 2032 239 971 1906 1108
1130 2316 915 1431 772 664 1117 813 1043 664 1663 2032 0 1827 2134 1039 2176
795 522 1377 882 1192 1179 720 2104 2028 1376 509 239 1827 0 850 1796 1215
1026 720 1349 720 1365 1621 1130 2651 2656 1506 528 971 2134 850 0 2452 2060
1494 2312 1682 1907 1385 928 1337 479 246 1417 1923 1906 1039 1796 2452 0 1496
1673 1508 2223 1967 1923 1590 1480 1965 1728 2080 1682 1108 2176 1215 2060 1496 0
