0 289 390 380 43 988 502 1625 1365 472 1174 1697 356 1576 277 888
289 0 450 384 247 837 681 1900 1088 200 898 1873 614 1585 554 636
390 450 0 86 397 680 882 1595 1259 633 1079 1432 388 1959 587 751
380 384 86 0 377 636 882 1679 1178 558 996 1512 450 1927 609 670
43 247 397 377 0 971 513 1668 1327 429 1136 1730 397 1563 312 854
988 837 680 636 971 0 1482 2161 808 884 692 1691 1067 2401 1241 444
502 681 882 882 513 1482 0 1647 1738 767 1551 1997 664 1165 341 1315
1625 1900 1595 1679 1668 2161 1647 0 2853 2095 2675 1041 1287 2671 1437 2346
1365 1088 1259 1178 1327 808 1738 2853 0 970 190 2494 1612 2287 1639 508
472 200 633 558 429 884 767 2095 970 0 785 2064 811 1517 715 582
1174 898 1079 996 1136 692 1551 2675 190 785 0 2354 1425 2147 1449 330
1697 1873 1432 1512 1730 1691 1997 1041 2494 2064 2354 0 1368 3158 1671 2040
356 614 388 450 397 1067 664 1287 1612 811 1425 1368 0 1822 323 1108
1576 1585 1959 1927 1563 2401 1165 2671 2287 1517 2147 3158 1822 0 1501 2068
277 554 587 609 312 1241 341 1437 1639 715 1449 1671 323 1501 0 1165
888 636 751 670 854 444 1315 2346 508 582 330 2040 1108 2068 1165 0
