0 441 1405 1618 62 294 1314 1186 720 354 665 1191 1546 1626 297 1272
441 0 1373 1522 416 701 1735 1553 1065 795 475 1250 1107 1542 607 1262
1405 1373 0 2895 1452 1319 1804 1382 2068 1545 904 2571 1720 2915 1165 2616
1618 1522 2895 0 1557 1871 2667 2711 1428 1754 1995 601 1933 46 1916 415
62 416 1452 1557 0 351 1361 1244 700 383 687 1135 1524 1565 359 1212
294 701 1319 1871 351 0 1034 893 751 226 766 1395 1777 1874 177 1501
1314 1735 1804 2667 1361 1034 0 436 1248 1001 1700 2091 2789 2657 1149 2255
1186 1553 1382 2711 1244 893 436 0 1365 958 1410 2174 2528 2708 946 2315
720 1065 2068 1428 700 751 1248 1365 0 532 1385 842 2131 1414 904 1013
354 795 1545 1754 383 226 1001 958 532 0 958 1238 1900 1752 396 1364
665 475 904 1995 687 766 1700 1410 1385 958 0 1714 1120 2016 596 1736
1191 1250 2571 601 1135 1395 2091 2174 842 1238 1714 0 1997 580 1479 197
1546 1107 1720 1933 1524 1777 2789 2528 2131 1900 1120 1997 0 1973 1641 1904
1626 1542 2915 46 1565 1874 2657 2708 1414 1752 2016 580 1973 0 1923 401
297 607 1165 1916 359 177 1149 946 904 396 596 1479 1641 1923 0 1567
1272 1262 2616 415 1212 1501 2255 2315 1013 1364 1736 197 1904 401 1567 0
