0 1488 178 863 746 1710 1518 1009 1533 746 1546 507 63 772 1163 1710
1488 0 1557 1755 2197 2618 2876 2494 2984 857 2994 1003 1425 719 562 1822
178 1557 0 1031 641 1851 1571 945 1431 755 1442 554 201 860 1284 1579
863 1755 1031 0 1315 919 1219 1368 1947 1368 1967 1121 878 1144 1223 2545
746 2197 641 1315 0 1893 1262 355 790 1375 802 1194 802 1500 1909 1853
1710 2618 1851 919 1893 0 1024 1771 2260 2287 2284 2037 1741 2057 2061 3420
1518 2876 1571 1219 1262 1024 0 989 1333 2256 1356 2003 1576 2179 2394 3078
1009 2494 945 1368 355 1771 989 0 581 1698 601 1496 1071 1782 2157 2196
1533 2984 1431 1947 790 2260 1333 581 0 2150 23 1982 1590 2291 2695 2356
746 857 755 1368 1375 2287 2256 1698 2150 0 2158 259 684 364 808 1301
1546 2994 1442 1967 802 2284 1356 601 23 2158 0 1992 1603 2302 2709 2351
507 1003 554 1121 1194 2037 2003 1496 1982 259 1992 0 444 331 796 1478
63 1425 201 878 802 1741 1576 1071 1590 684 1603 444 0 710 1107 1680
772 719 860 1144 1500 2057 2179 1782 2291 364 2302 331 710 0 470 1661
1163 562 1284 1223 1909 2061 2394 2157 2695 808 2709 796 1107 470 0 2054
1710 1822 1579 2545 1853 3420 3078 2196 2356 1301 2351 1478 1680 1661 2054 0
