0 527 1258 1257 1225 336 1375 86 438 774 1325 708 1029 714 672 1391
527 0 813 1512 1670 328 1867 441 884 1280 1742 473 1292 1204 922 1124
1258 813 0 2316 2107 930 2633 1180 1672 2031 2120 613 1518 1773 1256 571
1257 1512 2316 0 2030 1547 1041 1288 873 965 2184 1906 2171 1551 1875 2602
1225 1670 2107 2030 0 1349 1373 1293 1273 1069 162 1512 677 534 850 1883
336 328 930 1547 1349 0 1706 271 771 1102 1415 373 972 906 598 1065
1375 1867 2633 1041 1373 1706 0 1454 985 605 1534 2063 1815 1114 1681 2703
86 441 1180 1288 1293 271 1454 0 501 855 1387 645 1057 790 690 1336
438 884 1672 873 1273 771 985 501 0 429 1409 1145 1303 746 1002 1830
774 1280 2031 965 1069 1102 605 855 429 0 1225 1458 1322 631 1120 2105
1325 1742 2120 2184 162 1415 1534 1387 1409 1225 0 1542 634 663 874 1854
708 473 613 1906 1512 373 2063 645 1145 1458 1542 0 982 1159 667 696
1029 1292 1518 2171 677 972 1815 1057 1303 1322 634 982 0 705 376 1220
714 1204 1773 1551 534 906 1114 790 746 631 663 1159 705 0 602 1686
672 922 1256 1875 850 598 1681 690 1002 1120 874 667 376 602 0 1090
1391 1124 571 2602 1883 1065 2703 1336 1830 2105 1854 696 1220 1686 1090 0
