0 1058 1345 1583 1223 1089 1081 472 1154 1143 1191 1113 1591 132 1260 1100
1058 0 938 779 1750 76 2137 1284 1864 2067 374 1827 1057 928 238 2080
1345 938 0 520 2442 870 2207 1214 2456 1850 589 2416 1995 1241 844 1946
1583 779 520 0 2501 703 2570 1589 2580 2299 433 2541 1750 1458 574 2372
1223 1750 2442 2501 0 1819 1568 1655 314 2053 2068 315 1416 1269 1986 1917
1089 76 870 703 1819 0 2163 1288 1928 2069 299 1890 1124 957 179 2089
1081 2137 2207 2570 1568 2163 0 994 1294 668 2225 1274 2548 1210 2329 482
472 1284 1214 1589 1655 1288 994 0 1535 782 1280 1497 2011 512 1431 806
1154 1864 2456 2580 314 1928 1294 1535 0 1829 2148 40 1680 1230 2103 1678
1143 2067 1850 2299 2053 2069 668 782 1829 0 2039 1800 2734 1235 2207 186
1191 374 589 433 2068 299 2225 1280 2148 2039 0 2109 1417 1061 257 2085
1113 1827 2416 2541 315 1890 1274 1497 40 1800 2109 0 1659 1189 2065 1651
1591 1057 1995 1750 1416 1124 2548 2011 1680 2734 1417 1659 0 1507 1188 2681
132 928 1241 1458 1269 957 1210 512 1230 1235 1061 1189 1507 0 1128 1205
1260 238 844 574 1986 179 2329 1431 2103 2207 257 2065 1188 1128 0 2236
1100 2080 1946 2372 1917 2089 482 806 1678 186 2085 1651 2681 1205 2236 0
