0 56 1223 1014 640 1280 800 856 214 1169 986 843 662 249 202 1439
56 0 1251 1061 599 1318 766 845 176 1199 992 817 654 253 247 1394
1223 1251 0 1653 1836 311 1187 2064 1426 2072 2123 1044 821 1452 1038 2597
1014 1061 1653 0 1341 1500 1795 1092 1092 499 890 1803 1548 912 975 2033
640 599 1836 1341 0 1918 1034 497 425 1240 791 1160 1129 503 842 802
1280 1318 311 1500 1918 0 1415 2074 1494 1956 2086 1287 1028 1480 1080 2705
800 766 1187 1795 1034 1415 0 1478 833 1965 1701 162 392 999 824 1600
856 845 2064 1092 497 2074 1478 0 691 837 316 1583 1485 614 1027 955
214 176 1426 1092 425 1494 833 691 0 1153 873 913 793 185 416 1225
1169 1199 2072 499 1240 1956 1965 837 1153 0 544 2012 1803 972 1215 1783
986 992 2123 890 791 2086 1701 316 873 544 0 1787 1646 738 1117 1240
843 817 1044 1803 1160 1287 162 1583 913 2012 1787 0 298 1064 827 1757
662 654 821 1548 1129 1028 392 1485 793 1803 1646 298 0 907 589 1824
249 253 1452 912 503 1480 999 614 185 972 738 1064 907 0 414 1298
202 247 1038 975 842 1080 824 1027 416 1215 1117 827 589 414 0 1640
1439 1394 2597 2033 802 2705 1600 955 1225 1783 1240 1757 1824 1298 1640 0
