0 775 462 1096 477 1284 1364 1571 937 1032 510 894 95 983 393 797
775 0 1182 1824 1068 2013 1933 1727 1451 1701 1284 1305 868 254 1149 1496
462 1182 0 970 725 1135 1431 1369 1116 572 344 629 408 1348 417 786
1096 1824 970 0 783 188 624 2304 680 1167 647 1572 1003 2057 705 337
477 1068 725 783 0 967 903 2019 459 1246 493 1306 423 1313 329 446
1284 2013 1135 188 967 0 638 2444 812 1269 823 1720 1191 2246 892 521
1364 1933 1431 624 903 638 0 2801 483 1755 1088 2061 1291 2186 1047 646
1571 1727 1369 2304 2019 2444 2801 0 2459 1240 1713 740 1601 1675 1768 2155
937 1451 1116 680 459 812 483 2459 0 1558 804 1732 878 1705 699 448
1032 1701 572 1167 1246 1269 1755 1240 1558 0 765 631 980 1828 916 1141
510 1284 344 647 493 823 1088 1713 804 765 0 973 416 1492 174 442
894 1305 629 1572 1306 1720 2061 740 1732 631 973 0 903 1361 1034 1415
95 868 408 1003 423 1191 1291 1601 878 980 416 903 0 1077 299 709
983 254 1348 2057 1313 2246 2186 1675 1705 1828 1492 1361 1077 0 1369 1734
393 1149 417 705 329 892 1047 1768 699 916 174 1034 299 1369 0 426
797 1496 786 337 446 521 646 2155 448 1141 442 1415 709 1734 426 0
