0 926 561 1300 1626 172 869 407 99 1692 1690 269 570 1672 1685 486
926 0 1047 568 1565 1011 1476 1294 827 2078 2616 957 1385 2524 2605 1058
561 1047 0 1162 2149 725 1417 859 550 2251 1812 291 463 1526 1886 1047
1300 568 1162 0 2118 1432 1997 1704 1204 2642 2930 1215 1601 2685 2962 1563
1626 1565 2149 2118 0 1510 1124 1607 1606 900 2736 1879 2161 3092 2578 1190
172 1011 725 1432 1510 0 697 282 241 1526 1626 433 652 1692 1597 335
869 1476 1417 1997 1124 697 0 611 920 847 1618 1128 1227 1993 1479 438
407 1294 859 1704 1607 282 611 0 500 1457 1357 595 616 1504 1316 438
99 827 550 1204 1606 241 920 500 0 1726 1788 272 635 1754 1784 511
1692 2078 2251 2642 900 1526 847 1457 1726 0 2169 1959 2072 2719 1957 1215
1690 2616 1812 2930 2736 1626 1618 1357 1788 2169 0 1715 1349 814 263 1750
269 957 291 1215 1879 433 1128 595 272 1959 1715 0 428 1568 1751 756
570 1385 463 1601 2161 652 1227 616 635 2072 1349 428 0 1139 1426 974
1672 2524 1526 2685 3092 1692 1993 1504 1754 2719 814 1568 1139 0 1064 1942
1685 2605 1886 2962 2578 1597 1479 1316 1784 1957 263 1751 1426 1064 0 1671
486 1058 1047 1563 1190 335 438 438 511 1215 1750 756 974 1942 1671 0
