0 561 1282 1398 1691 1176 939 1096 651 1366 1099 434 877 422 1447 417
561 0 1607 1959 2162 951 1298 737 427 872 593 817 1157 553 1646 978
1282 1607 0 1355 788 1281 345 2316 1283 2471 2194 1617 2029 1705 2593 1147
1398 1959 1355 0 947 2268 1214 2387 1921 2730 2478 1345 1498 1634 1885 981
1691 2162 788 947 0 2045 924 2788 1932 3029 2752 1872 2186 2071 2679 1373
1176 951 1281 2268 2045 0 1146 1620 559 1557 1329 1596 2017 1434 2556 1454
939 1298 345 1214 924 1146 0 1989 1017 2169 1890 1274 1692 1361 2260 816
1096 737 2316 2387 2788 1620 1989 0 1155 430 370 1047 1108 755 1361 1456
651 427 1283 1921 1932 559 1017 1155 0 1211 943 1050 1461 875 1996 999
1366 872 2471 2730 3029 1557 2169 430 1211 0 279 1417 1531 1107 1785 1765
1099 593 2194 2478 2752 1329 1890 370 943 279 0 1191 1366 877 1697 1504
434 817 1617 1345 1872 1596 1274 1047 1050 1417 1191 0 446 314 1020 504
877 1157 2029 1498 2186 2017 1692 1108 1461 1531 1366 446 0 605 575 884
422 553 1705 1634 2071 1434 1361 755 875 1107 877 314 605 0 1121 710
1447 1646 2593 1885 2679 2556 2260 1361 1996 1785 1697 1020 575 1121 0 1445
417 978 1147 981 1373 1454 816 1456 999 1765 1504 504 884 710 1445 0
