0 234 1138 1617 330 483 339 193 384 59 682 1621 506 999 1669 894
234 0 960 1391 541 430 571 426 169 294 758 1508 272 1052 1901 720
1138 960 0 1254 1469 738 1450 1316 948 1184 1031 693 822 1961 2609 244
1617 1391 1254 0 1854 1582 1932 1795 1233 1676 1994 1897 1122 1786 3281 1261
330 541 1469 1854 0 788 140 169 650 285 872 1929 793 823 1439 1224
483 430 738 1582 788 0 738 621 551 509 413 1141 546 1462 1884 508
339 571 1450 1932 140 738 0 145 706 281 763 1867 839 959 1349 1206
193 426 1316 1795 169 621 145 0 564 136 714 1761 695 958 1486 1072
384 169 948 1233 650 551 706 564 0 443 913 1551 148 1016 2050 723
59 294 1184 1676 285 509 281 136 443 0 671 1651 566 998 1609 940
682 758 1031 1994 872 413 763 714 913 671 0 1206 941 1665 1603 843
1621 1508 693 1897 1929 1141 1867 1761 1551 1651 1206 0 1450 2558 2772 847
506 272 822 1122 793 546 839 695 148 566 941 1450 0 1140 2174 608
999 1052 1961 1786 823 1462 959 958 1016 998 1665 2558 1140 0 1961 1739
1669 1901 2609 3281 1439 1884 1349 1486 2050 1609 1603 2772 2174 1961 0 2391
894 720 244 1261 1224 508 1206 1072 723 940 843 847 608 1739 2391 0
