0 1270 212 68 246 1517 1147 213 815 836 1123 927 569 1273 771 1432 278
1270 0 1308 1284 1117 2586 2407 1472 1501 1634 2347 1027 902 997 1983 2066 1379
212 1308 0 279 191 1362 1107 336 604 1042 1203 784 734 1146 875 1638 82
68 1284 279 0 305 1557 1150 188 882 767 1087 989 539 1331 730 1363 340
246 1117 191 305 0 1533 1296 446 654 1050 1351 683 604 1027 1007 1643 265
1517 2586 1362 1557 1533 0 846 1437 1127 2105 1488 1680 2085 1978 1478 2610 1280
1147 2407 1107 1150 1296 846 0 969 1289 1428 648 1768 1669 2132 728 1849 1046
213 1472 336 188 446 1437 969 0 912 753 910 1112 703 1468 561 1340 358
815 1501 604 882 654 1127 1289 912 0 1646 1628 553 1250 878 1366 2241 557
836 1634 1042 767 1050 2105 1428 753 1646 0 976 1714 746 2021 707 596 1091
1123 2347 1203 1087 1351 1488 648 910 1628 976 0 1980 1480 2347 363 1263 1181
927 1027 784 989 683 1680 1768 1112 553 1714 1980 0 1105 369 1660 2295 799
569 902 734 539 604 2085 1669 703 1250 746 1480 1105 0 1351 1121 1254 816
1273 997 1146 1331 1027 1978 2132 1468 878 2021 2347 369 1351 0 2021 2586 1166
771 1983 875 730 1007 1478 728 561 1366 707 363 1660 1121 2021 0 1136 867
1432 2066 1638 1363 1643 2610 1849 1340 2241 596 1263 2295 1254 2586 1136 0 1685
278 1379 82 340 265 1280 1046 358 557 1091 1181 799 816 1166 867 1685 0
