0 377 1562 364 1037 101 1635 1648 395 1388 439 500 959 207 1087 328
377 0 1438 51 1264 277 1362 2005 772 1187 563 257 862 543 1223 444
1562 1438 0 1394 2599 1533 703 2361 1799 380 1170 1676 603 1503 969 1245
364 51 1394 0 1289 268 1336 1975 760 1149 515 308 814 515 1172 398
1037 1264 2599 1289 0 1078 2625 1824 877 2416 1445 1142 1996 1116 1991 1355
101 277 1533 268 1078 0 1567 1746 495 1337 458 408 931 294 1125 335
1635 1362 703 1336 2625 1567 0 2843 1977 402 1381 1529 867 1666 1499 1394
1648 2005 2361 1975 1824 1746 2843 0 1306 2458 1568 2144 1976 1462 1392 1630
395 772 1799 760 877 495 1977 1306 0 1688 632 854 1213 311 1113 585
1388 1187 380 1149 2416 1337 402 2458 1688 0 1064 1400 501 1378 1099 1104
439 563 1170 515 1445 458 1381 1568 632 1064 0 802 580 334 673 126
500 257 1676 308 1142 408 1529 2144 854 1400 802 0 1112 702 1471 677
959 862 603 814 1996 931 867 1976 1213 501 580 1112 0 909 679 644
207 543 1503 515 1116 294 1666 1462 311 1378 334 702 909 0 918 274
1087 1223 969 1172 1991 1125 1499 1392 1113 1099 673 1471 679 918 0 800
328 444 1245 398 1355 335 1394 1630 585 1104 126 677 644 274 800 0
