0 301 1267 332 713 1655 877 571 1246 1148 1288 1373 317 1675 1413 1686
301 0 1487 490 869 1669 576 708 1498 1373 1397 1085 404 1374 1212 1829
1267 1487 0 997 653 2749 1954 1651 1685 122 2241 2250 1541 2704 2678 626
332 490 997 0 390 1983 988 882 1419 885 1592 1389 649 1775 1695 1364
713 869 653 390 0 2340 1302 1223 1589 557 1909 1611 1024 2053 2081 974
1655 1669 2749 1983 2340 0 1868 1119 1403 2628 573 2378 1339 2291 1172 3281
877 576 1954 988 1302 1868 0 1174 2030 1852 1758 558 899 799 1015 2174
571 708 1651 882 1223 1119 1174 0 879 1529 717 1729 304 1893 1238 2163
1246 1498 1685 1419 1589 1403 2030 879 0 1587 834 2574 1131 2771 2036 2304
1148 1373 122 885 557 2628 1852 1529 1587 0 2125 2166 1419 2610 2560 717
1288 1397 2241 1592 1909 573 1758 717 834 2125 0 2311 1005 2352 1383 2806
1373 1085 2250 1389 1611 2378 558 1729 2574 2166 2311 0 1446 523 1374 2327
317 404 1541 649 1024 1339 899 304 1131 1419 1005 1446 0 1655 1179 1993
1675 1374 2704 1775 2053 2291 799 1893 2771 2610 2352 523 1655 0 1155 2831
1413 1212 2678 1695 2081 1172 1015 1238 2036 2560 1383 1374 1179 1155 0 3041
1686 1829 626 1364 974 3281 2174 2163 2304 717 2806 2327 1993 2831 3041 0
