0 570 104 152 382 701 34 4 695 175 368 847 112 76 471 286 266 518 414 315 489 250 293 230 59 530 142 176 324 214 548 102 594 291 817 565 611 667 424 356 412 216 337 131 646 212 364 648 186 482 826 620 419 89 669 167 347 812 770 815 141 842 849 449 803 647 815 171 151 511 519 403 80 184 394 241 454 629
570 0 656 612 267 387 604 567 1261 676 275 833 462 643 496 835 834 294 959 482 1059 678 678 348 557 1056 566 394 852 358 59 579 1137 559 729 359 994 607 320 651 201 769 233 629 961 506 909 565 695 650 735 396 336 502 1240 668 615 1088 1338 1164 480 307 1390 1013 1315 841 563 734 625 366 580 838 492 710 616 396 164 624
104 656 0 220 443 805 85 108 628 89 429 826 194 39 570 185 181 621 312 414 415 304 354 308 99 426 131 267 311 308 628 184 552 380 811 669 522 764 528 431 510 115 423 70 693 222 262 654 93 453 820 655 461 154 590 208 429 736 697 728 244 937 748 390 699 717 839 141 96 546 510 313 181 201 365 345 551 621
152 612 220 0 481 653 142 149 663 309 468 997 222 181 374 364 306 482 482 224 481 99 141 318 212 608 295 248 240 267 604 53 525 167 961 511 743 560 385 211 424 300 398 273 495 359 438 788 314 634 970 740 538 225 662 59 209 955 745 948 133 847 900 418 879 499 941 168 298 633 666 533 165 104 546 222 468 775
382 267 443 481 0 588 416 380 1070 439 13 639 271 442 550 605 624 429 722 457 858 572 592 162 348 807 329 233 702 224 218 433 977 506 560 502 726 719 388 603 263 546 134 399 930 253 673 378 458 392 568 270 94 296 1032 526 574 828 1141 898 354 575 1143 828 1059 860 475 553 388 176 338 576 322 557 350 327 272 410
701 387 805 653 588 0 726 697 1299 862 589 1209 632 776 321 987 950 185 1114 433 1132 665 635 565 723 1232 772 560 866 519 442 651 1132 511 1112 141 1262 294 277 561 337 916 475 812 781 752 1065 941 878 974 1118 780 678 678 1311 709 528 1403 1384 1454 563 318 1545 1063 1505 612 950 818 820 734 927 1073 626 756 917 460 317 990
34 604 85 142 416 726 0 37 660 168 402 867 146 50 485 261 234 543 388 328 455 235 282 264 82 507 159 210 293 247 582 99 560 295 841 588 605 678 448 352 443 191 372 131 631 236 339 675 176 500 850 652 452 121 635 146 347 813 735 810 162 873 822 414 780 641 845 136 155 543 542 396 112 156 411 265 485 652
4 567 108 149 380 697 37 0 697 179 367 849 110 80 467 290 270 514 418 311 492 248 290 227 62 534 145 173 325 210 545 99 596 287 818 561 615 662 420 353 409 220 334 135 644 213 368 649 190 485 827 620 419 88 672 166 344 815 773 819 137 838 853 451 807 644 815 173 155 511 520 407 76 184 396 237 451 630
695 1261 628 663 1070 1299 660 697 0 654 1056 1344 807 628 988 497 450 1140 434 867 215 633 666 925 722 470 752 869 433 902 1242 685 199 787 1368 1159 799 1130 1045 750 1084 536 1031 681 734 842 461 1241 636 994 1376 1274 1088 775 110 603 778 1043 86 940 786 1510 467 247 566 891 1445 526 699 1168 1082 687 769 558 921 884 1128 1186
175 676 89 309 439 862 168 179 654 0 426 751 232 128 647 167 207 677 284 491 438 394 444 329 140 382 110 306 386 349 641 268 604 463 745 730 436 842 587 520 551 117 446 50 782 191 235 597 19 378 753 620 439 186 602 298 516 647 717 642 314 969 714 430 649 807 793 219 50 515 446 228 239 288 292 407 589 555
368 275 429 468 13 589 402 367 1056 426 0 643 258 428 544 592 610 427 710 448 845 559 580 150 334 795 316 221 688 213 228 420 963 495 566 500 718 714 384 592 261 533 129 385 920 241 661 383 446 388 574 281 98 282 1019 512 564 823 1127 892 342 583 1132 814 1048 851 485 539 375 184 338 565 309 543 343 317 272 412
847 833 826 997 639 1209 867 849 1344 751 643 0 786 855 1182 865 942 1065 910 1066 1141 1096 1135 745 788 904 708 804 1136 820 774 943 1341 1091 126 1138 606 1357 1027 1180 901 854 772 755 1491 637 884 268 761 373 125 440 545 772 1260 1014 1159 481 1383 627 913 1095 1173 1160 1030 1463 363 966 729 476 332 657 842 1021 460 934 904 232
112 462 194 222 271 632 146 110 807 232 258 786 0 181 447 377 372 447 504 302 599 320 353 118 97 611 142 75 430 117 437 170 705 308 743 503 639 643 360 393 320 309 229 181 708 158 453 567 249 439 751 520 317 45 778 258 374 815 881 839 128 743 939 561 881 679 719 283 188 412 454 442 57 286 356 189 359 559
76 643 39 181 442 776 50 80 628 128 428 855 181 0 534 211 191 593 338 378 419 265 315 298 94 456 150 250 287 289 619 145 541 341 836 638 562 727 498 392 489 140 410 101 656 237 289 675 132 483 844 665 469 146 597 170 389 775 701 767 212 918 773 385 729 678 854 119 127 557 535 352 157 167 394 315 531 646
471 496 570 374 550 321 485 467 988 647 544 1182 447 534 0 736 681 219 856 156 835 360 322 441 513 982 585 397 558 369 526 391 814 211 1110 195 1079 196 179 241 315 668 416 600 483 601 811 927 658 871 1118 809 641 485 1009 423 210 1262 1074 1282 334 600 1273 760 1253 345 1008 542 617 726 859 874 415 467 795 261 338 949
286 835 185 364 605 987 261 290 497 167 592 865 377 211 736 0 91 804 127 581 283 419 472 486 280 246 276 451 326 493 804 345 476 532 877 849 424 925 710 562 695 70 602 207 764 359 77 744 147 502 885 782 606 334 437 327 568 666 554 622 423 1121 563 294 519 829 948 208 217 679 586 235 365 295 426 527 736 692
266 834 181 306 624 950 234 270 450 207 610 942 372 191 681 91 0 771 179 530 235 345 397 488 279 307 302 442 235 480 809 299 401 472 946 810 516 864 675 490 678 90 601 231 675 392 141 804 191 573 954 825 637 334 408 260 501 758 517 712 389 1108 596 223 573 747 1001 139 249 718 649 325 346 221 492 495 720 758
518 294 621 482 429 185 543 514 1140 677 427 1065 447 593 219 804 771 0 932 276 963 509 487 384 537 1048 587 375 707 334 335 474 983 359 977 73 1079 314 96 428 166 734 304 627 702 569 882 799 693 803 984 655 522 493 1144 540 392 1227 1224 1272 382 389 1365 899 1321 561 842 642 635 591 765 888 441 586 742 277 162 838
414 959 312 482 722 1114 388 418 434 284 710 910 504 338 856 127 179 932 0 703 242 524 576 611 407 128 395 578 394 620 926 468 465 649 938 975 391 1042 836 669 822 198 727 330 838 471 50 822 265 566 946 880 714 460 353 438 680 640 476 569 550 1247 435 290 396 922 1034 317 335 781 661 252 493 400 501 654 863 760
315 482 414 224 457 433 328 311 867 491 448 1066 302 378 156 581 530 276 703 0 699 234 212 320 359 827 434 263 434 245 494 236 707 84 1005 292 925 351 186 168 280 513 331 445 486 459 657 823 502 737 1013 726 541 336 877 278 133 1114 952 1128 181 661 1125 630 1100 403 931 392 462 632 736 719 263 324 656 132 318 834
489 1059 415 481 858 1132 455 492 215 438 845 1141 599 419 835 283 235 963 242 699 0 475 517 717 511 319 537 665 283 701 1037 493 228 626 1159 990 630 998 866 609 890 321 827 466 683 626 257 1027 420 784 1167 1058 873 565 182 423 631 879 282 796 593 1320 469 86 509 807 1230 327 483 953 870 489 566 376 709 695 934 975
250 678 304 99 572 665 235 248 633 394 559 1096 320 265 360 419 345 509 524 234 475 0 53 409 310 652 392 338 201 351 677 153 475 153 1061 525 820 527 416 145 482 362 478 364 396 459 485 887 396 733 1070 835 633 325 649 97 159 1040 719 1024 217 890 921 400 916 415 1037 210 389 729 766 611 263 124 644 282 525 875
293 678 354 141 592 635 282 290 666 444 580 1135 353 315 322 472 397 487 576 212 517 53 0 432 353 704 436 360 237 368 681 192 498 128 1096 497 872 481 399 94 478 415 489 412 356 498 538 920 447 775 1104 858 659 363 688 149 114 1091 752 1077 238 873 969 439 967 363 1062 263 437 754 804 663 295 177 687 285 519 911
230 348 308 318 162 565 264 227 925 329 150 745 118 298 441 486 488 384 611 320 717 409 432 0 209 711 223 71 542 75 320 271 820 355 685 449 697 628 312 451 232 420 116 281 777 186 561 503 348 432 693 426 228 154 896 364 425 844 999 888 193 639 1044 679 976 722 630 400 280 323 418 515 162 396 362 188 265 513
59 557 99 212 348 723 82 62 722 140 334 788 97 94 513 280 279 537 407 359 511 310 353 209 0 515 83 171 373 213 529 160 634 343 759 590 566 709 447 413 416 212 324 90 706 154 356 593 155 423 768 573 375 55 688 226 402 759 794 769 178 841 842 480 786 704 765 210 104 464 460 362 99 239 334 267 456 570
530 1056 426 608 807 1232 507 534 470 382 795 904 611 456 982 246 307 1048 128 827 319 652 704 711 515 0 489 686 517 729 1018 591 547 776 949 1095 330 1168 954 797 931 316 828 431 959 554 170 855 363 592 957 936 787 566 370 566 807 573 490 479 669 1351 336 387 273 1049 1071 445 431 843 695 267 607 528 542 772 970 784
142 566 131 295 329 772 159 145 752 110 316 708 142 150 585 276 302 587 395 434 537 392 436 223 83 489 0 211 438 253 531 244 684 424 686 645 497 781 502 497 451 219 338 71 789 90 345 525 130 341 694 524 335 99 706 305 485 680 818 698 253 862 823 519 753 788 708 268 59 417 385 300 170 313 252 330 487 496
176 394 267 248 233 560 210 173 869 306 221 804 75 250 397 451 442 375 578 263 665 338 360 71 171 686 211 0 476 42 373 202 757 289 749 434 705 590 291 383 245 382 162 256 707 205 528 569 324 475 757 498 298 120 845 295 359 870 945 902 122 669 1014 622 956 659 701 342 261 394 473 512 99 330 397 136 284 572
324 852 311 240 702 866 293 325 433 386 688 1136 430 287 558 326 235 707 394 434 283 201 237 542 373 517 438 476 0 501 842 275 285 354 1123 726 751 715 613 327 664 299 633 381 444 524 369 963 378 763 1131 945 744 414 451 183 351 991 518 947 372 1083 746 203 761 537 1138 170 407 836 821 556 380 145 675 461 708 932
214 358 308 267 224 519 247 210 902 349 213 820 117 289 369 493 480 334 620 245 701 351 368 75 213 729 253 42 501 0 341 226 785 283 760 394 745 559 252 380 202 423 132 298 707 240 569 578 366 502 768 494 299 163 882 318 352 905 980 941 134 629 1056 655 998 647 699 376 304 394 493 553 134 356 428 113 242 588
548 59 628 604 218 442 582 545 1242 641 228 774 437 619 526 804 809 335 926 494 1037 677 681 320 529 1018 531 373 842 341 0 567 1126 567 671 403 943 649 347 662 216 739 211 596 979 465 876 506 661 595 678 339 281 474 1216 658 627 1032 1318 1111 470 360 1354 995 1274 868 511 715 590 307 522 793 473 698 564 396 188 565
102 579 184 53 433 651 99 99 685 268 420 943 170 145 391 345 299 474 468 236 493 153 192 271 160 591 244 202 275 226 567 0 558 196 908 510 705 583 377 255 399 277 358 229 548 306 421 735 276 582 916 689 487 172 675 92 247 912 765 910 101 827 895 438 864 545 889 168 252 582 613 496 113 130 494 202 443 721
594 1137 552 525 977 1132 560 596 199 604 963 1341 705 541 814 476 401 983 465 707 228 475 498 820 634 547 684 757 285 785 1126 558 0 624 1347 995 856 945 892 573 949 490 916 617 535 775 472 1201 590 974 1355 1207 1010 682 276 468 605 1106 281 1025 657 1364 639 182 712 693 1392 424 640 1098 1050 702 658 428 893 746 992 1159
291 559 380 167 506 511 295 287 787 463 495 1091 308 341 211 532 472 359 649 84 626 153 128 355 343 776 424 289 354 283 567 196 624 0 1039 371 900 392 270 97 357 467 389 422 425 465 605 858 471 747 1047 776 583 333 802 213 69 1102 873 1105 179 745 1062 553 1046 372 981 333 443 677 759 692 258 256 663 180 397 861
817 729 811 961 560 1112 841 818 1368 745 566 126 743 836 1110 877 946 977 938 1005 1159 1061 1096 685 759 949 686 749 1123 760 671 908 1347 1039 0 1050 675 1278 947 1131 816 856 695 741 1451 605 907 182 758 375 8 332 468 735 1291 985 1108 585 1414 726 865 979 1238 1169 1102 1407 236 952 716 387 301 690 800 998 454 872 815 190
565 359 669 511 502 141 588 561 1159 730 500 1138 503 638 195 849 810 73 975 292 990 525 497 449 590 1095 645 434 726 394 403 510 995 371 1050 0 1140 248 143 427 239 779 375 680 674 633 927 872 745 873 1058 727 595 548 1169 568 392 1294 1244 1335 425 406 1405 922 1368 521 912 676 690 664 837 946 491 614 810 323 235 911
611 994 522 743 726 1262 605 615 799 436 718 606 639 562 1079 424 516 1079 391 925 630 820 872 697 566 330 497 705 751 745 943 705 856 900 675 1140 0 1275 997 954 929 463 799 480 1187 510 393 628 429 381 681 757 669 597 700 723 952 249 820 205 745 1302 566 681 426 1236 843 618 462 691 487 209 664 702 382 828 959 543
667 607 764 560 719 294 678 662 1130 842 714 1357 643 727 196 925 864 314 1042 351 998 527 481 628 709 1168 781 590 715 559 649 583 945 392 1278 248 1275 0 330 388 462 858 585 796 513 794 998 1097 853 1061 1285 963 812 682 1164 604 368 1458 1217 1478 530 612 1449 918 1438 330 1154 725 813 890 1041 1070 611 645 987 455 471 1126
424 320 528 385 388 277 448 420 1045 587 384 1027 360 498 179 710 675 96 836 186 866 416 399 312 447 954 502 291 613 252 347 377 892 270 947 143 997 330 0 348 137 639 254 536 643 492 787 766 602 742 955 637 482 405 1047 444 312 1156 1128 1194 286 474 1269 803 1227 521 833 545 547 560 714 802 349 490 674 182 159 796
356 651 431 211 603 561 352 353 750 520 592 1180 393 392 241 562 490 428 669 168 609 145 94 451 413 797 497 383 327 380 662 255 573 97 1131 427 954 388 348 0 449 503 487 483 327 548 630 952 525 829 1140 874 679 413 777 235 36 1166 836 1159 267 818 1063 530 1061 290 1078 354 507 774 847 744 340 268 743 278 487 951
412 201 510 424 263 337 443 409 1084 551 261 901 320 489 315 695 678 166 822 280 890 482 478 232 416 931 451 245 664 202 216 399 949 357 816 239 929 462 137 449 0 625 138 501 762 418 772 636 568 639 824 501 356 365 1072 482 413 1066 1164 1118 298 430 1258 837 1201 653 696 563 504 429 599 747 332 526 580 202 43 673
216 769 115 300 546 916 191 220 536 117 533 854 309 140 668 70 90 734 198 513 321 362 415 420 212 316 219 382 299 423 739 277 490 467 856 779 463 858 639 503 625 0 536 148 725 306 148 713 101 484 865 737 553 267 487 267 507 696 600 665 353 1052 633 314 589 776 911 155 163 632 559 260 295 240 402 456 666 668
337 233 423 398 134 475 372 334 1031 446 129 772 229 410 416 602 601 304 727 331 827 478 489 116 324 828 338 162 633 132 211 358 916 389 695 375 799 585 254 487 138 536 0 398 813 291 677 513 465 500 703 397 227 269 1007 450 455 928 1107 984 264 523 1160 784 1092 732 600 504 396 310 462 625 262 488 442 209 161 541
131 629 70 273 399 812 131 135 681 50 385 755 181 101 600 207 231 627 330 445 466 364 412 281 90 431 71 256 381 298 596 229 617 422 741 680 480 796 536 483 501 148 398 0 757 160 279 586 67 383 750 594 406 135 635 270 477 682 747 684 266 920 762 449 699 773 775 211 26 487 440 273 189 268 295 357 539 551
646 961 693 495 930 781 631 644 734 782 920 1491 708 656 483 764 675 702 838 486 683 396 356 777 706 959 789 707 444 707 979 548 535 425 1451 674 1187 513 643 327 762 725 813 757 0 854 813 1273 780 1129 1459 1201 1005 719 803 486 358 1420 815 1387 587 1080 1150 597 1190 190 1406 572 783 1100 1160 985 651 493 1041 605 796 1267
212 506 222 359 253 752 236 213 842 191 241 637 158 237 601 359 392 569 471 459 626 459 498 186 154 554 90 205 524 240 465 306 775 465 605 633 510 794 492 548 418 306 291 160 854 0 423 439 211 281 614 434 247 135 793 380 531 665 907 702 286 809 891 609 809 836 617 357 143 326 307 334 208 393 197 339 449 417
364 909 262 438 673 1065 339 368 461 235 661 884 453 289 811 77 141 882 50 657 257 485 538 561 356 170 345 528 369 569 876 421 472 605 907 927 393 998 787 630 772 148 677 279 813 423 0 785 215 533 915 837 667 409 388 396 638 641 509 581 501 1197 486 292 443 889 994 276 285 736 625 231 443 361 464 605 812 726
648 565 654 788 378 941 675 649 1241 597 383 268 567 675 927 744 804 799 822 823 1027 887 920 503 593 855 525 569 963 578 506 735 1201 858 182 872 628 1097 766 952 636 713 513 586 1273 439 785 0 613 263 190 180 286 563 1173 816 927 608 1294 728 686 836 1166 1027 1043 1225 218 793 562 208 160 588 624 832 321 690 637 88
186 695 93 314 458 878 176 190 636 19 446 761 249 132 658 147 191 693 265 502 420 396 447 348 155 363 130 324 378 366 661 276 590 471 758 745 429 853 602 525 568 101 465 67 780 211 215 613 0 389 766 638 458 203 583 299 522 644 698 635 326 987 695 414 632 810 810 213 70 533 460 220 253 286 304 421 607 569
482 650 453 634 392 974 500 485 994 378 388 373 439 483 871 502 573 803 566 737 784 733 775 432 423 592 341 475 763 502 595 582 974 747 375 873 381 1061 742 829 639 484 500 383 1129 281 533 263 389 0 383 375 314 416 920 646 813 437 1042 521 567 954 904 795 784 1118 481 593 357 314 107 325 489 650 89 611 657 194
826 735 820 970 568 1118 850 827 1376 753 574 125 751 844 1118 885 954 984 946 1013 1167 1070 1104 693 768 957 694 757 1131 768 678 916 1355 1047 8 1058 681 1285 955 1140 824 865 703 750 1459 614 915 190 766 383 0 339 476 744 1299 994 1116 588 1422 730 873 984 1244 1177 1108 1415 238 961 725 395 310 697 808 1006 462 881 822 198
620 396 655 740 270 780 652 620 1274 620 281 440 520 665 809 782 825 655 880 726 1058 835 858 426 573 936 524 498 945 494 339 689 1207 776 332 727 757 963 637 874 501 737 397 594 1201 434 837 180 638 375 339 0 202 531 1220 779 845 774 1336 883 620 656 1263 1044 1152 1129 204 784 575 108 270 673 576 804 396 598 493 258
419 336 461 538 94 678 452 419 1088 439 98 545 317 469 641 606 637 522 714 541 873 633 659 228 375 787 335 298 744 299 281 487 1010 583 468 595 669 812 482 679 356 553 227 406 1005 247 667 286 458 314 476 202 0 330 1041 576 652 751 1154 831 420 641 1121 852 1026 944 403 585 391 95 249 539 373 602 287 409 364 316
89 502 154 225 296 678 121 88 775 186 282 772 45 146 485 334 334 493 460 336 565 325 363 154 55 566 99 120 414 163 474 172 682 333 735 548 597 682 405 413 365 267 269 135 719 135 409 563 203 416 744 531 330 0 742 252 397 777 847 797 157 787 895 532 835 702 726 257 142 422 441 397 75 273 330 231 404 549
669 1240 590 662 1032 1311 635 672 110 602 1019 1260 778 597 1009 437 408 1144 353 877 182 649 688 896 688 370 706 845 451 882 1216 675 276 802 1291 1169 700 1164 1047 777 1072 487 1007 635 803 793 388 1173 583 920 1299 1220 1041 742 0 603 802 940 123 834 775 1502 365 248 456 948 1382 509 650 1116 1013 603 747 557 852 877 1116 1114
167 668 208 59 526 709 146 166 603 298 512 1014 258 170 423 327 260 540 438 278 423 97 149 364 226 566 305 295 183 318 658 92 468 213 985 568 723 604 444 235 482 267 450 270 486 380 396 816 299 646 994 779 576 252 603 0 242 943 686 927 188 906 849 359 833 513 977 121 296 671 687 514 204 46 557 280 526 797
347 615 429 209 574 528 347 344 778 516 564 1159 374 389 210 568 501 392 680 133 631 159 114 425 402 807 485 359 351 352 627 247 605 69 1108 392 952 368 312 36 413 507 455 477 358 531 638 927 522 813 1116 845 652 397 802 242 0 1159 864 1157 246 782 1081 554 1074 305 1049 362 499 746 827 742 323 279 727 247 451 930
812 1088 736 955 828 1403 813 815 1043 647 823 481 815 775 1262 666 758 1227 640 1114 879 1040 1091 844 759 573 680 870 991 905 1032 912 1106 1102 585 1294 249 1458 1156 1166 1066 696 928 682 1420 665 641 608 644 437 588 774 751 777 940 943 1159 0 1057 151 933 1390 752 930 599 1454 798 848 660 740 516 435 851 928 485 1002 1088 521
770 1338 697 745 1141 1384 735 773 86 717 1127 1383 881 701 1074 554 517 1224 476 952 282 719 752 999 794 490 818 945 518 980 1318 765 281 873 1414 1244 820 1217 1128 836 1164 600 1107 747 815 907 509 1294 698 1042 1422 1336 1154 847 123 686 864 1057 0 946 866 1592 426 327 542 975 1502 604 763 1232 1135 727 846 640 974 965 1208 1236
815 1164 728 948 898 1454 810 819 940 642 892 627 839 767 1282 622 712 1272 569 1128 796 1024 1077 888 769 479 698 902 947 941 1111 910 1025 1105 726 1335 205 1478 1194 1159 1118 665 984 684 1387 702 581 728 635 521 730 883 831 797 834 927 1157 151 946 0 948 1471 613 857 458 1440 929 821 666 835 615 414 867 905 548 1028 1145 640
141 480 244 133 354 563 162 137 786 314 342 913 128 212 334 423 389 382 550 181 593 217 238 193 178 669 253 122 372 134 470 101 657 179 865 425 745 530 286 267 298 353 264 266 587 286 501 686 326 567 873 620 420 157 775 188 246 933 866 948 0 727 982 539 942 551 823 266 282 516 580 540 82 230 484 105 342 684
842 307 937 847 575 318 873 838 1510 969 583 1095 743 918 600 1121 1108 389 1247 661 1320 890 873 639 841 1351 862 669 1083 629 360 827 1364 745 979 406 1302 612 474 818 430 1052 523 920 1080 809 1197 836 987 954 984 656 641 787 1502 906 782 1390 1592 1471 727 0 1682 1264 1615 922 774 993 919 655 877 1143 761 951 924 626 387 906
849 1390 748 900 1143 1545 822 853 467 714 1132 1173 939 773 1273 563 596 1365 435 1125 469 921 969 1044 842 336 823 1014 746 1056 1354 895 639 1062 1238 1405 566 1449 1269 1063 1258 633 1160 762 1150 891 486 1166 695 904 1244 1263 1121 895 365 849 1081 752 426 613 982 1682 0 556 154 1277 1385 732 764 1174 1011 589 928 806 866 1087 1299 1089
449 1013 390 418 828 1063 414 451 247 430 814 1160 561 385 760 294 223 899 290 630 86 400 439 679 480 387 519 622 203 655 995 438 182 553 1169 922 681 918 803 530 837 314 784 449 597 609 292 1027 414 795 1177 1044 852 532 248 359 554 930 327 857 539 1264 556 0 593 721 1223 279 470 936 873 520 522 313 715 638 881 981
803 1315 699 879 1059 1505 780 807 566 649 1048 1030 881 729 1253 519 573 1321 396 1100 509 916 967 976 786 273 753 956 761 998 1274 864 712 1046 1102 1368 426 1438 1227 1061 1201 589 1092 699 1190 809 443 1043 632 784 1108 1152 1026 835 456 833 1074 599 542 458 942 1615 154 593 0 1299 1261 713 697 1070 892 486 879 794 757 1045 1239 962
647 841 717 499 860 612 641 644 891 807 851 1463 679 678 345 829 747 561 922 403 807 415 363 722 704 1049 788 659 537 647 868 545 693 372 1407 521 1236 330 521 290 653 776 732 773 190 836 889 1225 810 1118 1415 1129 944 702 948 513 305 1454 975 1440 551 922 1277 721 1299 0 1332 622 796 1036 1131 1027 628 536 1032 535 681 1232
815 563 839 941 475 950 845 815 1445 793 485 363 719 854 1008 948 1001 842 1034 931 1230 1037 1062 630 765 1071 708 701 1138 699 511 889 1392 981 236 912 843 1154 833 1078 696 911 600 775 1406 617 994 218 810 481 238 204 403 726 1382 977 1049 798 1502 929 823 774 1385 1223 1261 1332 0 973 753 308 376 804 776 1000 532 802 683 299
171 734 141 168 553 818 136 173 526 219 539 966 283 119 542 208 139 642 317 392 327 210 263 400 210 445 268 342 170 376 715 168 424 333 952 676 618 725 545 354 563 155 504 211 572 357 276 793 213 593 961 784 585 257 509 121 362 848 604 821 266 993 732 279 713 622 973 0 237 675 651 413 242 86 506 369 606 762
151 625 96 298 388 820 155 155 699 50 375 729 188 127 617 217 249 635 335 462 483 389 437 280 104 431 59 261 407 304 590 252 640 443 716 690 462 813 547 507 504 163 396 26 783 143 285 562 70 357 725 575 391 142 650 296 499 660 763 666 282 919 764 470 697 796 753 237 0 469 415 258 203 295 268 370 542 526
511 366 546 633 176 734 543 511 1168 515 184 476 412 557 726 679 718 591 781 632 953 729 754 323 464 843 417 394 836 394 307 582 1098 677 387 664 691 890 560 774 429 632 310 487 1100 326 736 208 533 314 395 108 95 422 1116 671 746 740 1232 835 516 655 1174 936 1070 1036 308 675 469 0 223 586 468 695 315 501 429 258
519 580 510 666 338 927 542 520 1082 446 338 332 454 535 859 586 649 765 661 736 870 766 804 418 460 695 385 473 821 493 522 613 1050 759 301 837 487 1041 714 847 599 559 462 440 1160 307 625 160 460 107 310 270 249 441 1013 687 827 516 1135 615 580 877 1011 873 892 1131 376 651 415 223 0 428 509 697 161 606 611 111
403 838 313 533 576 1073 396 407 687 228 565 657 442 352 874 235 325 888 252 719 489 611 663 515 362 267 300 512 556 553 793 496 702 692 690 946 209 1070 802 744 747 260 625 273 985 334 231 588 220 325 697 673 539 397 603 514 742 435 727 414 540 1143 589 520 486 1027 804 413 258 586 428 0 461 495 277 628 781 518
80 492 181 165 322 626 112 76 769 239 309 842 57 157 415 365 346 441 493 263 566 263 295 162 99 607 170 99 380 134 473 113 658 258 800 491 664 611 349 340 332 295 262 189 651 208 443 624 253 489 808 576 373 75 747 204 323 851 846 867 82 761 928 522 879 628 776 242 203 468 509 461 0 234 404 168 374 616
184 710 201 104 557 756 156 184 558 288 543 1021 286 167 467 295 221 586 400 324 376 124 177 396 239 528 313 330 145 356 698 130 428 256 998 614 702 645 490 268 526 240 488 268 493 393 361 832 286 650 1006 804 602 273 557 46 279 928 640 905 230 951 806 313 794 536 1000 86 295 695 697 495 234 0 561 325 570 808
394 616 365 546 350 917 411 396 921 292 343 460 356 394 795 426 492 742 501 656 709 644 687 362 334 542 252 397 675 428 564 494 893 663 454 810 382 987 674 743 580 402 442 295 1041 197 464 321 304 89 462 396 287 330 852 557 727 485 974 548 484 924 866 715 757 1032 532 506 268 315 161 277 404 561 0 533 603 266
241 396 345 222 327 460 265 237 884 407 317 934 189 315 261 527 495 277 654 132 695 282 285 188 267 772 330 136 461 113 396 202 746 180 872 323 828 455 182 278 202 456 209 357 605 339 605 690 421 611 881 598 409 231 877 280 247 1002 965 1028 105 626 1087 638 1045 535 802 369 370 501 606 628 168 325 533 0 246 702
454 164 551 468 272 317 485 451 1128 589 272 904 359 531 338 736 720 162 863 318 934 525 519 265 456 970 487 284 708 242 188 443 992 397 815 235 959 471 159 487 43 666 161 539 796 449 812 637 607 657 822 493 364 404 1116 526 451 1088 1208 1145 342 387 1299 881 1239 681 683 606 542 429 611 781 374 570 603 246 0 679
629 624 621 775 410 990 652 630 1186 555 412 232 559 646 949 692 758 838 760 834 975 875 911 513 570 784 496 572 932 588 565 721 1159 861 190 911 543 1126 796 951 673 668 541 551 1267 417 726 88 569 194 198 258 316 549 1114 797 930 521 1236 640 684 906 1089 981 962 1232 299 762 526 258 111 518 616 808 266 702 679 0
