0 545 1455 577 1038 1395 1729 451 484 880 1061 1611 155 1708 1665 1312
545 0 1872 929 503 1693 2260 794 615 1305 1354 2149 671 1169 2091 1856
1455 1872 0 943 2356 2369 907 1078 1900 1771 2141 948 1301 2824 220 1001
577 929 943 0 1415 1844 1460 138 1060 1254 1537 1387 447 1935 1162 1177
1038 503 2356 1415 0 1957 2762 1284 943 1689 1641 2648 1172 755 2576 2349
1395 1693 2369 1844 1957 0 2040 1766 1077 610 341 1877 1445 2709 2512 1562
1729 2260 907 1460 2762 2040 0 1552 2026 1556 1934 163 1590 3373 858 498
451 794 1078 138 1284 1766 1552 0 934 1190 1450 1468 335 1827 1297 1234
484 615 1900 1060 943 1077 2026 934 0 747 740 1887 619 1694 2101 1556
880 1305 1771 1254 1689 610 1556 1190 747 0 386 1396 890 2436 1924 1058
1061 1354 2141 1537 1641 341 1934 1450 740 386 0 1772 1121 2396 2302 1438
1611 2149 948 1387 2648 1877 163 1468 1887 1396 1772 0 1477 3278 936 341
155 671 1301 447 1172 1445 1590 335 619 890 1121 1477 0 1817 1510 1189
1708 1169 2824 1935 755 2709 3373 1827 1694 2436 2396 3278 1817 0 3040 3005
1665 2091 220 1162 2576 2512 858 1297 2101 1924 2302 936 1510 3040 0 1061
1312 1856 1001 1177 2349 1562 498 1234 1556 1058 1438 341 1189 3005 1061 0
