0 1190 1458 1130 878 341 1456 99 702 1565 199 832 787 46 608 458
1190 0 1129 269 695 914 1557 1289 1301 1230 1378 1516 1078 1149 1268 1648
1458 1129 0 1366 1630 1138 558 1517 1996 2318 1636 1068 1893 1415 1920 1773
1130 269 1366 0 462 916 1752 1229 1103 966 1301 1602 858 1095 1084 1585
878 695 1630 462 0 805 1904 966 653 755 1003 1556 396 858 648 1291
341 914 1138 916 805 0 1216 425 895 1553 538 751 875 295 809 765
1456 1557 558 1752 1904 1216 0 1481 2109 2645 1590 776 2078 1423 2021 1636
99 1289 1517 1229 966 425 1481 0 731 1636 118 818 845 140 637 359
702 1301 1996 1103 653 895 2109 731 0 1035 684 1534 275 719 94 910
1565 1230 2318 966 755 1553 2645 1636 1035 0 1638 2304 808 1556 1098 1907
199 1378 1636 1301 1003 538 1590 118 684 1638 0 905 835 245 593 289
832 1516 1068 1602 1556 751 776 818 1534 2304 905 0 1588 815 1440 883
787 1078 1893 858 396 875 2078 845 275 808 835 1588 0 788 306 1098
46 1149 1415 1095 858 295 1423 140 719 1556 245 815 788 0 626 499
608 1268 1920 1084 648 809 2021 637 94 1098 593 1440 306 626 0 827
458 1648 1773 1585 1291 765 1636 359 910 1907 289 883 1098 499 827 0
