0 1092 1021 895 314 1621 1246 1252 1202 611 1652 1460 1613 402 1493 1378
1092 0 2102 552 1361 2605 675 865 1992 553 1627 1598 905 1153 2484 830
1021 2102 0 1790 837 768 2102 2026 1300 1629 2360 2111 2593 1030 651 2192
895 552 1790 0 1208 2174 354 423 2030 682 2006 1915 1442 763 2062 500
314 1361 837 1208 0 1532 1560 1564 924 834 1602 1377 1757 641 1404 1693
1621 2605 768 2174 1532 0 2415 2279 2061 2220 3111 2867 3234 1451 128 2459
1246 675 2102 354 1560 2415 0 215 2382 995 2268 2203 1570 1072 2311 164
1252 865 2026 423 1564 2279 215 0 2427 1105 2418 2335 1769 1013 2180 180
1202 1992 1300 2030 924 2061 2382 2427 0 1450 1297 1034 1979 1566 1950 2531
611 553 1629 682 834 2220 995 1105 1450 0 1343 1234 1027 828 2093 1158
1652 1627 2360 2006 1602 3111 2268 2418 1297 1343 0 264 1035 2030 2985 2432
1460 1598 2111 1915 1377 2867 2203 2335 1034 1234 264 0 1151 1850 2743 2368
1613 905 2593 1442 1757 3234 1570 1769 1979 1027 1035 1151 0 1852 3107 1715
402 1153 1030 763 641 1451 1072 1013 1566 828 2030 1850 1852 0 1331 1170
1493 2484 651 2062 1404 128 2311 2180 1950 2093 2985 2743 3107 1331 0 2359
1378 830 2192 500 1693 2459 164 180 2531 1158 2432 2368 1715 1170 2359 0
