0 747 227 166 134 717 453 54 213 140 14 531 646 284 793 814 760 840 859 268 59 303 702 314 686 401 555 306 157 33 270 290 653 493 446 668 130 314 730 242 816 322 121 828 724 529 668 608 517 787 73 688 19 316 4 407 236 96 732 205 657 833 286 477 760 150 668 386 453 838 684 88 52 618 815 783 765 210 397 287 739 332 378 507 233 20 49 594 72 670 95 225 178 161 814 850 202 553 836 207 168 606 90 340 310 666 244 791 103 399 324 685 808 210 232 132
747 0 887 887 693 1365 1190 719 808 876 743 1173 1284 975 1215 70 1213 1358 1178 1014 687 668 689 923 843 613 947 881 895 725 588 933 1293 1138 794 1404 851 881 1334 990 924 929 647 328 900 1276 1341 1098 551 897 695 567 765 481 751 1045 921 830 1368 944 1203 735 514 907 1425 804 783 1129 1200 1560 1057 659 713 1184 843 1419 1505 846 986 991 1445 790 1117 1003 937 743 786 169 803 1393 769 535 569 714 1355 1136 860 1015 953 682 707 1314 823 1023 834 583 681 49 830 354 926 650 296 701 976 642
227 887 0 292 361 502 446 210 413 132 218 633 427 398 967 948 542 613 1052 270 267 266 929 92 565 373 374 490 138 260 309 63 741 272 318 639 110 499 834 235 1038 486 257 889 589 448 727 775 504 664 299 912 222 408 225 535 373 147 514 148 797 771 496 297 818 90 894 375 374 827 490 284 217 754 715 861 633 42 555 111 558 201 379 296 350 247 181 755 160 669 143 424 360 173 943 1050 374 736 1057 434 393 426 249 446 511 891 471 935 134 535 103 635 877 192 188 353
166 887 292 0 199 703 303 218 151 159 178 369 643 120 674 956 829 881 762 146 215 457 714 383 827 561 663 203 157 173 435 345 490 503 580 517 186 212 571 141 779 194 288 991 859 409 501 483 681 928 193 730 148 481 162 253 82 158 724 174 512 992 388 585 594 258 651 245 340 679 782 243 218 471 964 618 663 299 263 288 679 459 231 588 68 159 160 726 164 511 225 352 325 312 665 763 90 445 795 242 201 553 76 176 236 702 268 928 171 551 394 845 971 361 167 245
134 693 361 199 0 845 501 167 133 262 145 503 776 282 700 763 892 975 749 341 113 395 568 448 784 477 678 230 274 102 334 425 628 624 557 712 260 235 690 326 684 264 186 827 827 606 660 524 575 884 67 560 140 337 135 372 228 223 861 317 592 902 188 601 749 283 535 444 535 866 809 120 161 560 902 758 857 344 336 413 853 450 431 638 244 114 181 529 203 699 227 161 157 272 753 735 169 458 705 73 39 722 153 333 212 536 110 733 233 372 458 753 803 315 333 62
717 1365 502 703 845 0 609 710 854 583 711 892 81 749 1298 1421 389 297 1420 580 765 698 1408 445 761 774 514 897 572 751 777 444 950 231 616 660 586 906 1053 567 1481 871 759 1299 744 471 888 1116 884 822 791 1405 707 886 714 858 758 622 32 535 1088 1026 997 504 955 592 1354 581 466 822 507 785 717 1044 908 1028 402 537 915 431 197 579 599 401 725 734 668 1247 645 735 644 926 863 666 1192 1432 793 1108 1495 913 870 199 702 769 938 1382 947 1414 614 1022 440 937 1295 668 535 849
453 1190 446 303 501 609 0 494 414 359 460 284 582 240 695 1259 871 866 828 191 510 693 947 507 1008 803 793 395 341 469 700 463 346 496 764 215 394 401 449 225 950 348 571 1278 1027 159 300 524 932 1105 495 989 434 766 448 282 286 394 639 305 481 1216 689 724 385 473 857 71 143 390 883 538 498 437 1160 443 411 479 358 359 504 648 75 683 261 452 425 1029 416 225 471 655 625 558 584 848 348 535 957 532 497 414 369 220 451 958 550 1232 401 850 516 1077 1260 600 262 548
54 719 210 218 167 710 494 0 263 156 40 584 636 337 845 785 726 815 906 306 58 249 725 288 634 347 512 358 175 70 217 272 706 481 397 708 134 365 784 277 851 375 76 784 673 559 719 660 464 735 99 703 69 271 57 462 290 111 723 224 711 779 287 434 812 122 700 426 482 883 642 74 7 673 762 836 787 183 451 288 746 285 419 472 285 70 69 572 84 715 66 217 158 110 868 896 256 604 872 239 205 613 141 393 359 682 277 764 111 366 297 631 765 157 258 144
213 808 413 151 133 854 414 263 0 288 227 372 792 176 581 878 956 1020 646 293 225 510 562 505 897 600 766 98 292 193 460 473 497 648 660 616 303 104 557 293 632 130 306 959 936 543 535 398 705 998 181 584 206 471 211 241 128 266 874 320 460 1029 293 687 622 354 500 371 481 756 892 242 259 427 1022 626 802 408 203 432 830 545 353 707 157 194 241 640 257 592 305 288 291 373 621 640 68 340 649 126 105 705 164 217 98 555 136 845 279 501 516 880 934 421 318 196
140 876 132 159 262 583 359 156 288 0 138 509 516 268 834 941 671 732 920 169 197 335 826 224 681 445 505 359 19 172 342 187 622 366 432 568 35 368 712 134 919 354 229 926 710 405 617 643 573 781 212 822 126 419 137 405 240 45 600 68 667 866 426 427 710 116 780 288 328 749 623 223 162 625 825 746 630 143 423 152 598 311 285 428 218 154 92 728 72 584 114 365 312 198 815 919 243 604 936 329 286 465 124 318 384 798 364 921 45 523 235 723 909 241 104 272
14 743 218 178 145 711 460 40 227 138 0 543 639 296 808 810 748 830 873 274 58 289 711 303 672 387 542 320 156 43 258 281 666 485 432 675 125 328 743 247 828 336 111 819 710 532 679 622 504 773 81 696 29 307 16 421 249 93 725 205 670 820 289 463 772 138 679 393 456 847 670 85 40 632 801 795 766 199 411 282 736 318 385 494 245 33 45 592 67 679 82 226 175 147 828 864 216 567 848 218 179 603 101 352 324 674 255 788 98 394 313 672 800 195 234 138
531 1173 633 369 503 892 284 584 372 509 543 0 860 248 412 1243 1126 1138 551 370 570 827 769 715 1190 930 1006 291 498 529 801 671 124 758 941 367 542 291 203 403 718 244 649 1330 1219 438 173 254 1048 1291 534 841 515 833 527 130 294 522 921 486 196 1362 661 930 252 621 659 315 426 435 1113 593 584 152 1331 255 667 652 189 580 786 820 299 912 301 519 530 1004 532 303 594 660 658 681 315 577 339 290 720 494 477 699 443 193 340 808 491 1207 534 874 725 1215 1307 730 452 564
646 1284 427 643 776 81 582 636 792 516 639 860 0 700 1259 1339 347 289 1376 529 692 617 1342 366 690 693 440 842 506 679 696 367 927 154 536 658 516 851 1030 512 1423 818 682 1219 676 457 871 1075 804 755 720 1335 637 805 643 815 704 553 86 472 1054 953 923 426 943 516 1292 545 439 831 445 710 643 1009 840 1013 435 460 868 364 244 497 562 323 671 663 597 1167 574 728 569 851 786 588 1166 1386 734 1061 1438 845 802 198 637 724 880 1312 880 1333 543 942 360 860 1214 588 476 777
284 975 398 120 282 749 240 337 176 268 296 248 700 0 576 1045 920 956 679 170 328 578 712 485 945 682 772 160 260 286 555 444 369 572 697 439 299 168 450 190 740 123 405 1100 976 380 385 385 801 1046 298 749 268 594 281 137 53 275 774 260 399 1113 463 695 477 375 631 206 327 584 887 354 337 357 1084 498 641 411 169 368 694 576 187 689 52 274 281 810 284 418 345 443 428 432 548 686 115 362 752 299 269 579 195 55 214 719 312 1014 288 651 496 966 1079 481 235 339
793 1215 967 674 700 1298 695 845 581 834 808 412 1259 576 0 1280 1496 1528 157 740 806 1091 607 1057 1479 1177 1336 487 830 775 1035 1018 406 1144 1240 756 860 479 335 765 439 481 885 1454 1518 851 498 191 1273 1580 759 722 784 1024 792 447 593 828 1326 836 219 1600 773 1258 505 926 480 717 835 756 1457 819 841 260 1602 434 1074 973 411 945 1199 1123 699 1262 619 775 815 1054 827 679 881 814 845 955 229 202 599 241 426 648 661 1108 728 540 489 691 622 1235 842 1009 1068 1452 1425 1002 811 757
814 70 948 956 763 1421 1259 785 878 941 810 1243 1339 1045 1280 0 1255 1403 1240 1082 755 722 743 980 871 660 990 952 960 792 646 993 1364 1195 839 1473 916 952 1404 1057 980 999 712 310 927 1343 1411 1166 588 918 764 619 833 540 818 1115 991 896 1422 1009 1272 743 584 954 1495 867 843 1197 1267 1630 1096 726 779 1254 859 1489 1570 907 1056 1054 1506 843 1186 1052 1007 811 853 239 869 1463 834 604 636 775 1424 1198 930 1083 1009 752 777 1375 891 1093 904 638 751 49 895 418 983 670 281 761 1043 711
760 1213 542 829 892 389 871 726 956 671 748 1126 347 920 1496 1255 0 164 1591 760 784 580 1447 450 443 603 266 1030 672 790 676 484 1213 375 422 987 653 1039 1315 732 1576 1022 738 1062 407 776 1172 1305 669 474 825 1410 759 779 759 1052 906 690 363 661 1310 702 985 319 1252 609 1427 818 738 1167 168 791 733 1265 566 1314 782 550 1086 552 584 469 831 254 878 780 719 1136 700 1050 665 906 839 634 1441 1591 914 1273 1596 965 928 540 791 959 1054 1394 1003 1261 676 918 439 652 1067 607 685 868
840 1358 613 881 975 297 866 815 1020 732 830 1138 289 956 1528 1403 164 0 1635 788 873 707 1541 527 608 744 414 1084 728 873 801 551 1212 384 564 947 721 1093 1315 765 1650 1068 840 1222 572 747 1159 1339 822 637 911 1514 836 908 839 1080 951 759 265 706 1329 867 1089 451 1233 693 1508 823 724 1117 332 885 822 1284 730 1301 699 632 1125 593 492 588 839 364 921 860 795 1271 774 1018 750 1011 944 736 1448 1641 970 1317 1668 1048 1007 484 856 988 1115 1495 1085 1407 747 1049 517 816 1225 717 722 960
859 1178 1052 762 749 1420 828 906 646 920 873 551 1376 679 157 1240 1591 1635 0 849 860 1145 522 1144 1534 1221 1413 562 919 836 1078 1108 559 1252 1303 906 942 553 493 870 318 569 936 1441 1576 986 652 304 1305 1633 813 646 853 1052 858 562 686 908 1447 932 368 1632 785 1334 662 1001 403 842 964 913 1538 869 902 404 1647 591 1219 1053 510 1044 1333 1191 822 1349 715 839 887 1026 903 831 951 838 880 1016 383 54 678 318 298 687 709 1235 805 651 548 619 655 1192 922 1015 1155 1485 1411 1062 913 799
268 1014 270 146 341 580 191 306 293 169 274 370 529 170 740 1082 760 788 849 0 327 504 855 346 836 614 638 319 151 289 509 302 472 404 588 403 204 328 568 36 904 290 382 1088 860 266 456 551 742 935 320 876 249 577 264 293 180 202 604 122 549 1032 528 564 548 284 786 120 194 581 743 356 309 505 984 591 517 297 339 210 537 469 116 541 147 270 236 858 225 415 280 483 445 367 685 857 226 532 917 388 347 416 193 200 365 848 414 1057 210 667 356 891 1070 410 83 378
59 687 267 215 113 765 510 58 225 197 58 570 692 328 806 755 784 873 860 327 0 286 667 347 674 374 565 323 215 42 236 329 694 538 444 725 182 330 766 302 795 347 81 776 716 588 713 624 482 775 47 645 78 266 64 443 277 152 778 263 682 805 232 488 805 181 643 444 513 893 696 28 51 646 796 824 825 242 423 339 794 337 435 529 279 57 104 534 125 724 124 168 118 158 842 848 232 564 816 184 153 661 141 383 317 624 221 731 156 340 356 656 755 201 292 86
303 668 266 457 395 698 693 249 510 335 289 827 617 578 1091 722 580 707 1145 504 286 0 893 266 389 109 324 607 353 316 96 289 946 476 175 896 300 614 1029 469 1054 625 209 627 432 713 950 908 240 489 332 840 316 201 305 708 535 309 700 389 960 535 423 261 1042 220 895 621 638 1082 455 275 252 921 512 1074 895 225 701 377 797 122 620 343 526 319 297 565 295 918 233 346 284 145 1117 1130 505 850 1078 459 435 671 384 633 603 827 493 717 299 341 267 389 616 96 431 347
702 689 929 714 568 1408 947 725 562 826 711 769 1342 712 607 743 1447 1541 522 855 667 893 0 1013 1251 929 1212 552 836 669 802 993 855 1191 1068 1115 828 545 846 856 236 598 709 988 1303 1093 935 572 969 1340 630 126 708 729 704 683 680 790 1426 873 691 1273 469 1140 991 847 127 919 1037 1204 1344 657 718 696 1327 950 1353 908 602 978 1393 984 900 1193 712 683 749 560 771 1066 790 547 612 813 806 473 629 498 265 497 539 1268 706 726 498 105 461 694 801 635 1023 1140 956 843 878 581
314 923 92 383 448 445 507 288 505 224 303 715 366 485 1057 980 450 527 1144 346 347 266 1013 0 502 362 291 582 227 346 334 44 819 215 264 686 203 591 914 312 1128 578 321 892 519 483 798 866 489 597 383 990 311 442 312 622 463 239 452 228 884 726 569 218 888 165 982 439 415 876 401 360 295 841 656 935 635 104 645 148 530 165 446 204 439 334 270 802 250 724 222 493 427 223 1027 1142 466 828 1147 521 481 405 341 531 603 971 558 971 226 577 11 598 882 222 263 433
686 843 565 827 784 761 1008 634 897 681 672 1190 690 945 1479 871 443 608 1534 836 674 389 1251 502 0 323 252 992 693 703 461 545 1303 614 248 1187 647 1000 1393 800 1430 1006 598 637 57 979 1292 1294 303 101 721 1180 696 521 688 1080 908 669 745 714 1338 266 790 295 1384 569 1268 939 915 1377 276 664 637 1298 156 1426 1088 540 1081 650 927 370 944 377 893 704 670 810 662 1227 603 718 663 524 1492 1518 886 1237 1455 847 824 834 760 998 991 1172 881 888 656 630 494 216 646 476 754 735
401 613 373 561 477 774 803 347 600 445 387 930 693 682 1177 660 603 744 1221 614 374 109 929 362 323 0 336 698 462 410 142 390 1051 561 181 1006 409 704 1131 579 1107 720 293 531 374 821 1057 998 130 418 419 863 416 200 404 809 637 417 772 499 1056 432 466 294 1150 330 945 731 747 1192 457 358 348 1019 426 1179 997 333 796 483 888 200 730 392 629 415 401 534 401 1028 340 395 343 251 1214 1203 602 935 1132 533 516 766 486 737 688 854 565 662 407 325 361 284 524 204 541 422
555 947 374 663 678 514 793 512 766 505 542 1006 440 772 1336 990 266 414 1413 638 565 324 1212 291 252 336 0 852 512 581 420 335 1110 363 157 955 477 861 1206 603 1359 855 506 813 249 744 1088 1146 408 330 611 1164 560 518 556 909 745 508 501 519 1172 513 743 78 1176 412 1204 727 685 1146 132 566 518 1129 406 1226 837 363 926 434 675 229 735 126 724 576 525 870 510 1002 461 664 599 407 1317 1405 738 1101 1381 750 717 582 609 820 864 1150 786 995 494 655 281 424 814 370 555 644
306 881 490 203 230 897 395 358 98 359 320 291 842 160 487 952 1030 1084 562 319 323 607 552 582 992 698 852 0 359 290 558 546 413 705 752 578 380 9 465 330 585 51 405 1049 1030 540 461 301 803 1093 279 595 297 567 304 164 138 345 920 377 362 1127 370 773 543 440 471 366 487 700 976 340 355 330 1119 540 801 490 108 491 852 636 347 786 172 288 328 712 342 543 394 377 386 467 523 560 116 249 598 205 197 734 243 176 57 564 200 916 359 590 593 978 1024 516 365 292
157 895 138 157 274 572 341 175 292 19 156 498 506 260 830 960 672 728 919 151 215 353 836 227 693 462 512 359 0 188 361 188 610 358 444 549 53 368 700 116 924 351 249 945 721 385 602 638 591 793 227 834 142 438 153 397 236 64 590 49 659 882 442 435 695 132 787 269 308 731 628 241 181 617 838 733 611 154 418 142 582 323 267 432 212 169 110 747 91 566 134 383 331 217 806 919 243 602 941 340 297 450 131 308 386 810 375 940 65 542 238 740 929 259 84 288
33 725 260 173 102 751 469 70 193 172 43 529 679 286 775 792 790 873 836 289 42 316 669 346 703 410 581 290 188 0 274 324 653 526 467 684 164 297 726 266 785 310 120 818 743 552 672 591 521 804 40 655 45 308 36 403 235 129 766 235 646 841 254 503 763 181 637 405 478 851 711 69 66 609 829 783 793 242 386 320 770 356 395 537 237 19 83 569 105 683 125 197 156 180 805 826 193 534 805 175 137 638 100 341 289 632 212 768 136 380 356 693 797 227 259 100
270 588 309 435 334 777 700 217 460 342 258 801 696 555 1035 646 676 801 1078 509 236 96 802 334 461 142 420 558 361 274 0 347 924 549 268 910 309 564 1000 476 971 583 154 586 509 741 936 857 247 558 279 746 287 110 274 676 507 306 780 405 918 569 333 357 1029 239 810 629 664 1091 550 217 217 883 569 1053 942 266 659 419 861 213 625 436 503 282 280 475 285 924 229 258 202 145 1078 1060 467 793 995 391 373 732 359 611 546 734 422 637 299 250 337 420 571 117 445 279
290 933 63 345 425 444 463 272 473 187 281 671 367 444 1018 993 484 551 1108 302 329 289 993 44 545 390 335 546 188 324 347 0 775 213 305 644 171 555 871 268 1100 540 314 917 563 443 754 827 519 641 363 975 285 452 289 580 424 208 454 186 843 766 557 262 844 150 957 395 374 834 443 345 279 799 698 891 606 92 606 105 513 200 401 244 399 310 244 806 223 681 205 484 419 223 984 1107 430 791 1119 497 456 384 308 489 570 954 534 981 196 583 54 636 906 232 220 415
653 1293 741 490 628 950 346 706 497 622 666 124 927 369 406 1364 1213 1212 559 472 694 946 855 819 1303 1051 1110 413 610 653 924 775 0 840 1055 352 657 412 103 507 773 368 772 1455 1330 481 93 297 1171 1403 659 937 637 957 650 255 417 639 981 593 194 1482 783 1036 138 737 737 395 488 363 1212 718 706 167 1447 130 677 763 307 679 823 933 383 1011 421 642 650 1124 651 273 713 785 783 801 243 595 464 358 771 617 602 752 565 313 459 904 613 1327 651 998 829 1335 1431 849 555 689
493 1138 272 503 624 231 496 481 648 366 485 758 154 572 1144 1195 375 384 1252 404 538 476 1191 215 614 561 363 705 358 526 549 213 840 0 422 618 363 714 942 381 1281 686 528 1091 612 405 796 955 679 693 566 1181 484 657 490 696 570 401 241 329 947 867 768 324 877 362 1146 445 363 804 414 556 489 902 770 939 473 305 742 216 329 361 460 237 538 510 444 1017 421 677 415 696 632 435 1071 1258 594 934 1297 694 652 220 489 604 740 1159 730 1186 391 792 211 758 1085 438 340 623
446 794 318 580 557 616 764 397 660 432 432 941 536 697 1240 839 422 564 1303 588 444 175 1068 264 248 181 157 752 444 467 268 305 1055 422 0 949 399 760 1144 552 1227 763 374 684 279 747 1044 1053 270 349 491 1014 455 362 448 832 661 422 610 466 1092 462 598 116 1136 321 1068 694 679 1139 283 439 401 1051 396 1177 885 291 837 410 751 121 697 219 645 465 426 713 416 985 359 521 458 287 1245 1292 643 1000 1250 625 597 639 515 749 756 1002 660 842 409 498 258 339 682 242 506 514
668 1404 639 517 712 660 215 708 616 568 675 367 658 439 756 1473 987 947 906 403 725 896 1115 686 1187 1006 955 578 549 684 910 644 352 618 949 0 602 583 443 434 1084 527 785 1492 1199 213 265 619 1137 1279 709 1171 649 980 663 432 490 605 692 508 538 1409 899 894 307 678 1014 282 271 190 1029 753 712 502 1341 387 330 676 513 539 500 839 290 836 469 667 639 1242 628 82 682 869 839 766 586 937 553 655 1086 738 705 463 584 404 635 1140 752 1445 611 1065 693 1274 1474 806 466 762
130 851 110 186 260 586 394 134 303 35 125 542 516 299 860 916 653 721 942 204 182 300 828 203 647 409 477 380 53 164 309 171 657 363 399 602 0 388 745 169 929 379 204 894 677 435 652 669 538 748 204 819 121 388 128 435 268 38 601 96 697 831 415 398 745 81 788 323 358 784 597 206 141 655 790 781 654 113 449 157 612 277 320 406 248 147 81 706 58 619 83 350 293 164 847 939 264 627 948 331 289 479 138 350 400 796 367 897 27 497 214 688 877 206 136 263
314 881 499 212 235 906 401 365 104 368 328 291 851 168 479 952 1039 1093 553 328 330 614 545 591 1000 704 861 9 368 297 564 555 412 714 760 583 388 0 462 339 576 55 411 1052 1038 548 462 294 809 1101 285 589 305 572 312 166 147 354 929 386 357 1133 371 782 543 449 463 374 495 703 985 346 362 326 1126 539 808 499 106 500 861 644 355 795 180 295 336 712 350 546 402 380 391 475 518 551 125 240 589 207 201 743 252 182 53 558 200 915 368 593 602 984 1026 523 375 296
730 1334 834 571 690 1053 449 784 557 712 743 203 1030 450 335 1404 1315 1315 493 568 766 1029 846 914 1393 1131 1206 465 700 726 1000 871 103 942 1144 443 745 462 0 602 738 426 847 1514 1422 583 178 274 1247 1493 728 939 715 1025 727 323 494 725 1084 687 155 1563 832 1131 169 824 723 497 591 420 1311 788 783 154 1534 105 772 854 356 777 924 1023 483 1109 503 718 732 1165 735 362 796 842 847 883 143 534 534 350 732 670 660 855 644 396 503 906 661 1365 737 1055 925 1416 1489 932 651 752
242 990 235 141 326 567 225 277 293 134 247 403 512 190 765 1057 732 765 870 36 302 469 856 312 800 579 603 330 116 266 476 268 507 381 552 434 169 339 602 0 914 306 353 1057 824 286 492 575 707 899 299 871 224 547 238 319 191 170 590 86 579 996 511 529 584 248 791 153 212 615 710 330 281 534 948 626 531 261 360 180 537 432 151 509 159 247 207 836 194 450 247 462 420 333 717 876 228 552 928 379 337 412 174 226 371 844 407 1033 176 641 322 855 1040 375 48 358
816 924 1038 779 684 1481 950 851 632 919 828 718 1423 740 439 980 1576 1650 318 904 795 1054 236 1128 1430 1107 1359 585 924 785 971 1100 773 1281 1227 1084 929 576 738 914 0 617 854 1219 1480 1107 863 476 1164 1524 752 361 817 915 816 668 724 891 1503 952 586 1479 641 1283 900 966 163 939 1064 1137 1491 793 845 605 1521 843 1361 1026 592 1064 1434 1130 919 1322 757 795 857 791 878 1021 911 712 771 952 663 264 688 428 28 611 648 1319 794 737 543 342 574 931 904 840 1139 1340 1187 990 947 715
322 929 486 194 264 871 348 375 130 354 336 244 818 123 481 999 1022 1068 569 290 347 625 598 578 1006 720 855 51 351 310 583 540 368 686 763 527 379 55 426 306 617 0 429 1089 1042 497 412 290 830 1108 305 644 310 600 319 115 117 347 895 363 335 1152 416 777 496 445 511 325 448 649 976 367 373 299 1137 496 757 492 75 476 817 644 305 783 147 305 337 760 348 491 404 417 421 482 495 572 120 251 629 249 235 702 248 128 108 613 248 964 361 631 589 1003 1065 531 346 326
121 647 257 288 186 759 571 76 306 229 111 649 682 405 885 712 738 840 936 382 81 209 709 321 598 293 506 405 249 120 154 314 772 528 374 785 204 411 847 353 854 429 0 708 641 634 789 705 401 697 126 674 140 196 126 523 355 185 769 297 764 723 249 431 881 167 698 502 557 958 638 66 73 728 716 902 858 222 504 349 808 276 495 484 354 130 146 504 159 790 123 172 105 104 924 921 313 643 877 251 226 675 212 460 396 656 286 693 184 293 329 574 689 135 332 140
828 328 889 991 827 1299 1278 784 959 926 819 1330 1219 1100 1454 310 1062 1222 1441 1088 776 627 988 892 637 531 813 1049 945 818 586 917 1455 1091 684 1492 894 1052 1514 1057 1219 1089 708 0 688 1327 1485 1311 415 660 802 873 847 512 832 1200 1047 886 1294 990 1401 455 689 799 1575 825 1067 1209 1251 1667 895 748 781 1375 587 1585 1522 847 1157 1001 1419 731 1203 903 1054 832 853 427 863 1498 811 671 673 732 1561 1406 993 1231 1248 844 854 1297 917 1154 1014 884 857 351 881 458 891 421 32 699 1030 766
724 900 589 859 827 744 1027 673 936 710 710 1219 676 976 1518 927 407 572 1576 860 716 432 1303 519 57 374 249 1030 721 743 509 563 1330 612 279 1199 677 1038 1422 824 1480 1042 641 688 0 990 1316 1331 360 81 763 1234 733 574 726 1112 941 701 726 738 1372 295 840 305 1406 601 1318 959 928 1390 245 707 677 1331 164 1451 1085 567 1117 668 917 400 965 375 925 742 705 867 696 1243 638 767 711 563 1524 1562 922 1277 1504 892 867 830 794 1028 1032 1226 926 945 688 685 511 267 698 515 777 779
529 1276 448 409 606 471 159 559 543 405 532 438 457 380 851 1343 776 747 986 266 588 713 1093 483 979 821 744 540 385 552 741 443 481 405 747 213 435 548 583 286 1107 497 634 1327 990 0 416 683 952 1070 585 1126 510 824 524 440 416 448 503 338 634 1209 794 685 486 502 1009 174 76 402 816 617 564 591 1135 557 260 488 515 341 348 642 193 624 386 533 490 1122 474 274 518 749 707 595 724 1007 475 694 1115 650 611 272 458 371 595 1097 673 1320 451 925 489 1079 1312 630 301 644
668 1341 727 501 660 888 300 719 535 617 679 173 871 385 498 1411 1172 1159 652 456 713 950 935 798 1292 1057 1088 461 602 672 936 754 93 796 1044 265 652 462 178 492 863 412 789 1485 1316 416 0 387 1181 1391 683 1012 650 980 664 296 438 640 920 578 287 1484 827 1016 93 734 821 361 435 273 1183 739 720 259 1440 143 594 753 363 653 750 925 352 982 435 659 657 1173 655 184 716 821 812 806 321 688 492 443 862 659 639 688 578 331 512 979 660 1376 651 1033 808 1339 1463 853 538 720
608 1098 775 483 524 1116 524 660 398 643 622 254 1075 385 191 1166 1305 1339 304 551 624 908 572 866 1294 998 1146 301 638 591 857 827 297 955 1053 619 669 294 274 575 476 290 705 1311 1331 683 387 0 1099 1395 579 667 597 856 606 260 402 638 1144 644 119 1426 622 1067 426 736 449 537 659 660 1266 640 657 129 1421 378 920 782 220 754 1028 935 518 1071 427 590 627 931 638 550 693 651 675 769 257 325 410 83 475 480 486 931 539 351 312 634 459 1124 652 856 877 1277 1283 818 621 583
517 551 504 681 575 884 932 464 705 573 504 1048 804 801 1273 588 669 822 1305 742 482 240 969 489 303 130 408 803 591 521 247 519 1171 679 270 1137 538 809 1247 707 1164 830 401 415 360 952 1181 1099 0 378 524 888 533 253 521 924 754 543 879 628 1165 327 527 386 1273 459 1001 861 878 1321 508 463 464 1129 358 1300 1125 464 905 614 1009 324 859 489 749 529 523 507 525 1157 465 467 427 376 1325 1282 715 1032 1190 624 613 890 605 857 787 884 651 598 534 335 487 180 411 332 671 516
787 897 664 928 884 822 1105 735 998 781 773 1291 755 1046 1580 918 474 637 1633 935 775 489 1340 597 101 418 330 1093 793 804 558 641 1403 693 349 1279 748 1101 1493 899 1524 1108 697 660 81 1070 1391 1395 378 0 821 1265 798 611 789 1181 1009 770 803 812 1439 235 883 385 1482 670 1362 1036 1007 1470 318 764 738 1399 92 1525 1166 639 1183 746 997 470 1041 456 994 805 771 880 763 1321 704 813 760 625 1593 1617 987 1338 1549 946 924 911 861 1099 1092 1259 979 940 757 712 589 248 674 577 852 834
73 695 299 193 67 791 495 99 181 212 81 534 720 298 759 764 825 911 813 320 47 332 630 383 721 419 611 279 227 40 279 363 659 566 491 709 204 285 728 299 752 305 126 802 763 585 683 579 524 821 0 614 85 298 76 405 245 169 806 274 640 848 215 533 774 218 601 433 511 873 741 61 93 605 842 789 828 279 380 361 810 383 421 571 251 58 123 538 146 704 161 163 131 205 800 801 194 517 772 140 106 677 127 352 270 592 177 738 177 357 393 699 780 249 296 61
688 567 912 730 560 1405 989 703 584 822 696 841 1335 749 722 619 1410 1514 646 876 645 840 126 990 1180 863 1164 595 834 655 746 975 937 1181 1014 1171 819 589 939 871 361 644 674 873 1234 1126 1012 667 888 1265 614 0 698 662 691 742 709 782 1421 876 786 1181 425 1095 1075 826 244 952 1065 1275 1296 630 695 785 1245 1040 1386 886 662 974 1407 941 934 1158 740 671 737 448 760 1129 770 504 571 778 911 598 652 588 390 495 538 1278 708 771 538 32 464 570 791 552 999 1053 841 802 887 559
19 765 222 148 140 707 434 69 206 126 29 515 637 268 784 833 759 836 853 249 78 316 708 311 696 416 560 297 142 45 287 285 637 484 455 649 121 305 715 224 817 310 140 847 733 510 650 597 533 798 85 698 0 335 14 393 221 84 722 189 644 848 300 481 743 151 671 367 435 819 687 106 69 605 828 766 748 209 385 276 724 339 359 507 216 27 41 612 63 651 98 242 196 172 801 845 189 545 836 211 170 592 72 323 304 675 248 809 93 418 321 700 827 221 215 145
316 481 408 481 337 886 766 271 471 419 307 833 805 594 1024 540 779 908 1052 577 266 201 729 442 521 200 518 567 438 308 110 452 957 657 362 980 388 572 1025 547 915 600 196 512 574 824 980 856 253 611 298 662 335 0 320 704 542 377 890 485 930 579 275 461 1071 329 752 698 747 1154 646 240 269 897 606 1088 1037 366 674 516 965 322 691 544 545 322 341 365 352 986 305 213 181 236 1091 1029 493 786 940 377 371 834 406 649 545 653 402 529 373 140 446 433 493 220 523 275
4 751 225 162 135 714 448 57 211 137 16 527 643 281 792 818 759 839 858 264 64 305 704 312 688 404 556 304 153 36 274 289 650 490 448 663 128 312 727 238 816 319 126 832 726 524 664 606 521 789 76 691 14 320 0 404 233 93 729 201 654 836 289 477 756 150 669 382 449 834 684 92 56 616 818 779 761 209 395 284 735 333 373 506 229 21 46 599 69 666 95 230 182 163 811 849 199 552 836 208 169 602 86 336 309 668 245 795 100 403 323 688 813 212 228 136
407 1045 535 253 372 858 282 462 241 405 421 130 815 137 447 1115 1052 1080 562 293 443 708 683 622 1080 809 909 164 397 403 676 580 255 696 832 432 435 166 323 319 668 115 523 1200 1112 440 296 260 924 1181 405 742 393 704 404 0 172 410 884 395 262 1241 531 832 381 511 584 281 406 539 1023 465 460 220 1217 385 692 548 81 500 779 711 262 824 187 394 412 876 417 387 478 529 528 563 412 576 210 255 675 364 347 675 323 93 218 710 363 1080 423 743 633 1093 1176 612 367 434
236 921 373 82 228 758 286 290 128 240 249 294 704 53 593 991 906 951 686 180 277 535 680 463 908 637 745 138 236 235 507 424 417 570 661 490 268 147 494 191 724 117 355 1047 941 416 438 402 754 1009 245 709 221 542 233 172 0 240 781 246 430 1069 410 667 529 340 606 243 357 638 863 302 289 389 1044 547 677 381 182 358 716 541 225 668 33 225 239 756 245 471 305 389 374 390 583 689 63 368 737 248 216 596 150 107 185 680 264 960 253 598 474 921 1025 439 229 285
96 830 147 158 223 622 394 111 266 45 93 522 553 275 828 896 690 759 908 202 152 309 790 239 669 417 508 345 64 129 306 208 639 401 422 605 38 354 725 170 891 347 185 886 701 448 640 638 543 770 169 782 84 377 93 410 240 0 638 113 671 844 382 429 733 100 749 323 372 784 630 177 116 629 809 765 676 145 419 191 643 301 319 441 223 111 47 682 26 617 78 320 266 166 822 904 230 594 910 293 251 510 102 329 364 759 329 875 13 478 250 699 869 213 147 229
732 1368 514 724 861 32 639 723 874 600 725 921 86 774 1326 1422 363 265 1447 604 778 700 1426 452 745 772 501 920 590 766 780 454 981 241 610 692 601 929 1084 590 1503 895 769 1294 726 503 920 1144 879 803 806 1421 722 890 729 884 781 638 0 555 1117 1011 1010 496 987 603 1374 609 496 855 487 797 730 1073 891 1060 434 547 941 448 227 579 627 392 749 749 683 1253 660 767 656 938 873 674 1222 1458 815 1134 1518 930 887 231 721 795 960 1398 965 1417 629 1028 446 925 1291 673 556 863
205 944 148 174 317 535 305 224 320 68 205 486 472 260 836 1009 661 706 932 122 263 389 873 228 714 499 519 377 49 235 405 186 593 329 466 508 96 386 687 86 952 363 297 990 738 338 578 644 628 812 274 876 189 485 201 395 246 113 555 0 657 912 489 444 670 169 820 233 261 693 629 290 230 613 862 712 562 175 425 113 536 346 234 429 217 216 159 796 140 530 180 431 380 259 798 935 265 614 968 381 337 404 167 303 410 851 413 989 113 591 239 772 974 298 42 335
657 1203 797 512 592 1088 481 711 460 667 670 196 1054 399 219 1272 1310 1329 368 549 682 960 691 884 1338 1056 1172 362 659 646 918 843 194 947 1092 538 697 357 155 579 586 335 764 1401 1372 634 287 119 1165 1439 640 786 644 930 654 262 430 671 1117 657 0 1487 713 1095 313 771 568 509 623 555 1286 701 708 45 1472 260 854 810 259 759 982 972 492 1086 449 641 668 1035 676 463 734 733 748 816 161 401 454 199 582 559 558 895 578 353 388 753 544 1231 684 943 895 1339 1375 865 627 654
833 735 771 992 902 1026 1216 779 1029 866 820 1362 953 1113 1600 743 702 867 1632 1032 805 535 1273 726 266 432 513 1127 882 841 569 766 1482 867 462 1409 831 1133 1563 996 1479 1152 723 455 295 1209 1484 1426 327 235 848 1181 848 579 836 1241 1069 844 1011 912 1487 0 850 543 1576 750 1316 1145 1140 1598 538 787 781 1451 146 1609 1339 737 1227 870 1188 570 1146 635 1061 848 832 757 830 1440 769 793 755 680 1647 1608 1034 1359 1506 952 940 1088 918 1169 1114 1181 979 772 833 639 720 149 475 632 954 843
286 514 496 388 188 997 689 287 293 426 289 661 923 463 773 584 985 1089 785 528 232 423 469 569 790 466 743 370 442 254 333 557 783 768 598 899 415 371 832 511 641 416 249 689 840 794 827 622 527 883 215 425 300 275 289 531 410 382 1010 489 713 850 0 672 912 407 478 633 722 1048 875 212 279 688 881 911 1042 466 477 572 1025 517 619 733 429 273 335 347 357 882 353 79 146 353 872 759 347 543 666 168 194 892 336 509 328 408 171 551 388 235 577 706 662 377 511 154
477 907 297 585 601 504 724 434 687 427 463 930 426 695 1258 954 319 451 1334 564 488 261 1140 218 295 294 78 773 435 503 357 262 1036 324 116 894 398 782 1131 529 1283 777 431 799 305 685 1016 1067 386 385 533 1095 481 461 477 832 667 429 496 444 1095 543 672 0 1106 333 1129 657 623 1085 207 490 440 1052 452 1154 797 285 848 364 649 155 664 103 646 497 446 820 431 938 382 593 527 331 1241 1327 659 1022 1305 673 639 545 530 743 786 1081 710 956 415 600 208 436 798 296 481 568
760 1425 818 594 749 955 385 812 622 710 772 252 943 477 505 1495 1252 1233 662 548 805 1042 991 888 1384 1150 1176 543 695 763 1029 844 138 877 1136 307 745 543 169 584 900 496 881 1575 1406 486 93 426 1273 1482 774 1075 743 1071 756 381 529 733 987 670 313 1576 912 1106 0 826 872 449 514 251 1269 831 812 297 1532 82 635 845 441 742 806 1017 442 1068 527 751 750 1256 748 225 809 909 902 899 298 703 582 493 896 745 726 755 670 422 592 1042 743 1459 743 1121 897 1432 1553 946 630 810
150 804 90 258 283 592 473 122 354 116 138 621 516 375 926 867 609 693 1001 284 181 220 847 165 569 330 412 440 132 181 239 150 737 362 321 678 81 449 824 248 966 445 167 825 601 502 734 736 459 670 218 826 151 329 150 511 340 100 603 169 771 750 407 333 826 0 818 401 426 862 537 195 130 730 710 862 707 61 518 187 643 200 400 356 324 171 113 668 98 698 57 334 270 94 923 995 327 689 986 356 318 511 197 428 453 805 394 851 87 450 175 607 811 129 211 267
668 783 894 651 535 1354 857 700 500 780 679 659 1292 631 480 843 1427 1508 403 786 643 895 127 982 1268 945 1204 471 787 637 810 957 737 1146 1068 1014 788 463 723 791 163 511 698 1067 1318 1009 821 449 1001 1362 601 244 671 752 669 584 606 749 1374 820 568 1316 478 1129 872 818 0 836 958 1092 1336 638 693 576 1358 828 1268 878 503 929 1323 974 817 1172 639 648 712 641 733 960 762 551 611 797 679 357 562 379 189 461 500 1202 656 638 421 216 424 794 761 678 992 1177 1035 833 819 561
386 1129 375 245 444 581 71 426 371 288 393 315 545 206 717 1197 818 823 842 120 444 621 919 439 939 731 727 366 269 405 629 395 395 445 694 282 323 374 497 153 939 325 502 1209 959 174 361 537 861 1036 433 952 367 698 382 281 243 323 609 233 509 1145 633 657 449 401 836 0 125 461 822 473 429 464 1090 501 435 407 349 292 498 577 20 620 214 387 356 970 346 297 400 595 561 486 626 857 302 537 949 482 444 393 305 202 420 923 503 1171 330 785 449 1006 1191 529 191 488
453 1200 374 340 535 466 143 482 481 328 456 426 439 327 835 1267 738 724 964 194 513 638 1037 415 915 747 685 487 308 478 664 374 488 363 679 271 358 495 591 212 1064 448 557 1251 928 76 435 659 878 1007 511 1065 435 747 449 406 357 372 496 261 623 1140 722 623 514 426 958 125 0 462 764 541 487 578 1070 578 323 414 475 269 373 571 145 568 325 459 414 1047 398 318 441 675 631 518 727 981 412 661 1074 583 542 273 385 327 540 1036 607 1244 374 849 422 1008 1235 554 224 570
838 1560 827 679 866 822 390 883 756 749 847 435 831 584 756 1630 1167 1117 913 581 893 1082 1204 876 1377 1192 1146 700 731 851 1091 834 363 804 1139 190 784 703 420 615 1137 649 958 1667 1390 402 273 660 1321 1470 873 1275 819 1154 834 539 638 784 855 693 555 1598 1048 1085 251 862 1092 461 462 0 1217 921 885 531 1532 330 447 863 615 729 645 1028 465 1026 623 835 814 1394 806 168 861 1026 1004 948 549 952 700 716 1135 882 853 633 751 539 756 1243 890 1599 791 1230 884 1462 1647 990 650 920
684 1057 490 782 809 507 883 642 892 623 670 1113 445 887 1457 1096 168 332 1538 743 696 455 1344 401 276 457 132 976 628 711 550 443 1212 414 283 1029 597 985 1311 710 1491 976 638 895 245 816 1183 1266 508 318 741 1296 687 646 684 1023 863 630 487 629 1286 538 875 207 1269 537 1336 822 764 1217 0 698 648 1242 408 1324 871 485 1046 533 690 361 832 201 840 704 650 991 635 1083 589 797 731 539 1427 1532 861 1224 1513 881 847 618 732 932 991 1282 918 1105 616 780 390 484 900 503 661 775
88 659 284 243 120 785 538 74 242 223 85 593 710 354 819 726 791 885 869 356 28 275 657 360 664 358 566 340 241 69 217 345 718 556 439 753 206 346 788 330 793 367 66 748 707 617 739 640 463 764 61 630 106 240 92 465 302 177 797 290 701 787 212 490 831 195 638 473 541 921 698 0 67 666 783 848 852 256 442 361 818 336 463 536 305 86 130 507 150 753 141 143 90 158 862 855 255 577 815 185 160 685 170 409 329 611 221 703 181 312 368 637 727 197 319 77
52 713 217 218 161 717 498 7 259 162 40 584 643 337 841 779 733 822 902 309 51 252 718 295 637 348 518 355 181 66 217 279 706 489 401 712 141 362 783 281 845 373 73 781 677 564 720 657 464 738 93 695 69 269 56 460 289 116 730 230 708 781 279 440 812 130 693 429 487 885 648 67 0 671 765 835 793 191 449 295 753 291 422 478 285 67 74 566 90 717 74 210 152 114 866 891 254 600 866 233 199 620 142 393 355 675 270 759 117 361 305 632 762 161 263 137
618 1184 754 471 560 1044 437 673 427 625 632 152 1009 357 260 1254 1265 1284 404 505 646 921 696 841 1298 1019 1129 330 617 609 883 799 167 902 1051 502 655 326 154 534 605 299 728 1375 1331 591 259 129 1129 1399 605 785 605 897 616 220 389 629 1073 613 45 1451 688 1052 297 730 576 464 578 531 1242 666 671 0 1433 254 815 768 224 715 939 931 447 1042 406 603 628 1016 635 429 694 705 717 777 195 435 416 198 603 531 527 851 538 309 361 753 518 1214 643 916 852 1302 1349 827 582 622
815 843 715 964 902 908 1160 762 1022 825 801 1331 840 1084 1602 859 566 730 1647 984 796 512 1327 656 156 426 406 1119 838 829 569 698 1447 770 396 1341 790 1126 1534 948 1521 1137 716 587 164 1135 1440 1421 358 92 842 1245 828 606 818 1217 1044 809 891 862 1472 146 881 452 1532 710 1358 1090 1070 1532 408 783 765 1433 0 1571 1243 686 1213 804 1080 515 1094 532 1032 832 805 842 800 1380 739 816 768 655 1628 1628 1017 1360 1547 960 942 989 894 1138 1113 1242 991 884 797 693 648 197 604 606 903 848
783 1419 861 618 758 1028 443 836 626 746 795 255 1013 498 434 1489 1314 1301 591 591 824 1074 950 935 1426 1179 1226 540 733 783 1053 891 130 939 1177 387 781 539 105 626 843 496 902 1585 1451 557 143 378 1300 1525 789 1040 766 1088 779 385 547 765 1060 712 260 1609 911 1154 82 862 828 501 578 330 1324 848 835 254 1571 0 717 886 433 792 884 1056 492 1122 550 772 778 1250 778 305 840 914 913 928 219 634 594 452 837 745 731 828 694 442 584 1007 740 1451 777 1128 945 1463 1561 977 674 819
765 1505 633 663 857 402 411 787 802 630 766 667 435 641 1074 1570 782 699 1219 517 825 895 1353 635 1088 997 837 801 611 793 942 606 677 473 885 330 654 808 772 531 1361 757 858 1522 1085 260 594 920 1125 1166 828 1386 748 1037 761 692 677 676 434 562 854 1339 1042 797 635 707 1268 435 323 447 871 852 793 815 1243 717 0 676 770 523 208 801 453 711 646 773 721 1359 703 412 736 990 942 800 915 1245 734 941 1368 906 865 254 705 630 855 1357 930 1551 675 1151 638 1225 1510 826 533 889
210 846 42 299 344 537 479 183 408 143 199 652 460 411 973 907 550 632 1053 297 242 225 908 104 540 333 363 490 154 242 266 92 763 305 291 676 113 499 854 261 1026 492 222 847 567 488 753 782 464 639 279 886 209 366 209 548 381 145 547 175 810 737 466 285 845 61 878 407 414 863 485 256 191 768 686 886 676 0 563 154 599 171 409 299 361 230 169 716 151 703 118 392 327 132 959 1048 375 739 1045 417 378 467 247 462 507 866 454 894 131 494 114 599 834 149 217 328
397 986 555 263 336 915 358 451 203 423 411 189 868 169 411 1056 1086 1125 510 339 423 701 602 645 1081 796 926 108 418 386 659 606 307 742 837 513 449 106 356 360 592 75 504 1157 1117 515 363 220 905 1183 380 662 385 674 395 81 182 419 941 425 259 1227 477 848 441 518 503 349 475 615 1046 442 449 224 1213 433 770 563 0 536 847 718 329 850 207 381 411 817 421 466 478 486 493 558 419 518 195 193 600 314 305 739 322 148 151 630 306 1019 433 699 657 1079 1132 607 404 399
287 991 111 288 413 431 359 288 432 152 282 580 364 368 945 1054 552 593 1044 210 339 377 978 148 650 483 434 491 142 320 419 105 679 216 410 539 157 500 777 180 1064 476 349 1001 668 341 653 754 614 746 361 974 276 516 284 500 358 191 448 113 759 870 572 364 742 187 929 292 269 729 533 361 295 715 804 792 523 154 536 0 459 301 300 331 329 303 238 854 215 576 226 505 446 279 895 1048 378 726 1080 482 438 325 273 407 523 950 516 1038 184 637 157 738 988 303 133 420
739 1445 558 679 853 197 504 746 830 598 736 786 244 694 1199 1506 584 492 1333 537 794 797 1393 530 927 888 675 852 582 770 861 513 823 329 751 500 612 861 924 537 1434 817 808 1419 917 348 750 1028 1009 997 810 1407 724 965 735 779 716 643 227 536 982 1188 1025 649 806 643 1323 498 373 645 690 818 753 939 1080 884 208 599 847 459 0 687 518 553 683 752 690 1312 668 580 685 962 905 731 1066 1352 763 1034 1445 913 869 133 700 700 901 1381 943 1493 638 1093 529 1086 1411 745 520 870
332 790 201 459 450 579 648 285 545 311 318 820 497 576 1123 843 469 588 1191 469 337 122 984 165 370 200 229 636 323 356 213 200 933 361 121 839 277 644 1023 432 1130 644 276 731 400 642 925 935 324 470 383 941 339 322 333 711 541 301 579 346 972 570 517 155 1017 200 974 577 571 1028 361 336 291 931 515 1056 801 171 718 301 687 0 579 223 524 352 307 687 297 871 241 438 372 178 1123 1182 525 884 1152 521 489 566 396 628 643 926 557 839 288 463 163 436 724 141 388 414
378 1117 379 231 431 599 75 419 353 285 385 299 562 187 699 1186 831 839 822 116 435 620 900 446 944 730 735 347 267 395 625 401 383 460 697 290 320 355 483 151 919 305 495 1203 965 193 352 518 859 1041 421 934 359 691 373 262 225 319 627 234 492 1146 619 664 442 400 817 20 145 465 832 463 422 447 1094 492 453 409 329 300 518 579 0 630 197 377 350 958 340 299 396 583 550 483 611 838 286 517 929 466 429 413 295 182 401 905 486 1159 326 776 455 1006 1184 527 192 476
507 1003 296 588 638 401 683 472 707 428 494 912 323 689 1262 1052 254 364 1349 541 529 343 1193 204 377 392 126 786 432 537 436 244 1011 237 219 836 406 795 1109 509 1322 783 484 903 375 624 982 1071 489 456 571 1158 507 544 506 824 668 441 392 429 1086 635 733 103 1068 356 1172 620 568 1026 201 536 478 1042 532 1122 711 299 850 331 553 223 630 0 643 527 468 908 450 887 411 654 586 380 1226 1346 670 1033 1342 711 674 456 544 733 806 1141 748 1052 428 685 193 536 901 356 460 613
