0 380 22 511 758 790 85 469 833 63 824 637 767 298 733 377 838 16 176 513 83 735 470 286 560 104 657 307 356 70 823 653 100 355 467 50 160 607 118 776 225 131 405 92 110 588 691 490 494 99 328 68 423 862 736 789 460 170 304 436 204 8 573 429 803 679 191 780 138 206 704 678 250 361 489 228 28 235
380 0 361 518 1135 934 393 567 506 370 556 312 833 454 451 549 1201 394 255 806 432 1114 490 664 500 423 346 254 329 400 1005 730 390 125 607 410 510 884 468 570 578 296 338 334 457 442 1071 450 495 288 387 312 800 484 607 461 825 401 153 369 572 372 881 516 893 857 486 719 519 542 500 337 274 714 565 556 408 320
22 361 0 515 776 783 77 478 810 73 815 615 777 307 722 367 853 33 153 534 88 756 453 303 541 102 634 300 354 66 819 640 112 341 479 56 169 627 125 754 236 109 402 72 116 584 710 471 476 77 331 48 445 843 716 767 483 158 282 433 227 16 595 437 815 674 209 762 159 213 682 655 228 383 475 234 49 216
511 518 515 0 1106 1296 593 124 997 448 497 818 314 232 460 878 1241 525 578 505 593 991 919 703 972 616 856 278 197 581 1335 1137 417 393 187 560 659 533 622 1088 711 573 180 567 618 209 1023 908 935 518 184 496 713 790 1110 955 678 668 604 151 535 507 583 113 376 1189 393 1201 567 707 1017 830 658 570 965 731 519 678
758 1135 776 1106 0 897 746 997 1528 786 1544 1348 1195 889 1465 772 186 744 894 678 704 210 967 472 1086 718 1356 1031 1045 737 832 957 783 1110 947 725 630 732 669 1369 566 846 1095 804 681 1268 84 1034 995 847 979 825 392 1619 1263 1488 438 767 1029 1113 601 767 637 993 1184 790 739 1214 624 609 1313 1395 924 536 908 603 731 880
790 934 783 1296 897 0 706 1259 1007 854 1490 917 1556 1089 1386 419 799 779 735 1195 714 1050 453 741 501 687 896 1049 1120 720 110 225 890 1012 1253 745 670 1291 694 729 646 728 1161 729 695 1329 904 514 457 781 1112 800 908 1310 581 986 997 628 782 1196 867 793 1219 1220 1587 124 958 451 787 627 714 966 674 980 370 604 789 638
85 393 77 593 746 706 0 554 806 148 878 615 853 383 783 291 808 76 149 580 45 746 393 279 489 30 630 371 429 18 741 568 185 395 552 50 117 676 76 721 185 101 476 58 64 656 685 419 418 110 408 107 445 877 670 764 496 87 286 508 250 87 635 514 889 596 271 704 164 152 652 659 200 408 407 169 91 173
469 567 478 124 997 1259 554 0 1065 406 621 877 300 170 579 846 1139 480 572 380 545 872 913 618 979 572 913 313 240 539 1288 1117 369 447 63 514 601 410 569 1125 645 556 250 540 567 331 913 912 932 499 184 471 605 893 1131 1022 563 637 624 234 449 467 459 51 344 1146 316 1208 496 648 1052 895 656 460 948 672 470 667
833 506 810 997 1528 1007 806 1065 0 845 804 198 1307 960 718 786 1546 841 661 1307 851 1552 610 1082 517 828 176 756 824 821 1110 785 875 619 1109 844 910 1388 879 300 967 709 821 755 867 859 1478 535 590 734 889 768 1251 413 443 44 1294 765 528 846 1037 826 1380 1014 1372 990 979 596 964 922 294 169 610 1192 697 926 860 650
63 370 73 448 786 854 148 406 845 0 777 648 704 235 689 440 877 76 206 476 145 746 524 318 608 168 671 256 298 134 887 713 40 325 406 112 217 568 176 810 278 171 348 142 171 532 715 538 547 122 265 85 431 843 780 801 456 231 320 377 202 61 542 365 742 743 145 831 162 264 737 685 288 347 548 287 73 283
824 556 815 497 1544 1490 878 621 804 777 0 701 692 664 105 1096 1652 840 779 998 903 1458 1044 1092 1040 909 742 521 498 876 1559 1285 769 491 684 871 984 1031 940 1020 1050 805 449 827 930 291 1466 999 1048 770 568 772 1158 436 1106 775 1142 919 708 434 943 817 1078 596 764 1410 805 1241 937 1027 966 680 822 1027 1121 1047 846 864
637 312 615 818 1348 917 615 877 198 648 701 0 1131 765 603 633 1379 646 468 1109 660 1362 481 894 416 638 42 565 637 629 1012 692 677 430 919 651 723 1191 689 319 783 517 638 562 678 700 1294 409 468 538 698 572 1058 398 418 153 1098 581 333 666 841 630 1182 826 1195 878 780 566 771 739 268 51 424 995 571 745 665 468
767 833 777 314 1195 1556 853 300 1307 704 692 1131 0 469 696 1144 1357 778 870 519 842 1035 1212 883 1274 870 1170 589 508 837 1580 1417 667 708 304 811 891 487 863 1402 929 855 495 840 861 465 1111 1208 1230 799 474 771 825 1064 1420 1266 759 936 912 465 719 766 573 345 72 1441 601 1504 780 937 1331 1141 953 683 1248 961 766 966
298 454 307 232 889 1089 383 170 960 235 664 765 469 0 598 675 1015 309 410 370 375 794 748 471 820 402 797 213 178 369 1119 947 198 349 176 344 434 436 400 986 482 389 220 371 397 379 809 752 768 333 98 303 498 852 980 916 478 466 480 230 304 296 450 133 509 976 161 1048 336 481 913 791 495 363 780 506 300 502
733 451 722 460 1465 1386 783 579 718 689 105 603 696 598 0 993 1566 749 678 948 809 1389 939 1006 935 813 645 435 424 782 1455 1179 684 391 642 778 891 989 847 922 958 706 378 730 837 250 1388 893 942 673 499 678 1084 380 1004 687 1074 820 603 369 864 725 1029 548 768 1306 729 1137 851 933 866 586 718 957 1016 952 755 762
377 549 367 878 772 419 291 846 786 440 1096 633 1144 675 993 0 764 367 322 834 307 848 195 416 313 276 628 631 701 307 468 283 477 608 844 335 285 932 295 597 292 310 744 310 293 914 738 263 223 362 693 381 608 987 495 751 685 209 397 778 492 378 874 804 1180 318 556 473 403 254 544 684 275 632 149 238 379 231
838 1201 853 1241 186 799 808 1139 1546 877 1652 1379 1357 1015 1566 764 0 823 949 845 772 397 956 560 1070 778 1381 1132 1157 803 718 899 883 1194 1094 798 691 907 734 1356 623 905 1208 867 746 1387 260 1027 981 916 1098 901 536 1683 1237 1509 598 809 1079 1230 714 847 812 1129 1351 706 857 1165 715 659 1307 1428 963 681 884 646 814 915
16 394 33 525 744 779 76 480 841 76 840 646 778 309 749 367 823 0 182 512 69 723 466 271 559 92 665 323 371 59 811 644 110 371 476 35 144 607 102 779 209 136 421 94 95 604 677 488 491 109 342 81 413 876 736 798 452 163 313 451 197 24 571 441 813 667 195 777 126 190 708 687 252 354 483 213 19 235
176 255 153 578 894 735 149 572 661 206 779 468 870 410 678 322 949 182 0 683 193 895 342 429 410 175 484 314 389 161 791 560 245 288 586 182 263 774 225 603 329 48 428 94 213 593 834 341 360 84 398 121 590 734 575 618 634 146 136 463 379 169 746 524 916 641 351 638 303 290 531 511 85 536 387 302 201 100
513 806 534 505 678 1195 580 380 1307 476 998 1109 519 370 948 834 845 512 683 0 545 517 972 456 1070 579 1137 582 546 561 1190 1115 441 714 318 530 549 98 544 1287 553 643 581 605 549 707 594 1000 997 599 465 562 330 1223 1249 1263 251 663 793 581 342 517 81 401 506 1071 333 1282 432 582 1214 1141 762 216 972 602 493 748
83 432 88 593 704 714 45 545 851 145 903 660 842 375 809 307 772 69 193 545 0 702 426 236 526 33 675 388 440 32 743 588 177 425 539 33 82 642 37 764 150 144 489 100 27 671 642 457 452 144 411 131 400 916 709 809 452 117 330 519 210 89 597 508 874 600 248 737 121 124 695 704 245 367 432 145 75 215
735 1114 756 991 210 1050 746 872 1552 746 1458 1362 1035 794 1389 848 397 723 895 517 702 0 1039 469 1157 724 1376 966 964 733 998 1073 733 1066 816 713 642 554 673 1431 591 846 1011 801 684 1172 156 1097 1068 832 891 803 314 1589 1342 1510 316 790 1031 1024 544 743 462 878 1015 934 663 1314 597 636 1368 1406 942 431 994 638 707 904
470 490 453 919 967 453 393 913 610 524 1044 481 1212 748 939 195 956 466 342 972 426 1039 0 592 118 392 467 648 726 412 537 240 564 583 924 443 436 1068 430 402 463 358 760 382 423 910 933 74 28 414 740 445 783 863 302 579 854 308 343 795 633 468 1022 866 1256 398 662 311 542 420 351 531 261 786 90 410 484 245
286 664 303 703 472 741 279 618 1082 318 1092 894 883 471 1006 416 560 271 429 456 236 469 592 0 706 255 907 571 599 268 734 684 322 640 587 253 172 551 204 969 128 380 650 336 216 832 407 641 620 375 545 352 192 1147 892 1041 269 320 566 674 169 294 478 597 898 616 310 889 155 172 904 939 472 239 565 181 259 434
560 500 541 972 1086 501 489 979 517 608 1040 416 1274 820 935 313 1070 559 410 1070 526 1157 118 706 0 493 394 694 776 508 599 276 648 609 996 539 545 1165 535 286 577 437 804 468 527 938 1052 70 90 490 800 525 897 812 186 491 965 409 372 838 736 557 1124 930 1323 473 750 229 646 533 240 464 325 892 188 525 577 325
104 423 102 616 718 687 30 572 828 168 909 638 870 402 813 276 778 92 175 579 33 724 392 255 493 0 652 400 456 35 719 556 203 425 568 58 88 676 51 733 155 128 504 88 39 685 659 424 418 141 432 136 427 906 676 785 482 84 311 535 243 108 630 533 904 575 280 703 153 121 664 683 218 399 399 139 103 186
657 346 634 856 1356 896 630 913 176 671 742 42 1170 797 645 628 1381 665 484 1137 675 1376 467 907 394 652 0 600 673 644 992 670 701 466 953 667 735 1220 703 279 793 533 676 578 691 742 1304 394 452 558 733 592 1075 428 383 133 1118 591 352 704 861 649 1208 861 1233 861 806 533 788 749 230 73 435 1016 557 753 684 476
307 254 300 278 1031 1049 371 313 756 256 521 565 589 213 435 631 1132 323 314 582 388 966 648 571 694 400 600 0 81 365 1098 874 248 137 353 355 468 650 424 815 532 321 113 329 416 286 955 632 662 272 133 264 655 643 832 712 656 430 325 148 430 300 662 262 645 950 303 923 416 513 743 586 387 539 701 534 326 414
356 329 354 197 1045 1120 429 240 824 298 498 637 508 178 424 701 1157 371 389 546 440 964 726 599 776 456 673 81 0 420 1165 950 280 207 287 406 515 605 474 894 576 391 51 393 467 234 967 712 741 339 80 324 660 678 913 781 650 495 407 79 445 350 626 190 565 1017 306 1005 447 562 823 655 466 533 777 585 371 490
70 400 66 581 737 720 18 539 821 134 876 629 837 369 782 307 803 59 161 561 32 733 412 268 508 35 644 365 420 0 753 585 170 396 536 31 112 657 68 739 180 112 469 68 57 650 675 438 437 113 397 103 430 884 689 778 479 105 298 500 232 73 616 500 873 609 253 723 147 151 669 672 217 390 424 170 73 191
823 1005 819 1335 832 110 741 1288 1110 887 1559 1012 1580 1119 1455 468 718 811 791 1190 743 998 537 734 599 719 992 1098 1165 753 0 325 921 1074 1276 776 689 1284 718 837 655 777 1210 772 721 1382 847 603 546 827 1150 841 887 1400 689 1088 978 670 852 1243 875 827 1207 1251 1607 149 979 561 802 643 819 1061 738 974 450 619 819 697
653 730 640 1137 957 225 568 1117 785 713 1285 692 1417 947 1179 283 899 644 560 1115 588 1073 240 684 276 556 670 874 950 585 325 0 752 819 1119 614 567 1213 578 516 566 564 987 576 575 1145 943 293 239 620 954 646 870 1086 372 763 953 482 582 1022 774 653 1153 1073 1456 217 837 269 686 533 494 741 487 910 172 515 658 460
100 390 112 417 783 890 185 369 875 40 769 677 667 198 684 477 883 110 245 441 177 733 564 322 648 203 701 248 280 170 921 752 0 333 367 145 242 530 204 847 298 211 331 182 200 514 710 578 587 160 239 124 418 856 819 830 435 270 353 358 188 99 508 330 703 778 107 872 168 290 774 712 327 324 588 313 102 323
355 125 341 393 1110 1012 395 447 619 325 491 430 708 349 391 608 1194 371 288 714 425 1066 583 640 609 425 466 137 207 396 1074 819 333 0 490 397 507 785 463 695 575 314 213 340 452 329 1040 553 592 284 271 294 751 525 727 575 764 429 240 244 522 347 792 396 769 925 412 833 486 546 624 449 338 649 649 565 381 377
467 607 479 187 947 1253 552 63 1109 406 684 919 304 176 642 844 1094 476 586 318 539 816 924 587 996 568 953 353 287 536 1276 1119 367 490 0 509 587 347 559 1156 626 565 304 545 557 394 863 928 944 509 220 478 558 951 1154 1065 510 637 651 292 419 466 396 100 336 1137 297 1225 477 633 1083 939 671 413 954 657 464 678
50 410 56 560 725 745 50 514 844 112 871 651 811 344 778 335 798 35 182 530 33 713 443 253 539 58 667 355 406 31 776 614 145 397 509 0 112 626 68 768 179 134 455 89 60 638 660 469 468 122 378 102 407 894 720 801 453 136 318 486 202 56 585 476 845 632 223 754 121 157 698 693 244 361 455 179 44 221
160 510 169 659 630 670 117 601 910 217 984 723 891 434 891 285 691 144 263 549 82 642 436 172 545 88 735 468 515 112 689 567 242 507 587 112 0 647 44 800 68 216 565 176 54 748 572 478 463 225 480 213 355 994 731 869 419 148 399 594 207 168 591 567 919 551 290 742 119 47 734 769 300 351 425 72 144 261
607 884 627 533 732 1291 676 410 1388 568 1031 1191 487 436 989 932 907 607 774 98 642 554 1068 551 1165 676 1220 650 605 657 1284 1213 530 785 347 626 647 0 642 1378 650 736 635 699 647 742 649 1095 1094 690 525 653 413 1283 1343 1344 326 760 880 630 440 611 94 441 462 1167 423 1379 530 680 1305 1221 855 311 1070 699 588 842
118 468 125 622 669 694 76 569 879 176 940 689 863 400 847 295 734 102 225 544 37 673 430 204 535 51 703 424 474 68 718 578 204 463 559 68 44 642 0 781 112 177 523 134 11 706 609 466 457 181 442 169 377 952 719 836 434 127 362 553 203 124 592 533 893 578 264 739 112 88 713 734 269 356 428 111 104 235
776 570 754 1088 1369 729 721 1125 300 810 1020 319 1402 986 922 597 1356 779 603 1287 764 1431 402 969 286 733 279 815 894 739 837 516 847 695 1156 768 800 1378 781 0 842 644 908 685 771 1000 1332 335 375 687 941 725 1155 687 149 296 1215 654 506 940 971 771 1349 1074 1460 731 955 298 885 797 73 345 526 1130 472 792 798 548
225 578 236 711 566 646 185 645 967 278 1050 783 929 482 958 292 623 209 329 553 150 591 463 128 577 155 793 532 576 180 655 566 298 575 626 179 68 650 112 842 0 283 626 243 123 810 511 513 491 293 537 281 320 1061 764 926 394 202 463 655 220 233 587 615 953 524 329 762 149 45 778 830 358 344 439 53 206 316
131 296 109 573 846 728 101 556 709 171 805 517 855 389 706 310 905 136 48 643 144 846 358 380 437 128 533 321 391 112 777 564 211 314 565 134 216 736 177 644 283 0 433 45 165 605 786 367 379 56 389 88 541 778 609 666 586 114 185 467 332 126 705 510 898 628 315 662 255 246 572 560 118 491 394 260 155 113
405 338 402 180 1095 1161 476 250 821 348 449 638 495 220 378 744 1208 421 428 581 489 1011 760 650 804 504 676 113 51 469 1210 987 331 213 304 455 565 635 523 908 626 433 0 438 516 183 1017 742 774 383 121 371 709 649 934 778 696 540 432 35 496 399 662 203 556 1061 356 1031 499 612 837 652 501 580 815 634 421 528
92 334 72 567 804 729 58 540 755 142 827 562 840 371 730 310 867 94 94 605 100 801 382 336 468 88 578 329 393 68 772 576 182 340 545 89 176 699 134 685 243 45 438 0 123 615 743 398 405 57 382 70 496 818 644 712 542 102 230 471 289 88 665 497 880 624 282 690 210 209 614 605 158 447 408 225 113 143
110 457 116 618 681 695 64 567 867 171 930 678 861 397 837 293 746 95 213 549 27 684 423 216 527 39 691 416 467 57 721 575 200 452 557 60 54 647 11 771 123 165 516 123 0 698 620 458 450 170 436 158 387 941 711 825 444 118 350 546 210 116 598 530 893 580 264 733 119 96 703 723 258 364 423 118 98 225
588 442 584 209 1268 1329 656 331 859 532 291 700 465 379 250 914 1387 604 593 707 671 1172 910 832 938 685 742 286 234 650 1382 1145 514 329 394 638 748 742 706 1000 810 605 183 615 698 0 1188 883 921 558 289 550 878 599 1049 821 856 715 569 157 673 581 787 305 536 1233 530 1161 681 794 933 701 658 742 973 817 604 691
691 1071 710 1023 84 904 685 913 1478 715 1466 1294 1111 809 1388 738 260 677 834 594 642 156 933 407 1052 659 1304 955 967 675 847 943 710 1040 863 660 572 649 609 1332 511 786 1017 743 620 1188 0 996 961 782 900 758 310 1553 1233 1437 354 713 971 1034 525 699 555 910 1100 790 661 1193 554 555 1273 1341 870 453 880 552 663 827
490 450 471 908 1034 514 419 912 535 538 999 409 1208 752 893 263 1027 488 341 1000 457 1097 74 641 70 424 394 632 712 438 603 293 578 553 928 469 478 1095 466 335 513 367 742 398 458 883 996 0 58 421 734 455 831 797 253 504 898 340 313 777 667 487 1054 863 1256 468 680 296 577 469 280 460 256 823 163 462 507 255
494 495 476 935 995 457 418 932 590 547 1048 468 1230 768 942 223 981 491 360 997 452 1068 28 620 90 418 452 662 741 437 546 239 587 592 944 468 463 1094 457 375 491 379 774 405 450 921 961 58 0 435 758 467 811 854 274 561 882 334 352 809 660 492 1048 884 1276 410 685 286 569 448 326 518 277 813 106 438 508 266
99 288 77 518 847 781 110 499 734 122 770 538 799 333 673 362 916 109 84 599 144 832 414 375 490 141 558 272 339 113 827 620 160 284 509 122 225 690 181 687 293 56 383 57 170 558 782 421 435 0 334 37 522 772 659 690 560 157 205 416 303 91 663 454 842 678 267 716 235 262 615 578 167 458 450 280 127 168
328 387 331 184 979 1112 408 184 889 265 568 698 474 98 499 693 1098 342 398 465 411 891 740 545 800 432 733 133 80 397 1150 954 239 271 220 378 480 525 442 941 537 389 121 382 436 289 900 734 758 334 0 312 590 758 948 846 575 484 441 134 384 324 546 133 525 1004 241 1030 399 528 868 720 480 459 783 552 338 497
68 312 48 496 825 800 107 471 768 85 772 572 771 303 678 381 901 81 121 562 131 803 445 352 525 136 592 264 324 103 841 646 124 294 478 102 213 653 169 725 281 88 371 70 158 550 758 455 467 37 312 0 492 795 695 724 526 172 240 403 269 60 626 427 813 694 230 750 207 254 652 611 203 423 477 274 96 201
423 800 445 713 392 908 445 605 1251 431 1158 1058 825 498 1084 608 536 413 590 330 400 314 783 192 897 427 1075 655 660 430 887 870 418 751 558 407 355 413 377 1155 320 541 709 496 387 878 310 831 811 522 590 492 0 1274 1083 1208 90 502 725 725 230 431 326 600 824 784 354 1081 287 363 1089 1100 645 145 757 373 395 612
862 484 843 790 1619 1310 877 893 413 843 436 398 1064 852 380 987 1683 876 734 1223 916 1589 863 1147 812 906 428 643 678 884 1400 1086 856 525 951 894 994 1283 952 687 1061 778 649 818 941 599 1553 797 854 772 758 795 1274 0 809 398 1289 876 608 659 1044 854 1303 851 1135 1261 937 961 999 1024 653 355 730 1174 952 1037 890 779
736 607 716 1110 1263 581 670 1131 443 780 1106 418 1420 980 1004 495 1237 736 575 1249 709 1342 302 892 186 676 383 832 913 689 689 372 819 727 1154 720 731 1343 719 149 764 609 934 644 711 1049 1233 253 274 659 948 695 1083 809 0 432 1151 593 507 968 919 732 1305 1081 1473 589 924 154 829 720 155 455 491 1076 355 711 755 501
789 461 767 955 1488 986 764 1022 44 801 775 153 1266 916 687 751 1509 798 618 1263 809 1510 579 1041 491 785 133 712 781 778 1088 763 830 575 1065 801 869 1344 836 296 926 666 778 712 825 821 1437 504 561 690 846 724 1208 398 432 0 1250 724 485 803 994 782 1335 971 1331 964 934 587 921 882 279 126 568 1148 667 885 816 609
460 825 483 678 438 997 496 563 1294 456 1142 1098 759 478 1074 685 598 452 634 251 452 316 854 269 965 482 1118 656 650 479 978 953 435 764 510 453 419 326 434 1215 394 586 696 542 444 856 354 898 882 560 575 526 90 1289 1151 1250 0 561 765 708 256 468 237 565 753 873 353 1156 332 434 1147 1138 697 117 833 447 433 668
170 401 158 668 767 628 87 637 765 231 919 581 936 466 820 209 809 163 146 663 117 790 308 320 409 84 591 430 495 105 670 482 270 429 637 136 148 760 127 654 202 114 540 102 118 715 713 340 334 157 484 172 502 876 593 724 561 0 269 573 326 171 715 595 974 522 358 619 236 158 587 628 157 482 319 164 178 114
304 153 282 604 1029 782 286 624 528 320 708 333 912 480 603 397 1079 313 136 793 330 1031 343 566 372 311 352 325 407 298 852 582 353 240 651 318 399 880 362 506 463 185 432 230 350 569 971 313 352 205 441 240 725 608 507 485 765 269 0 467 509 297 861 573 965 703 460 599 437 422 433 375 124 663 414 432 331 173
436 369 433 151 1113 1196 508 234 846 377 434 666 465 230 369 778 1230 451 463 581 519 1024 795 674 838 535 704 148 79 500 1243 1022 358 244 292 486 594 630 553 940 655 467 35 471 546 157 1034 777 809 416 134 403 725 659 968 803 708 573 467 0 517 430 662 191 528 1095 374 1066 524 641 869 678 536 593 850 664 450 563
204 572 227 535 601 867 250 449 1037 202 943 841 719 304 864 492 714 197 379 342 210 544 633 169 736 243 861 430 445 232 875 774 188 522 419 202 207 440 203 971 220 332 496 289 210 673 525 667 660 303 384 269 230 1044 919 994 256 326 509 517 0 211 388 428 737 745 144 943 91 243 901 881 447 158 630 264 178 423
8 372 16 507 767 793 87 467 826 61 817 630 766 296 725 378 847 24 169 517 89 743 468 294 557 108 649 300 350 73 827 653 99 347 466 56 168 611 124 771 233 126 399 88 116 581 699 487 492 91 324 60 431 854 732 782 468 171 297 430 211 0 578 426 802 683 193 778 146 213 699 670 245 367 489 235 36 232
573 881 595 583 637 1219 635 459 1380 542 1078 1182 573 450 1029 874 812 571 746 81 597 462 1022 478 1124 630 1208 662 626 616 1207 1153 508 792 396 585 591 94 592 1349 587 705 662 665 598 787 555 1054 1048 663 546 626 326 1303 1305 1335 237 715 861 662 388 578 0 482 552 1094 402 1332 479 620 1277 1214 823 242 1016 638 551 806
429 516 437 113 993 1220 514 51 1014 365 596 826 345 133 548 804 1129 441 524 401 508 878 866 597 930 533 861 262 190 500 1251 1073 330 396 100 476 567 441 533 1074 615 510 203 497 530 305 910 863 884 454 133 427 600 851 1081 971 565 595 573 191 428 426 482 0 393 1108 289 1159 468 615 1001 845 608 457 903 639 432 621
803 893 815 376 1184 1587 889 344 1372 742 764 1195 72 509 768 1180 1351 813 916 506 874 1015 1256 898 1323 904 1233 645 565 873 1607 1456 703 769 336 845 919 462 893 1460 953 898 556 880 893 536 1100 1256 1276 842 525 813 824 1135 1473 1331 753 974 965 528 737 802 552 393 0 1471 629 1553 805 964 1388 1206 1000 686 1289 988 800 1011
679 857 674 1189 790 124 596 1146 990 743 1410 878 1441 976 1306 318 706 667 641 1071 600 934 398 616 473 575 861 950 1017 609 149 217 778 925 1137 632 551 1167 578 731 524 628 1061 624 580 1233 790 468 410 678 1004 694 784 1261 589 964 873 522 703 1095 745 683 1094 1108 1471 0 841 482 668 507 704 928 588 856 308 483 676 547
191 486 209 393 739 958 271 316 979 145 805 780 601 161 729 556 857 195 351 333 248 663 662 310 750 280 806 303 306 253 979 837 107 412 297 223 290 423 264 955 329 315 356 282 264 530 661 680 685 267 241 230 354 937 924 934 353 358 460 374 144 193 402 289 629 841 0 971 180 336 882 814 433 237 678 360 179 425
780 719 762 1201 1214 451 704 1208 596 831 1241 566 1504 1048 1137 473 1165 777 638 1282 737 1314 311 889 229 703 533 923 1005 723 561 269 872 833 1225 754 742 1379 739 298 762 662 1031 690 733 1161 1193 296 286 716 1030 750 1081 961 154 587 1156 619 599 1066 943 778 1332 1159 1553 482 971 0 852 721 309 606 553 1094 324 708 794 549
138 519 159 567 624 787 164 496 964 162 937 771 780 336 851 403 715 126 303 432 121 597 542 155 646 153 788 416 447 147 802 686 168 486 477 121 119 530 112 885 149 255 499 210 119 681 554 577 569 235 399 207 287 999 829 921 332 236 437 524 91 146 479 468 805 668 180 852 0 160 816 812 364 246 539 184 110 337
206 542 213 707 609 627 152 648 922 264 1027 739 937 481 933 254 659 190 290 582 124 636 420 172 533 121 749 513 562 151 643 533 290 546 633 157 47 680 88 797 45 246 612 209 96 794 555 469 448 262 528 254 363 1024 720 882 434 158 422 641 243 213 620 615 964 507 336 721 160 0 732 786 315 377 400 24 191 272
704 500 682 1017 1313 714 652 1052 294 737 966 268 1331 913 866 544 1307 708 531 1214 695 1368 351 904 240 664 230 743 823 669 819 494 774 624 1083 698 734 1305 713 73 778 572 837 614 703 933 1273 280 326 615 868 652 1089 653 155 279 1147 587 433 869 901 699 1277 1001 1388 704 882 309 816 732 0 301 455 1060 428 729 727 479
678 337 655 830 1395 966 659 895 169 685 680 51 1141 791 586 684 1428 687 511 1141 704 1406 531 939 464 683 73 586 655 672 1061 741 712 449 939 693 769 1221 734 345 830 560 652 605 723 701 1341 460 518 578 720 611 1100 355 455 126 1138 628 375 678 881 670 1214 845 1206 928 814 606 812 786 301 0 471 1032 622 793 705 516
250 274 228 658 924 674 200 656 610 288 822 424 953 495 718 275 963 252 85 762 245 942 261 472 325 218 435 387 466 217 738 487 327 338 671 244 300 855 269 526 358 118 501 158 258 658 870 256 277 167 480 203 645 730 491 568 697 157 124 536 447 245 823 608 1000 588 433 553 364 315 455 471 0 606 315 321 272 49
361 714 383 570 536 980 408 460 1192 347 1027 995 683 363 957 632 681 354 536 216 367 431 786 239 892 399 1016 539 533 390 974 910 324 649 413 361 351 311 356 1130 344 491 580 447 364 742 453 823 813 458 459 423 145 1174 1076 1148 117 482 663 593 158 367 242 457 686 856 237 1094 246 377 1060 1032 606 0 776 395 335 582
489 565 475 965 908 370 407 948 697 548 1121 571 1248 780 1016 149 884 483 387 972 432 994 90 565 188 399 557 701 777 424 450 172 588 649 954 455 425 1070 428 472 439 394 815 408 423 973 880 163 106 450 783 477 757 952 355 667 833 319 414 850 630 489 1016 903 1289 308 678 324 539 400 428 622 315 776 0 385 498 287
228 556 234 731 603 604 169 672 926 287 1047 745 961 506 952 238 646 213 302 602 145 638 410 181 525 139 753 534 585 170 619 515 313 565 657 179 72 699 111 792 53 260 634 225 118 817 552 462 438 280 552 274 373 1037 711 885 447 164 432 664 264 235 638 639 988 483 360 708 184 24 729 793 321 395 385 0 214 276
28 408 49 519 731 789 91 470 860 73 846 665 766 300 755 379 814 19 201 493 75 707 484 259 577 103 684 326 371 73 819 658 102 381 464 44 144 588 104 798 206 155 421 113 98 604 663 507 508 127 338 96 395 890 755 816 433 178 331 450 178 36 551 432 800 676 179 794 110 191 727 705 272 335 498 214 0 254
235 320 216 678 880 638 173 667 650 283 864 468 966 502 762 231 915 235 100 748 215 904 245 434 325 186 476 414 490 191 697 460 323 377 678 221 261 842 235 548 316 113 528 143 225 691 827 255 266 168 497 201 612 779 501 609 668 114 173 563 423 232 806 621 1011 547 425 549 337 272 479 516 49 582 287 276 254 0
