0 1607 143 458 909 710 1638 310 1726 1559 85 1708 1249 1412 1471 700
1607 0 1464 1196 739 899 1018 1892 1405 1493 1522 3314 2854 1653 1804 1424
143 1464 0 337 767 567 1533 440 1647 1494 61 1851 1392 1372 1444 657
458 1196 337 0 588 363 1199 769 1335 1205 377 2131 1671 1125 1222 455
909 739 767 588 0 225 1235 1171 1517 1480 828 2611 2155 1508 1637 983
710 899 567 363 225 0 1192 992 1426 1355 627 2419 1960 1348 1467 772
1638 1018 1533 1199 1235 1192 0 1944 394 551 1566 3147 2707 805 949 1053
310 1892 440 769 1171 992 1944 0 2014 1833 391 1444 993 1662 1702 967
1726 1405 1647 1335 1517 1426 394 2014 0 251 1666 3075 2657 543 656 1054
1559 1493 1494 1205 1480 1355 551 1833 251 0 1506 2838 2427 292 413 866
85 1522 61 377 828 627 1566 391 1666 1506 0 1793 1333 1373 1439 657
1708 3314 1851 2131 2611 2419 3147 1444 3075 2838 1793 0 460 2574 2530 2097
1249 2854 1392 1671 2155 1960 2707 993 2657 2427 1333 460 0 2174 2146 1654
1412 1653 1372 1125 1508 1348 805 1662 543 292 1373 2574 2174 0 152 715
1471 1804 1444 1222 1637 1467 949 1702 656 413 1439 2530 2146 152 0 788
700 1424 657 455 983 772 1053 967 1054 866 657 2097 1654 715 788 0
