0 356 328 192 297 24 494 817 812 506 637 209 181 20 669 331 262 386 798 638 82 276 520 297 204 162 621 401 561 702 572 826 649 122 213 54 841 90 786 793 796 361 86 540 318 775 359 276 202 8 303 171 671 470 525 8 381 634 576 545 550 297 554 765 325 281 514 445 128 201 490 584 14 183 80 413 369 251
356 0 657 319 549 379 320 519 464 724 282 532 229 366 810 413 594 694 444 994 428 196 469 203 155 230 589 375 798 1004 535 923 936 362 145 404 1067 378 453 498 838 604 278 507 637 1073 649 612 469 349 251 199 1026 756 238 353 700 583 481 829 552 645 201 461 339 531 860 541 465 401 822 568 358 178 295 463 406 260
328 657 0 504 475 306 821 1144 1080 299 925 335 510 330 852 394 323 434 1078 391 246 605 595 521 521 490 646 512 311 377 617 1025 335 296 527 307 914 279 1035 1120 710 521 385 592 376 451 105 54 203 331 496 496 464 176 851 335 404 927 888 584 832 272 839 1091 636 469 213 417 308 286 164 870 319 503 365 450 664 448
192 319 504 0 231 208 325 674 775 698 586 248 93 181 528 489 309 386 746 751 266 145 648 376 185 105 761 529 753 882 708 669 834 302 195 197 755 279 771 650 963 285 204 676 337 955 548 449 394 194 403 142 761 658 400 183 398 441 386 512 361 377 513 628 133 213 664 616 211 380 657 394 205 168 219 568 178 365
297 549 475 231 0 294 500 861 1006 742 816 140 320 277 387 627 164 168 976 596 320 372 817 573 406 324 918 698 776 831 870 555 805 416 417 256 546 378 1002 837 1083 63 365 838 147 904 557 425 463 305 590 360 582 651 612 291 191 490 487 280 387 239 745 822 286 18 566 734 195 491 591 426 309 386 369 709 268 541
24 379 306 208 294 0 516 840 835 492 661 195 204 27 671 332 246 373 821 614 60 299 526 314 228 185 625 409 544 681 577 831 629 122 236 40 834 85 807 817 793 357 107 545 304 754 340 253 189 30 317 195 649 451 549 29 366 649 594 533 563 277 577 788 342 278 490 442 114 198 467 598 22 207 97 415 383 263
494 320 821 325 500 516 0 361 617 974 437 566 314 490 597 699 624 669 567 1071 576 222 787 508 341 336 907 685 1039 1197 853 667 1143 571 342 515 900 565 652 337 1151 527 461 824 637 1270 851 768 679 493 553 343 1073 963 163 487 690 279 169 752 285 696 406 324 215 488 989 832 537 638 979 285 505 348 482 762 240 544
817 519 1144 674 861 840 361 0 485 1243 397 921 637 818 904 930 980 1030 420 1425 899 544 945 718 625 655 1057 875 1316 1509 1008 925 1446 864 621 848 1221 869 563 24 1319 887 761 986 997 1580 1154 1093 975 813 765 648 1432 1265 293 810 1051 522 435 1109 586 1051 440 59 576 849 1328 1055 883 914 1307 566 825 642 782 972 599 780
812 464 1080 775 1006 835 617 485 0 1056 191 996 691 825 1209 735 1058 1157 65 1443 876 636 643 559 618 693 725 633 1135 1384 689 1285 1305 787 608 863 1496 814 92 484 980 1056 728 680 1101 1445 1045 1043 878 805 589 663 1484 1139 454 811 1164 886 775 1286 903 1107 262 445 757 989 1292 820 928 796 1239 902 812 641 742 736 814 633
506 724 299 698 742 492 974 1243 1056 0 942 604 667 519 1129 325 608 728 1073 622 441 752 447 532 635 643 444 423 79 347 437 1298 262 405 636 516 1212 420 990 1222 428 795 515 425 666 397 195 333 304 504 489 631 714 164 954 515 700 1140 1079 882 1056 567 860 1185 830 732 423 244 552 336 332 1091 493 626 495 323 875 465
637 282 925 586 816 661 437 397 191 942 0 813 504 648 1021 616 875 970 161 1274 707 445 576 416 437 508 678 531 1020 1252 633 1103 1178 629 428 686 1305 651 215 386 942 866 557 616 915 1317 903 884 728 631 454 480 1309 1003 275 635 978 712 601 1096 720 927 86 343 565 799 1133 721 747 650 1088 722 639 460 572 635 624 490
209 532 335 248 140 195 566 921 996 604 813 0 310 190 525 518 62 177 975 505 200 389 719 506 378 304 812 604 636 696 767 695 666 310 388 156 646 270 979 897 958 191 292 735 109 770 416 284 335 217 512 333 513 511 648 206 173 610 589 337 509 130 734 876 354 133 442 614 81 377 458 548 216 355 288 599 360 459
181 229 510 93 320 204 314 637 691 667 504 310 0 181 617 424 373 466 666 798 264 94 567 288 92 23 683 450 728 884 629 752 829 261 102 211 849 251 683 614 896 376 152 597 410 956 537 458 367 179 319 52 818 648 349 174 474 487 414 600 420 432 428 587 178 302 690 555 254 334 671 448 191 76 172 499 240 286
20 366 330 181 277 27 490 818 825 519 648 190 181 0 650 350 244 367 809 629 86 275 540 316 212 162 641 422 572 706 592 808 655 141 221 38 820 107 800 794 814 340 102 560 299 780 367 277 216 28 322 176 660 478 528 15 363 622 567 525 536 282 565 767 315 261 510 464 110 219 490 571 32 191 98 433 356 270
669 810 852 528 387 671 597 904 1209 1129 1021 525 617 650 0 999 529 439 1162 862 705 614 1174 904 708 633 1283 1054 1160 1184 1232 173 1170 792 718 636 319 757 1231 884 1464 333 719 1200 480 1253 941 805 849 676 931 669 807 1029 757 662 474 387 470 366 320 589 971 889 471 399 899 1114 582 870 946 338 683 694 729 1081 405 890
331 413 394 489 627 332 699 930 735 325 616 518 424 350 999 0 555 689 749 785 318 489 209 212 361 401 293 118 404 649 249 1152 570 210 359 371 1164 250 675 910 474 690 285 218 618 709 327 379 210 324 166 375 854 407 650 338 674 910 829 853 843 556 534 872 602 611 602 133 440 143 531 872 318 361 272 82 662 155
262 594 323 309 164 246 624 980 1058 608 875 62 373 244 529 555 0 133 1037 448 238 452 760 560 439 366 848 647 633 668 805 701 645 353 449 208 618 312 1040 956 980 199 347 774 63 741 415 278 361 270 563 394 452 500 709 260 120 651 638 298 549 77 795 936 409 164 402 642 134 412 428 588 268 416 342 635 410 509
386 694 434 386 168 373 669 1030 1157 728 970 177 466 367 439 689 133 0 1131 448 371 530 893 683 543 464 982 779 745 745 938 612 734 485 554 333 488 444 1146 1006 1111 156 469 907 70 814 532 395 494 395 690 497 420 607 778 383 35 639 649 164 535 161 894 991 454 182 460 775 258 546 508 573 394 521 466 768 435 637
798 444 1078 746 976 821 567 420 65 1073 161 975 666 809 1162 749 1037 1131 0 1433 866 604 674 562 599 670 762 652 1152 1394 724 1232 1317 783 589 847 1454 807 151 419 1021 1024 716 712 1077 1457 1050 1039 879 791 595 642 1470 1147 405 796 1140 831 721 1255 852 1089 244 380 718 959 1288 842 909 799 1240 849 799 622 731 756 773 636
638 994 391 751 596 614 1071 1425 1443 622 1274 505 798 629 862 785 448 448 1433 0 567 886 985 893 842 785 1029 902 588 427 1004 1027 467 659 850 592 779 629 1407 1401 1050 601 717 981 448 475 474 411 586 644 876 804 102 457 1146 641 415 1084 1083 500 979 375 1190 1379 858 602 199 799 544 669 290 1018 635 820 702 840 857 823
82 428 246 266 320 60 576 899 876 441 707 200 264 86 705 318 238 371 866 567 0 359 521 338 281 244 612 409 490 621 567 868 569 115 289 74 847 74 844 875 763 380 150 536 301 694 281 194 144 85 333 251 609 392 607 89 359 704 653 535 616 253 622 846 400 306 434 415 125 176 408 652 74 262 134 399 438 278
276 196 605 145 372 299 222 544 636 752 445 389 94 275 614 489 452 530 604 886 359 0 608 322 128 114 727 496 816 978 673 733 922 348 132 304 872 342 639 520 955 420 238 642 482 1050 629 552 457 273 362 121 902 741 259 269 543 425 340 651 374 516 377 494 144 355 784 623 341 417 766 396 286 129 259 559 212 340
520 469 595 648 817 526 787 945 643 447 576 719 567 540 1174 209 760 893 674 985 521 608 0 286 485 548 120 119 524 794 66 1318 709 408 478 567 1361 449 566 929 375 880 456 40 822 844 515 585 419 512 248 514 1058 573 697 525 880 1033 939 1056 981 765 510 886 741 800 796 204 639 350 717 1005 509 493 449 144 807 283
297 203 521 376 573 314 508 718 559 532 416 506 288 316 904 212 560 683 562 893 338 322 286 0 200 271 405 177 608 835 351 1040 761 234 193 351 1118 267 515 699 642 636 214 320 615 900 488 486 318 289 47 235 943 587 441 300 679 747 654 838 695 589 332 660 457 555 733 337 426 237 679 719 292 211 217 259 524 74
204 155 521 185 406 228 341 625 618 635 437 378 92 212 708 361 439 543 599 842 281 128 485 200 0 82 603 370 702 883 548 840 821 239 10 250 940 244 603 603 827 465 136 517 483 954 529 472 350 199 237 46 872 640 332 200 547 553 468 684 496 489 356 571 256 388 716 495 310 299 685 521 209 22 156 431 323 212
162 230 490 105 324 185 336 655 693 643 508 304 23 162 633 401 366 464 670 785 244 114 548 271 82 0 663 430 705 863 609 770 807 238 93 195 858 228 682 631 874 382 128 577 407 935 515 438 344 159 301 37 808 626 365 155 470 510 437 603 442 422 430 604 200 306 673 532 243 311 652 471 171 63 148 477 262 266
621 589 646 761 918 625 907 1057 725 444 678 812 683 641 1283 293 848 982 762 1029 612 727 120 405 603 663 0 233 514 789 54 1430 703 503 596 664 1458 543 641 1041 263 982 564 85 911 830 555 646 493 613 366 630 1109 591 815 627 966 1152 1059 1146 1099 845 618 999 858 902 833 229 734 436 749 1123 609 610 554 213 923 396
401 375 512 529 698 409 685 875 633 423 531 604 450 422 1054 118 647 779 652 902 409 496 119 177 370 430 233 0 503 759 179 1199 677 294 364 450 1243 335 567 857 465 761 336 147 709 816 446 494 321 394 134 397 969 521 611 407 768 922 831 942 866 657 455 816 625 681 720 190 523 244 649 891 391 377 329 104 690 164
561 798 311 753 776 544 1039 1316 1135 79 1020 636 728 572 1160 404 633 745 1152 588 490 816 524 608 702 705 514 503 0 274 511 1331 188 467 704 564 1223 478 1069 1294 466 826 578 500 688 319 219 354 361 559 566 695 685 144 1026 569 715 1194 1137 893 1106 583 937 1258 886 767 394 322 592 404 302 1142 547 692 557 402 928 540
702 1004 377 882 831 681 1197 1509 1384 347 1252 696 884 706 1184 649 668 745 1394 427 621 978 794 835 883 863 789 759 274 0 785 1357 85 645 888 685 1173 640 1324 1486 716 866 748 773 706 73 355 432 535 704 799 864 530 248 1215 710 710 1302 1265 859 1204 598 1167 1454 1013 828 290 590 683 604 240 1242 692 868 727 664 1041 762
572 535 617 708 870 577 853 1008 689 437 633 767 629 592 1232 249 805 938 724 1004 567 673 66 351 548 609 54 179 511 785 0 1378 699 457 542 617 1411 497 608 992 311 933 513 32 868 830 530 613 454 565 311 577 1081 576 763 578 923 1098 1005 1102 1045 804 570 949 804 853 810 206 688 392 728 1069 560 556 504 172 869 343
826 923 1025 669 555 831 667 925 1285 1298 1103 695 752 808 173 1152 701 612 1232 1027 868 733 1318 1040 840 770 1430 1199 1331 1357 1378 0 1343 949 849 797 380 916 1318 908 1622 504 868 1346 654 1427 1111 977 1013 832 1071 805 967 1202 830 818 647 408 513 527 383 762 1064 920 589 566 1072 1272 748 1028 1119 383 840 828 880 1233 520 1034
649 936 335 834 805 629 1143 1446 1305 262 1178 666 829 655 1170 570 645 734 1317 467 569 922 709 761 821 807 703 677 188 85 699 1343 0 582 825 637 1183 580 1244 1424 635 845 688 687 689 139 293 390 471 650 723 805 569 181 1153 657 701 1263 1220 861 1168 580 1093 1390 967 800 301 505 644 535 228 1205 638 807 667 581 999 688
122 362 296 302 416 122 571 864 787 405 629 310 261 141 792 210 353 485 783 659 115 348 408 234 239 238 503 294 467 645 457 949 582 0 243 161 954 40 748 841 673 479 110 425 414 716 290 255 110 116 222 228 709 400 570 130 473 741 674 648 663 367 543 808 429 400 505 322 231 79 460 695 109 226 89 293 480 168
213 145 527 195 417 236 342 621 608 636 428 388 102 221 718 359 449 554 589 850 289 132 478 193 10 93 596 364 704 888 542 849 825 243 0 259 951 249 592 598 822 475 142 511 494 958 533 479 354 207 230 57 881 644 327 209 558 558 472 695 502 499 346 566 264 399 723 492 319 300 692 527 217 33 162 427 330 208
54 404 307 197 256 40 515 848 863 516 686 156 211 38 636 371 208 333 847 592 74 304 567 351 250 195 664 450 564 685 617 797 637 161 259 0 794 122 839 825 828 318 140 585 264 758 353 253 217 62 356 211 622 462 560 53 327 631 582 493 542 244 603 798 330 240 479 479 75 235 464 578 60 228 134 454 365 303
841 1067 914 755 546 834 900 1221 1496 1212 1305 646 849 820 319 1164 618 488 1454 779 847 872 1361 1118 940 858 1458 1243 1223 1173 1411 380 1183 954 951 794 0 914 1509 1200 1599 483 911 1379 555 1234 1016 880 979 849 1136 895 695 1080 1053 835 512 707 786 330 635 646 1246 1203 740 564 885 1259 723 1023 955 656 851 921 915 1246 681 1087
90 378 279 279 378 85 565 869 814 420 651 270 251 107 757 250 312 444 807 629 74 342 449 267 244 228 543 335 478 640 497 916 580 40 249 122 914 0 778 846 707 440 107 465 373 711 287 233 116 86 259 224 676 399 575 99 432 721 659 607 639 327 565 815 410 363 482 357 190 113 444 673 76 227 87 332 457 205
786 453 1035 771 1002 807 652 563 92 990 215 979 683 800 1231 675 1040 1146 151 1407 844 639 566 515 603 682 641 567 1069 1324 608 1318 1244 748 592 839 1509 778 0 559 893 1056 700 601 1086 1383 993 1001 832 778 539 649 1453 1082 490 786 1150 928 816 1283 935 1083 262 518 769 984 1248 750 907 749 1191 937 785 625 712 667 830 587
793 498 1120 650 837 817 337 24 484 1222 386 897 614 794 884 910 956 1006 419 1401 875 520 929 699 603 631 1041 857 1294 1486 992 908 1424 841 598 825 1200 846 559 0 1303 864 738 969 973 1557 1132 1069 952 789 745 624 1408 1242 271 787 1027 503 414 1085 565 1026 426 43 552 825 1304 1035 859 893 1283 546 801 619 759 953 575 759
796 838 710 963 1083 793 1151 1319 980 428 942 958 896 814 1464 474 980 1111 1021 1050 763 955 375 642 827 874 263 465 466 716 311 1622 635 673 822 828 1599 707 893 1303 0 1143 759 334 1043 735 605 730 622 790 597 846 1143 592 1071 803 1089 1380 1294 1273 1317 957 882 1261 1075 1068 851 350 888 594 760 1345 782 829 745 397 1136 614
361 604 521 285 63 357 527 887 1056 795 866 191 376 340 333 690 199 156 1024 601 380 420 880 636 465 382 982 761 826 866 933 504 845 479 475 318 483 440 1056 864 1143 0 428 901 162 938 607 472 522 368 653 419 576 698 650 354 186 483 494 231 379 267 796 852 319 80 592 795 255 553 626 417 372 444 432 772 288 604
86 278 385 204 365 107 461 761 728 515 557 292 152 102 719 285 347 469 716 717 150 238 456 214 136 128 564 336 578 748 513 868 688 110 142 140 911 107 700 738 759 428 0 480 402 819 395 337 219 78 225 118 755 506 467 87 465 636 566 624 562 383 472 707 324 347 582 411 213 182 549 593 84 119 20 365 379 176
540 507 592 676 838 545 824 986 680 425 616 735 597 560 1200 218 774 907 712 981 536 642 40 320 517 577 85 147 500 773 32 1346 687 425 511 585 1379 465 601 969 334 901 480 0 837 820 508 586 426 532 280 545 1056 558 737 546 893 1067 975 1071 1013 775 550 927 773 821 789 187 656 361 708 1038 528 524 472 144 838 311
318 637 376 337 147 304 637 997 1101 666 915 109 410 299 480 618 63 70 1077 448 301 482 822 615 483 407 911 709 688 706 868 654 689 414 494 264 555 373 1086 973 1043 162 402 837 0 777 472 334 424 326 621 438 437 552 735 315 64 637 635 234 533 108 838 956 422 154 429 705 189 475 466 572 325 461 398 698 412 567
775 1073 451 955 904 754 1270 1580 1445 397 1317 770 956 780 1253 709 741 814 1457 475 694 1050 844 900 954 935 830 816 319 73 830 1427 139 716 958 758 1234 711 1383 1557 735 938 819 820 777 0 425 506 605 777 862 936 575 316 1286 783 779 1375 1339 924 1278 670 1232 1525 1087 901 356 641 757 672 312 1316 765 939 798 718 1114 827
359 649 105 548 557 340 851 1154 1045 195 903 416 537 367 941 327 415 532 1050 474 281 629 515 488 529 515 555 446 219 355 530 1111 293 290 533 353 1016 287 993 1132 605 607 395 508 472 425 0 137 180 359 456 512 555 111 861 367 505 984 934 686 894 371 817 1099 681 548 280 325 374 252 203 930 347 514 374 371 719 414
276 612 54 449 425 253 768 1093 1043 333 884 284 458 277 805 379 278 395 1039 411 194 552 585 486 472 438 646 494 354 432 613 977 390 255 479 253 880 233 1001 1069 730 472 337 586 334 506 137 0 174 279 465 445 475 226 800 283 367 873 833 550 778 234 798 1040 581 417 249 419 254 258 214 815 267 453 318 442 610 414
202 469 203 394 463 189 679 975 878 304 728 335 367 216 849 210 361 494 879 586 144 457 419 318 350 344 493 321 361 535 454 1013 471 110 354 217 979 116 832 952 622 522 219 426 424 605 180 174 0 200 293 337 648 289 681 211 475 836 776 658 752 351 642 919 526 449 416 280 267 84 361 787 188 337 198 282 571 245
8 349 331 194 305 30 493 813 805 504 631 217 179 28 676 324 270 395 791 644 85 273 512 289 199 159 613 394 559 704 565 832 650 116 207 62 849 86 778 789 790 368 78 532 326 777 359 279 200 0 295 166 678 471 521 13 389 636 577 553 553 305 547 761 326 288 518 439 137 196 493 587 12 178 71 406 371 242
303 251 496 403 590 317 553 765 589 489 454 512 319 322 931 166 563 690 595 876 333 362 248 47 237 301 366 134 566 799 311 1071 723 222 230 356 1136 259 539 745 597 653 225 280 621 862 456 465 293 295 0 267 930 551 489 307 683 787 697 848 733 586 371 706 493 572 710 290 431 210 651 757 295 245 224 212 558 54
171 199 496 142 360 195 343 648 663 631 480 333 52 176 669 375 394 497 642 804 251 121 514 235 46 37 630 397 695 864 577 805 805 228 57 211 895 224 649 624 846 419 118 545 438 936 512 445 337 166 267 0 831 624 355 166 502 534 456 638 470 447 401 595 229 342 685 508 267 295 659 498 178 25 139 449 292 234
671 1026 464 761 582 649 1073 1432 1484 714 1309 513 818 660 807 854 452 420 1470 102 609 902 1058 943 872 808 1109 969 685 530 1081 967 569 709 881 622 695 676 1453 1408 1143 576 755 1056 437 575 555 475 648 678 930 831 0 550 1161 673 392 1059 1068 440 955 386 1226 1388 858 591 291 879 565 730 384 993 671 849 742 914 849 877
470 756 176 658 651 451 963 1265 1139 164 1003 511 648 478 1029 407 500 607 1147 457 392 741 573 587 640 626 591 521 144 248 576 1202 181 400 644 462 1080 399 1082 1242 592 698 506 558 552 316 111 226 289 471 551 624 550 0 971 478 576 1092 1045 751 1000 446 918 1209 792 644 259 371 477 356 167 1037 459 625 485 434 827 513
525 238 851 400 612 549 163 293 454 954 275 648 349 528 757 650 709 778 405 1146 607 259 697 441 332 365 815 611 1026 1215 763 830 1153 570 327 560 1053 575 490 271 1071 650 467 737 735 1286 861 800 681 521 489 355 1161 971 0 519 794 437 326 880 448 775 254 239 331 596 1039 779 601 623 1014 447 533 348 488 700 377 496
8 353 335 183 291 29 487 810 811 515 635 206 174 15 662 338 260 383 796 641 89 269 525 300 200 155 627 407 569 710 578 818 657 130 209 53 835 99 786 787 803 354 87 546 315 783 367 283 211 13 307 166 673 478 519 0 378 625 568 541 541 297 552 759 316 274 519 453 126 209 496 575 22 179 82 420 360 255
381 700 404 398 191 366 690 1051 1164 700 978 173 474 363 474 674 120 35 1140 415 359 543 880 679 547 470 966 768 715 710 923 647 701 473 558 327 512 432 1150 1027 1089 186 465 893 64 779 505 367 475 389 683 502 392 576 794 378 0 670 676 184 565 133 901 1011 475 202 425 755 252 531 473 604 387 525 461 753 459 629
634 583 927 441 490 649 279 522 886 1140 712 610 487 622 387 910 651 639 831 1084 704 425 1033 747 553 510 1152 922 1194 1302 1098 408 1263 741 558 631 707 721 928 503 1380 483 636 1067 637 1375 984 873 836 636 787 534 1059 1092 437 625 670 0 111 659 104 728 686 513 312 488 1052 1042 619 818 1066 66 647 550 654 983 265 765
576 481 888 386 487 594 169 435 775 1079 601 589 414 567 470 829 638 649 721 1083 653 340 939 654 468 437 1059 831 1137 1265 1005 513 1220 674 472 582 786 659 816 414 1294 494 566 975 635 1339 934 833 776 577 697 456 1068 1045 326 568 676 111 0 696 151 714 575 418 253 480 1030 963 583 748 1035 133 589 469 585 899 228 680
545 829 584 512 280 533 752 1109 1286 882 1096 337 600 525 366 853 298 164 1255 500 535 651 1056 838 684 603 1146 942 893 859 1102 527 861 648 695 493 330 607 1283 1085 1273 231 624 1071 234 924 686 550 658 553 848 638 440 751 880 541 184 659 696 0 560 317 1025 1076 549 298 569 939 418 710 632 595 553 663 623 933 511 796
550 552 832 361 387 563 285 586 903 1056 720 509 420 536 320 843 549 535 852 979 616 374 981 695 496 442 1099 866 1106 1204 1045 383 1168 663 502 542 635 639 935 565 1317 379 562 1013 533 1278 894 778 752 553 733 470 955 1000 448 541 565 104 151 560 0 625 682 568 241 385 950 973 524 741 967 39 564 489 579 920 183 705
297 645 272 377 239 277 696 1051 1107 567 927 130 432 282 589 556 77 161 1089 375 253 516 765 589 489 422 845 657 583 598 804 762 580 367 499 244 646 327 1083 1026 957 267 383 775 108 670 371 234 351 305 586 447 386 446 775 297 133 728 714 317 625 0 846 1005 483 240 327 629 179 414 358 664 299 467 374 632 487 531
554 201 839 513 745 577 406 440 262 860 86 734 428 565 971 534 795 894 244 1190 622 377 510 332 356 430 618 455 937 1167 570 1064 1093 543 346 603 1246 565 262 426 882 796 472 550 838 1232 817 798 642 547 371 401 1226 918 254 552 901 686 575 1025 682 846 0 382 506 727 1047 644 666 565 1002 688 555 379 487 558 569 405
765 461 1091 628 822 788 324 59 445 1185 343 876 587 767 889 872 936 991 380 1379 846 494 886 660 571 604 999 816 1258 1454 949 920 1390 808 566 798 1203 815 518 43 1261 852 707 927 956 1525 1099 1040 919 761 706 595 1388 1209 239 759 1011 513 418 1076 568 1005 382 0 536 809 1277 996 835 858 1254 551 772 588 727 913 564 721
325 339 636 133 286 342 215 576 757 830 565 354 178 315 471 602 409 454 718 858 400 144 741 457 256 200 858 625 886 1013 804 589 967 429 264 330 740 410 769 552 1075 319 324 773 422 1087 681 581 526 326 493 229 858 792 331 316 475 312 253 549 241 483 506 536 0 273 787 733 335 506 786 270 338 248 342 678 68 464
281 531 469 213 18 278 488 849 989 732 799 133 302 261 399 611 164 182 959 602 306 355 800 555 388 306 902 681 767 828 853 566 800 400 399 240 564 363 984 825 1068 80 347 821 154 901 548 417 449 288 572 342 591 644 596 274 202 488 480 298 385 240 727 809 273 0 566 719 182 475 589 424 293 367 351 693 258 524
514 860 213 664 566 490 989 1328 1292 423 1133 442 690 510 899 602 402 460 1288 199 434 784 796 733 716 673 833 720 394 290 810 1072 301 505 723 479 885 482 1248 1304 851 592 582 789 429 356 280 249 416 518 710 685 291 259 1039 519 425 1052 1030 569 950 327 1047 1277 787 566 0 605 452 500 92 989 507 696 565 651 802 660
445 541 417 616 734 442 832 1055 820 244 721 614 555 464 1114 133 642 775 842 799 415 623 204 337 495 532 229 190 322 590 206 1272 505 322 492 479 1259 357 750 1035 350 795 411 187 705 641 325 419 280 439 290 508 879 371 779 453 755 1042 963 939 973 629 644 996 733 719 605 0 541 244 522 1003 431 494 396 86 791 288
128 465 308 211 195 114 537 883 928 552 747 81 254 110 582 440 134 258 909 544 125 341 639 426 310 243 734 523 592 683 688 748 644 231 319 75 723 190 907 859 888 255 213 656 189 757 374 254 267 137 431 267 565 477 601 126 252 619 583 418 524 179 666 835 335 182 452 541 0 300 451 561 135 287 208 522 357 378
201 401 286 380 491 198 638 914 796 336 650 377 334 219 870 143 412 546 799 669 176 417 350 237 299 311 436 244 404 604 392 1028 535 79 300 235 1023 113 749 893 594 553 182 361 475 672 252 258 84 196 210 295 730 356 623 209 531 818 748 710 741 414 565 858 506 475 500 244 300 0 442 774 187 289 164 223 558 163
490 822 164 657 591 467 979 1307 1239 332 1088 458 671 490 946 531 428 508 1240 290 408 766 717 679 685 652 749 649 302 240 728 1119 228 460 692 464 955 444 1191 1283 760 626 549 708 466 312 203 214 361 493 651 659 384 167 1014 496 473 1066 1035 632 967 358 1002 1254 786 589 92 522 451 442 0 1006 482 667 530 573 808 605
584 568 870 394 426 598 285 566 902 1091 722 548 448 571 338 872 588 573 849 1018 652 396 1005 719 521 471 1123 891 1142 1242 1069 383 1205 695 527 578 656 673 937 546 1345 417 593 1038 572 1316 930 815 787 587 757 498 993 1037 447 575 604 66 133 595 39 664 688 551 270 424 989 1003 561 774 1006 0 598 516 610 948 215 732
14 358 319 205 309 22 505 825 812 493 639 216 191 32 683 318 268 394 799 635 74 286 509 292 209 171 609 391 547 692 560 840 638 109 217 60 851 76 785 801 782 372 84 528 325 765 347 267 188 12 295 178 671 459 533 22 387 647 589 553 564 299 555 772 338 293 507 431 135 187 482 598 0 188 74 400 382 242
183 178 503 168 386 207 348 642 641 626 460 355 76 191 694 361 416 521 622 820 262 129 493 211 22 63 610 377 692 868 556 828 807 226 33 228 921 227 625 619 829 444 119 524 461 939 514 453 337 178 245 25 849 625 348 179 525 550 469 663 489 467 379 588 248 367 696 494 287 289 667 516 188 0 140 433 313 215
80 295 365 219 369 97 482 782 742 495 572 288 172 98 729 272 342 466 731 702 134 259 449 217 156 148 554 329 557 727 504 880 667 89 162 134 915 87 712 759 745 432 20 472 398 798 374 318 198 71 224 139 742 485 488 82 461 654 585 623 579 374 487 727 342 351 565 396 208 164 530 610 74 140 0 353 396 173
413 463 450 568 709 415 762 972 736 323 635 599 499 433 1081 82 635 768 756 840 399 559 144 259 431 477 213 104 402 664 172 1233 581 293 427 454 1246 332 667 953 397 772 365 144 698 718 371 442 282 406 212 449 914 434 700 420 753 983 899 933 920 632 558 913 678 693 651 86 522 223 573 948 400 433 353 0 739 219
369 406 664 178 268 383 240 599 814 875 624 360 240 356 405 662 410 435 773 857 438 212 807 524 323 262 923 690 928 1041 869 520 999 480 330 365 681 457 830 575 1136 288 379 838 412 1114 719 610 571 371 558 292 849 827 377 360 459 265 228 511 183 487 569 564 68 258 802 791 357 558 808 215 382 313 396 739 0 527
251 260 448 365 541 263 544 780 633 465 490 459 286 270 890 155 509 637 636 823 278 340 283 74 212 266 396 164 540 762 343 1034 688 168 208 303 1087 205 587 759 614 604 176 311 567 827 414 414 245 242 54 234 877 513 496 255 629 765 680 796 705 531 405 721 464 524 660 288 378 163 605 732 242 215 173 219 527 0
