0 632 672 1644 76 1188 227 1100 407 1428 475 815 1616 208 1181 1187
632 0 1209 1892 585 1773 682 619 1026 953 973 223 1037 833 1653 1205
672 1209 0 1136 672 1167 530 1453 609 2091 899 1424 2015 601 520 1793
1644 1892 1136 0 1600 2254 1421 1727 1733 2843 2006 2107 2195 1671 769 2832
76 585 672 1600 0 1260 179 1028 475 1419 551 779 1551 276 1170 1233
1188 1773 1167 2254 1260 0 1301 2289 788 2274 813 1899 2797 984 1504 1466
227 682 530 1421 179 1301 0 1023 519 1569 674 894 1569 344 1006 1411
1100 619 1453 1727 1028 2289 1023 0 1503 1299 1532 685 561 1305 1756 1808
407 1026 609 1733 475 788 519 1503 0 1714 299 1187 2023 199 1112 1220
1428 953 2091 2843 1419 2274 1569 1299 1714 0 1508 736 1314 1572 2574 1009
475 973 899 2006 551 813 674 1532 299 1508 0 1087 2008 345 1409 924
815 223 1424 2107 779 1899 894 685 1187 736 1087 0 985 1004 1875 1133
1616 1037 2015 2195 1551 2797 1569 561 2023 1314 2008 985 0 1824 2307 2085
208 833 601 1671 276 984 344 1305 199 1572 345 1004 1824 0 1121 1193
1181 1653 520 769 1170 1504 1006 1756 1112 2574 1409 1875 2307 1121 0 2313
1187 1205 1793 2832 1233 1466 1411 1808 1220 1009 924 1133 2085 1193 2313 0
