0 167 354 1173 1254 1701 854 985 1521 275 617 274 578 990 232 322
167 0 511 1015 1220 1726 1001 1102 1647 229 584 190 419 823 350 481
354 511 0 1458 1253 1843 712 945 1192 483 686 620 881 1325 398 272
1173 1015 1458 0 1157 2418 2014 2078 2331 975 944 1065 595 405 1357 1495
1254 1220 1253 1157 0 2945 1965 2187 1455 996 639 1402 1077 1399 1480 1479
1701 1726 1843 2418 2945 0 1373 1060 2891 1949 2306 1551 1985 2027 1494 1570
854 1001 712 2014 1965 1373 0 317 1529 1109 1386 967 1420 1770 657 536
985 1102 945 2078 2187 1060 317 0 1846 1259 1576 1013 1501 1784 756 709
1521 1647 1192 2331 1455 2891 1529 1846 0 1499 1389 1796 1888 2356 1586 1423
275 229 483 975 996 1949 1109 1259 1499 0 357 419 412 877 508 573
617 584 686 944 639 2306 1386 1576 1389 357 0 770 556 998 847 869
274 190 620 1065 1402 1551 967 1013 1796 419 770 0 493 804 322 501
578 419 881 595 1077 1985 1420 1501 1888 412 556 493 0 470 764 899
990 823 1325 405 1399 2027 1770 1784 2356 877 998 804 470 0 1123 1290
232 350 398 1357 1480 1494 657 756 1586 508 847 322 764 1123 0 190
322 481 272 1495 1479 1570 536 709 1423 573 869 501 899 1290 190 0
