0 239 621 264 236 1232 1466 40 36 8 859 57 1296 1428 1002 1370
239 0 399 123 373 1462 1445 200 241 247 643 237 1511 1571 1241 1604
621 399 0 364 769 1854 1307 587 612 629 244 598 1910 1706 1598 1932
264 123 364 0 456 1494 1322 236 250 272 596 235 1561 1476 1235 1579
236 373 769 456 0 1129 1702 238 271 233 1013 293 1153 1600 992 1390
1232 1462 1854 1494 1129 0 2308 1266 1244 1224 2091 1259 243 1619 477 705
1466 1445 1307 1322 1702 2308 0 1470 1430 1468 1255 1409 2484 1056 1855 1944
40 200 587 236 238 1266 1470 0 60 48 827 73 1326 1458 1042 1410
36 241 612 250 271 1244 1430 60 0 37 846 22 1314 1398 1001 1362
8 247 629 272 233 1224 1468 48 37 0 867 59 1289 1424 994 1362
859 643 244 596 1013 2091 1255 827 846 867 0 832 2152 1806 1815 2132
57 237 598 235 293 1259 1409 73 22 59 832 0 1331 1386 1009 1367
1296 1511 1910 1561 1153 243 2484 1326 1314 1289 2152 1331 0 1847 700 948
1428 1571 1706 1476 1600 1619 1056 1458 1398 1424 1806 1386 1847 0 1146 1042
1002 1241 1598 1235 992 477 1855 1042 1001 994 1815 1009 700 1146 0 412
1370 1604 1932 1579 1390 705 1944 1410 1362 1362 2132 1367 948 1042 412 0
