0 1423 287 192 1058 1264 475 852 959 378 787 889 716 801 1206 1622
1423 0 1165 1600 2457 2416 1885 805 471 1801 1906 744 1953 2118 2001 445
287 1165 0 480 1344 1523 721 719 717 655 1023 602 980 974 1166 1410
192 1600 480 0 868 1096 352 975 1131 211 648 1082 550 732 1274 1774
1058 2457 1344 868 0 739 701 1760 1987 694 785 1940 626 867 1706 2586
1264 2416 1523 1096 739 0 1169 1621 1968 1052 519 2102 548 1487 2269 2414
475 1885 721 352 701 1169 0 1318 1428 171 842 1281 687 399 1099 2098
852 805 719 975 1760 1621 1318 0 418 1186 1122 824 1194 1650 1862 828
959 471 717 1131 1987 1968 1428 418 0 1335 1452 492 1488 1688 1699 705
378 1801 655 211 694 1052 171 1186 1335 0 683 1246 540 571 1232 1985
787 1906 1023 648 785 519 842 1122 1452 683 0 1589 178 1226 1907 1935
889 744 602 1082 1940 2102 1281 824 492 1246 1589 0 1569 1436 1260 1126
716 1953 980 550 626 548 687 1194 1488 540 178 1569 0 1061 1772 2019
801 2118 974 732 867 1487 399 1650 1688 571 1226 1436 1061 0 842 2385
1206 2001 1166 1274 1706 2269 1099 1862 1699 1232 1907 1260 1772 842 0 2381
1622 445 1410 1774 2586 2414 2098 828 705 1985 1935 1126 2019 2385 2381 0
