0 247 474 1685 1157 912 660 260 1295 163 501 413 80 1422 760 500
247 0 370 1468 1363 856 840 234 1458 331 264 167 191 1323 928 350
474 370 0 1266 1621 1219 1134 214 1272 402 507 359 480 961 788 92
1685 1468 1266 0 2831 1996 2305 1460 2308 1661 1331 1315 1653 969 1959 1204
1157 1363 1621 2831 0 1258 536 1407 1730 1226 1533 1519 1178 2519 1393 1657
912 856 1219 1996 1258 0 820 1080 2185 1075 766 882 843 2134 1658 1178
660 840 1134 2305 536 820 0 921 1581 766 997 990 666 2074 1123 1156
260 234 214 1460 1407 1080 921 0 1241 201 465 323 278 1163 720 256
1295 1458 1272 2308 1730 2185 1581 1241 0 1145 1707 1564 1374 1476 535 1364
163 331 402 1661 1226 1075 766 201 1145 0 594 475 234 1308 610 456
501 264 507 1331 1533 766 997 465 1707 594 0 150 430 1369 1182 441
413 167 359 1315 1519 882 990 323 1564 475 150 0 358 1255 1043 300
80 191 480 1653 1178 843 666 278 1374 234 430 358 0 1440 839 492
1422 1323 961 969 2519 2134 2074 1163 1476 1308 1369 1255 1440 0 1291 973
760 928 788 1959 1393 1658 1123 720 535 610 1182 1043 839 1291 0 879
500 350 92 1204 1657 1178 1156 256 1364 456 441 300 492 973 879 0
