0 1347 555 1090 81 681 1042 581 1575 1244 1219 1310 666 1622 552 1190 184
1347 0 1882 2437 1358 667 1349 1022 2447 1485 2133 2406 2002 276 1432 1329 1494
555 1882 0 580 527 1216 1469 1106 1272 1650 954 1223 127 2158 913 1386 389
1090 2437 580 0 1082 1770 1795 1566 1481 1939 1258 1073 453 2713 1261 1926 951
81 1358 527 1082 0 690 1120 646 1497 1323 1142 1368 645 1634 633 1123 138
681 667 1216 1770 690 0 1032 518 1925 1225 1584 1840 1335 943 877 1036 827
1042 1349 1469 1795 1120 1032 0 551 2618 207 2262 1240 1528 1542 556 2026 1208
581 1022 1106 1566 646 518 551 0 2126 757 1770 1384 1198 1273 410 1476 764
1575 2447 1272 1481 1497 1925 2618 2126 0 2818 356 2460 1298 2685 2100 1232 1413
1244 1485 1650 1939 1323 1225 207 757 2818 0 2464 1278 1701 1655 737 2230 1406
1219 2133 954 1258 1142 1584 2262 1770 356 2464 0 2168 1000 2381 1749 1008 1061
1310 2406 1223 1073 1368 1840 1240 1384 2460 1278 2168 0 1168 2651 976 2485 1321
666 2002 127 453 645 1335 1528 1198 1298 1701 1000 1168 0 2279 971 1502 508
1622 276 2158 2713 1634 943 1542 1273 2685 1655 2381 2651 2279 0 1683 1527 1770
552 1432 913 1261 633 877 556 410 2100 737 1749 976 971 1683 0 1692 689
1190 1329 1386 1926 1123 1036 2026 1476 1232 2230 1008 2485 1502 1527 1692 0 1165
184 1494 389 951 138 827 1208 764 1413 1406 1061 1321 508 1770 689 1165 0
