0 117 1727 674 704 11 1705 171 1171 766 1637 1307 659 1206 1684 981
117 0 1624 726 795 126 1823 65 1055 766 1729 1282 644 1298 1746 982
1727 1624 0 1775 2067 1737 3363 1608 1045 2157 3347 1265 1384 2919 3284 1476
674 726 1775 0 312 679 1651 789 1612 1425 1960 860 393 1554 2168 460
704 795 2067 312 0 703 1338 860 1796 1367 1696 1160 686 1310 1958 761
11 126 1737 679 703 0 1697 177 1178 759 1626 1317 669 1194 1673 989
1705 1823 3363 1651 1338 1697 0 1866 2859 1856 999 2479 2011 981 1550 2087
171 65 1608 789 860 177 1866 0 1002 726 1739 1321 689 1311 1734 1032
1171 1055 1045 1612 1796 1178 2859 1002 0 1259 2574 1647 1293 2177 2390 1591
766 766 2157 1425 1367 759 1856 726 1259 0 1341 2047 1410 986 1138 1744
1637 1729 3347 1960 1696 1626 999 1739 2574 1341 0 2808 2199 431 570 2416
1307 1282 1265 860 1160 1317 2479 1321 1647 2047 2808 0 648 2392 2964 400
659 644 1384 393 686 669 2011 689 1293 1410 2199 648 0 1774 2322 350
1206 1298 2919 1554 1310 1194 981 1311 2177 986 431 2392 1774 0 691 2004
1684 1746 3284 2168 1958 1673 1550 1734 2390 1138 570 2964 2322 691 0 2595
981 982 1476 460 761 989 2087 1032 1591 1744 2416 400 350 2004 2595 0
