0 1484 1007 205 412 727 1405 1111 1376 1011 1552 1338 1519 1365 1010 1470 955
1484 0 552 1313 1864 985 1852 2586 2860 484 966 631 2435 2655 1607 2585 1540
1007 552 0 873 1412 432 1768 2076 2367 144 752 411 1898 2296 1078 2035 1363
205 1313 873 0 551 675 1276 1304 1556 855 1491 1238 1682 1434 1097 1658 816
412 1864 1412 551 0 1136 1356 811 1022 1404 1958 1750 1624 979 1305 1481 969
727 985 432 675 1136 0 1836 1703 2012 532 825 635 1480 2089 680 1603 1386
1405 1852 1768 1276 1356 1836 0 2070 2142 1652 2519 2175 2917 1336 2370 2824 460
1111 2586 2076 1304 811 1703 2070 0 334 2104 2450 2336 1396 1119 1533 1101 1745
1376 2860 2367 1556 1022 2012 2142 334 0 2385 2775 2647 1691 1006 1868 1371 1874
1011 484 144 855 1404 532 1652 2104 2385 0 879 524 2011 2252 1199 2131 1261
1552 966 752 1491 1958 825 2519 2450 2775 879 0 366 1790 2915 1025 2045 2104
1338 631 411 1238 1750 635 2175 2336 2647 524 366 0 1901 2672 1079 2104 1774
1519 2435 1898 1682 1624 1480 2917 1396 1691 2011 1790 1901 0 2425 829 361 2474
1365 2655 2296 1434 979 2089 1336 1119 1006 2252 2915 2672 2425 0 2268 2182 1254
1010 1607 1078 1097 1305 680 2370 1533 1868 1199 1025 1079 829 2268 0 1029 1910
1470 2585 2035 1658 1481 1603 2824 1101 1371 2131 2045 2104 361 2182 1029 0 2400
955 1540 1363 816 969 1386 460 1745 1874 1261 2104 1774 2474 1254 1910 2400 0
