0 821 246 1437 521 464 1537 311 746 387 408 620 505 1030 989 691
821 0 833 1219 416 367 2199 536 214 936 1175 735 1223 1234 964 884
246 833 0 1221 648 535 1734 439 822 633 602 410 717 1271 764 920
1437 1219 1221 0 1472 1320 2954 1400 1408 1790 1824 816 1936 2328 462 1947
521 416 648 1472 0 158 1783 215 254 527 799 775 827 867 1111 493
464 367 535 1320 158 0 1855 168 290 585 807 618 859 1010 953 631
1537 2199 1734 2954 1783 1855 0 1699 2023 1269 1134 2143 1032 1225 2494 1387
311 536 439 1400 215 168 1699 0 436 433 639 636 693 935 998 556
746 214 822 1408 254 290 2023 436 0 779 1052 830 1081 1022 1112 679
387 936 633 1790 527 585 1269 433 779 0 329 984 312 655 1357 371
408 1175 602 1824 799 807 1134 639 1052 329 0 1010 128 903 1366 689
620 735 410 816 775 618 2143 636 830 984 1010 0 1120 1568 373 1191
505 1223 717 1936 827 859 1032 693 1081 312 128 1120 0 805 1481 636
1030 1234 1271 2328 867 1010 1225 935 1022 655 903 1568 805 0 1933 380
989 964 764 462 1111 953 2494 998 1112 1357 1366 373 1481 1933 0 1554
691 884 920 1947 493 631 1387 556 679 371 689 1191 636 380 1554 0
