0 787 1437 924 1144 637 387 1288 24 588 1622 106 906 880 840 40
787 0 2121 372 1175 202 743 1640 764 700 2295 872 1597 1667 1196 818
1437 2121 0 2346 1515 1924 1777 2301 1450 1994 188 1416 1498 880 1084 1429
924 372 2346 0 1541 537 709 1424 906 562 2527 977 1565 1771 1513 942
1144 1175 1515 1541 0 1008 1467 2429 1129 1596 1628 1235 1965 1625 485 1179
637 202 1924 537 1008 0 686 1642 612 705 2096 732 1499 1508 996 672
387 743 1777 709 1467 686 0 983 388 217 1965 367 868 1088 1217 375
1288 1640 2301 1424 2429 1642 983 0 1301 943 2479 1207 821 1426 2108 1256
24 764 1450 906 1129 612 388 1301 0 584 1635 130 929 903 833 63
588 700 1994 562 1596 705 217 943 584 0 2182 582 1009 1295 1392 582
1622 2295 188 2527 1628 2096 1965 2479 1635 2182 0 1603 1670 1054 1222 1615
106 872 1416 977 1235 732 367 1207 130 582 1603 0 799 802 905 66
906 1597 1498 1565 1965 1499 868 821 929 1009 1670 799 0 618 1545 866
880 1667 880 1771 1625 1508 1088 1426 903 1295 1054 802 618 0 1150 851
840 1196 1084 1513 485 996 1217 2108 833 1392 1222 905 1545 1150 0 864
40 818 1429 942 1179 672 375 1256 63 582 1615 66 866 851 864 0
