0 823 324 936 1492 79 1055 1455 433 1010 694 479 451 1111 526 202
823 0 1067 1719 1788 743 1871 2102 590 621 380 1289 520 1783 1266 978
324 1067 0 652 1240 378 822 1523 532 1330 1004 454 771 786 207 123
936 1719 652 0 1281 1007 267 1469 1168 1933 1630 661 1383 418 458 749
1492 1788 1240 1281 0 1498 1544 2678 1282 2318 1968 1647 1824 902 1153 1341
79 743 378 1007 1498 0 1133 1515 374 952 627 558 392 1163 585 262
1055 1871 822 267 1544 1133 0 1271 1354 2008 1732 670 1480 659 660 894
1455 2102 1523 1469 2678 1515 1271 0 1888 1838 1769 1069 1581 1885 1539 1476
433 590 532 1168 1282 374 1354 1888 0 1038 687 889 558 1195 710 484
1010 621 1330 1933 2318 952 2008 1838 1038 0 351 1344 559 2116 1536 1211
694 380 1004 1630 1968 627 1732 1769 687 351 0 1089 253 1782 1211 889
479 1289 454 661 1647 558 670 1069 889 1344 1089 0 837 992 494 422
451 520 771 1383 1824 392 1480 1581 558 559 253 837 0 1556 976 651
1111 1783 786 418 902 1163 659 1885 1195 2116 1782 992 1556 0 587 909
526 1266 207 458 1153 585 660 1539 710 1536 1211 494 976 587 0 324
202 978 123 749 1341 262 894 1476 484 1211 889 422 651 909 324 0
