0 562 871 341 488 1205 420 670 1175 713 1303 945 1205 1322 1322 1237
562 0 1368 891 730 749 142 466 1275 258 961 1332 1652 1880 773 1771
871 1368 0 735 727 1783 1241 1196 1849 1568 1716 1324 1367 927 2032 1064
341 891 735 0 694 1546 749 993 1122 1001 1625 706 906 989 1660 895
488 730 727 694 0 1057 639 468 1662 973 1024 1389 1598 1494 1312 1504
1205 749 1783 1546 1057 0 859 594 1996 877 339 2074 2382 2496 398 2440
420 142 1241 749 639 859 0 474 1218 337 1037 1215 1527 1738 913 1632
670 466 1196 993 468 594 474 0 1688 718 633 1602 1875 1912 851 1876
1175 1275 1849 1122 1662 1996 1218 1688 0 1122 2236 676 970 1679 1868 1402
713 258 1568 1001 973 877 337 718 1122 0 1142 1306 1647 1981 776 1835
1303 961 1716 1625 1024 339 1037 633 2236 1142 0 2227 2507 2516 729 2501
945 1332 1324 706 1389 2074 1215 1602 676 1306 2227 0 354 1003 2075 728
1205 1652 1367 906 1598 2382 1527 1875 970 1647 2507 354 0 793 2409 487
1322 1880 927 989 1494 2496 1738 1912 1679 1981 2516 1003 793 0 2645 306
1322 773 2032 1660 1312 398 913 851 1868 776 729 2075 2409 2645 0 2545
1237 1771 1064 895 1504 2440 1632 1876 1402 1835 2501 728 487 306 2545 0
