0 391 1070 1464 1727 114 44 197 1572 610 1447 1369 1479 767 196 1093
391 0 693 1719 1386 414 358 537 1207 270 1586 1139 1761 1102 233 1294
1070 693 0 2115 1117 1057 1044 1230 519 637 2149 1245 2427 1793 880 1651
1464 1719 2115 0 3091 1368 1507 1533 2430 1990 2653 2827 2318 1694 1505 464
1727 1386 1117 3091 0 1786 1684 1780 1265 1124 2001 665 2549 2171 1616 2646
114 414 1057 1368 1786 0 148 294 1545 661 1557 1459 1563 839 183 985
44 358 1044 1507 1684 148 0 201 1549 568 1428 1325 1480 778 183 1132
197 537 1230 1533 1780 294 201 0 1741 700 1269 1353 1281 577 385 1203
1572 1207 519 2430 1265 1545 1549 1741 0 1151 2646 1607 2946 2309 1377 1970
610 270 637 1990 1124 661 568 700 1151 0 1518 880 1800 1211 492 1564
1447 1586 2149 2653 2001 1557 1428 1269 2646 1518 0 1336 694 963 1581 2418
1369 1139 1245 2827 665 1459 1325 1353 1607 880 1336 0 1908 1621 1328 2423
1479 1761 2427 2318 2549 1563 1480 1281 2946 1800 694 1908 0 736 1663 2198
767 1102 1793 1694 2171 839 778 577 2309 1211 963 1621 736 0 961 1501
196 233 880 1505 1616 183 183 385 1377 492 1581 1328 1663 961 0 1095
1093 1294 1651 464 2646 985 1132 1203 1970 1564 2418 2423 2198 1501 1095 0
