0 1721 278 567 812 18 735 1150 936 1141 1136 1201 1276 608 1394 1450
1721 0 1987 1539 1007 1724 1020 2871 2506 2726 2842 1344 2996 1114 824 2227
278 1987 0 792 1090 281 1013 893 829 879 860 1323 1022 872 1597 1392
567 1539 792 0 533 552 558 1493 980 1669 1562 1516 1601 639 1509 1965
812 1007 1090 533 0 808 130 1926 1500 1937 1942 1228 2045 364 1064 1889
18 1724 281 552 808 0 734 1147 922 1149 1137 1217 1272 613 1406 1468
735 1020 1013 558 130 734 0 1871 1491 1841 1871 1106 1993 235 977 1759
1150 2871 893 1493 1926 1147 1871 0 733 735 266 2132 129 1758 2475 1889
936 2506 829 980 1500 922 1491 733 0 1302 939 2128 788 1468 2317 2189
1141 2726 879 1669 1937 1149 1841 735 1302 0 474 1695 815 1655 2149 1228
1136 2842 860 1562 1942 1137 1871 266 939 474 0 1991 341 1729 2376 1664
1201 1344 1323 1516 1228 1217 1106 2132 2128 1695 1991 0 2260 908 546 888
1276 2996 1022 1601 2045 1272 1993 129 788 815 341 2260 0 1884 2604 1996
608 1114 872 639 364 613 235 1758 1468 1655 1729 908 1884 0 879 1524
1394 824 1597 1509 1064 1406 977 2475 2317 2149 2376 546 2604 879 0 1433
1450 2227 1392 1965 1889 1468 1759 1889 2189 1228 1664 888 1996 1524 1433 0
