0 1615 1612 113 1444 490 1055 1088 1711 1681 287 566 1609 994 1355 460
1615 0 561 1694 3051 1415 1845 1586 2389 2976 1444 1242 2831 1255 1598 2064
1612 561 0 1713 2962 1259 2139 1210 2752 2681 1534 1423 2516 1595 1145 2007
113 1694 1713 0 1384 603 982 1195 1625 1703 295 579 1643 983 1465 421
1444 3051 2962 1384 0 1702 1983 1991 2366 1153 1672 1947 1268 2279 2252 987
490 1415 1259 603 1702 0 1474 614 2148 1593 637 801 1471 1241 870 767
1055 1845 2139 982 1983 1474 0 2086 676 2627 837 757 2593 596 2325 1290
1088 1586 1210 1195 1991 614 2086 0 2761 1482 1249 1383 1310 1801 282 1228
1711 2389 2752 1625 2366 2148 676 2761 0 3180 1511 1425 3172 1157 3001 1870
1681 2976 2681 1703 1153 1593 2627 1482 3180 0 1969 2241 193 2676 1646 1337
287 1444 1534 295 1672 637 837 1249 1511 1969 0 284 1895 706 1495 716
566 1242 1423 579 1947 801 757 1383 1425 2241 284 0 2158 449 1599 1001
1609 2831 2516 1643 1268 1471 2593 1310 3172 193 1895 2158 0 2600 1461 1306
994 1255 1595 983 2279 1241 596 1801 1157 2676 706 449 2600 0 1995 1393
1355 1598 1145 1465 2252 870 2325 282 3001 1646 1495 1599 1461 1995 0 1510
460 2064 2007 421 987 767 1290 1228 1870 1337 716 1001 1306 1393 1510 0
