0 737 758 686 644 177 756 740 606 828 199 660 622 242 289 361 178 739 19 210 163 757 709 650 267 811 160 807 264 600 100 601 324 792 829 863 560 175 842 639 209 207 356 60 549 143 340 395 184 811 634 471 574 748 784 800 255 193 683 236 46 787 273 521 238 268 297 632 826 91 806 362 102 835 74 774 293 678
737 0 108 442 1322 914 1297 489 256 1480 924 234 1347 576 1019 396 810 438 741 945 708 1482 817 1204 992 1419 809 1323 962 1265 682 850 463 1516 1251 1519 864 716 1579 1089 924 786 516 774 820 601 985 1124 621 933 877 284 1295 1469 877 198 547 801 1395 763 691 1304 940 1253 952 955 883 677 121 812 1536 478 706 1536 770 1462 444 1219
758 108 0 353 1368 934 1259 597 353 1459 935 158 1378 570 1031 400 852 341 765 960 753 1486 741 1170 1021 1390 810 1280 963 1313 716 790 517 1548 1333 1499 947 711 1597 1043 932 778 583 788 904 617 1032 1134 621 1032 815 343 1328 1470 797 304 542 796 1432 816 713 1262 936 1262 984 994 936 604 74 826 1564 457 713 1577 781 1451 475 1287
686 442 353 0 1330 835 972 866 601 1213 809 208 1288 445 897 375 837 56 701 844 757 1306 395 898 946 1124 664 983 805 1286 693 470 598 1455 1433 1252 1072 564 1460 746 795 609 691 689 1037 552 1018 988 505 1228 488 493 1246 1285 445 637 431 634 1358 840 652 966 762 1110 923 953 947 265 413 719 1458 324 603 1514 674 1231 499 1332
644 1322 1368 1330 0 508 1021 1118 1120 875 558 1293 200 885 503 992 516 1384 630 516 615 581 1290 942 389 952 696 1082 610 63 656 1153 859 271 536 888 641 783 456 1047 582 763 820 644 676 783 336 478 826 869 1180 1037 178 601 1357 1322 899 736 148 559 680 1068 665 457 407 380 441 1246 1428 618 324 1007 730 223 661 749 894 313
177 914 934 835 508 0 681 887 777 694 72 830 455 393 125 535 212 890 174 47 275 585 788 578 120 699 188 737 159 475 252 658 492 624 802 726 613 276 664 616 100 256 507 149 614 317 271 225 333 880 688 647 410 579 858 974 412 230 522 304 223 718 201 347 122 180 292 738 1003 115 633 519 233 679 161 623 471 614
756 1297 1259 972 1021 681 0 1473 1280 303 610 1105 847 751 586 926 885 1021 770 636 916 579 641 106 756 177 599 61 522 1025 857 511 1040 942 1457 335 1291 642 812 228 584 575 1099 697 1290 801 933 555 731 1556 504 1122 847 547 654 1437 780 576 934 972 785 48 491 567 787 847 973 721 1332 674 905 822 698 1067 682 399 955 1246
740 489 597 866 1118 887 1473 0 265 1568 933 672 1213 737 1012 596 697 883 732 932 613 1464 1169 1368 907 1547 883 1515 1005 1054 643 1146 433 1365 871 1603 511 830 1487 1309 947 898 384 798 467 671 813 1112 744 474 1179 397 1158 1461 1242 334 711 899 1232 610 702 1495 1010 1226 859 831 703 1034 601 831 1402 718 777 1341 807 1509 525 915
606 256 353 601 1120 777 1280 265 0 1415 805 408 1173 529 895 362 629 618 604 815 528 1362 915 1179 831 1376 720 1317 862 1060 526 906 285 1337 1000 1452 614 646 1426 1096 812 718 300 656 569 498 788 1001 552 678 938 158 1119 1354 986 203 500 726 1210 563 561 1296 854 1125 785 776 679 777 377 694 1364 481 611 1341 659 1375 330 984
828 1480 1459 1213 875 694 303 1568 1415 0 638 1315 679 906 572 1088 905 1265 836 647 965 330 921 328 723 131 695 341 563 898 925 780 1146 729 1374 39 1289 772 561 506 621 700 1184 770 1298 917 892 493 868 1560 780 1264 697 300 944 1593 935 690 758 998 867 342 561 433 767 820 962 981 1534 737 681 1004 804 864 763 133 1085 1149
199 924 935 809 558 72 610 933 805 638 0 822 481 376 95 535 277 865 202 41 327 560 732 506 180 635 145 666 87 530 290 598 523 646 874 672 682 245 664 544 28 208 549 151 682 322 342 200 318 948 626 667 442 550 800 998 399 182 556 367 243 647 129 328 192 251 364 692 1006 112 649 502 222 714 154 577 487 684
660 234 158 208 1293 830 1105 672 408 1315 822 0 1283 446 916 301 779 212 670 850 686 1360 586 1019 927 1241 688 1125 840 1242 636 632 477 1452 1319 1355 942 586 1486 887 815 648 560 681 902 517 963 1017 503 1066 656 331 1235 1343 644 428 422 669 1343 759 618 1107 808 1144 895 913 876 447 228 717 1464 324 600 1493 671 1314 405 1246
622 1347 1378 1288 200 455 847 1213 1173 679 481 1283 0 848 401 984 544 1344 613 444 645 381 1191 778 356 763 627 908 507 238 665 1046 894 169 731 690 777 725 284 902 498 688 875 604 805 766 400 341 788 1027 1069 1067 55 401 1252 1376 867 662 88 614 665 895 560 281 395 397 510 1167 1444 570 191 974 688 240 616 551 904 504
242 576 570 445 885 393 751 737 529 906 376 446 848 0 470 182 406 499 258 407 345 916 507 650 501 853 241 788 394 842 270 433 315 1016 1041 944 723 141 1040 572 368 209 398 245 699 124 580 570 60 940 468 370 803 900 585 691 29 226 915 431 213 768 366 697 478 510 522 408 643 277 1024 126 159 1070 231 886 212 909
289 1019 1031 897 503 125 586 1012 895 572 95 916 401 470 0 630 332 953 290 80 400 467 794 488 169 585 233 645 107 485 374 653 611 562 874 603 723 335 569 557 102 289 631 245 729 417 347 105 413 993 678 760 368 458 858 1090 494 263 481 426 335 627 163 233 203 262 396 766 1101 207 561 595 317 639 249 498 581 670
361 396 400 375 992 535 926 596 362 1088 535 301 984 182 630 0 480 420 370 559 391 1088 580 828 628 1034 413 960 566 942 336 550 230 1154 1057 1127 700 319 1197 735 532 390 325 388 667 218 664 734 225 877 583 204 935 1074 656 511 152 405 1042 469 318 940 544 862 594 612 582 453 471 425 1167 121 313 1192 381 1066 124 962
178 810 852 837 516 212 885 697 629 905 277 779 544 406 332 480 0 888 159 259 101 767 887 781 210 911 319 940 364 463 145 779 351 710 650 936 406 354 801 796 301 377 334 219 405 286 183 422 353 671 812 527 490 765 963 832 412 359 586 93 193 920 395 530 162 147 118 807 913 224 735 514 280 726 239 827 378 503
739 438 341 56 1384 890 1021 883 618 1265 865 212 1344 499 953 420 888 0 754 900 806 1362 428 949 1001 1174 720 1030 861 1339 743 515 638 1511 1476 1305 1112 619 1516 793 851 665 729 744 1075 603 1069 1044 559 1259 530 521 1301 1341 470 636 484 690 1413 887 705 1013 818 1166 977 1006 996 306 394 774 1514 377 657 1569 729 1285 543 1380
19 741 765 701 630 174 770 732 604 836 202 670 613 258 290 370 159 754 0 210 147 757 728 664 257 821 176 821 272 585 89 620 321 783 810 871 542 195 837 656 215 225 348 73 532 154 322 396 201 795 654 473 564 749 803 800 269 210 672 218 52 801 284 521 225 252 278 651 833 100 798 377 121 823 90 779 297 659
210 945 960 844 516 47 636 932 815 647 41 850 444 407 80 559 259 900 210 0 320 547 774 535 139 652 184 694 118 488 293 640 531 611 837 679 659 280 637 581 68 249 550 171 661 343 306 185 348 927 668 682 403 538 842 1011 429 222 517 351 256 675 166 310 155 215 336 733 1029 133 616 534 250 675 179 577 504 644
163 708 753 757 615 275 916 613 528 965 327 686 645 345 400 391 101 806 147 320 0 852 845 810 303 960 324 968 407 560 77 750 249 811 696 999 399 328 898 803 346 369 238 221 386 220 279 498 300 648 784 425 592 848 922 731 344 356 688 86 152 948 427 614 257 248 191 753 813 242 836 440 252 827 238 898 281 574
757 1482 1486 1306 581 585 579 1464 1362 330 560 1360 381 916 467 1088 767 1362 757 547 852 0 1096 549 558 443 676 633 522 616 838 945 1077 401 1108 329 1098 775 235 717 558 712 1090 711 1117 882 692 361 864 1363 957 1228 414 31 1138 1558 943 691 448 857 803 626 552 238 607 644 786 1118 1558 673 351 1035 776 538 713 197 1048 880
709 817 741 395 1290 788 641 1169 915 921 732 586 1191 507 794 580 887 428 728 774 845 1096 0 593 908 811 600 636 686 1263 768 151 797 1342 1536 959 1230 535 1292 417 708 533 889 678 1206 629 1038 853 544 1441 141 771 1162 1069 78 1001 517 558 1274 930 698 622 632 952 905 954 1006 140 806 691 1329 463 607 1431 658 974 684 1384
650 1204 1170 898 942 578 106 1368 1179 328 506 1019 778 650 488 828 781 949 664 535 810 549 593 0 658 225 492 159 419 942 751 452 935 886 1362 366 1187 538 775 179 480 469 993 590 1185 696 835 468 628 1451 452 1021 772 519 618 1339 679 470 866 867 679 140 386 497 687 747 871 657 1244 568 854 727 592 1006 576 392 852 1154
267 992 1021 946 389 120 756 907 831 723 180 927 356 501 169 628 210 1001 257 139 303 558 908 658 0 749 309 815 254 355 310 777 547 526 705 751 566 393 595 717 207 376 542 257 576 410 178 230 441 836 806 715 307 558 977 1032 518 350 415 298 309 797 305 323 48 96 239 858 1087 229 543 625 343 569 273 633 548 506
811 1419 1390 1124 952 699 177 1547 1376 131 635 1241 763 853 585 1034 911 1174 821 652 960 443 811 225 749 0 664 210 552 967 911 675 1117 832 1428 160 1309 729 678 394 614 657 1165 751 1313 882 924 525 823 1578 672 1220 774 412 828 1545 883 651 846 1003 846 212 537 496 788 845 982 882 1464 721 788 940 771 964 740 248 1045 1207
160 809 810 664 696 188 599 883 720 695 145 688 627 241 233 413 319 720 176 184 324 676 600 492 309 664 0 648 153 664 259 475 453 792 961 732 717 102 801 480 131 67 503 103 708 222 442 329 188 971 506 571 588 661 671 903 267 42 701 391 186 627 134 456 304 355 430 550 882 96 794 364 109 859 85 658 391 790
807 1323 1280 983 1082 737 61 1515 1317 341 666 1125 908 788 645 960 940 1030 821 694 968 633 636 159 815 210 648 0 578 1087 907 516 1083 1001 1518 370 1347 685 867 238 640 620 1145 747 1344 845 993 617 772 1610 505 1158 908 601 642 1469 816 623 995 1026 834 20 545 628 846 906 1030 727 1353 726 963 852 744 1127 732 448 995 1307
264 962 963 805 610 159 522 1005 862 563 87 840 507 394 107 566 364 861 272 118 407 522 686 419 254 552 153 578 0 590 362 545 585 664 956 598 769 253 654 463 62 196 621 207 769 367 424 183 342 1035 570 717 475 507 750 1049 421 172 588 453 305 559 55 306 274 334 451 661 1036 173 660 515 256 746 202 513 536 761
600 1265 1313 1286 63 475 1025 1054 1060 898 530 1242 238 842 485 942 463 1339 585 488 560 616 1263 942 355 967 664 1087 590 0 605 1129 802 331 492 913 577 746 509 1038 556 732 760 605 612 736 281 474 784 809 1157 980 203 634 1331 1261 855 705 203 501 634 1072 644 470 367 333 382 1213 1372 582 382 962 690 287 623 775 841 265
100 682 716 693 656 252 857 643 526 925 290 636 665 270 374 336 145 743 89 293 77 838 768 751 310 911 259 907 362 605 0 673 240 834 771 960 474 252 903 733 304 298 259 161 459 146 328 477 224 718 707 404 613 831 845 725 272 288 715 162 77 886 373 599 270 278 255 677 780 189 854 371 178 861 174 867 240 642
601 850 790 470 1153 658 511 1146 906 780 598 632 1046 433 653 550 779 515 620 640 750 945 151 452 777 675 475 516 545 1129 673 0 744 1194 1430 818 1145 426 1140 283 573 409 831 563 1126 545 918 707 457 1372 34 752 1019 918 205 1020 451 432 1130 832 598 500 489 802 778 831 896 210 860 570 1180 428 501 1287 542 826 634 1265
324 463 517 598 859 492 1040 433 285 1146 523 477 894 315 611 230 351 638 321 531 249 1077 797 935 547 1117 453 1083 585 802 240 744 0 1061 842 1182 474 397 1142 880 532 465 94 378 438 238 522 716 314 648 779 178 841 1070 875 485 294 467 937 301 280 1062 584 840 503 498 421 677 572 414 1085 336 345 1074 383 1097 113 773
792 1516 1548 1455 271 624 942 1365 1337 729 646 1452 169 1016 562 1154 710 1511 783 611 811 401 1342 886 526 832 792 1001 664 331 834 1194 1061 0 795 730 906 891 206 1027 662 851 1038 773 939 936 554 488 957 1141 1215 1235 220 429 1399 1540 1036 825 133 775 835 991 716 399 564 562 666 1326 1613 739 59 1143 857 137 785 595 1074 579
829 1251 1333 1433 536 802 1457 871 1000 1374 874 1319 731 1041 874 1057 650 1476 810 837 696 1108 1536 1362 705 1428 961 1518 956 492 771 1430 842 795 0 1393 386 1005 991 1418 902 1024 758 867 431 916 531 907 995 452 1462 995 694 1125 1613 1171 1039 1003 684 609 838 1500 1003 940 682 622 533 1449 1372 864 852 1129 931 696 888 1258 934 228
863 1519 1499 1252 888 726 335 1603 1452 39 672 1355 690 944 603 1127 936 1305 871 679 999 329 959 366 751 160 732 370 598 913 960 818 1182 730 1393 0 1317 810 556 543 656 738 1219 806 1327 954 917 521 907 1587 818 1302 711 301 981 1631 974 728 766 1029 903 373 598 454 795 847 990 1020 1573 772 681 1043 841 867 799 139 1122 1167
560 864 947 1072 641 613 1291 511 614 1289 682 942 777 723 723 700 406 1112 542 659 399 1098 1230 1187 566 1309 717 1347 769 577 474 1145 474 906 386 1317 0 727 1061 1197 707 767 383 614 45 602 407 796 689 270 1180 613 725 1104 1308 789 714 753 774 325 551 1327 802 879 523 470 327 1125 985 627 952 789 652 859 632 1197 576 405
175 716 711 564 783 276 642 830 646 772 245 586 725 141 335 319 354 619 195 280 328 775 535 538 393 729 102 685 253 746 252 426 397 891 1005 810 727 0 903 491 233 72 461 144 711 159 505 431 96 968 459 492 684 759 610 820 169 85 797 408 175 665 225 558 380 423 472 468 784 164 895 262 75 954 124 746 316 848
842 1579 1597 1460 456 664 812 1487 1426 561 664 1486 284 1040 569 1197 801 1516 837 637 898 235 1292 775 595 678 801 867 654 509 903 1140 1142 206 991 556 1061 903 0 935 671 851 1135 809 1089 980 676 472 983 1310 1156 1307 337 266 1340 1628 1064 826 308 879 888 860 698 350 641 658 784 1297 1667 771 147 1165 886 339 816 430 1135 769
639 1089 1043 746 1047 616 228 1309 1096 506 544 887 902 572 557 735 796 793 656 581 803 717 417 179 717 394 480 238 463 1038 733 283 880 1027 1418 543 1197 491 935 0 516 435 951 583 1188 647 886 569 566 1451 278 938 888 688 439 1240 599 446 990 872 656 221 415 628 736 796 900 493 1115 571 1001 623 559 1138 565 570 784 1224
209 924 932 795 582 100 584 947 812 621 28 815 498 368 102 532 301 851 215 68 346 558 708 480 207 614 131 640 62 556 304 573 532 662 902 656 707 233 671 516 0 190 563 156 706 324 370 202 312 972 600 672 461 546 775 1003 393 163 575 390 252 621 101 330 220 280 391 671 1003 118 663 493 218 733 155 565 491 712
207 786 778 609 763 256 575 898 718 700 208 648 688 209 289 390 377 665 225 249 369 712 533 469 376 657 67 620 196 732 298 409 465 851 1024 738 767 72 851 435 190 0 525 158 755 227 509 378 168 1016 440 564 651 694 604 893 238 26 764 443 221 599 159 502 372 422 492 484 851 161 851 323 125 923 137 676 388 856
356 516 583 691 820 507 1099 384 300 1184 549 560 875 398 631 325 334 729 348 550 238 1090 889 993 542 1165 503 1145 621 760 259 831 94 1038 758 1219 383 461 1135 951 563 525 0 415 346 304 487 733 387 554 865 240 821 1085 967 503 379 522 910 263 319 1124 628 851 495 479 378 770 631 447 1067 429 400 1040 424 1126 207 704
60 774 788 689 644 149 697 798 656 770 151 681 604 245 245 388 219 744 73 171 221 711 678 590 257 751 103 747 207 605 161 563 378 773 867 806 614 144 809 583 156 158 415 0 604 172 360 351 184 868 595 516 558 700 752 848 263 140 669 288 97 727 213 479 237 279 334 612 858 38 782 370 86 825 20 719 336 705
549 820 904 1037 676 614 1290 467 569 1298 682 902 805 699 729 667 405 1075 532 661 386 1117 1206 1185 576 1313 708 1344 769 612 459 1126 438 939 431 1327 45 711 1089 1188 706 755 346 604 0 580 425 806 668 266 1160 572 752 1122 1284 743 689 742 806 318 536 1324 799 894 532 481 337 1098 941 620 983 760 637 895 623 1210 544 448
143 601 617 552 783 317 801 671 498 917 322 517 766 124 417 218 286 603 154 343 220 882 629 696 410 882 222 845 367 736 146 545 238 936 916 954 602 159 980 647 324 227 304 172 580 0 466 523 88 828 580 350 718 870 707 682 125 230 826 306 102 824 356 651 379 403 401 533 686 210 949 228 112 977 168 878 169 788
340 985 1032 1018 336 271 933 813 788 892 342 963 400 580 347 664 183 1069 322 306 279 692 1038 835 178 924 442 993 424 281 328 918 522 554 531 917 407 505 676 886 370 509 487 360 425 466 0 400 524 674 949 700 344 697 1111 991 589 485 424 224 366 975 471 472 150 90 111 970 1092 348 588 694 438 553 380 793 560 347
395 1124 1134 988 478 225 555 1112 1001 493 200 1017 341 570 105 734 422 1044 396 185 498 361 853 468 230 525 329 617 183 474 477 707 716 488 907 521 796 431 472 569 202 378 733 351 806 523 400 0 514 1066 729 866 320 353 912 1196 595 354 427 515 441 601 230 128 274 326 469 839 1205 312 479 693 420 581 354 406 687 691
184 621 621 505 826 333 731 744 552 868 318 503 788 60 413 225 353 559 201 348 300 864 544 628 441 823 188 772 342 784 224 457 314 957 995 907 689 96 983 566 312 168 387 184 668 88 524 514 0 916 492 397 743 849 622 724 81 180 854 386 160 751 318 642 418 452 471 455 693 217 964 186 99 1010 171 842 224 857
811 933 1032 1228 869 880 1556 474 678 1560 948 1066 1027 940 993 877 671 1259 795 927 648 1363 1441 1451 836 1578 971 1610 1035 809 718 1372 648 1141 452 1587 270 968 1310 1451 972 1016 554 868 266 828 674 1066 916 0 1407 738 976 1370 1519 804 926 1004 1012 584 795 1590 1065 1147 793 740 597 1324 1052 885 1191 983 895 1074 886 1467 761 584
634 877 815 488 1180 688 504 1179 938 780 626 656 1069 468 678 583 812 530 654 668 784 957 141 452 806 672 506 505 570 1157 707 34 779 1215 1462 818 1180 459 1156 278 600 440 865 595 1160 580 949 729 492 1407 0 785 1043 929 184 1049 486 463 1154 866 632 490 515 820 808 861 929 224 884 601 1199 461 534 1310 574 832 668 1296
471 284 343 493 1037 647 1122 397 158 1264 667 331 1067 370 760 204 527 521 473 682 425 1228 771 1021 715 1220 571 1158 717 980 404 752 178 1235 995 1302 613 492 1307 938 672 564 240 516 572 350 700 866 397 738 785 0 1014 1217 845 332 342 573 1113 479 425 1138 706 993 673 673 599 637 395 555 1257 325 462 1252 516 1229 181 943
574 1295 1328 1246 178 410 847 1158 1119 697 442 1235 55 803 368 935 490 1301 564 403 592 414 1162 772 307 774 588 908 475 203 613 1019 841 220 694 711 725 684 337 888 461 651 821 558 752 718 344 320 743 976 1043 1014 0 431 1224 1322 822 624 113 559 616 895 530 281 343 343 455 1132 1393 526 246 929 644 271 572 572 853 466
748 1469 1470 1285 601 579 547 1461 1354 300 550 1343 401 900 458 1074 765 1341 749 538 848 31 1069 519 558 412 661 601 507 634 831 918 1070 429 1125 301 1104 759 266 688 546 694 1085 700 1122 870 697 353 849 1370 929 1217 431 0 1110 1548 928 675 471 856 793 595 535 235 606 646 789 1094 1543 662 381 1018 762 565 701 167 1037 897
784 877 797 445 1357 858 654 1242 986 944 800 644 1252 585 858 656 963 470 803 842 922 1138 78 618 977 828 671 642 750 1331 845 205 875 1399 1613 981 1308 610 1340 439 775 604 967 752 1284 707 1111 912 622 1519 184 845 1224 1110 0 1065 595 629 1336 1007 775 630 695 1005 976 1026 1081 208 858 764 1384 540 682 1492 732 1006 761 1457
800 198 304 637 1322 974 1437 334 203 1593 998 428 1376 691 1090 511 832 636 800 1011 731 1558 1001 1339 1032 1545 903 1469 1049 1261 725 1020 485 1540 1171 1631 789 820 1628 1240 1003 893 503 848 743 682 991 1196 724 804 1049 332 1322 1548 1065 0 661 903 1413 767 755 1449 1037 1321 988 979 882 861 285 886 1568 617 794 1543 848 1561 513 1175
255 547 542 431 899 412 780 711 500 935 399 422 867 29 494 152 412 484 269 429 344 943 517 679 518 883 267 816 421 855 272 451 294 1036 1039 974 714 169 1064 599 393 238 379 263 689 125 589 595 81 926 486 342 822 928 595 661 0 254 933 430 222 796 394 722 492 522 526 412 615 297 1045 107 179 1087 251 915 187 914
193 801 796 634 736 230 576 899 726 690 182 669 662 226 263 405 359 690 210 222 356 691 558 470 350 651 42 623 172 705 288 432 467 825 1003 728 753 85 826 446 163 26 522 140 742 230 485 354 180 1004 463 573 624 675 629 903 254 0 737 428 212 602 140 478 346 398 471 510 869 138 825 344 122 896 120 661 395 832
683 1395 1432 1358 148 522 934 1232 1210 758 556 1343 88 915 481 1042 586 1413 672 517 688 448 1274 866 415 846 701 995 588 203 715 1130 937 133 684 766 774 797 308 990 575 764 910 669 806 826 424 427 854 1012 1154 1113 113 471 1336 1413 933 737 0 647 724 983 642 369 448 439 535 1246 1496 638 179 1040 755 158 684 627 956 461
236 763 816 840 559 304 972 610 563 998 367 759 614 431 426 469 93 887 218 351 86 857 930 867 298 1003 391 1026 453 501 162 832 301 775 609 1029 325 408 879 872 390 443 263 288 318 306 224 515 386 584 866 479 559 856 1007 767 430 428 647 0 233 1006 480 621 250 221 120 839 873 301 805 524 332 778 307 921 354 492
46 691 713 652 680 223 785 702 561 867 243 618 665 213 335 318 193 705 52 256 152 803 698 679 309 846 186 834 305 634 77 598 280 835 838 903 551 175 888 656 252 221 319 97 536 102 366 441 160 795 632 425 616 793 775 755 222 212 724 233 0 813 308 567 277 301 311 614 781 133 850 328 100 875 105 817 247 697
787 1304 1262 966 1068 718 48 1495 1296 342 647 1107 895 768 627 940 920 1013 801 675 948 626 622 140 797 212 627 20 559 1072 886 500 1062 991 1500 373 1327 665 860 221 621 599 1124 727 1324 824 975 601 751 1590 490 1138 895 595 630 1449 796 602 983 1006 813 0 525 615 827 887 1011 711 1335 706 954 832 724 1116 712 444 975 1290
273 940 936 762 665 201 491 1010 854 561 129 808 560 366 163 544 395 818 284 166 427 552 632 386 305 537 134 545 55 644 373 489 584 716 1003 598 802 225 698 415 101 159 628 213 799 356 471 230 318 1065 515 706 530 535 695 1037 394 140 642 480 308 525 0 347 321 381 490 610 1009 185 709 483 243 800 203 524 525 811
521 1253 1262 1110 457 347 567 1226 1125 433 328 1144 281 697 233 862 530 1166 521 310 614 238 952 497 323 496 456 628 306 470 599 802 840 399 940 454 879 558 350 628 330 502 851 479 894 651 472 128 642 1147 820 993 281 235 1005 1321 722 478 369 621 567 615 347 0 372 414 558 949 1333 440 379 820 549 511 483 323 814 716
238 952 984 923 407 122 787 859 785 767 192 895 395 478 203 594 162 977 225 155 257 607 905 687 48 788 304 846 274 367 270 778 503 564 682 795 523 380 641 736 220 372 495 237 532 379 150 274 418 793 808 673 343 606 976 988 492 346 448 250 277 827 321 372 0 60 195 847 1049 216 584 600 323 598 256 679 510 492
268 955 994 953 380 180 847 831 776 820 251 913 397 510 262 612 147 1006 252 215 248 644 954 747 96 845 355 906 334 333 278 831 498 562 622 847 470 423 658 796 280 422 479 279 481 403 90 326 452 740 861 673 343 646 1026 979 522 398 439 221 301 887 381 414 60 0 144 891 1057 262 588 629 361 583 298 728 518 436
297 883 936 947 441 292 973 703 679 962 364 876 510 522 396 582 118 996 278 336 191 786 1006 871 239 982 430 1030 451 382 255 896 421 666 533 990 327 472 784 900 391 492 378 334 337 401 111 469 471 597 929 599 455 789 1081 882 526 471 535 120 311 1011 490 558 195 144 0 925 993 334 700 627 399 661 355 872 471 387
632 677 604 265 1246 738 721 1034 777 981 692 447 1167 408 766 453 807 306 651 733 753 1118 140 657 858 882 550 727 661 1213 677 210 677 1326 1449 1020 1125 468 1297 493 671 484 770 612 1098 533 970 839 455 1324 224 637 1132 1094 208 861 412 510 1246 839 614 711 610 949 847 891 925 0 670 631 1319 341 532 1404 592 1017 563 1310
826 121 74 413 1428 1003 1332 601 377 1534 1006 228 1444 643 1101 471 913 394 833 1029 813 1558 806 1244 1087 1464 882 1353 1036 1372 780 860 572 1613 1372 1573 985 784 1667 1115 1003 851 631 858 941 686 1092 1205 693 1052 884 395 1393 1543 858 285 615 869 1496 873 781 1335 1009 1333 1049 1057 993 670 0 896 1631 531 784 1639 852 1525 539 1336
91 812 826 719 618 115 674 831 694 737 112 717 570 277 207 425 224 774 100 133 242 673 691 568 229 721 96 726 173 582 189 570 414 739 864 772 627 164 771 571 118 161 447 38 620 210 348 312 217 885 601 555 526 662 764 886 297 138 638 301 133 706 185 440 216 262 334 631 896 0 747 403 118 794 46 683 374 695
806 1536 1564 1458 324 633 905 1402 1364 681 649 1464 191 1024 561 1167 735 1514 798 616 836 351 1329 854 543 788 794 963 660 382 854 1180 1085 59 852 681 952 895 147 1001 663 851 1067 782 983 949 588 479 964 1191 1199 1257 246 381 1384 1568 1045 825 179 805 850 954 709 379 584 588 700 1319 1631 747 0 1150 865 193 793 548 1092 634
362 478 457 324 1007 519 822 718 481 1004 502 324 974 126 595 121 514 377 377 534 440 1035 463 727 625 940 364 852 515 962 371 428 336 1143 1129 1043 789 262 1165 623 493 323 429 370 760 228 694 693 186 983 461 325 929 1018 540 617 107 344 1040 524 328 832 483 820 600 629 627 341 531 403 1150 0 285 1195 357 994 222 1013
102 706 713 603 730 233 698 777 611 804 222 600 688 159 317 313 280 657 121 250 252 776 607 592 343 771 109 744 256 690 178 501 345 857 931 841 652 75 886 559 218 125 400 86 637 112 438 420 99 895 534 462 644 762 682 794 179 122 755 332 100 724 243 549 323 361 399 532 784 118 865 285 0 911 72 766 281 779
835 1536 1577 1514 223 679 1067 1341 1341 864 714 1493 240 1070 639 1192 726 1569 823 675 827 538 1431 1006 569 964 859 1127 746 287 861 1287 1074 137 696 867 859 954 339 1138 733 923 1040 825 895 977 553 581 1010 1074 1310 1252 271 565 1492 1543 1087 896 158 778 875 1116 800 511 598 583 661 1404 1639 794 193 1195 911 0 839 731 1101 495
74 770 781 674 661 161 682 807 659 763 154 671 616 231 249 381 239 729 90 179 238 713 658 576 273 740 85 732 202 623 174 542 383 785 888 799 632 124 816 565 155 137 424 20 623 168 380 354 171 886 574 516 572 701 732 848 251 120 684 307 105 712 203 483 256 298 355 592 852 46 793 357 72 839 0 716 335 725
774 1462 1451 1231 749 623 399 1509 1375 133 577 1314 551 886 498 1066 827 1285 779 577 898 197 974 392 633 248 658 448 513 775 867 826 1097 595 1258 139 1197 746 430 570 565 676 1126 719 1210 878 793 406 842 1467 832 1229 572 167 1006 1561 915 661 627 921 817 444 524 323 679 728 872 1017 1525 683 548 994 766 731 716 0 1048 1031
293 444 475 499 894 471 955 525 330 1085 487 405 904 212 581 124 378 543 297 504 281 1048 684 852 548 1045 391 995 536 841 240 634 113 1074 934 1122 576 316 1135 784 491 388 207 336 544 169 560 687 224 761 668 181 853 1037 761 513 187 395 956 354 247 975 525 814 510 518 471 563 539 374 1092 222 281 1101 335 1048 0 844
678 1219 1287 1332 313 614 1246 915 984 1149 684 1246 504 909 670 962 503 1380 659 644 574 880 1384 1154 506 1207 790 1307 761 265 642 1265 773 579 228 1167 405 848 769 1224 712 856 704 705 448 788 347 691 857 584 1296 943 466 897 1457 1175 914 832 461 492 697 1290 811 716 492 436 387 1310 1336 695 634 1013 779 495 725 1031 844 0
