0 1655 1384 1507 1438 785 484 571 357 1557 1304 208 130 664 439 542 1030
1655 0 2957 825 2691 951 1894 2206 1841 382 2959 1465 1548 2213 1986 2195 961
1384 2957 0 2891 1929 2165 1063 1054 1434 2763 569 1528 1452 1265 1322 975 2104
1507 825 2891 0 2101 748 1914 1941 1527 1124 2734 1390 1454 1856 1671 1972 1375
1438 2691 1929 2101 0 1769 1771 1082 1082 2758 1417 1611 1558 849 1016 1195 2404
785 951 2165 748 1769 0 1166 1288 900 991 2069 646 715 1268 1047 1296 825
484 1894 1063 1914 1771 1166 0 715 769 1704 1181 527 476 925 772 616 1060
571 2206 1054 1941 1082 1288 715 0 415 2127 793 779 697 246 279 113 1588
357 1841 1434 1527 1082 900 769 415 0 1805 1207 533 475 372 148 463 1348
1557 382 2763 1124 2758 991 1704 2127 1805 0 2834 1351 1435 2175 1941 2096 676
1304 2959 569 2734 1417 2069 1181 793 1207 2834 0 1495 1411 918 1066 772 2226
208 1465 1528 1390 1611 646 527 779 533 1351 1495 0 84 867 636 745 825
130 1548 1452 1454 1558 715 476 697 475 1435 1411 84 0 794 567 660 899
664 2213 1265 1856 849 1268 925 246 372 2175 918 867 794 0 235 358 1692
439 1986 1322 1671 1016 1047 772 279 148 1941 1066 636 567 235 0 347 1461
542 2195 975 1972 1195 1296 616 113 463 2096 772 745 660 358 347 0 1535
1030 961 2104 1375 2404 825 1060 1588 1348 676 2226 825 899 1692 1461 1535 0
