0 256 549 714 1216 699 944 1223 1414 708 955 700 603 1530 211 206
256 0 629 938 1099 443 838 1048 1498 572 1151 517 363 1751 376 456
549 629 0 558 1724 952 1458 1673 1940 522 635 633 741 1845 344 632
714 938 558 0 1892 1362 1622 1932 1787 1069 287 1157 1197 1407 566 614
1216 1099 1724 1892 0 990 272 321 1056 1569 2158 1443 1192 1951 1421 1278
699 443 952 1362 990 0 791 814 1694 613 1548 471 233 2137 796 893
944 838 1458 1622 272 791 0 406 1016 1335 1886 1219 970 1785 1150 1008
1223 1048 1673 1932 321 814 406 0 1363 1425 2178 1285 1040 2191 1409 1332
1414 1498 1940 1787 1056 1694 1016 1363 0 2070 2072 2005 1793 1089 1599 1311
708 572 522 1069 1569 613 1335 1425 2070 0 1154 151 384 2219 623 895
955 1151 635 287 2158 1548 1886 2178 2072 1154 0 1268 1357 1618 775 886
700 517 633 1157 1443 471 1219 1285 2005 151 1268 0 251 2229 661 901
603 363 741 1197 1192 233 970 1040 1793 384 1357 251 0 2115 643 810
1530 1751 1845 1407 1951 2137 1785 2191 1089 2219 1618 2229 2115 0 1600 1329
211 376 344 566 1421 796 1150 1409 1599 623 775 661 643 1600 0 303
206 456 632 614 1278 893 1008 1332 1311 895 886 901 810 1329 303 0
