0 382 1702 1110 691 1018 669 338 1528 986 1174 520 1183 397 1355 1483 1597
382 0 1407 952 407 985 528 639 1332 1364 893 841 943 619 1206 1568 1392
1702 1407 0 2054 1542 2254 1080 1734 2246 2489 1728 1876 1873 2024 726 2898 482
1110 952 2054 0 579 344 1465 1449 424 1937 403 1623 262 901 2090 944 2206
691 407 1542 579 0 712 891 1008 931 1656 492 1204 537 705 1513 1356 1642
1018 985 2254 344 712 0 1513 1343 687 1709 730 1490 602 708 2185 653 2343
669 528 1080 1465 891 1513 0 654 1818 1420 1332 807 1415 1047 696 2079 928
338 639 1734 1449 1008 1343 654 0 1866 779 1497 201 1516 666 1254 1753 1535
1528 1332 2246 424 931 687 1818 1866 0 2357 526 2044 407 1323 2394 1101 2469
986 1364 2489 1937 1656 1709 1420 779 2357 0 2109 613 2084 1036 1925 1856 2230
1174 893 1728 403 492 730 1332 1497 526 2109 0 1691 153 1097 1875 1347 1942
520 841 1876 1623 1204 1490 807 201 2044 613 1691 0 1704 791 1340 1848 1636
1183 943 1873 262 537 602 1415 1516 407 2084 153 1704 0 1054 1988 1202 2070
397 619 2024 901 705 708 1047 666 1323 1036 1097 791 1054 0 1741 1093 1969
1355 1206 726 2090 1513 2185 696 1254 2394 1925 1875 1340 1988 1741 0 2771 314
1483 1568 2898 944 1356 653 2079 1753 1101 1856 1347 1848 1202 1093 2771 0 2955
1597 1392 482 2206 1642 2343 928 1535 2469 2230 1942 1636 2070 1969 314 2955 0
