0 1320 370 529 1342 470 597 1523 557 1690 1426 768 1457 1412 1052 1334
1320 0 1678 792 1411 1656 1286 2578 876 2760 1868 1431 2762 675 1750 1807
370 1678 0 894 1448 265 858 1230 857 1384 1394 982 1146 1693 1188 1506
529 792 894 0 1241 915 649 1926 308 2104 1514 840 1973 1002 1185 1367
1342 1411 1448 1241 0 1219 1828 1566 939 1731 525 2025 2514 846 2353 2584
470 1656 265 915 1219 0 1047 1053 787 1221 1131 1196 1312 1567 1431 1741
597 1286 858 649 1828 1047 0 2084 903 2241 1996 197 1618 1643 538 761
1523 2578 1230 1926 1566 1053 2084 0 1717 182 1116 2212 1533 2276 2391 2719
557 876 857 308 939 787 903 1717 0 1898 1210 1100 1996 854 1438 1649
1690 2760 1384 2104 1731 1221 2241 182 1898 0 1264 2363 1569 2454 2528 2858
1426 1868 1394 1514 525 1131 1996 1116 1210 1264 0 2182 2306 1360 2479 2753
768 1431 982 840 2025 1196 197 2212 1100 2363 2182 0 1601 1827 344 570
1457 2762 1146 1973 2514 1312 1618 1533 1996 1569 2306 1601 0 2839 1540 1839
1412 675 1693 1002 846 1567 1643 2276 854 2454 1360 1827 2839 0 2170 2306
1052 1750 1188 1185 2353 1431 538 2391 1438 2528 2479 344 1540 2170 0 333
1334 1807 1506 1367 2584 1741 761 2719 1649 2858 2753 570 1839 2306 333 0
