0 829 1595 42 305 1311 1131 1299 775 1137 1164 588 1378 352 1713 1189
829 0 826 827 523 2140 319 2127 1425 327 1888 308 1933 1007 2015 1945
1595 826 0 1605 1307 2884 512 2879 1996 687 2472 1135 2755 1662 2782 2758
42 827 1605 0 304 1313 1134 1299 811 1131 1193 575 1343 393 1671 1169
305 523 1307 304 0 1616 830 1603 990 833 1422 301 1547 546 1776 1454
1311 2140 2884 1313 1616 0 2440 52 1086 2443 843 1881 1316 1241 1964 663
1131 319 512 1134 830 2440 0 2429 1653 249 2127 626 2242 1264 2285 2264
1299 2127 2879 1299 1603 52 2429 0 1107 2427 882 1864 1265 1243 1914 612
775 1425 1996 811 990 1086 1653 1107 0 1752 477 1287 1840 444 2332 1375
1137 327 687 1131 833 2443 249 2427 1752 0 2215 565 2111 1333 2097 2200
1164 1888 2472 1193 1422 843 2127 882 477 2215 0 1724 1922 884 2496 1342
588 308 1135 575 301 1881 626 1864 1287 565 1724 0 1626 845 1742 1645
1378 1933 2755 1343 1547 1316 2242 1265 1840 2111 1922 1626 0 1625 658 653
352 1007 1662 393 546 1241 1264 1243 444 1333 884 845 1625 0 2027 1304
1713 2015 2782 1671 1776 1964 2285 1914 2332 2097 2496 1742 658 2027 0 1306
1189 1945 2758 1169 1454 663 2264 612 1375 2200 1342 1645 653 1304 1306 0
