0 8 229 919 1359 247 1036 441 110 1098 1326 1541 476 1540 1142 293
8 0 230 916 1351 254 1043 449 111 1097 1324 1542 481 1533 1145 301
229 230 0 1140 1447 239 897 504 118 1327 1109 1313 660 1679 1349 345
919 916 1140 0 1124 1112 1887 1116 1024 311 2149 2423 803 1009 807 1076
1359 1351 1447 1124 0 1602 2342 1780 1392 1420 1908 2290 1625 442 1916 1649
247 254 239 1112 1602 0 797 265 221 1247 1296 1451 479 1787 1177 110
1036 1043 897 1887 2342 797 0 786 969 1971 1291 1206 1129 2570 1729 811
441 449 504 1116 1780 265 786 0 464 1185 1531 1647 344 1914 1000 161
110 111 118 1024 1392 221 969 464 0 1209 1219 1431 564 1600 1244 304
1098 1097 1327 311 1420 1247 1971 1185 1209 0 2389 2636 843 1253 579 1187
1326 1324 1109 2149 1908 1296 1291 1531 1219 2389 0 400 1765 2302 2459 1403
1541 1542 1313 2423 2290 1451 1206 1647 1431 2636 400 0 1930 2671 2628 1548
476 481 660 803 1625 479 1129 344 564 843 1765 1930 0 1689 698 386
1540 1533 1679 1009 442 1787 2570 1914 1600 1253 2302 2671 1689 0 1811 1808
1142 1145 1349 807 1916 1177 1729 1000 1244 579 2459 2628 698 1811 0 1080
293 301 345 1076 1649 110 811 161 304 1187 1403 1548 386 1808 1080 0
