0 945 1024 15 1157 370 1095 1067 1074 1332 1255 591 1117 963 847 1087
945 0 1465 960 234 824 2032 1196 2007 1868 1408 1214 2058 1872 865 2007
1024 1465 0 1024 1553 757 1553 2082 1221 2302 421 1598 1332 1592 1823 1151
15 960 1024 0 1173 379 1080 1071 1059 1326 1260 587 1101 948 855 1072
1157 234 1553 1173 0 989 2251 1404 2204 2097 1432 1449 2261 2098 1079 2198
370 824 757 379 989 0 1364 1346 1236 1697 911 950 1306 1277 1069 1220
1095 2032 1553 1080 2251 1364 0 1622 433 1244 1951 1029 334 254 1620 530
1067 1196 2082 1071 1404 1346 1622 0 1857 791 2249 623 1837 1374 334 1914
1074 2007 1221 1059 2204 1236 433 1857 0 1618 1638 1234 116 625 1780 96
1332 1868 2302 1326 2097 1697 1244 791 1618 0 2583 749 1551 1002 1045 1703
1255 1408 421 1260 1432 911 1951 2249 1638 2583 0 1847 1747 1966 1953 1570
591 1214 1598 587 1449 950 1029 623 1234 749 1847 0 1219 797 594 1290
1117 2058 1332 1101 2261 1306 334 1837 116 1551 1747 1219 0 550 1782 209
963 1872 1592 948 2098 1277 254 1374 625 1002 1966 797 550 0 1391 715
847 865 1823 855 1079 1069 1620 334 1780 1045 1953 594 1782 1391 0 1822
1087 2007 1151 1072 2198 1220 530 1914 96 1703 1570 1290 209 715 1822 0
