0 102 581 766 712 2 566 408 541 653 842 839 579 278 811 38 290 481 556 343 47 555 605 224 183 406 336 440 368 500 443 601 10 773 576 615 639 625 557 142 528 583 466 567 216 143 162 337 735 104 342 821 557 154 503 389 823 108 321 330 253 294 433 751 131 239 488 224 149 713 779 642 597 268 415 502 187 363
102 0 683 678 750 103 463 489 524 755 926 748 482 185 866 132 276 450 571 444 55 469 680 123 222 368 438 518 458 398 357 527 108 830 643 717 694 528 547 188 428 664 511 465 318 189 80 333 655 205 242 739 577 67 587 459 806 100 230 360 344 342 488 758 217 153 476 227 215 737 676 546 495 362 505 465 290 456
581 683 0 1324 826 580 1142 345 927 72 582 1402 1154 855 795 558 701 921 826 267 628 1082 532 806 602 826 249 361 367 1081 1005 1132 577 630 568 143 562 1201 915 591 1109 346 654 1144 364 559 737 753 1226 478 914 1361 807 723 418 504 1159 638 874 588 416 523 594 1001 483 811 874 684 517 896 1360 1215 1179 347 272 892 397 281
766 678 1324 0 947 767 422 1167 558 1394 1354 83 224 492 1124 778 865 490 732 1059 725 664 1092 567 726 864 1075 1195 1004 356 323 217 767 1483 1031 1318 1349 196 602 733 311 1341 838 420 973 861 604 613 804 869 541 105 759 672 1071 915 652 764 621 1001 917 1005 868 778 893 527 577 647 892 862 336 162 315 1035 1181 926 931 1130
712 750 826 947 0 710 1065 956 390 866 483 1027 919 755 179 678 1002 472 222 634 727 1182 307 792 532 1114 690 993 496 948 760 737 702 1357 259 720 1241 954 345 572 942 1084 246 1065 708 842 712 446 1378 717 923 916 200 815 407 370 428 817 955 1018 541 963 290 231 779 720 384 527 826 104 1181 942 1022 807 907 1211 667 860
2 103 580 767 710 0 567 408 539 652 840 840 579 279 809 36 292 480 554 341 48 557 603 225 181 408 335 440 366 501 443 601 8 774 574 613 640 625 555 140 529 583 464 568 215 144 162 335 737 104 343 821 555 156 501 387 822 111 322 332 251 295 431 750 131 239 486 223 150 711 780 642 598 268 415 504 186 363
566 463 1142 422 1065 567 0 896 708 1214 1353 448 220 332 1219 595 526 612 846 908 519 241 1093 346 633 482 901 916 909 119 316 445 572 1140 1044 1181 1013 230 751 615 144 1059 870 2 779 595 430 627 393 665 227 524 865 418 1023 876 924 506 282 676 798 703 872 975 660 378 691 583 636 1012 230 265 107 804 933 525 753 892
408 489 345 1167 956 408 896 0 911 400 865 1236 965 674 987 408 393 869 872 331 444 786 724 603 531 505 273 37 465 864 846 1010 410 403 732 465 285 1009 916 499 901 175 727 898 259 308 564 706 908 317 674 1227 863 500 593 585 1183 406 614 257 420 203 671 1069 277 641 855 603 275 995 1126 1031 957 159 74 558 307 99
541 524 927 558 390 539 708 911 0 988 810 640 539 445 566 522 800 96 174 669 530 866 560 509 380 880 708 947 562 588 392 347 533 1303 495 874 1171 570 45 415 574 1075 310 708 656 683 456 206 1061 602 615 537 202 574 574 434 283 618 668 870 523 835 358 267 656 426 55 317 688 314 798 555 649 752 890 974 607 835
653 755 72 1394 866 652 1214 400 988 0 582 1473 1226 927 822 630 767 986 881 336 700 1151 566 878 671 891 321 412 426 1153 1076 1201 649 648 607 152 593 1273 974 661 1181 374 708 1215 437 629 809 818 1293 550 986 1430 861 795 461 560 1213 710 945 650 483 587 649 1050 555 883 936 753 587 942 1432 1287 1251 417 330 954 469 346
842 926 582 1354 483 840 1353 865 810 582 0 1437 1267 1021 340 804 1094 865 640 562 880 1395 265 1019 722 1225 611 894 477 1253 1097 1137 832 1209 323 439 1128 1310 773 745 1262 922 516 1354 706 917 931 754 1577 784 1157 1346 612 990 339 477 911 946 1156 1041 589 972 492 714 832 975 781 771 883 587 1522 1308 1343 772 794 1313 694 770
839 748 1402 83 1027 840 448 1236 640 1473 1437 0 277 563 1205 853 921 573 814 1139 797 689 1176 633 806 910 1153 1263 1086 401 398 300 840 1542 1115 1399 1409 239 683 812 357 1410 922 446 1048 929 677 697 814 943 595 137 842 738 1155 998 718 831 673 1061 997 1068 952 853 965 600 660 728 961 941 317 210 342 1108 1253 966 1008 1203
579 482 1154 224 919 579 220 965 539 1226 1267 277 0 300 1087 597 644 448 696 898 534 452 1002 362 579 639 905 991 866 132 170 232 581 1264 946 1166 1131 46 584 576 88 1137 758 218 793 656 418 513 613 683 318 317 720 465 956 801 722 558 397 784 766 792 775 797 699 343 535 509 690 852 262 67 124 844 987 702 757 938
278 185 855 492 755 279 332 674 445 927 1021 563 300 0 899 297 408 354 546 602 234 429 760 83 302 455 606 703 584 238 174 353 280 1004 712 873 868 347 480 289 258 849 544 333 493 370 117 309 625 383 171 556 561 186 692 544 709 274 224 524 477 518 541 707 402 47 410 251 399 717 518 363 334 546 690 544 457 640
811 866 795 1124 179 809 1219 987 566 822 340 1205 1087 899 0 774 1098 644 394 656 835 1317 267 926 643 1218 713 1022 523 1106 923 912 800 1376 256 670 1271 1123 522 679 1103 1093 358 1220 761 927 841 593 1512 794 1061 1096 368 932 397 430 594 920 1084 1091 600 1029 378 398 854 860 555 657 905 278 1349 1113 1184 852 929 1314 728 888
38 132 558 778 678 36 595 408 522 630 804 853 597 297 774 0 325 468 528 312 78 592 567 251 153 443 310 441 330 525 455 606 28 784 538 585 650 644 536 113 551 581 432 597 196 168 179 317 773 92 374 828 528 189 465 351 804 146 357 354 216 312 397 725 135 254 469 205 166 682 805 659 622 260 408 539 161 355
290 276 701 865 1002 292 526 393 800 767 1094 921 644 408 1098 325 0 724 840 542 279 393 877 324 472 132 507 405 618 523 574 759 300 621 855 784 490 683 823 431 565 541 757 528 391 177 347 607 525 312 327 945 844 230 762 670 1081 187 251 150 513 190 722 1031 261 399 752 498 210 1001 757 711 604 358 447 220 400 421
481 450 921 490 472 480 612 869 96 986 865 573 448 354 644 468 724 0 250 656 464 772 606 423 340 797 689 905 564 493 297 273 475 1253 543 882 1119 481 138 370 479 1038 351 612 623 621 377 170 965 554 522 483 275 495 600 450 359 548 578 805 507 775 388 363 604 339 89 266 631 405 709 469 556 713 856 890 573 801
556 571 826 732 222 554 846 872 174 881 640 814 696 546 394 528 840 250 0 587 560 976 399 593 374 939 635 910 461 728 538 519 547 1275 334 752 1149 731 133 415 720 1023 173 846 614 696 521 243 1172 589 717 711 28 632 437 322 332 652 757 882 456 835 232 198 649 515 162 343 690 171 958 720 799 714 838 1036 566 785
343 444 267 1059 634 341 908 331 669 336 562 1139 898 602 656 312 542 656 587 0 389 885 393 563 335 674 57 366 138 836 743 865 336 724 401 272 615 945 660 326 860 449 423 910 150 371 487 487 1052 252 685 1094 571 496 262 272 915 425 659 478 149 410 363 775 284 556 614 417 332 685 1117 956 933 210 274 758 157 232
47 55 628 725 727 48 519 444 530 700 880 797 534 234 835 78 279 464 560 389 0 515 638 177 195 386 383 475 408 453 402 566 53 799 605 661 663 580 549 156 482 619 484 520 263 158 120 330 698 150 296 782 564 111 540 419 813 92 278 341 294 314 456 752 168 197 479 219 175 722 732 597 550 311 456 483 234 406
555 469 1082 664 1182 557 241 786 866 1151 1395 689 452 429 1317 592 393 772 976 885 515 0 1148 391 684 300 863 797 923 327 499 661 565 960 1109 1148 843 469 905 654 367 930 959 243 739 524 477 736 196 633 258 765 990 404 1055 926 1112 461 238 537 809 583 946 1132 606 462 837 660 566 1147 431 504 349 734 838 310 729 808
605 680 532 1092 307 603 1093 724 560 566 265 1176 1002 760 267 567 877 606 399 393 638 1148 0 765 466 1004 451 758 269 990 832 875 595 1109 64 416 1006 1045 527 494 998 825 254 1094 512 701 676 489 1336 566 903 1089 372 746 131 221 705 713 909 850 365 785 227 518 621 715 525 509 673 396 1257 1043 1079 598 663 1097 486 625
224 123 806 567 792 225 346 603 509 878 1019 633 362 83 926 251 324 423 593 563 177 391 765 0 298 377 560 629 565 275 255 437 229 922 722 836 787 408 541 274 305 776 567 347 441 295 88 350 586 328 138 635 605 105 684 544 781 197 163 442 452 439 556 764 337 83 470 268 327 764 554 428 372 483 624 468 411 576
183 222 602 726 532 181 633 531 380 671 722 806 579 302 643 153 472 340 374 335 195 684 466 298 0 581 359 567 287 539 416 529 173 923 425 592 792 625 389 41 555 698 289 634 282 322 209 175 875 222 437 758 374 289 389 245 658 285 446 508 191 463 265 571 280 255 325 82 317 530 817 632 634 373 515 679 233 460
406 368 826 864 1114 408 482 505 880 891 1225 910 639 455 1218 443 132 797 939 674 386 300 1004 377 581 0 639 510 748 509 604 789 417 664 979 914 544 672 908 542 553 636 870 484 524 307 425 700 403 441 328 953 945 308 891 793 1157 298 248 248 641 305 840 1124 393 460 836 595 342 1105 705 703 575 488 565 97 531 545
336 438 249 1075 690 335 901 273 708 321 611 1153 905 606 713 310 507 689 635 57 383 863 451 560 359 639 0 308 195 835 755 886 331 667 459 285 557 952 703 343 862 394 475 903 124 341 489 519 1024 237 675 1114 621 484 319 325 961 406 643 432 185 363 416 826 257 562 653 441 301 739 1115 965 933 161 217 719 149 174
440 518 361 1195 993 440 916 37 947 412 894 1263 991 703 1022 441 405 905 910 366 475 797 758 629 567 510 308 0 501 888 875 1041 443 365 767 486 249 1035 952 535 925 146 764 918 296 334 595 743 912 351 696 1257 900 526 627 622 1220 432 633 262 458 215 708 1107 309 671 892 639 303 1033 1146 1057 979 196 99 557 344 134
368 458 367 1004 496 366 909 465 562 426 477 1086 866 584 523 330 618 564 461 138 408 923 269 565 287 748 195 501 0 823 701 798 358 862 267 318 750 912 548 295 840 588 291 911 243 441 479 402 1102 307 698 1026 443 520 144 139 792 469 687 581 114 515 231 643 357 537 510 360 410 549 1102 919 918 329 412 838 220 367
500 398 1081 356 948 501 119 864 588 1153 1253 401 132 238 1106 525 523 493 728 836 453 327 990 275 539 509 835 888 823 0 196 335 504 1145 939 1108 1013 163 632 527 44 1034 760 119 716 556 349 515 500 603 196 449 748 367 928 777 806 460 272 667 715 682 766 855 609 285 572 482 593 893 281 194 97 755 893 570 686 847
443 357 1005 323 760 443 316 846 392 1076 1097 398 170 174 923 455 574 297 538 743 402 499 832 255 416 604 755 875 701 196 0 186 444 1178 776 1007 1042 213 436 417 182 1021 589 316 650 544 282 343 685 546 281 381 559 361 787 631 615 448 357 697 605 693 604 659 571 205 379 342 572 700 428 217 261 712 858 684 610 807
601 527 1132 217 737 601 445 1010 347 1201 1137 300 232 353 912 606 759 273 519 865 566 661 875 437 529 789 886 1041 798 335 186 0 600 1356 814 1115 1220 247 391 543 302 1185 621 444 793 717 448 401 836 699 464 229 545 540 858 702 491 623 542 878 718 869 652 585 732 375 361 448 741 657 470 223 356 867 1014 868 749 961
10 108 577 767 702 8 572 410 533 649 832 840 581 280 800 28 300 475 547 336 53 565 595 229 173 417 331 443 358 504 444 600 0 779 565 608 644 627 549 132 532 585 456 573 212 151 163 329 745 102 349 820 548 162 493 378 816 119 329 338 244 301 423 742 134 240 480 216 155 703 784 644 602 268 415 513 182 363
773 830 630 1483 1357 774 1140 403 1303 648 1209 1542 1264 1004 1376 784 621 1253 1275 724 799 960 1109 922 923 664 667 365 862 1145 1178 1356 779 0 1124 773 135 1304 1311 887 1187 288 1130 1143 661 642 911 1097 1009 701 948 1557 1266 817 979 987 1580 732 872 482 823 487 1074 1472 648 981 1248 989 624 1399 1368 1332 1224 560 450 657 708 497
576 643 568 1031 259 574 1044 732 495 607 323 1115 946 712 256 538 855 543 334 401 605 1109 64 722 425 979 459 767 267 939 776 814 565 1124 0 461 1016 988 462 455 945 844 192 1044 505 681 633 432 1299 546 860 1026 307 710 150 186 644 684 871 838 347 776 172 460 604 668 461 461 656 341 1203 985 1026 596 675 1074 474 633
615 717 143 1318 720 613 1181 465 874 152 439 1399 1166 873 670 585 784 882 752 272 661 1148 416 836 592 914 285 486 318 1108 1007 1115 608 773 461 0 702 1213 855 591 1131 488 579 1182 409 625 758 720 1306 520 957 1344 730 766 320 439 1082 691 927 688 401 621 522 912 542 827 824 671 584 800 1389 1223 1205 426 390 988 427 384
639 694 562 1349 1241 640 1013 285 1171 593 1128 1409 1131 868 1271 650 490 1119 1149 615 663 843 1006 787 792 544 557 249 750 1013 1042 1220 644 135 1016 702 0 1172 1181 755 1055 219 1009 1015 537 506 775 965 908 569 816 1422 1141 681 875 870 1450 596 741 347 702 351 955 1347 515 845 1116 856 489 1278 1242 1198 1094 436 343 548 583 383
625 528 1201 196 954 625 230 1009 570 1273 1310 239 46 347 1123 644 683 481 731 945 580 469 1045 408 625 672 952 1035 912 163 213 247 627 1304 988 1213 1172 0 615 622 118 1182 799 228 840 701 464 555 620 730 356 295 755 509 1001 845 739 603 434 824 813 835 817 824 744 390 569 554 735 884 228 35 124 890 1032 731 804 984
557 547 915 602 345 555 751 916 45 974 773 683 584 480 522 536 823 138 133 660 549 905 527 541 389 908 703 952 548 632 436 391 549 1311 462 855 1181 615 0 426 618 1077 283 751 659 700 483 220 1100 611 651 578 161 600 550 416 269 639 702 887 518 849 335 227 668 458 72 332 702 268 844 601 694 756 891 1004 609 837
142 188 591 733 572 140 615 499 415 661 745 812 576 289 679 113 431 370 415 326 156 654 494 274 41 542 343 535 295 527 417 543 132 887 455 591 755 622 426 0 545 668 328 617 256 281 186 209 843 186 412 771 416 255 409 272 695 245 415 467 190 424 300 612 241 241 361 104 277 571 807 632 623 343 487 639 208 432
528 428 1109 311 942 529 144 901 574 1181 1262 357 88 258 1103 551 565 479 720 860 482 367 998 305 555 553 862 925 840 44 182 302 532 1187 945 1131 1055 118 618 545 0 1071 763 143 745 592 373 516 534 633 238 405 742 401 941 788 781 495 315 708 735 721 772 839 641 304 562 493 628 883 262 150 81 788 927 614 712 881
583 664 346 1341 1084 583 1059 175 1075 374 922 1410 1137 849 1093 581 541 1038 1023 449 619 930 825 776 698 636 394 146 588 1034 1021 1185 585 288 844 488 219 1182 1077 668 1071 0 868 1061 418 481 740 873 1032 489 841 1402 1011 672 696 720 1342 579 777 393 567 356 810 1217 452 816 1019 773 449 1134 1290 1204 1124 325 185 670 468 240
466 511 654 838 246 464 870 727 310 708 516 922 758 544 358 432 757 351 173 423 484 959 254 567 289 870 475 764 291 760 589 621 456 1130 192 579 1009 799 283 328 763 868 0 871 472 595 483 246 1154 471 703 834 152 577 267 152 505 573 726 773 306 718 60 351 533 503 271 299 581 268 1018 795 844 572 685 968 428 634
567 465 1144 420 1065 568 2 898 708 1215 1354 446 218 333 1220 597 528 612 846 910 520 243 1094 347 634 484 903 918 911 119 316 444 573 1143 1044 1182 1015 228 751 617 143 1061 871 0 780 597 432 627 394 666 229 522 865 420 1024 877 923 507 284 678 800 705 873 975 662 379 691 584 637 1012 228 263 105 806 935 527 755 894
216 318 364 973 708 215 779 259 656 437 706 1048 793 493 761 196 391 623 614 150 263 739 512 441 282 524 124 296 243 716 650 793 212 661 505 409 537 840 659 256 745 418 472 780 0 220 375 455 902 113 552 1019 605 360 386 339 925 281 518 338 167 272 419 811 134 450 601 360 181 741 995 855 814 100 233 608 49 178
143 189 559 861 842 144 595 308 683 629 917 929 656 370 927 168 177 621 696 371 158 524 701 295 322 307 341 334 441 556 544 717 151 642 681 625 506 701 700 281 592 481 595 597 220 0 269 480 682 135 369 926 696 191 585 497 966 97 318 187 336 155 556 893 86 342 631 367 42 850 822 723 649 212 338 397 223 296
162 80 737 604 712 162 430 564 456 809 931 677 418 117 841 179 347 377 521 487 120 477 676 88 209 425 489 595 479 349 282 448 163 911 633 758 775 464 483 186 373 740 483 432 375 269 0 278 671 266 227 662 530 117 595 455 735 180 243 440 368 423 469 700 289 77 411 185 293 690 630 480 446 430 576 520 340 525
337 333 753 613 446 335 627 706 206 818 754 697 513 309 593 317 607 170 243 487 330 736 489 350 175 700 519 743 402 515 343 401 329 1097 432 720 965 555 220 209 516 873 246 627 455 480 278 0 933 395 477 627 254 391 457 301 487 421 514 667 337 629 261 425 450 274 152 112 482 413 771 553 598 548 689 796 406 634
735 655 1226 804 1378 737 393 908 1061 1293 1577 814 613 625 1512 773 525 965 1172 1052 698 196 1336 586 875 403 1024 912 1102 500 685 836 745 1009 1299 1306 908 620 1100 843 534 1032 1154 394 902 682 671 933 0 803 455 909 1186 589 1238 1115 1301 634 428 651 988 708 1139 1327 768 658 1032 855 723 1343 515 654 496 883 969 363 898 946
104 205 478 869 717 104 665 317 602 550 784 943 683 383 794 92 312 554 589 252 150 633 566 328 222 441 237 351 307 603 546 699 102 701 546 520 569 730 611 186 633 489 471 666 113 135 266 395 803 0 438 921 585 247 450 364 880 172 407 301 201 248 427 787 61 343 547 288 110 733 881 746 701 167 315 532 95 262
342 242 914 541 923 343 227 674 615 986 1157 595 318 171 1061 374 327 522 717 685 296 258 903 138 437 328 675 696 698 196 281 464 349 948 860 957 816 356 651 412 238 841 703 229 552 369 227 477 455 438 0 626 731 191 821 682 873 278 80 470 584 487 694 878 432 203 582 405 409 888 452 385 283 577 708 403 529 665
821 739 1361 105 916 821 524 1227 537 1430 1346 137 317 556 1096 828 945 483 711 1094 782 765 1089 635 758 953 1114 1257 1026 449 381 229 820 1557 1026 1344 1422 295 578 771 405 1402 834 522 1019 926 662 627 909 921 626 0 739 741 1080 926 586 830 706 1075 947 1074 871 730 950 585 565 677 954 825 438 260 417 1088 1236 1019 975 1183
557 577 807 759 200 555 865 863 202 861 612 842 720 561 368 528 844 275 28 571 564 990 372 605 374 945 621 900 443 748 559 545 548 1266 307 730 1141 755 161 416 742 1011 152 865 605 696 530 254 1186 585 731 739 0 639 413 304 352 656 769 881 444 832 212 206 646 528 186 350 689 160 982 744 821 705 827 1043 558 774
154 67 723 672 815 156 418 500 574 795 990 738 465 186 932 189 230 495 632 496 111 404 746 105 289 308 484 526 520 367 361 540 162 817 710 766 681 509 600 255 401 672 577 420 360 191 117 391 589 247 191 741 639 0 651 525 853 93 167 337 405 333 555 816 243 170 528 289 226 799 639 531 462 389 526 405 338 480
503 587 418 1071 407 501 1023 593 574 461 339 1155 956 692 397 465 762 600 437 262 540 1055 131 684 389 891 319 627 144 928 787 858 493 979 150 320 875 1001 550 409 941 696 267 1024 386 585 595 457 1238 450 821 1080 413 651 0 156 764 607 817 725 251 659 216 592 502 645 530 448 554 481 1203 1003 1021 468 532 982 365 493
389 459 504 915 370 387 876 585 434 560 477 998 801 544 430 351 670 450 322 272 419 926 221 544 245 793 325 622 139 777 631 702 378 987 186 439 870 845 416 272 788 720 152 877 339 497 455 301 1115 364 682 926 304 525 156 0 654 498 688 661 172 601 92 504 424 498 386 295 475 414 1050 847 869 437 539 888 301 490
823 806 1159 652 428 822 924 1183 283 1213 911 718 722 709 594 804 1081 359 332 915 813 1112 705 781 658 1157 961 1220 792 806 615 491 816 1580 644 1082 1450 739 269 695 781 1342 505 923 925 966 735 487 1301 880 873 586 352 853 764 654 0 901 934 1153 778 1117 564 197 937 698 335 599 970 323 958 714 844 1023 1156 1249 876 1102
108 100 638 764 817 111 506 406 618 710 946 831 558 274 920 146 187 548 652 425 92 461 713 197 285 298 406 432 469 460 448 623 119 732 684 691 596 603 639 245 495 579 573 507 281 97 180 421 634 172 278 830 656 93 607 498 901 0 237 260 356 245 542 844 154 248 568 311 133 814 730 625 554 298 432 394 267 388
321 230 874 621 955 322 282 614 668 945 1156 673 397 224 1084 357 251 578 757 659 278 238 909 163 446 248 643 633 687 272 357 542 329 872 871 927 741 434 702 415 315 777 726 284 518 318 243 514 428 407 80 706 769 167 817 688 934 237 0 398 573 421 710 927 390 244 631 428 359 928 512 463 353 530 654 327 501 615
330 360 588 1001 1018 332 676 257 870 650 1041 1061 784 524 1091 354 150 805 882 478 341 537 850 442 508 248 432 262 581 667 697 878 338 482 838 688 347 824 887 467 708 393 773 678 338 187 440 667 651 301 470 1075 881 337 725 661 1153 260 398 0 491 68 729 1079 239 505 818 555 192 1032 907 851 751 271 321 303 364 307
253 344 416 917 541 251 798 420 523 483 589 997 766 477 600 216 513 507 456 149 294 809 365 452 191 641 185 458 114 715 605 718 244 823 347 401 702 813 518 190 735 567 306 800 167 336 368 337 988 201 584 947 444 405 251 172 778 356 573 491 0 430 252 651 257 430 468 271 309 575 996 821 812 266 382 733 128 330
294 342 523 1005 963 295 703 203 835 587 972 1068 792 518 1029 312 190 775 835 410 314 583 785 439 463 305 363 215 515 682 693 869 301 487 776 621 351 835 849 424 721 356 718 705 272 155 423 629 708 248 487 1074 832 333 659 601 1117 245 421 68 430 0 672 1034 186 494 781 518 146 981 933 859 770 202 260 368 301 241
433 488 594 868 290 431 872 671 358 649 492 952 775 541 378 397 722 388 232 363 456 946 227 556 265 840 416 708 231 766 604 652 423 1074 172 522 955 817 335 300 772 810 60 873 419 556 469 261 1139 427 694 871 212 555 216 92 564 542 710 729 252 672 0 412 489 498 315 291 538 324 1031 815 854 519 628 936 377 578
751 758 1001 778 231 750 975 1069 267 1050 714 853 797 707 398 725 1031 363 198 775 752 1132 518 764 571 1124 826 1107 643 855 659 585 742 1472 460 912 1347 824 227 612 839 1217 351 975 811 893 700 425 1327 787 878 730 206 816 592 504 197 844 927 1079 651 1034 412 0 848 682 296 533 888 127 1051 805 912 912 1033 1221 764 981
131 217 483 893 779 131 660 277 656 555 832 965 699 402 854 135 261 604 649 284 168 606 621 337 280 393 257 309 357 609 571 732 134 648 604 542 515 744 668 241 641 452 533 662 134 86 289 450 768 61 432 950 646 243 502 424 937 154 390 239 257 186 489 848 0 366 602 340 52 795 882 763 705 146 288 481 138 239
239 153 811 527 720 239 378 641 426 883 975 600 343 47 860 254 399 339 515 556 197 462 715 83 255 460 562 671 537 285 205 375 240 981 668 827 845 390 458 241 304 816 503 379 450 342 77 274 658 343 203 585 528 170 645 498 698 248 244 505 430 494 498 682 366 0 387 207 368 686 565 404 381 508 653 551 413 603
488 476 874 577 384 486 691 855 55 936 781 660 535 410 555 469 752 89 162 614 479 837 525 470 325 836 653 892 510 572 379 361 480 1248 461 824 1116 569 72 361 562 1019 271 691 601 631 411 152 1032 547 582 565 186 528 530 386 335 568 631 818 468 781 315 296 602 387 0 263 635 321 796 558 640 696 834 931 551 779
224 227 684 647 527 223 583 603 317 753 771 728 509 251 657 205 498 266 343 417 219 660 509 268 82 595 441 639 360 482 342 448 216 989 461 671 856 554 332 104 493 773 299 584 360 367 185 112 855 288 405 677 350 289 448 295 599 311 428 555 271 518 291 533 340 207 263 0 371 510 754 559 573 447 592 693 312 537
149 215 517 892 826 150 636 275 688 587 883 961 690 399 905 166 210 631 690 332 175 566 673 327 317 342 301 303 410 593 572 741 155 624 656 584 489 735 702 277 628 449 581 637 181 42 293 482 723 110 409 954 689 226 554 475 970 133 359 192 309 146 538 888 52 368 635 371 0 840 861 756 687 170 299 429 190 256
713 737 896 862 104 711 1012 995 314 942 587 941 852 717 278 682 1001 405 171 685 722 1147 396 764 530 1105 739 1033 549 893 700 657 703 1399 341 800 1278 884 268 571 883 1134 268 1012 741 850 690 413 1343 733 888 825 160 799 481 414 323 814 928 1032 575 981 324 127 795 686 321 510 840 0 1113 870 960 841 952 1202 696 902
779 676 1360 336 1181 780 230 1126 798 1432 1522 317 262 518 1349 805 757 709 958 1117 732 431 1257 554 817 705 1115 1146 1102 281 428 470 784 1368 1203 1389 1242 228 844 807 262 1290 1018 228 995 822 630 771 515 881 452 438 982 639 1203 1050 958 730 512 907 996 933 1031 1051 882 565 796 754 861 1113 0 246 184 1028 1161 737 966 1118
642 546 1215 162 942 642 265 1031 555 1287 1308 210 67 363 1113 659 711 469 720 956 597 504 1043 428 632 703 965 1057 919 194 217 223 644 1332 985 1223 1198 35 601 632 150 1204 795 263 855 723 480 553 654 746 385 260 744 531 1003 847 714 625 463 851 821 859 815 805 763 404 558 559 756 870 246 0 159 908 1052 764 818 1003
597 495 1179 315 1022 598 107 957 649 1251 1343 342 124 334 1184 622 604 556 799 933 550 349 1079 372 634 575 933 979 918 97 261 356 602 1224 1026 1205 1094 124 694 623 81 1124 844 105 814 649 446 598 496 701 283 417 821 462 1021 869 844 554 353 751 812 770 854 912 705 381 640 573 687 960 184 159 0 851 987 625 783 943
268 362 347 1035 807 268 804 159 752 417 772 1108 844 546 852 260 358 713 714 210 311 734 598 483 373 488 161 196 329 755 712 867 268 560 596 426 436 890 756 343 788 325 572 806 100 212 430 548 883 167 577 1088 705 389 468 437 1023 298 530 271 266 202 519 912 146 508 696 447 170 841 1028 908 851 0 147 563 148 95
415 505 272 1181 907 415 933 74 890 330 794 1253 987 690 929 408 447 856 838 274 456 838 663 624 515 565 217 99 412 893 858 1014 415 450 675 390 343 1032 891 487 927 185 685 935 233 338 576 689 969 315 708 1236 827 526 532 539 1156 432 654 321 382 260 628 1033 288 653 834 592 299 952 1161 1052 987 147 0 624 283 55
502 465 892 926 1211 504 525 558 974 954 1313 966 702 544 1314 539 220 890 1036 758 483 310 1097 468 679 97 719 557 838 570 684 868 513 657 1074 988 548 731 1004 639 614 670 968 527 608 397 520 796 363 532 403 1019 1043 405 982 888 1249 394 327 303 733 368 936 1221 481 551 931 693 429 1202 737 764 625 563 624 0 619 610
187 290 397 931 667 186 753 307 607 469 694 1008 757 457 728 161 400 573 566 157 234 729 486 411 233 531 149 344 220 686 610 749 182 708 474 427 583 804 609 208 712 468 428 755 49 223 340 406 898 95 529 975 558 338 365 301 876 267 501 364 128 301 377 764 138 413 551 312 190 696 966 818 783 148 283 619 0 228
363 456 281 1130 860 363 892 99 835 346 770 1203 938 640 888 355 421 801 785 232 406 808 625 576 460 545 174 134 367 847 807 961 363 497 633 384 383 984 837 432 881 240 634 894 178 296 525 634 946 262 665 1183 774 480 493 490 1102 388 615 307 330 241 578 981 239 603 779 537 256 902 1118 1003 943 95 55 610 228 0
