0 1019 1097 1307 200 1586 1087 48 1246 979 359 695 1367 1286 606 867
1019 0 2114 352 873 2376 1654 1061 1851 1191 1348 1576 2385 2114 1244 290
1097 2114 0 2402 1249 1120 1280 1053 1439 1617 777 863 270 1060 1236 1935
1307 352 2402 0 1186 2724 2007 1352 1944 1538 1654 1782 2672 2275 1406 640
200 873 1249 1186 0 1602 1015 222 1421 820 476 895 1518 1486 763 688
1586 2376 1120 2724 1602 0 787 1540 2464 1338 1262 1806 1149 2161 2049 2107
1087 1654 1280 2007 1015 787 0 1054 2239 550 895 1582 1458 2096 1669 1371
48 1061 1053 1352 222 1540 1054 0 1256 969 311 686 1324 1277 627 901
1246 1851 1439 1944 1421 2464 2239 1256 0 2225 1343 669 1601 516 667 1877
979 1191 1617 1538 820 1338 550 969 2225 0 981 1634 1843 2210 1580 901
359 1348 777 1654 476 1262 895 311 1343 981 0 691 1044 1240 806 1158
695 1576 863 1782 895 1806 1582 686 669 1634 691 0 1085 591 413 1502
1367 2385 270 2672 1518 1149 1458 1324 1601 1843 1044 1085 0 1165 1477 2203
1286 2114 1060 2275 1486 2161 2096 1277 516 2210 1240 591 1165 0 873 2072
606 1244 1236 1406 763 2049 1669 627 667 1580 806 413 1477 873 0 1228
867 290 1935 640 688 2107 1371 901 1877 901 1158 1502 2203 2072 1228 0
