0 721 841 117 593 354 1240 1710 389 29 1340 950 298 1470 842 384
721 0 527 632 646 491 1378 1482 1068 740 1727 1323 921 1101 143 536
841 527 0 820 344 487 898 2010 1032 869 2104 1696 870 1624 632 895
117 632 820 0 615 343 1307 1602 507 122 1309 909 411 1354 744 268
593 646 344 615 0 287 760 2053 703 622 1924 1525 545 1714 785 784
354 491 487 343 287 0 1032 1791 605 382 1651 1247 447 1475 633 497
1240 1378 898 1307 760 1032 0 2814 1111 1264 2557 2184 1026 2469 1506 1523
1710 1482 2010 1602 2053 1791 2814 0 2066 1700 1346 1223 2008 443 1393 1338
389 1068 1032 507 703 605 1111 2066 0 387 1476 1140 162 1852 1201 768
29 740 869 122 622 382 1264 1700 387 0 1312 924 307 1467 858 382
1340 1727 2104 1309 1924 1651 2557 1346 1476 1312 0 409 1533 1495 1752 1218
950 1323 1696 909 1525 1247 2184 1223 1140 924 409 0 1171 1253 1356 808
298 921 870 411 545 447 1026 2008 162 307 1533 1171 0 1765 1057 680
1470 1101 1624 1354 1714 1475 2469 443 1852 1467 1495 1253 1765 0 993 1086
842 143 632 744 785 633 1506 1393 1201 858 1752 1356 1057 993 0 607
384 536 895 268 784 497 1523 1338 768 382 1218 808 680 1086 607 0
