0 1387 545 1249 1515 910 537 762 1439 113 1701 733 1400 490 1427 1307 760
1387 0 1403 2517 1201 484 1694 848 2540 1289 2236 1778 2743 1087 2164 1221 1250
545 1403 0 1677 1906 943 333 1095 1937 592 1173 1274 1402 329 1973 854 1243
1249 2517 1677 0 2071 2085 1432 1698 445 1304 2597 775 1242 1735 1032 2522 1365
1515 1201 1906 2071 0 1205 2038 811 1885 1409 3031 1330 2830 1611 1288 2204 804
910 484 943 2085 1205 0 1218 541 2157 817 1903 1383 2259 617 1877 999 937
537 1694 333 1432 2038 1218 0 1253 1742 633 1229 1172 1073 608 1887 1160 1297
762 848 1095 1698 811 541 1253 0 1693 649 2224 938 2153 801 1345 1469 408
1439 2540 1937 445 1885 2157 1742 1693 0 1461 2951 774 1686 1925 680 2746 1305
113 1289 592 1304 1409 817 633 649 1461 0 1762 725 1513 468 1396 1297 670
1701 2236 1173 2597 3031 1903 1229 2224 2951 1762 0 2396 1731 1424 3110 1057 2414
733 1778 1274 775 1330 1383 1172 938 774 725 2396 0 1589 1193 715 2022 590
1400 2743 1402 1242 2830 2259 1073 2153 1686 1513 1731 1589 0 1671 2171 2155 2025
490 1087 329 1735 1611 617 608 801 1925 468 1424 1193 1671 0 1848 829 1019
1427 2164 1973 1032 1288 1877 1887 1345 680 1396 3110 715 2171 1848 0 2667 939
1307 1221 854 2522 2204 999 1160 1469 2746 1297 1057 2022 2155 829 2667 0 1788
760 1250 1243 1365 804 937 1297 408 1305 670 2414 590 2025 1019 939 1788 0
