0 1584 926 856 209 214 352 1504 967 1514 593 1230 1579 1360 944 64
1584 0 2499 1948 1792 1798 1730 3087 1616 2817 1699 2800 1171 1337 1328 1648
926 2499 0 1257 729 718 947 655 1616 968 988 304 2414 2139 1725 864
856 1948 1257 0 816 833 508 1520 447 2146 1441 1499 1343 1017 692 841
209 1792 729 816 0 17 325 1295 1023 1406 646 1033 1722 1477 1056 145
214 1798 718 833 17 0 342 1290 1041 1389 633 1023 1737 1493 1072 150
352 1730 947 508 325 342 0 1407 706 1720 932 1237 1468 1195 778 332
1504 3087 655 1520 1295 1290 1407 0 1952 1345 1644 457 2826 2517 2133 1439
967 1616 1616 447 1023 1041 706 1952 0 2426 1548 1885 896 570 289 982
1514 2817 968 2146 1406 1389 1720 1345 2426 0 1126 921 3090 2872 2453 1477
593 1699 988 1441 646 633 932 1644 1548 1126 0 1243 2038 1873 1479 600
1230 2800 304 1499 1033 1023 1237 457 1885 921 1243 0 2705 2422 2012 1168
1579 1171 2414 1343 1722 1737 1468 2826 896 3090 2038 2705 0 335 695 1623
1360 1337 2139 1017 1477 1493 1195 2517 570 2872 1873 2422 335 0 421 1395
944 1328 1725 692 1056 1072 778 2133 289 2453 1479 2012 695 421 0 977
64 1648 864 841 145 150 332 1439 982 1477 600 1168 1623 1395 977 0
