0 1100 1067 1392 412 672 1354 910 405 631 271 1226 116 1193 440 1270 321
1100 0 196 2129 797 1564 535 1844 1105 1036 873 1824 990 1164 1511 933 1421
1067 196 0 2207 713 1599 381 1877 1144 898 816 1919 966 973 1450 736 1384
1392 2129 2207 0 1765 724 2573 575 1094 2022 1623 353 1415 2585 1445 2631 1283
412 797 713 1765 0 1064 955 1316 689 361 145 1557 353 843 739 868 699
672 1564 1599 724 1064 0 1940 280 458 1300 919 628 710 1866 756 1932 575
1354 535 381 2573 955 1940 0 2213 1494 1012 1085 2294 1266 855 1684 538 1654
910 1844 1877 575 1316 280 2213 0 739 1518 1171 628 965 2089 879 2180 733
405 1105 1144 1094 689 458 1494 739 0 997 557 868 366 1530 749 1542 561
631 1036 898 2022 361 1300 1012 1518 997 0 451 1852 632 570 755 722 808
271 873 816 1623 145 919 1085 1171 557 451 0 1423 209 973 638 1013 572
1226 1824 1919 353 1557 628 2294 628 868 1852 1423 0 1223 2396 1384 2404 1198
116 990 966 1415 353 710 1266 965 366 632 209 1223 0 1176 555 1222 433
1193 1164 973 2585 843 1866 855 2089 1530 570 973 2396 1176 0 1302 334 1376
440 1511 1450 1445 739 756 1684 879 749 755 638 1384 555 1302 0 1476 197
1270 933 736 2631 868 1932 538 2180 1542 722 1013 2404 1222 334 1476 0 1509
321 1421 1384 1283 699 575 1654 733 561 808 572 1198 433 1376 197 1509 0
