0 333 1374 304 1019 1510 1380 1351 571 1439 861 967 1362 1490 1601 373
333 0 1548 634 818 1322 1709 1341 876 1721 1192 965 1090 1759 1281 555
1374 1548 0 1217 1413 2863 1668 2696 964 702 1170 2321 2623 2259 2305 1681
304 634 1217 0 1215 1757 1102 1483 297 1169 558 1114 1651 1319 1880 471
1019 818 1413 1215 0 1898 2291 2120 1295 1894 1694 1760 1494 2506 892 1351
1510 1322 2863 1757 1898 0 2498 779 2054 2925 2214 822 498 2123 1664 1321
1380 1709 1668 1102 2291 2498 0 1907 1007 1097 608 1684 2565 738 2979 1276
1351 1341 2696 1483 2120 779 1907 0 1762 2572 1784 385 1148 1406 2193 1015
571 876 964 297 1295 2054 1007 1762 0 873 401 1401 1933 1392 2052 763
1439 1721 702 1169 1894 2925 1097 2572 873 0 802 2235 2799 1788 2757 1617
861 1192 1170 558 1694 2214 608 1784 401 802 0 1468 2175 1089 2425 896
967 965 2321 1114 1760 822 1684 385 1401 2235 1468 0 1025 1317 1930 642
1362 1090 2623 1651 1494 498 2565 1148 1933 2799 2175 1025 0 2325 1167 1298
1490 1759 2259 1319 2506 2123 738 1406 1392 1788 1089 1317 2325 0 3016 1212
1601 1281 2305 1880 892 1664 2979 2193 2052 2757 2425 1930 1167 3016 0 1806
373 555 1681 471 1351 1321 1276 1015 763 1617 896 642 1298 1212 1806 0
