0 600 683 1006 166 178 337 495 144 1419 304 1319 370 1322 393 1717
600 0 245 1213 587 499 467 257 532 1203 622 1358 311 919 616 2230
683 245 0 1047 608 531 659 192 570 958 796 1602 315 1123 812 2165
1006 1213 1047 0 848 893 1299 955 899 873 1310 2324 940 2131 1394 1301
166 587 608 848 0 88 460 415 63 1264 463 1475 298 1400 545 1657
178 499 531 893 88 0 405 338 39 1243 437 1438 216 1320 510 1743
337 467 659 1299 460 405 0 525 403 1556 162 1040 438 997 153 2046
495 257 192 955 415 338 525 0 378 1034 643 1528 124 1176 675 2003
144 532 570 899 63 39 403 378 0 1274 419 1427 255 1337 497 1718
1419 1203 958 873 1264 1243 1556 1034 1274 0 1654 2555 1120 2013 1701 2161
304 622 796 1310 463 437 162 643 419 1654 0 1014 537 1115 96 1951
1319 1358 1602 2324 1475 1438 1040 1528 1427 2555 1014 0 1466 976 930 2816
370 311 315 940 298 216 438 124 255 1120 537 1466 0 1200 580 1919
1322 919 1123 2131 1400 1320 997 1176 1337 2013 1115 976 1200 0 1030 3040
393 616 812 1394 545 510 153 675 497 1701 96 930 580 1030 0 2046
1717 2230 2165 1301 1657 1743 2046 2003 1718 2161 1951 2816 1919 3040 2046 0
