0 41 463 299 440 141 529 442 215 134 230 495 683 315 310 384 710 270 596 560 67 830 239 798 200 276 93 707 109 781 375 148 420 351 444 117 513 609 239 615 555 648 660 322 274 837 429 273 226 371 512 540 359 316 571 749 858 661 77 245 280 376 458 487 648 211 13 621 250 709 595 476 278 219 680 572 9 553
41 0 449 286 459 110 508 482 213 166 203 516 677 334 310 353 670 231 625 522 50 866 219 802 238 234 80 666 112 779 386 160 455 310 441 91 507 645 203 644 550 627 677 364 303 809 425 313 260 351 549 502 327 280 568 778 827 699 99 211 319 353 499 449 619 238 37 623 240 747 610 464 238 187 706 613 51 566
463 449 0 163 362 517 885 657 659 588 595 406 246 778 755 213 565 535 572 751 400 1229 633 1248 626 451 525 725 359 1217 258 341 551 395 879 360 938 691 544 1057 138 993 446 628 417 440 864 555 665 117 913 382 243 594 167 685 501 793 407 304 681 741 730 354 294 670 471 253 675 1097 1058 884 503 301 1131 841 467 1015
299 286 163 0 330 359 742 553 497 427 442 388 396 615 593 173 572 397 545 646 236 1086 477 1087 470 325 363 676 198 1058 217 189 465 302 720 198 781 633 399 901 272 854 490 498 306 565 704 425 507 86 767 378 179 458 294 681 606 723 247 173 531 593 614 332 389 508 308 364 515 957 894 730 372 158 972 730 304 852
440 459 362 330 0 568 968 343 648 501 662 59 416 686 737 500 897 663 216 944 419 972 678 1199 484 617 533 1005 352 1199 114 301 221 623 872 420 945 329 648 871 323 1086 225 381 190 792 858 323 530 393 685 704 510 722 314 351 862 435 363 481 496 813 433 661 656 573 453 297 688 838 956 914 651 455 957 526 437 925
141 110 517 359 568 0 401 579 156 209 94 625 755 317 244 378 633 138 735 422 150 896 119 734 294 178 66 591 217 700 490 267 562 278 363 165 422 751 101 650 630 519 783 451 413 831 347 409 301 407 589 486 345 177 651 888 836 799 209 232 378 246 585 436 640 253 130 713 159 785 572 371 158 221 701 695 148 525
529 508 885 742 968 401 0 917 346 516 307 1024 1131 442 295 700 755 350 1121 302 551 999 289 492 586 439 435 573 618 409 891 667 931 525 231 563 198 1112 343 711 1012 119 1184 774 802 1097 229 758 561 768 768 702 663 292 1035 1275 1068 1139 605 581 651 154 892 670 919 490 516 1105 294 930 498 139 384 586 713 980 533 454
442 482 657 553 343 579 917 0 571 401 656 345 758 517 631 717 1104 712 299 1001 473 636 647 1002 331 711 517 1142 432 1031 407 398 121 765 749 509 825 209 680 582 656 1031 511 143 246 1097 739 169 362 638 378 915 710 756 651 422 1152 223 400 628 282 777 94 864 937 432 452 640 624 503 734 819 720 597 672 186 433 716
215 213 659 497 648 156 346 571 0 170 141 700 890 174 96 534 771 251 782 478 264 772 102 590 243 322 133 694 322 566 590 363 586 426 229 298 298 766 209 510 763 462 871 429 468 987 214 412 225 554 483 637 501 255 781 934 991 794 291 387 315 209 551 588 796 155 202 835 53 672 416 267 286 373 553 648 215 369
134 166 588 427 501 209 516 401 170 0 265 548 797 195 244 518 830 346 617 618 202 701 248 701 85 381 143 801 229 698 462 253 417 469 376 251 450 595 306 480 670 633 726 261 313 971 362 241 95 502 386 667 492 376 683 768 992 625 182 377 168 375 389 615 783 82 130 723 222 584 477 431 367 353 546 493 126 438
230 203 595 442 662 94 307 656 141 265 0 719 837 315 201 436 633 112 826 352 244 913 47 670 350 194 141 554 311 625 583 361 648 301 297 256 346 835 73 651 715 425 877 522 505 878 281 488 345 482 620 510 401 115 736 980 872 879 302 297 430 153 653 463 688 283 218 802 112 811 536 289 150 294 691 758 236 487
495 516 406 388 59 625 1024 345 700 548 719 0 429 730 788 556 951 722 165 1004 476 981 734 1242 525 677 588 1063 409 1246 170 359 224 682 922 479 996 296 706 897 350 1143 182 406 235 828 908 355 571 447 704 758 567 781 337 293 901 406 418 540 529 869 439 717 700 618 508 304 742 848 995 966 711 514 984 522 491 966
683 677 246 396 416 755 1131 758 890 797 837 429 0 991 987 451 737 781 573 991 626 1377 873 1479 818 697 756 935 574 1454 366 544 638 636 1115 593 1177 722 789 1242 127 1239 360 773 555 454 1099 704 861 363 1075 581 484 840 115 636 548 833 616 549 857 985 846 567 405 879 693 127 911 1243 1274 1126 750 545 1321 942 686 1234
315 334 778 615 686 317 442 517 174 195 315 730 991 0 152 683 944 425 777 636 380 601 273 512 205 492 272 865 420 522 655 447 568 595 238 425 311 726 383 336 864 544 911 377 496 1140 230 390 162 684 330 804 653 427 878 922 1151 729 375 536 235 343 471 753 949 114 307 919 211 508 282 320 459 517 383 545 310 243
310 310 755 593 737 244 295 631 96 244 201 788 987 152 0 622 831 312 861 488 360 746 153 493 300 395 230 728 418 470 684 459 660 501 134 395 207 833 274 468 860 404 962 487 554 1073 120 481 269 649 482 711 589 298 878 1012 1071 850 386 477 357 192 599 664 882 199 298 931 89 658 335 189 351 466 498 685 310 287
384 353 213 173 500 378 700 717 534 518 436 556 451 683 622 0 399 352 716 539 316 1210 481 1106 580 260 411 520 312 1061 386 327 635 185 733 266 782 806 372 998 352 801 638 646 472 456 717 576 609 113 890 204 36 407 381 848 474 895 362 147 652 566 770 160 266 592 387 466 535 1085 949 721 316 166 1060 888 392 903
710 670 565 572 897 633 755 1104 771 830 633 951 737 944 831 399 0 521 1113 470 654 1529 680 1240 909 454 692 253 677 1164 783 706 1031 360 895 608 914 1205 562 1280 686 812 1011 1016 865 431 882 951 926 504 1217 194 397 535 715 1241 360 1291 719 479 990 688 1147 241 340 885 708 803 745 1414 1162 842 485 510 1324 1265 720 1113
270 231 535 397 663 138 350 712 251 346 112 722 781 425 312 352 521 0 847 291 254 1020 159 766 432 93 204 455 316 712 571 366 686 195 396 243 436 876 42 761 664 459 865 588 529 778 381 542 435 418 720 401 316 61 688 999 767 931 325 231 515 214 722 357 591 381 260 761 224 914 647 371 40 239 803 833 278 598
596 625 572 545 216 735 1121 299 782 617 826 165 573 777 861 716 1113 847 0 1135 593 917 833 1281 572 813 688 1215 530 1299 329 481 209 830 991 606 1067 157 825 882 509 1240 244 410 321 989 979 386 614 609 677 920 724 902 492 153 1065 268 525 686 552 970 390 877 866 673 608 445 830 788 1020 1047 840 658 971 440 590 997
560 522 751 646 944 422 302 1001 478 618 352 1004 991 636 488 539 470 291 1135 0 545 1234 377 794 703 327 485 270 605 708 844 654 977 355 495 528 488 1167 321 955 889 342 1134 872 820 855 486 831 696 638 960 465 507 245 916 1286 809 1221 617 474 783 299 1004 450 696 631 550 998 429 1144 775 418 294 495 974 1111 568 728
67 50 400 236 419 150 551 473 264 202 244 476 626 380 360 316 654 254 593 545 0 895 265 853 264 238 131 669 67 830 340 117 434 298 491 50 557 624 232 682 499 669 632 366 275 769 476 307 292 304 576 479 293 308 517 746 791 685 74 181 341 397 500 425 581 279 73 573 290 772 658 513 252 154 748 616 75 615
830 866 1229 1086 972 896 999 636 772 701 913 981 1377 601 746 1210 1529 1020 917 1234 895 0 874 751 631 1075 836 1466 900 841 1012 898 756 1169 768 945 813 777 977 288 1264 1072 1145 606 824 1651 771 677 606 1171 320 1369 1188 1027 1265 999 1683 695 849 1076 558 936 541 1316 1469 643 830 1268 812 134 532 860 1050 1049 310 477 821 561
239 219 633 477 678 119 289 647 102 248 47 734 873 273 153 481 680 159 833 377 265 874 0 625 330 242 146 592 331 584 606 379 648 348 252 285 305 834 121 608 749 408 896 510 513 925 236 482 320 521 586 558 446 153 770 987 920 871 315 339 408 136 638 511 735 254 226 832 65 775 488 252 197 334 645 739 244 440
798 802 1248 1087 1199 734 492 1002 590 701 670 1242 1479 512 493 1106 1240 766 1281 794 853 751 625 0 717 858 723 1065 907 110 1162 944 1072 961 373 888 331 1211 737 508 1352 482 1424 872 1009 1544 389 898 673 1141 683 1161 1071 726 1369 1421 1529 1191 870 964 729 560 934 1120 1356 626 787 1419 575 749 273 400 806 956 447 972 796 285
200 238 626 470 484 294 586 331 243 85 350 525 818 205 300 580 909 432 572 703 264 631 330 717 0 463 228 886 274 727 465 284 366 548 423 314 498 533 392 431 692 700 707 188 294 1027 411 186 45 551 311 741 557 461 702 720 1054 552 223 446 83 452 308 687 841 102 201 733 297 508 472 489 452 419 506 409 191 440
276 234 451 325 617 178 439 711 322 381 194 677 697 492 395 260 454 93 813 327 238 1075 242 858 463 0 239 432 289 805 517 335 669 106 487 209 529 858 122 827 583 543 807 598 505 686 472 544 476 334 766 316 224 146 609 962 677 923 312 152 547 307 734 269 498 431 270 686 305 962 730 464 55 169 875 848 286 682
93 80 525 363 533 66 435 517 133 143 141 588 756 272 230 411 692 204 688 485 131 836 146 723 228 239 0 658 192 699 465 238 507 333 360 165 426 694 166 597 629 554 753 386 367 868 344 348 236 423 526 538 381 240 648 842 879 739 170 264 311 282 520 486 677 193 80 704 159 722 540 385 224 247 653 629 98 495
707 666 725 676 1005 591 573 1142 694 801 554 1063 935 865 728 520 253 455 1215 270 669 1466 592 1065 886 432 658 0 713 977 893 755 1093 386 756 635 757 1279 496 1196 859 604 1158 1030 925 683 746 976 891 633 1174 354 501 439 889 1356 614 1350 742 530 969 551 1165 371 566 835 701 977 654 1366 1036 686 434 560 1225 1280 717 988
109 112 359 198 352 217 618 432 322 229 311 409 574 420 418 312 677 316 530 605 67 900 331 907 274 289 192 713 0 889 274 50 380 333 551 79 618 569 297 704 446 737 565 339 216 753 535 273 310 276 579 494 295 373 462 682 783 636 50 198 341 464 469 441 569 311 120 513 352 773 701 577 311 167 774 587 111 660
781 779 1217 1058 1199 700 409 1031 566 698 625 1246 1454 522 470 1061 1164 712 1299 708 830 841 584 110 727 805 699 977 889 0 1153 929 1091 905 338 860 279 1241 688 582 1328 382 1425 895 1011 1487 354 913 685 1106 739 1098 1025 666 1347 1443 1466 1230 856 923 751 500 971 1061 1302 629 769 1402 542 826 330 340 751 918 531 1020 780 327
375 386 258 217 114 490 891 407 590 462 583 170 366 655 684 386 783 571 329 844 340 1012 606 1162 465 517 465 893 274 1153 0 227 295 514 818 331 888 434 560 879 252 1009 294 407 189 697 803 338 510 279 709 590 396 631 252 463 760 535 298 374 496 737 488 547 551 541 388 268 624 878 934 850 555 350 961 593 374 899
148 160 341 189 301 267 667 398 363 253 361 359 544 447 459 327 706 366 481 654 117 898 379 944 284 335 238 755 50 929 227 0 338 371 592 126 662 525 348 715 416 786 516 319 171 753 577 249 324 273 578 518 315 423 430 632 790 596 73 230 342 513 444 466 573 335 161 475 397 768 730 623 359 199 789 562 148 690
420 455 551 465 221 562 931 121 586 417 648 224 638 568 660 635 1031 686 209 977 434 756 648 1072 366 669 507 1093 380 1091 295 338 0 708 788 460 863 189 658 684 539 1048 395 202 168 991 776 179 406 546 486 838 633 736 533 353 1051 260 360 566 342 783 214 789 838 468 432 519 636 623 811 848 687 535 773 304 413 788
351 310 395 302 623 278 525 765 426 469 301 682 636 595 501 185 360 195 830 355 298 1169 348 961 548 106 333 386 333 905 514 371 708 0 592 257 631 893 228 928 533 621 792 664 540 583 577 604 565 283 856 210 152 238 560 973 572 967 368 144 629 405 798 162 397 527 348 643 411 1053 836 564 155 174 978 915 361 788
444 441 879 720 872 363 231 749 229 376 297 922 1115 238 134 733 895 396 991 495 491 768 252 373 423 487 360 756 551 338 818 592 788 592 0 522 75 955 365 480 989 314 1097 606 688 1173 15 608 387 770 548 797 698 363 1008 1141 1163 965 520 591 469 208 708 753 985 320 432 1064 204 701 280 92 437 584 485 783 444 233
117 91 360 198 420 165 563 509 298 251 256 479 593 425 395 266 608 243 606 528 50 945 285 888 314 209 165 635 79 860 331 126 460 257 522 0 585 648 229 732 467 679 626 408 295 720 506 346 343 259 626 430 243 302 486 757 741 715 111 132 390 409 541 377 531 327 121 547 318 822 701 536 234 104 796 658 125 657
513 507 938 781 945 422 198 825 298 450 346 996 1177 311 207 782 914 436 1067 488 557 813 305 331 498 529 426 757 618 279 888 662 863 631 75 585 0 1031 410 525 1052 258 1169 682 762 1214 88 684 462 827 611 830 746 395 1071 1217 1198 1039 590 644 544 229 782 790 1027 396 501 1130 267 755 300 72 476 639 519 855 514 258
609 645 691 633 329 751 1112 209 766 595 835 296 722 726 833 806 1205 876 157 1167 624 777 834 1211 533 858 694 1279 569 1241 434 525 189 893 955 648 1031 0 848 774 647 1229 401 349 354 1122 944 354 568 708 566 1010 808 926 633 226 1191 112 550 749 491 967 281 964 985 635 621 595 817 653 942 1022 877 719 864 301 602 925
239 203 544 399 648 101 343 680 209 306 73 706 789 383 274 372 562 42 825 321 232 977 121 737 392 122 166 496 297 688 560 348 658 228 365 229 410 848 0 719 669 456 855 552 505 808 350 510 394 428 678 437 336 77 692 978 800 899 300 240 475 197 686 391 619 339 228 762 185 871 609 348 77 243 762 796 247 561
615 644 1057 901 871 650 711 582 510 480 651 897 1242 336 468 998 1280 761 882 955 682 288 608 508 431 827 597 1196 704 582 879 715 684 928 480 732 525 774 719 0 1119 784 1076 491 693 1452 483 548 393 980 208 1135 971 761 1126 999 1472 728 653 855 384 655 495 1083 1263 407 611 1148 543 244 256 572 795 832 89 495 607 278
555 550 138 272 323 630 1012 656 763 670 715 350 127 864 860 352 686 664 509 889 499 1264 749 1352 692 583 629 859 446 1328 252 416 539 533 989 467 1052 647 669 1119 0 1123 337 658 439 481 973 587 735 251 957 511 381 724 29 599 561 756 489 433 735 864 739 488 379 752 566 118 785 1129 1146 1002 634 425 1197 842 558 1106
648 627 993 854 1086 519 119 1031 462 633 425 1143 1239 544 404 801 812 459 1240 342 669 1072 408 482 700 543 554 604 737 382 1009 786 1048 621 314 679 258 1229 456 784 1123 0 1302 888 921 1179 317 874 673 876 862 783 765 398 1147 1393 1142 1253 724 690 761 273 1003 756 1007 601 635 1218 412 1013 550 224 490 697 774 1087 653 513
660 677 446 490 225 783 1184 511 871 726 877 182 360 911 962 638 1011 865 244 1134 632 1145 896 1424 707 807 753 1158 565 1425 294 516 395 792 1097 626 1169 401 855 1076 337 1302 0 586 415 807 1082 538 753 524 881 826 658 926 312 276 894 512 583 660 712 1029 606 793 717 798 673 238 910 1013 1178 1136 848 639 1164 674 658 1148
322 364 628 498 381 451 774 143 429 261 522 406 773 377 487 646 1016 588 410 872 366 606 510 872 188 598 386 1030 339 895 407 319 202 664 606 408 682 349 552 491 658 888 586 0 218 1061 596 73 219 585 304 833 633 627 659 549 1105 364 297 537 143 637 135 780 887 288 330 668 482 472 609 676 600 506 578 250 313 587
274 303 417 306 190 413 802 246 468 313 505 235 555 496 554 472 865 529 321 820 275 824 513 1009 294 505 367 925 216 1011 189 171 168 540 688 295 762 354 505 693 439 921 415 218 0 855 674 148 339 391 519 673 468 582 441 475 907 428 204 398 311 649 313 623 691 383 287 455 513 690 766 735 526 367 776 426 269 734
837 809 440 565 792 831 1097 1097 987 971 878 828 454 1140 1073 456 431 778 989 855 769 1651 925 1544 1027 686 868 683 753 1487 697 753 991 583 1173 720 1214 1122 808 1452 481 1179 807 1061 855 0 1158 988 1060 479 1331 395 487 820 501 1078 102 1228 804 603 1093 987 1169 427 191 1047 841 568 983 1522 1403 1147 738 622 1516 1281 844 1357
429 425 864 704 858 347 229 739 214 362 281 908 1099 230 120 717 882 381 979 486 476 771 236 389 411 472 344 746 535 354 803 577 776 577 15 506 88 944 350 483 973 317 1082 596 674 1158 0 596 376 754 544 782 682 350 992 1129 1149 955 505 575 459 196 699 739 969 309 416 1048 188 701 289 93 422 568 491 776 429 242
273 313 555 425 323 409 758 169 412 241 488 355 704 390 481 576 951 542 386 831 307 677 482 898 186 544 348 976 273 913 338 249 179 604 608 346 684 354 510 548 587 874 538 73 148 988 596 0 227 512 370 766 564 586 590 533 1032 391 235 472 174 614 196 714 815 288 282 602 463 544 643 670 551 441 633 313 264 616
226 260 665 507 530 301 561 362 225 95 345 571 861 162 269 609 926 435 614 696 292 606 320 673 45 476 236 891 310 685 510 324 406 565 387 343 462 568 394 393 735 673 753 219 339 1060 376 227 0 586 290 763 585 459 745 760 1084 581 260 471 90 433 330 710 873 71 224 778 278 488 427 457 459 446 465 422 217 395
371 351 117 86 393 407 768 638 554 502 482 447 363 684 649 113 504 418 609 638 304 1171 521 1141 551 334 423 633 276 1106 279 273 546 283 770 259 827 708 428 980 251 876 524 585 391 479 754 512 586 0 852 311 135 477 278 738 519 801 327 187 615 625 700 272 302 582 378 360 566 1042 961 771 386 187 1049 816 377 917
512 549 913 767 685 589 768 378 483 386 620 704 1075 330 482 890 1217 720 677 960 576 320 586 683 311 766 526 1174 579 739 709 578 486 856 548 626 611 566 678 208 957 862 881 304 519 1331 544 370 290 852 0 1052 868 736 960 792 1363 522 529 757 237 673 288 999 1148 338 512 972 531 197 412 638 746 730 297 292 503 413
540 502 382 378 704 486 702 915 637 667 510 758 581 804 711 204 194 401 920 465 479 1369 558 1161 741 316 538 354 494 1098 590 518 838 210 797 430 830 1010 437 1135 511 783 826 833 673 395 782 766 763 311 1052 0 205 435 541 1049 368 1098 538 298 819 601 962 53 231 731 539 629 621 1249 1046 761 361 328 1187 1080 549 998
359 327 243 179 510 345 663 710 501 492 401 567 484 653 589 36 397 316 724 507 293 1188 446 1071 557 224 381 501 295 1025 396 315 633 152 698 243 746 808 336 971 381 765 658 633 468 487 682 564 585 135 868 205 0 371 410 860 500 893 343 116 632 530 759 156 295 564 361 494 501 1064 917 685 279 139 1032 877 368 871
316 280 594 458 722 177 292 756 255 376 115 781 840 427 298 407 535 61 902 245 308 1027 153 726 461 146 240 439 373 666 631 423 736 238 363 302 395 926 77 761 724 398 926 627 582 820 350 586 459 477 736 435 371 0 749 1055 803 976 378 291 543 166 760 394 636 399 306 822 217 927 627 327 91 300 796 868 324 578
571 568 167 294 314 651 1035 651 781 683 736 337 115 878 878 381 715 688 492 916 517 1265 770 1369 702 609 648 889 462 1347 252 430 533 560 1008 486 1071 633 692 1126 29 1147 312 659 441 501 992 590 745 278 960 541 410 749 0 577 583 743 503 458 742 887 737 517 406 765 582 88 805 1130 1160 1023 660 449 1205 837 574 1120
749 778 685 681 351 888 1275 422 934 768 980 293 636 922 1012 848 1241 999 153 1286 746 999 987 1421 720 962 842 1356 682 1443 463 632 353 973 1141 757 1217 226 978 999 599 1393 276 549 475 1078 1129 533 760 738 792 1049 860 1055 577 0 1161 307 679 830 692 1123 504 1009 973 821 762 512 982 878 1155 1199 991 803 1089 526 744 1135
858 827 501 606 862 836 1068 1152 991 992 872 901 548 1151 1071 474 360 767 1065 809 791 1683 920 1529 1054 677 879 614 783 1466 760 790 1051 572 1163 741 1198 1191 800 1472 561 1142 894 1105 907 102 1149 1032 1084 519 1363 368 500 803 583 1161 0 1295 834 616 1125 969 1219 409 217 1065 861 656 981 1557 1405 1129 726 639 1531 1333 867 1358
661 699 793 723 435 799 1139 223 794 625 879 406 833 729 850 895 1291 931 268 1221 685 695 871 1191 552 923 739 1350 636 1230 535 596 260 967 965 715 1039 112 899 728 756 1253 512 364 428 1228 955 391 581 801 522 1098 893 976 743 307 1295 0 611 826 495 1000 259 1050 1086 651 671 706 847 578 918 1038 936 795 816 234 652 907
77 99 407 247 363 209 605 400 291 182 302 418 616 375 386 362 719 325 525 617 74 849 315 870 223 312 170 742 50 856 298 73 360 368 520 111 590 550 300 653 489 724 583 297 204 804 505 235 260 327 529 538 343 378 503 679 834 611 0 241 291 451 430 485 619 264 90 549 327 723 657 553 326 210 724 547 76 617
245 211 304 173 481 232 581 628 387 377 297 540 549 536 477 147 479 231 686 474 181 1076 339 964 446 152 264 530 198 923 374 230 566 144 591 132 644 749 240 855 433 690 660 537 398 603 575 472 471 187 757 298 116 291 458 830 616 826 241 0 522 438 668 245 412 448 247 533 390 954 802 586 201 31 915 786 254 756
280 319 681 531 496 378 651 282 315 168 430 529 857 235 357 652 990 515 552 783 341 558 408 729 83 547 311 969 341 751 496 342 342 629 469 390 544 491 475 384 735 761 712 143 311 1093 459 174 90 615 237 819 632 543 742 692 1125 495 291 522 0 523 241 766 910 161 282 764 368 432 470 543 536 494 465 332 270 445
376 353 741 593 813 246 154 777 209 375 153 869 985 343 192 566 688 214 970 299 397 936 136 560 452 307 282 551 464 500 737 513 783 405 208 409 229 967 197 655 864 273 1029 637 649 987 196 614 433 625 673 601 530 166 887 1123 969 1000 451 438 523 0 760 561 802 363 363 954 155 850 485 160 252 440 676 856 380 437
458 499 730 614 433 585 892 94 551 389 653 439 846 471 599 770 1147 722 390 1004 500 541 638 934 308 734 520 1165 469 971 488 444 214 798 708 541 782 281 686 495 739 1003 606 135 313 1169 699 196 330 700 288 962 759 760 737 504 1219 259 430 668 241 760 0 910 1002 402 465 731 605 408 663 785 735 637 585 117 448 650
487 449 354 332 661 436 670 864 588 615 463 717 567 753 664 160 241 357 877 450 425 1316 511 1120 687 269 486 371 441 1061 547 466 789 162 753 377 790 964 391 1083 488 756 793 780 623 427 739 714 710 272 999 53 156 394 517 1009 409 1050 485 245 766 561 910 0 250 678 486 605 574 1196 999 722 316 275 1137 1028 496 951
648 619 294 389 656 640 919 937 796 783 688 700 405 949 882 266 340 591 866 696 581 1469 735 1356 841 498 677 566 569 1302 551 573 838 397 985 531 1027 985 619 1263 379 1007 717 887 691 191 969 815 873 302 1148 231 295 636 406 973 217 1086 619 412 910 802 1002 250 0 858 652 489 793 1341 1212 962 551 432 1326 1117 656 1165
211 238 670 508 573 253 490 432 155 82 283 618 879 114 199 592 885 381 673 631 279 643 254 626 102 431 193 835 311 629 541 335 468 527 320 327 396 635 339 407 752 601 798 288 383 1047 309 288 71 582 338 731 564 399 765 821 1065 651 264 448 161 363 402 678 858 0 205 804 208 533 395 387 408 425 469 493 205 358
13 37 471 308 453 130 516 452 202 130 218 508 693 307 298 387 708 260 608 550 73 830 226 787 201 270 80 701 120 769 388 161 432 348 432 121 501 621 228 611 566 635 673 330 287 841 416 282 224 378 512 539 361 306 582 762 861 671 90 247 282 363 465 486 652 205 0 633 237 709 586 463 270 222 675 578 18 544
621 623 253 364 297 713 1105 640 835 723 802 304 127 919 931 466 803 761 445 998 573 1268 832 1419 733 686 704 977 513 1402 268 475 519 643 1064 547 1130 595 762 1148 118 1218 238 668 455 568 1048 602 778 360 972 629 494 822 88 512 656 706 549 533 764 954 731 605 489 804 633 0 863 1133 1199 1084 735 522 1230 823 623 1162
250 240 675 515 688 159 294 624 53 222 112 742 911 211 89 535 745 224 830 429 290 812 65 575 297 305 159 654 352 542 624 397 636 411 204 318 267 817 185 543 785 412 910 482 513 983 188 463 278 566 531 621 501 217 805 982 981 847 327 390 368 155 605 574 793 208 237 863 0 716 425 226 262 381 580 701 252 376
709 747 1097 957 838 785 930 503 672 584 811 848 1243 508 658 1085 1414 914 788 1144 772 134 775 749 508 962 722 1366 773 826 878 768 623 1053 701 822 755 653 871 244 1129 1013 1013 472 690 1522 701 544 488 1042 197 1249 1064 927 1130 878 1557 578 723 954 432 850 408 1196 1341 533 709 1133 716 0 500 793 942 926 304 352 700 519
595 610 1058 894 956 572 498 734 416 477 536 995 1274 282 335 949 1162 647 1020 775 658 532 488 273 472 730 540 1036 701 330 934 730 811 836 280 701 300 942 609 256 1146 550 1178 609 766 1403 289 643 427 961 412 1046 917 627 1160 1155 1405 918 657 802 470 485 663 999 1212 395 586 1199 425 500 0 361 686 786 225 699 590 48
476 464 884 730 914 371 139 819 267 431 289 966 1126 320 189 721 842 371 1047 418 513 860 252 400 489 464 385 686 577 340 850 623 848 564 92 536 72 1022 348 572 1002 224 1136 676 735 1147 93 670 457 771 638 761 685 327 1023 1199 1129 1038 553 586 543 160 785 722 962 387 463 1084 226 793 361 0 411 584 574 865 478 317
278 238 503 372 651 158 384 720 286 367 150 711 750 459 351 316 485 40 840 294 252 1050 197 806 452 55 224 434 311 751 555 359 687 155 437 234 476 877 77 795 634 490 848 600 526 738 422 551 459 386 746 361 279 91 660 991 726 936 326 201 536 252 735 316 551 408 270 735 262 942 686 411 0 213 839 848 287 637
219 187 301 158 455 221 586 597 373 353 294 514 545 517 466 166 510 239 658 495 154 1049 334 956 419 169 247 560 167 918 350 199 535 174 584 104 639 719 243 832 425 697 639 506 367 622 568 441 446 187 730 328 139 300 449 803 639 795 210 31 494 440 637 275 432 425 222 522 381 926 786 584 213 0 894 755 228 741
680 706 1131 972 957 701 713 672 553 546 691 984 1321 383 498 1060 1324 803 971 974 748 310 645 447 506 875 653 1225 774 531 961 789 773 978 485 796 519 864 762 89 1197 774 1164 578 776 1516 491 633 465 1049 297 1187 1032 796 1205 1089 1531 816 724 915 465 676 585 1137 1326 469 675 1230 580 304 225 574 839 894 0 582 673 260
572 613 841 730 526 695 980 186 648 493 758 522 942 545 685 888 1265 833 440 1111 616 477 739 972 409 848 629 1280 587 1020 593 562 304 915 783 658 855 301 796 495 842 1087 674 250 426 1281 776 313 422 816 292 1080 877 868 837 526 1333 234 547 786 332 856 117 1028 1117 493 578 823 701 352 699 865 848 755 582 0 562 693
9 51 467 304 437 148 533 433 215 126 236 491 686 310 310 392 720 278 590 568 75 821 244 796 191 286 98 717 111 780 374 148 413 361 444 125 514 602 247 607 558 653 658 313 269 844 429 264 217 377 503 549 368 324 574 744 867 652 76 254 270 380 448 496 656 205 18 623 252 700 590 478 287 228 673 562 0 549
553 566 1015 852 925 525 454 716 369 438 487 966 1234 243 287 903 1113 598 997 728 615 561 440 285 440 682 495 988 660 327 899 690 788 788 233 657 258 925 561 278 1106 513 1148 587 734 1357 242 616 395 917 413 998 871 578 1120 1135 1358 907 617 756 445 437 650 951 1165 358 544 1162 376 519 48 317 637 741 260 693 549 0
