0 1474 1228 1651 142 272 1254 668 376 1555 1681 184 113 1210 1208 314
1474 0 1776 2993 1369 1465 1657 1612 1709 3019 1630 1431 1492 1760 269 1759
1228 1776 0 1585 1124 956 160 573 1578 2258 2767 1046 1119 2412 1622 1435
1651 2993 1585 0 1695 1549 1741 1405 1696 1178 3231 1608 1579 2621 2753 1522
142 1369 1124 1695 0 191 1137 583 515 1678 1718 99 122 1291 1107 454
272 1465 956 1549 191 0 985 399 632 1653 1910 95 164 1474 1214 519
1254 1657 160 1741 1137 985 0 632 1617 2377 2727 1069 1149 2408 1519 1486
668 1612 573 1405 583 399 632 0 1006 1797 2290 494 555 1873 1393 862
376 1709 1578 1696 515 632 1617 1006 0 1329 1536 556 469 962 1440 186
1555 3019 2258 1178 1678 1653 2377 1797 1329 0 2631 1645 1564 1956 2750 1259
1681 1630 2767 3231 1718 1910 2727 2290 1536 2631 0 1816 1788 675 1501 1715
184 1431 1046 1608 99 95 1069 494 556 1645 1816 0 92 1379 1174 462
113 1492 1119 1579 122 164 1149 555 469 1564 1788 92 0 1323 1230 370
1210 1760 2412 2621 1291 1474 2408 1873 962 1956 675 1379 1323 0 1546 1148
1208 269 1622 2753 1107 1214 1519 1393 1440 2750 1501 1174 1230 1546 0 1490
314 1759 1435 1522 454 519 1486 862 186 1259 1715 462 370 1148 1490 0
