0 836 854 827 830 1703 1272 1695 1029 1371 752 709 818 1046 238 995
836 0 1089 976 1332 2335 1904 1600 1832 896 875 606 114 1673 818 1615
854 1089 0 125 378 2476 2065 2468 1646 916 215 489 987 746 1077 1810
827 976 125 0 488 2489 2071 2395 1685 807 104 371 872 861 1039 1806
830 1332 378 488 0 2269 1884 2523 1385 1294 540 786 1247 374 1068 1658
1703 2335 2476 2489 2269 0 436 1735 924 3062 2433 2411 2378 2210 1572 726
1272 1904 2065 2071 1884 436 0 1501 645 2627 2010 1978 1944 1870 1136 290
1695 1600 2468 2395 2523 1735 1501 0 1968 2493 2295 2090 1707 2722 1460 1378
1029 1832 1646 1685 1385 924 645 1968 0 2373 1651 1703 1833 1289 1018 603
1371 896 916 807 1294 3062 2627 2493 2373 0 782 669 796 1662 1493 2340
752 875 215 104 540 2433 2010 2295 1651 782 0 273 773 914 955 1741
709 606 489 371 786 2411 1978 2090 1703 669 273 0 501 1155 861 1696
818 114 987 872 1247 2378 1944 1707 1833 796 773 501 0 1596 832 1653
1046 1673 746 861 374 2210 1870 2722 1289 1662 914 1155 1596 0 1269 1687
238 818 1077 1039 1068 1572 1136 1460 1018 1493 955 861 832 1269 0 847
995 1615 1810 1806 1658 726 290 1378 603 2340 1741 1696 1653 1687 847 0
