0 413 144 189 1572 1241 1271 451 500 1462 765 748 262 756 1601 1003
413 0 284 540 1900 1431 1090 776 554 1712 601 987 533 842 1509 1065
144 284 0 318 1640 1242 1153 509 426 1491 737 765 276 707 1612 1059
189 540 318 0 1613 1367 1461 544 684 1555 727 869 418 925 1495 856
1572 1900 1640 1613 0 773 1893 1131 1426 462 2331 947 1369 1244 3081 2388
1241 1431 1242 1367 773 0 1137 827 880 356 1979 498 982 610 2843 2223
1271 1090 1153 1461 1893 1137 0 1214 813 1492 1661 1079 1108 744 2553 2155
451 776 509 544 1131 827 1214 0 432 1015 1216 331 243 508 2036 1397
500 554 426 684 1426 880 813 432 0 1179 1131 479 295 291 2027 1485
1462 1712 1491 1555 462 356 1492 1015 1179 0 2223 728 1217 935 3050 2394
765 601 737 727 2331 1979 1661 1216 1131 2223 0 1500 1006 1422 908 588
748 987 765 869 947 498 1079 331 479 728 1500 0 494 339 2349 1725
262 533 276 418 1369 982 1108 243 295 1217 1006 494 0 507 1861 1262
756 842 707 925 1244 610 744 508 291 935 1422 339 507 0 2315 1757
1601 1509 1612 1495 3081 2843 2553 2036 2027 3050 908 2349 1861 2315 0 709
1003 1065 1059 856 2388 2223 2155 1397 1485 2394 588 1725 1262 1757 709 0
