0 1483 728 1294 268 415 169 23 391 885 696 550 278 549 1230 768
1483 0 755 1271 1744 1662 1469 1472 1186 1929 929 1243 1403 2000 2671 1353
728 755 0 1022 992 935 718 717 455 1311 372 584 666 1247 1924 784
1294 1271 1022 0 1513 1106 1147 1271 931 2148 1384 743 1027 1515 2012 560
268 1744 992 1513 0 481 370 285 650 778 910 778 489 377 1023 964
415 1662 935 1106 481 0 273 399 480 1248 1038 457 271 413 1022 546
169 1469 718 1147 370 273 0 147 300 1053 771 408 120 531 1205 607
23 1472 717 1271 285 399 147 0 370 908 697 527 254 551 1233 745
391 1186 455 931 650 480 300 370 0 1217 629 219 217 824 1486 470
885 1929 1311 2148 778 1248 1053 908 1217 0 1007 1416 1162 1095 1564 1648
696 929 372 1384 910 1038 771 697 629 1007 0 828 778 1244 1922 1066
550 1243 584 743 778 457 408 527 219 1416 828 0 288 859 1476 250
278 1403 666 1027 489 271 120 254 217 1162 778 288 0 610 1268 491
549 2000 1247 1515 377 413 531 551 824 1095 1244 859 610 0 681 958
1230 2671 1924 2012 1023 1022 1205 1233 1486 1564 1922 1476 1268 681 0 1501
768 1353 784 560 964 546 607 745 470 1648 1066 250 491 958 1501 0
