0 474 70 841 1083 1233 59 1682 1077 731 1242 643 456 13 310 20
474 0 541 465 1331 1639 533 1286 744 529 1335 1118 68 461 530 494
70 541 0 891 1084 1196 18 1730 1145 795 1267 577 525 84 303 51
841 465 891 0 1795 2066 892 842 1004 934 1789 1445 531 831 715 858
1083 1331 1084 1795 0 658 1070 2606 1326 1018 441 1047 1267 1085 1387 1078
1233 1639 1196 2066 658 0 1191 2909 1870 1509 1097 818 1590 1242 1467 1218
59 533 18 892 1070 1191 0 1731 1130 778 1250 584 516 73 317 39
1682 1286 1730 842 2606 2909 1731 0 1552 1650 2535 2266 1345 1672 1518 1699
1077 744 1145 1004 1326 1870 1130 1552 0 384 1085 1646 703 1064 1252 1095
731 529 795 934 1018 1509 778 1650 384 0 884 1266 466 719 955 746
1242 1335 1267 1789 441 1097 1250 2535 1085 884 0 1396 1267 1239 1551 1244
643 1118 577 1445 1047 818 584 2266 1646 1266 1396 0 1097 656 749 623
456 68 525 531 1267 1590 516 1345 703 466 1267 1097 0 442 553 476
13 461 84 831 1085 1242 73 1672 1064 719 1239 656 442 0 312 34
310 530 303 715 1387 1467 317 1518 1252 955 1551 749 553 312 0 311
20 494 51 858 1078 1218 39 1699 1095 746 1244 623 476 34 311 0
