0 1709 1031 1298 1516 393 1471 189 295 194 407 1022 930 59 704 1371
1709 0 1685 2991 192 1360 3083 1729 1840 1536 1817 1274 999 1658 2300 3039
1031 1685 0 2029 1530 1138 2337 1215 1326 1070 697 411 1501 1044 1031 2162
1298 2991 2029 0 2800 1632 434 1263 1160 1457 1380 2208 2094 1343 1012 178
1516 192 1530 2800 0 1169 2897 1538 1650 1343 1629 1123 832 1465 2111 2849
393 1360 1138 1632 1169 0 1737 369 481 199 705 977 538 334 1090 1679
1471 3083 2337 434 2897 1737 0 1381 1257 1593 1652 2459 2124 1503 1365 257
189 1729 1215 1263 1538 369 1381 0 131 214 594 1176 864 171 830 1312
295 1840 1326 1160 1650 481 1257 131 0 343 678 1304 942 293 840 1199
194 1536 1070 1457 1343 199 1593 214 343 0 541 984 736 135 894 1516
407 1817 697 1380 1629 705 1652 594 678 541 0 828 1222 447 486 1496
1022 1274 411 2208 1123 977 2459 1176 1304 984 828 0 1213 1011 1273 2319
930 999 1501 2094 832 538 2124 864 942 736 1222 1213 0 871 1628 2113
59 1658 1044 1343 1465 334 1503 171 293 135 447 1011 871 0 763 1411
704 2300 1031 1012 2111 1090 1365 830 840 894 486 1273 1628 763 0 1160
1371 3039 2162 178 2849 1679 257 1312 1199 1516 1496 2319 2113 1411 1160 0
