0 432 1010 241 1142 1 1101 268 601 1418 1596 1317 1073 1208 649 1640
432 0 1217 505 1096 431 1495 169 345 1034 1828 1010 1446 1388 943 1483
1010 1217 0 1239 663 1011 1624 1150 1532 2218 611 1369 649 203 1523 1198
241 505 1239 0 1378 241 996 348 518 1354 1811 1485 1220 1439 448 1861
1142 1096 663 1378 0 1142 2078 1126 1440 1912 1090 766 1294 664 1781 567
1 431 1011 241 1142 0 1102 266 600 1416 1597 1316 1074 1208 650 1639
1101 1495 1624 996 2078 1102 0 1329 1475 2271 1980 2411 1157 1809 642 2634
268 169 1150 348 1126 266 1329 0 384 1163 1756 1141 1314 1333 794 1561
601 345 1532 518 1440 600 1475 384 0 836 2140 1267 1674 1713 851 1804
1418 1034 2218 1354 1912 1416 2271 1163 836 0 2825 1383 2476 2369 1629 2065
1596 1828 611 1811 1090 1597 1980 1756 2140 2825 0 1856 826 462 2032 1482
1317 1010 1369 1485 766 1316 2411 1141 1267 1383 1856 0 1925 1416 1934 690
1073 1446 649 1220 1294 1074 1157 1314 1674 2476 826 1925 0 767 1308 1844
1208 1388 203 1439 664 1208 1809 1333 1713 2369 462 1416 767 0 1726 1141
649 943 1523 448 1781 650 642 794 851 1629 2032 1934 1308 1726 0 2289
1640 1483 1198 1861 567 1639 2634 1561 1804 2065 1482 690 1844 1141 2289 0
