0 212 1303 994 1537 87 601 1074 32 1471 1545 464 1349 1653 238 1614
212 0 1239 1067 1579 200 737 864 245 1310 1589 609 1407 1449 381 1759
1303 1239 0 2292 764 1215 1072 1199 1319 2218 781 1760 771 1982 1156 2883
994 1067 2292 0 2486 1081 1473 1720 982 1405 2493 577 2285 1913 1187 837
1537 1579 764 2486 0 1460 1021 1866 1536 2787 17 1909 212 2662 1312 2883
87 200 1215 1081 1460 0 552 1035 106 1500 1469 550 1275 1648 187 1697
601 737 1072 1473 1021 552 0 1429 587 2048 1026 896 815 2137 366 1886
1074 864 1199 1720 1866 1035 1429 0 1107 1065 1882 1427 1774 795 1167 2519
32 245 1319 982 1536 106 587 1107 0 1494 1545 443 1346 1683 229 1591
1471 1310 2218 1405 2787 1500 2048 1065 1494 0 2800 1509 2648 639 1687 2219
1545 1589 781 2493 17 1469 1026 1882 1545 2800 0 1915 214 2678 1320 2885
464 609 1760 577 1909 550 896 1427 443 1509 1915 0 1707 1853 620 1153
1349 1407 771 2285 212 1275 815 1774 1346 2648 214 1707 0 2565 1119 2671
1653 1449 1982 1913 2662 1648 2137 795 1683 639 2678 1853 2565 0 1818 2749
238 381 1156 1187 1312 187 366 1167 229 1687 1320 620 1119 1818 0 1727
1614 1759 2883 837 2883 1697 1886 2519 1591 2219 2885 1153 2671 2749 1727 0
