0 845 189 898 397 1340 13 738 1545 370 417 1440 1726 1377 1649 1163
845 0 1030 279 1192 1448 854 1572 1805 1087 831 2229 1977 2186 2330 1172
189 1030 0 1087 232 1429 183 549 1500 269 538 1255 1768 1190 1489 1280
898 279 1087 0 1283 1204 903 1635 2052 1205 746 2332 1744 2275 2487 922
397 1192 232 1283 0 1650 397 396 1332 154 770 1049 1962 995 1258 1510
1340 1448 1429 1204 1650 0 1332 1778 2880 1691 926 2488 548 2380 2852 283
13 854 183 903 397 1332 0 732 1555 375 409 1437 1715 1373 1650 1156
738 1572 549 1635 396 1778 732 0 1501 540 1014 736 1988 654 1080 1695
1545 1805 1500 2052 1332 2880 1555 1501 0 1231 1954 1500 3264 1574 1154 2679
370 1087 269 1205 154 1691 375 540 1231 0 780 1142 2038 1102 1292 1529
417 831 538 746 770 926 409 1014 1954 780 0 1750 1343 1667 2023 748
1440 2229 1255 2332 1049 2488 1437 736 1500 1142 1750 0 2632 130 525 2425
1726 1977 1768 1744 1962 548 1715 1988 3264 2038 1343 2632 0 2512 3061 830
1377 2186 1190 2275 995 2380 1373 654 1574 1102 1667 130 2512 0 651 2327
1649 2330 1489 2487 1258 2852 1650 1080 1154 1292 2023 525 3061 651 0 2748
1163 1172 1280 922 1510 283 1156 1695 2679 1529 748 2425 830 2327 2748 0
