0 138 16 280 471 830 722 236 183 494 535 285 527 43 772 537 132 687 416 424 806 695 287 711 457 392 4 132 532 245 737 753 119 794 261 350 275 217 609 577 407 686 760 865 230 248 561 230 714 225 795 529 519 648 644 439 406 515 272 494 748 144 595 797 538 587 326 807 792 161 665 786 770 57 12 179 400 459
138 0 142 396 334 692 642 355 313 632 600 296 420 122 818 676 39 549 305 349 920 806 362 833 525 477 134 255 668 234 604 877 150 831 170 213 272 354 627 440 467 610 696 727 96 149 478 325 741 93 657 393 425 613 746 302 313 468 374 357 881 17 478 911 406 514 368 899 798 249 672 917 644 137 131 243 524 509
16 142 0 267 476 835 712 224 173 493 549 270 522 59 756 534 141 691 411 439 813 702 300 700 441 376 19 120 525 261 737 742 105 778 255 356 261 212 625 580 390 676 776 868 237 243 575 241 730 226 799 532 512 634 630 445 419 531 282 500 740 150 591 785 538 577 342 817 808 145 681 777 767 43 28 194 389 474
280 396 267 0 719 1071 776 43 111 365 676 280 664 320 569 365 405 921 575 702 789 697 457 436 249 159 284 147 314 507 931 482 262 607 427 605 303 148 814 805 229 734 1031 1087 493 429 840 383 901 457 1027 751 628 616 368 690 686 780 395 742 502 409 746 517 737 645 534 858 1001 157 879 529 936 259 292 401 132 635
471 334 476 719 0 358 593 681 646 961 809 532 335 448 1029 1008 343 220 274 337 1200 1084 620 1153 791 768 467 585 1002 427 329 1201 457 1025 323 122 499 688 746 131 731 580 605 404 242 309 381 613 862 262 328 114 390 690 1045 33 271 479 662 23 1213 327 327 1221 184 512 580 1139 870 563 761 1247 407 466 464 518 851 706
830 692 835 1071 358 0 719 1035 1003 1318 1111 856 530 806 1306 1367 701 153 545 601 1530 1415 956 1501 1112 1103 825 942 1360 758 270 1550 809 1289 655 480 822 1047 998 271 1053 728 710 123 600 646 562 959 1105 616 73 326 598 901 1379 390 550 708 1006 335 1569 685 463 1561 369 702 900 1445 1075 914 993 1601 370 823 822 863 1204 1008
722 642 712 776 593 719 0 766 787 1136 1242 499 261 739 685 1141 681 601 358 891 1519 1411 999 1088 647 698 721 735 1083 869 451 1146 612 648 472 608 484 857 1257 529 609 42 1197 643 637 493 968 951 1373 564 646 498 223 241 912 600 828 1037 994 597 1228 655 277 1098 419 135 1010 1529 1413 662 1292 1231 367 671 726 882 884 1152
236 355 224 43 681 1035 766 0 70 370 644 267 640 277 600 379 362 885 547 658 781 684 420 478 277 190 241 103 339 464 901 522 226 636 396 565 285 120 776 769 249 724 987 1053 452 396 796 346 866 419 992 717 608 618 411 651 643 737 361 704 536 367 721 561 705 633 494 840 963 123 840 566 910 218 248 359 170 599
183 313 173 111 646 1003 787 70 0 354 578 292 640 220 668 379 314 856 540 598 740 639 350 529 344 260 188 63 357 398 886 569 206 702 383 527 303 70 706 743 311 747 921 1029 409 380 735 276 796 388 964 692 615 657 477 615 586 671 293 669 567 323 718 619 688 653 424 786 893 125 770 604 904 179 194 290 217 529
494 632 493 365 961 1318 1136 370 354 0 525 636 995 512 861 82 618 1179 892 813 449 380 434 446 581 493 498 415 169 601 1230 449 557 912 734 839 653 290 728 1072 581 1094 1070 1359 718 728 940 390 774 719 1288 1024 970 981 530 928 827 828 356 984 356 635 1071 565 1031 1002 526 568 898 478 799 417 1255 517 500 475 298 544
535 600 549 676 809 1111 1242 644 578 525 0 816 1015 509 1245 607 562 1013 901 511 447 345 248 958 922 834 535 590 684 391 1137 970 654 1280 769 710 810 528 217 940 889 1209 623 1195 626 749 586 312 248 684 1110 914 1026 1183 995 779 562 435 285 826 880 589 1063 1075 959 1111 237 333 373 661 285 943 1203 592 527 361 713 103
285 296 270 280 532 856 499 267 292 636 816 0 393 320 523 645 329 702 320 645 1031 927 569 660 259 251 286 246 594 512 678 714 169 534 208 443 33 362 893 585 198 458 992 850 367 225 770 504 1000 295 801 530 350 372 523 511 604 764 540 553 765 314 478 708 496 366 611 1065 1073 169 946 781 669 228 295 465 400 744
527 420 522 664 335 530 261 640 640 995 1015 393 0 533 778 1017 455 388 114 632 1334 1221 782 1050 623 639 525 580 978 630 300 1105 439 759 267 349 364 705 1009 292 569 245 936 490 393 280 707 744 1127 331 463 250 68 376 899 340 568 779 791 341 1158 429 85 1088 176 183 779 1320 1159 520 1040 1175 276 487 528 664 791 920
43 122 59 320 448 806 739 277 220 512 509 320 533 0 814 560 105 667 419 382 801 688 262 749 500 435 39 174 561 202 727 789 151 835 270 326 307 246 572 560 449 703 717 847 206 253 519 212 679 215 775 514 530 676 686 416 366 472 259 471 779 123 596 837 529 605 292 792 754 204 626 820 765 93 30 148 438 429
772 818 756 569 1029 1306 685 600 668 861 1245 523 778 814 0 817 848 1158 770 1167 1311 1235 1017 561 323 410 775 669 721 1016 1073 614 675 61 718 958 552 717 1369 1048 366 652 1514 1267 891 738 1294 943 1464 817 1241 996 711 445 375 1014 1128 1280 961 1047 747 836 855 511 939 627 1083 1412 1556 612 1430 718 1019 722 784 939 568 1197
537 676 534 365 1008 1367 1141 379 379 82 607 645 1017 560 817 0 666 1225 919 880 502 445 508 369 556 473 542 442 100 667 1265 369 585 870 763 886 665 323 810 1114 564 1099 1147 1402 766 759 1010 459 856 759 1333 1065 987 973 470 976 891 902 429 1031 274 681 1096 488 1066 1010 601 637 980 497 881 335 1283 553 544 540 271 625
132 39 141 405 343 701 681 362 314 618 562 329 455 105 848 666 0 561 340 320 891 776 327 840 549 497 127 259 664 195 627 883 174 863 209 221 307 348 588 456 493 649 666 742 100 187 452 295 701 124 670 411 463 652 762 310 289 434 343 366 880 26 510 922 431 553 329 865 759 265 633 918 671 147 123 209 530 471
687 549 691 921 220 153 601 885 856 1179 1013 702 388 667 1158 1225 561 0 393 514 1416 1300 837 1348 959 950 683 794 1214 641 185 1399 659 1143 502 341 669 903 924 117 900 603 695 185 461 494 508 833 1036 468 108 172 456 764 1226 253 454 640 881 198 1421 544 330 1408 219 566 790 1346 1024 764 929 1451 291 676 680 737 1054 909
416 305 411 575 274 545 358 547 540 892 901 320 114 419 770 919 340 393 0 535 1221 1108 667 980 570 572 413 478 886 517 358 1033 335 759 158 254 288 601 900 279 512 334 854 530 281 168 623 630 1017 216 486 226 135 416 842 269 474 680 677 287 1075 314 179 1028 177 250 665 1205 1055 424 934 1096 364 378 416 549 705 806
424 349 439 702 337 601 891 658 598 813 511 645 632 382 1167 880 320 514 535 0 940 828 392 1124 869 813 420 556 907 213 661 1160 495 1179 478 283 619 606 412 462 814 869 347 690 285 454 137 423 526 367 605 451 670 926 1069 314 66 146 461 347 1131 331 648 1217 515 784 316 844 534 580 424 1178 744 460 412 341 814 408
806 920 813 789 1200 1530 1519 781 740 449 447 1031 1334 801 1311 502 891 1416 1221 940 0 115 579 853 1024 934 808 786 602 774 1514 837 907 1361 1067 1086 1039 670 645 1328 1016 1480 1065 1601 980 1053 1030 596 617 1014 1519 1291 1325 1397 972 1167 983 881 547 1220 701 916 1398 969 1321 1383 630 202 744 861 702 766 1563 851 805 687 746 539
695 806 702 697 1084 1415 1411 684 639 380 345 927 1221 688 1235 445 776 1300 1108 828 115 0 463 811 938 847 696 681 544 659 1398 802 798 1283 956 970 934 570 553 1212 926 1372 968 1485 864 941 921 481 541 900 1404 1176 1214 1296 911 1052 869 774 433 1104 676 801 1284 929 1206 1275 515 194 671 758 614 742 1448 741 693 572 667 431
287 362 300 457 620 956 999 420 350 434 248 569 782 262 1017 508 327 837 667 392 579 463 0 808 693 610 287 350 555 198 936 832 406 1048 527 507 562 315 356 748 654 965 639 1022 405 508 511 73 446 452 942 713 787 935 806 588 420 394 80 641 775 353 837 916 747 867 93 538 544 418 422 830 991 344 279 118 523 181
711 833 700 436 1153 1501 1088 478 529 446 958 660 1050 749 561 369 840 1348 980 1124 853 811 808 0 441 410 716 580 277 917 1338 58 696 622 847 1041 691 519 1146 1231 486 1047 1434 1507 930 854 1261 742 1206 891 1452 1177 1000 870 191 1125 1115 1182 730 1176 189 845 1135 119 1152 977 899 1004 1326 589 1216 157 1326 696 723 796 311 957
457 525 441 249 791 1112 647 277 344 581 922 259 623 500 323 556 549 959 570 869 1024 938 693 441 0 91 460 346 474 702 920 499 375 358 467 698 292 396 1046 842 60 606 1213 1100 610 482 1002 620 1140 546 1056 787 567 438 276 768 838 972 638 811 585 542 708 466 748 536 761 1106 1233 295 1107 584 896 411 470 618 285 873
392 477 376 159 768 1103 698 190 260 493 834 251 639 435 410 473 497 950 572 813 934 847 610 410 91 0 395 270 397 634 929 465 327 448 449 666 283 307 965 832 92 655 1152 1101 568 460 948 536 1056 513 1051 777 590 505 276 743 787 907 552 790 531 493 725 457 747 577 682 1014 1152 233 1028 539 916 352 404 542 201 789
4 134 19 284 467 825 721 241 188 498 535 286 525 39 775 542 127 683 413 420 808 696 287 716 460 395 0 137 536 241 734 757 119 797 259 346 276 221 607 573 410 685 757 861 226 245 557 230 713 221 791 526 518 648 649 435 402 511 273 490 752 140 592 802 535 587 325 808 790 165 663 791 767 58 9 178 405 458
132 255 120 147 585 942 735 103 63 415 590 246 580 174 669 442 259 794 478 556 786 681 350 580 346 270 137 0 420 366 823 623 143 698 320 468 252 125 700 680 304 695 888 967 351 317 693 279 796 326 902 629 556 617 513 555 539 639 305 608 628 266 656 664 625 599 414 820 887 76 761 662 841 119 145 272 270 531
532 668 525 314 1002 1360 1083 339 357 169 684 594 978 561 721 100 664 1214 886 907 602 544 555 277 474 397 536 420 0 694 1240 286 560 775 734 882 617 315 878 1100 489 1041 1193 1387 762 733 1041 497 933 745 1322 1049 943 902 370 971 911 944 475 1025 223 676 1060 396 1043 955 649 735 1054 462 949 274 1250 537 541 567 199 690
245 234 261 507 427 758 869 464 398 601 391 512 630 202 1016 667 195 641 517 213 774 659 198 917 702 634 241 366 694 0 750 951 345 1036 403 320 494 398 392 557 652 839 523 826 237 380 347 213 507 304 744 526 647 847 875 395 227 273 256 446 917 219 673 1014 568 744 155 714 565 406 438 966 812 294 232 127 610 291
737 604 737 931 329 270 451 901 886 1230 1137 678 300 727 1073 1265 627 185 358 661 1514 1398 936 1338 920 929 734 823 1240 750 0 1392 680 1049 505 430 646 943 1073 199 864 463 876 196 534 506 678 918 1188 513 197 223 363 648 1195 358 596 797 968 314 1433 605 218 1383 199 450 904 1464 1187 777 1084 1455 107 713 734 826 1063 1034
753 877 742 482 1201 1550 1146 522 569 449 970 714 1105 789 614 369 883 1399 1033 1160 837 802 832 58 499 465 757 623 286 951 1392 0 743 675 898 1087 745 553 1163 1281 543 1105 1463 1559 974 904 1296 769 1219 938 1503 1227 1056 928 248 1172 1154 1212 753 1224 148 889 1191 136 1205 1035 925 996 1340 637 1234 104 1381 740 764 827 353 975
119 150 105 262 457 809 612 226 206 557 654 169 439 151 675 585 174 659 335 495 907 798 406 696 375 327 119 143 560 345 680 743 0 693 177 346 156 266 724 543 318 575 840 828 241 173 627 346 831 195 765 491 420 528 598 429 463 604 386 480 762 167 514 767 482 477 443 920 904 106 777 791 698 62 127 298 394 578
794 831 778 607 1025 1289 648 636 702 912 1280 534 759 835 61 870 863 1143 759 1179 1361 1283 1048 622 358 448 797 698 775 1036 1049 675 693 0 720 959 560 754 1397 1036 394 617 1526 1244 899 742 1303 975 1495 822 1222 985 691 410 435 1011 1137 1296 995 1041 807 849 832 572 924 599 1111 1457 1583 637 1456 779 990 742 806 965 616 1229
261 170 255 427 323 655 472 396 383 734 769 208 267 270 718 763 209 502 158 478 1067 956 527 847 467 449 259 320 734 403 505 898 177 720 0 240 175 443 795 384 407 440 820 661 192 24 591 482 910 110 605 329 260 452 726 302 427 613 528 344 929 184 338 906 310 343 538 1061 962 272 837 955 521 220 262 409 559 680
350 213 356 605 122 480 608 565 527 839 710 443 349 326 958 886 221 341 254 283 1086 970 507 1041 698 666 346 468 882 320 430 1087 346 959 240 0 411 567 670 242 638 587 601 524 120 220 369 495 788 153 449 206 388 660 942 89 220 429 544 145 1095 206 370 1114 250 504 475 1034 812 452 696 1130 493 348 342 400 736 608
275 272 261 303 499 822 484 285 303 653 810 33 364 307 552 665 307 669 288 619 1039 934 562 691 292 283 276 252 617 494 646 745 156 560 175 411 0 373 879 551 232 444 966 818 339 192 743 500 987 265 768 496 325 374 557 477 577 741 537 519 793 290 449 741 463 349 600 1066 1058 178 930 811 640 218 284 454 426 735
217 354 212 148 688 1047 857 120 70 290 528 362 705 246 717 323 348 903 601 606 670 570 315 519 396 307 221 125 315 398 943 553 266 754 443 567 373 0 671 792 369 817 917 1079 448 438 743 242 755 436 1011 742 681 727 493 657 602 665 248 712 534 361 780 617 743 722 398 721 858 194 738 576 964 229 225 278 214 489
609 627 625 814 746 998 1257 776 706 728 217 893 1009 572 1369 810 588 924 900 412 645 553 356 1146 1046 965 607 700 878 392 1073 1163 724 1397 795 670 879 671 0 873 1004 1228 421 1096 619 772 441 430 117 693 1011 858 1033 1239 1160 720 476 290 426 758 1084 612 1040 1259 917 1135 286 493 187 760 70 1144 1153 665 599 432 876 188
577 440 580 805 131 271 529 769 743 1072 940 585 292 560 1048 1114 456 117 279 462 1328 1212 748 1231 842 832 573 680 1100 557 199 1281 543 1036 384 242 551 792 873 0 782 525 698 287 357 377 488 737 989 355 222 55 358 668 1108 162 397 600 786 115 1305 436 252 1290 116 475 710 1270 991 648 886 1334 285 563 572 642 938 837
407 467 390 229 731 1053 609 249 311 581 889 198 569 449 366 564 493 900 512 814 1016 926 654 486 60 92 410 304 489 652 864 543 318 394 407 638 232 369 1004 782 0 567 1159 1043 551 422 945 581 1100 486 997 727 515 413 331 708 781 919 603 751 619 485 654 519 690 492 718 1087 1190 246 1064 623 843 359 419 573 292 835
686 610 676 734 580 728 42 724 747 1094 1209 458 245 703 652 1099 649 603 334 869 1480 1372 965 1047 606 655 685 695 1041 839 463 1105 575 617 440 587 444 817 1228 525 567 0 1181 657 609 461 951 915 1345 535 655 490 199 207 871 585 807 1015 958 586 1186 623 274 1058 412 98 978 1493 1387 622 1265 1189 385 634 690 848 842 1120
760 696 776 1031 605 710 1197 987 921 1070 623 992 936 717 1514 1147 666 695 854 347 1065 968 639 1434 1213 1152 757 888 1193 523 876 1463 840 1526 820 601 966 917 421 698 1159 1181 0 828 630 796 232 695 484 710 748 711 984 1261 1399 596 393 251 718 604 1413 678 931 1534 787 1104 545 913 405 920 375 1467 977 802 748 638 1131 551
865 727 868 1087 404 123 643 1053 1029 1359 1195 850 490 847 1267 1402 742 185 530 690 1601 1485 1022 1507 1100 1101 861 967 1387 826 196 1559 828 1244 661 524 818 1079 1096 287 1043 657 828 0 642 657 667 1017 1206 643 85 337 556 844 1373 437 633 808 1066 382 1589 724 412 1559 354 647 974 1528 1183 930 1095 1616 278 851 859 922 1220 1091
230 96 237 493 242 600 637 452 409 718 626 367 393 206 891 766 100 461 281 285 980 864 405 930 610 568 226 351 762 237 534 974 241 899 192 120 339 448 619 357 551 609 630 642 0 168 404 384 736 82 569 314 414 644 840 209 238 420 433 265 977 86 436 1007 341 517 389 941 778 344 655 1013 585 233 222 292 621 528
248 149 243 429 309 646 493 396 380 728 749 225 280 253 738 759 187 494 168 454 1053 941 508 854 482 460 245 317 733 380 506 904 173 742 24 220 192 438 772 377 422 461 796 657 168 0 567 466 887 86 598 323 278 477 737 286 403 588 512 330 932 162 347 916 309 365 517 1044 939 273 813 959 527 211 248 390 562 659
561 478 575 840 381 562 968 796 735 940 586 770 707 519 1294 1010 452 508 623 137 1030 921 511 1261 1002 948 557 693 1041 347 678 1296 627 1303 591 369 743 743 441 488 945 951 232 667 404 567 0 551 543 482 582 492 753 1029 1206 369 166 153 585 384 1264 460 708 1354 566 873 426 913 517 715 431 1313 772 595 549 473 951 491
230 325 241 383 613 959 951 346 276 390 312 504 744 212 943 459 295 833 630 423 596 481 73 742 620 536 230 279 497 213 918 769 346 975 482 495 500 242 430 737 581 915 695 1017 384 466 551 0 520 418 939 698 743 874 734 580 441 446 49 634 719 320 804 848 724 817 157 579 618 349 496 772 966 284 224 95 452 253
714 741 730 901 862 1105 1373 866 796 774 248 1000 1127 679 1464 856 701 1036 1017 526 617 541 446 1206 1140 1056 713 796 933 507 1188 1219 831 1495 910 788 987 755 117 989 1100 1345 484 1206 736 887 543 520 0 809 1120 975 1150 1351 1236 836 591 397 507 874 1128 726 1158 1322 1034 1251 388 441 130 861 114 1191 1269 771 704 535 952 266
225 93 226 457 262 616 564 419 388 719 684 295 331 215 817 759 124 468 216 367 1014 900 452 891 546 513 221 326 745 304 513 938 195 822 110 153 265 436 693 355 486 535 710 643 82 86 482 418 809 0 576 306 343 562 788 234 317 502 467 285 953 99 385 961 313 441 449 990 856 301 732 985 550 208 221 334 589 590
795 657 799 1027 328 73 646 992 964 1288 1110 801 463 775 1241 1333 670 108 486 605 1519 1404 942 1452 1056 1051 791 902 1322 744 197 1503 765 1222 605 449 768 1011 1011 222 997 655 748 85 569 598 582 939 1120 576 0 275 530 831 1325 361 548 722 987 305 1528 652 393 1509 308 632 892 1444 1099 870 1010 1557 298 784 789 844 1160 1007
529 393 532 751 114 326 498 717 692 1024 914 530 250 514 996 1065 411 172 226 451 1291 1176 713 1177 787 777 526 629 1049 526 223 1227 491 985 329 206 496 742 858 55 727 490 711 337 314 323 492 698 975 306 275 0 313 623 1053 138 385 593 747 108 1253 391 223 1235 78 433 681 1240 984 594 875 1281 294 513 524 604 884 811
519 425 512 628 390 598 223 608 615 970 1026 350 68 530 711 987 463 456 135 670 1325 1214 787 1000 567 590 518 556 943 647 363 1056 420 691 260 388 325 681 1033 358 515 199 984 556 414 278 753 743 1150 343 530 313 0 310 844 391 608 815 789 398 1115 436 145 1033 242 121 791 1322 1189 491 1068 1129 328 474 522 668 751 933
648 613 634 616 690 901 241 618 657 981 1183 372 376 676 445 973 652 764 416 926 1397 1296 935 870 438 505 648 617 902 847 648 928 528 410 452 660 374 727 1239 668 413 207 1261 844 644 477 1029 874 1351 562 831 623 310 0 686 685 871 1064 911 701 1023 629 438 869 552 198 967 1437 1412 540 1285 1019 582 591 656 825 704 1105
644 746 630 368 1045 1379 912 411 477 530 995 523 899 686 375 470 762 1226 842 1069 972 911 806 191 276 276 649 513 370 875 1195 248 598 435 726 942 557 493 1160 1108 331 871 1399 1373 840 737 1206 734 1236 788 1325 1053 844 686 0 1020 1050 1148 734 1067 372 761 985 189 1019 808 891 1099 1346 497 1228 348 1173 615 657 766 284 974
439 302 445 690 33 390 600 651 615 928 779 511 340 416 1014 976 310 253 269 314 1167 1052 588 1125 768 743 435 555 971 395 358 1172 429 1011 302 89 477 657 720 162 708 585 596 437 209 286 369 580 836 234 361 138 391 685 1020 0 248 458 628 55 1183 295 340 1195 202 513 548 1108 848 535 738 1217 433 436 432 484 821 676
406 313 419 686 271 550 828 643 586 827 562 604 568 366 1128 891 289 454 474 66 983 869 420 1115 838 787 402 539 911 227 596 1154 463 1137 427 220 577 602 476 397 781 807 393 633 238 403 166 441 591 317 548 385 608 871 1050 248 0 211 483 282 1133 296 583 1204 449 724 353 896 600 554 490 1178 679 435 394 351 804 459
515 468 531 780 479 708 1037 737 671 828 435 764 779 472 1280 902 434 640 680 146 881 774 394 1182 972 907 511 639 944 273 797 1212 604 1296 613 429 741 665 290 600 919 1015 251 808 420 588 153 446 397 502 722 593 815 1064 1148 458 211 0 473 488 1166 450 795 1283 660 928 302 760 390 676 288 1218 885 560 502 386 879 343
272 374 282 395 662 1006 994 361 293 356 285 540 791 259 961 429 343 881 677 461 547 433 80 730 638 552 273 305 475 256 968 753 386 995 528 544 537 248 426 786 603 958 718 1066 433 512 585 49 507 467 987 747 789 911 734 628 483 473 0 683 695 368 852 839 774 860 173 534 612 379 494 749 1015 325 268 144 450 241
494 357 500 742 23 335 597 704 669 984 826 553 341 471 1047 1031 366 198 287 347 1220 1104 641 1176 811 790 490 608 1025 446 314 1224 480 1041 344 145 519 712 758 115 751 586 604 382 265 330 384 634 874 285 305 108 398 701 1067 55 282 488 683 0 1236 350 327 1243 183 520 598 1157 879 586 772 1270 397 489 487 539 874 723
748 881 740 502 1213 1569 1228 536 567 356 880 765 1158 779 747 274 880 1421 1075 1131 701 676 775 189 585 531 752 628 223 917 1433 148 762 807 929 1095 793 534 1084 1305 619 1186 1413 1589 977 932 1264 719 1128 953 1528 1253 1115 1023 372 1183 1133 1166 695 1236 0 890 1242 284 1239 1109 868 870 1254 658 1155 65 1433 747 757 790 370 899
144 17 150 409 327 685 655 367 323 635 589 314 429 123 836 681 26 544 314 331 916 801 353 845 542 493 140 266 676 219 605 889 167 849 184 206 290 361 612 436 485 623 678 724 86 162 460 320 726 99 652 391 436 629 761 295 296 450 368 350 890 0 484 925 408 527 355 891 782 264 656 927 647 149 136 235 536 497
595 478 591 746 327 463 277 721 718 1071 1063 478 85 596 855 1096 510 330 179 648 1398 1284 837 1135 708 725 592 656 1060 673 218 1191 514 832 338 370 449 780 1040 252 654 274 931 412 436 347 708 804 1158 385 393 223 145 438 985 340 583 795 852 327 1242 484 0 1174 144 239 825 1375 1181 599 1066 1259 191 558 594 719 874 964
797 911 785 517 1221 1561 1098 561 619 565 1075 708 1088 837 511 488 922 1408 1028 1217 969 929 916 119 466 457 802 664 396 1014 1383 136 767 572 906 1114 741 617 1259 1290 519 1058 1534 1559 1007 916 1354 848 1322 961 1509 1235 1033 869 189 1195 1204 1283 839 1243 284 925 1174 0 1204 997 1006 1123 1440 663 1329 233 1362 775 809 896 404 1070
538 406 538 737 184 369 419 705 688 1031 959 496 176 529 939 1066 431 219 177 515 1321 1206 747 1152 748 747 535 625 1043 568 199 1205 482 924 310 250 463 743 917 116 690 412 787 354 341 309 566 724 1034 313 308 78 242 552 1019 202 449 660 774 183 1239 408 144 1204 0 359 723 1280 1050 582 938 1264 244 514 535 634 869 858
587 514 577 645 512 702 135 633 653 1002 1111 366 183 605 627 1010 553 566 250 784 1383 1275 867 977 536 577 587 599 955 744 450 1035 477 599 343 504 349 722 1135 475 492 98 1104 647 517 365 873 817 1251 441 632 433 121 198 808 513 724 928 860 520 1109 527 239 997 359 0 882 1395 1296 527 1173 1116 392 536 592 750 757 1023
326 368 342 534 580 900 1010 494 424 526 237 611 779 292 1083 601 329 790 665 316 630 515 93 899 761 682 325 414 649 155 904 925 443 1111 538 475 600 398 286 710 718 978 545 974 389 517 426 157 388 449 892 681 791 967 891 548 353 302 173 598 868 355 825 1006 723 882 0 559 472 475 346 923 967 383 316 147 610 141
807 899 817 858 1139 1445 1529 840 786 568 333 1065 1320 792 1412 637 865 1346 1205 844 202 194 538 1004 1106 1014 808 820 735 714 1464 996 920 1457 1061 1034 1066 721 493 1270 1087 1493 913 1528 941 1044 913 579 441 990 1444 1240 1322 1437 1099 1108 896 760 534 1157 870 891 1375 1123 1280 1395 559 0 560 897 539 936 1525 859 803 656 845 437
792 798 808 1001 870 1075 1413 963 893 898 373 1073 1159 754 1556 980 759 1024 1055 534 744 671 544 1326 1233 1152 790 887 1054 565 1187 1340 904 1583 962 812 1058 858 187 991 1190 1387 405 1183 778 939 517 618 130 856 1099 984 1189 1412 1346 848 600 390 612 879 1254 782 1181 1440 1050 1296 472 560 0 946 127 1316 1276 847 781 617 1061 371
161 249 145 157 563 914 662 123 125 478 661 169 520 204 612 497 265 764 424 580 861 758 418 589 295 233 165 76 462 406 777 637 106 637 272 452 178 194 760 648 246 622 920 930 344 273 715 349 861 301 870 594 491 540 497 535 554 676 379 586 658 264 599 663 582 527 475 897 946 0 819 686 788 119 174 328 290 598
665 672 681 879 761 993 1292 840 770 799 285 946 1040 626 1430 881 633 929 934 424 702 614 422 1216 1107 1028 663 761 949 438 1084 1234 777 1456 837 696 930 738 70 886 1064 1265 375 1095 655 813 431 496 114 732 1010 875 1068 1285 1228 738 490 288 494 772 1155 656 1066 1329 938 1173 346 539 127 819 0 1215 1169 720 654 491 944 258
786 917 777 529 1247 1601 1231 566 604 417 943 781 1175 820 718 335 918 1451 1096 1178 766 742 830 157 584 539 791 662 274 966 1455 104 791 779 955 1130 811 576 1144 1334 623 1189 1467 1616 1013 959 1313 772 1191 985 1557 1281 1129 1019 348 1217 1178 1218 749 1270 65 927 1259 233 1264 1116 923 936 1316 686 1215 0 1451 781 796 839 396 958
770 644 767 936 407 370 367 910 904 1255 1203 669 276 765 1019 1283 671 291 364 744 1563 1448 991 1326 896 916 767 841 1250 812 107 1381 698 990 521 493 640 964 1153 285 843 385 977 278 585 527 772 966 1269 550 298 294 328 582 1173 433 679 885 1015 397 1433 647 191 1362 244 392 967 1525 1276 788 1169 1451 0 738 768 877 1065 1101
57 137 43 259 466 823 671 218 179 517 592 228 487 93 722 553 147 676 378 460 851 741 344 696 411 352 58 119 537 294 713 740 62 742 220 348 218 229 665 563 359 634 802 851 233 211 595 284 771 208 784 513 474 591 615 436 435 560 325 489 747 149 558 775 514 536 383 859 847 119 720 781 738 0 67 237 387 517
12 131 28 292 464 822 726 248 194 500 527 295 528 30 784 544 123 680 416 412 805 693 279 723 470 404 9 145 541 232 734 764 127 806 262 342 284 225 599 572 419 690 748 859 222 248 549 224 704 221 789 524 522 656 657 432 394 502 268 487 757 136 594 809 535 592 316 803 781 174 654 796 768 67 0 170 411 450
179 243 194 401 518 863 882 359 290 475 361 465 664 148 939 540 209 737 549 341 687 572 118 796 618 542 178 272 567 127 826 827 298 965 409 400 454 278 432 642 573 848 638 922 292 390 473 95 535 334 844 604 668 825 766 484 351 386 144 539 790 235 719 896 634 750 147 656 617 328 491 839 877 237 170 0 492 280
400 524 389 132 851 1204 884 170 217 298 713 400 791 438 568 271 530 1054 705 814 746 667 523 311 285 201 405 270 199 610 1063 353 394 616 559 736 426 214 876 938 292 842 1131 1220 621 562 951 452 952 589 1160 884 751 704 284 821 804 879 450 874 370 536 874 404 869 757 610 845 1061 290 944 396 1065 387 411 492 0 690
459 509 474 635 706 1008 1152 599 529 544 103 744 920 429 1197 625 471 909 806 408 539 431 181 957 873 789 458 531 690 291 1034 975 578 1229 680 608 735 489 188 837 835 1120 551 1091 528 659 491 253 266 590 1007 811 933 1105 974 676 459 343 241 723 899 497 964 1070 858 1023 141 437 371 598 258 958 1101 517 450 280 690 0
