0 803 763 526 74 593 579 80 544 664 110 648 665 474 420 450 72 614 588 582 845 805 545 856 4 769 358 429 16 450 278 243 72 492 20 810 744 98 728 173 140 644 767 819 443 403 402 493 836 662 656 753 580 400 64 628 861 141 237 273 686 429 31 141 781 7 405 662 313 766 669 481 179 391 404 568 501 167 262 657 275 419 714 450 155 446 699 619 324 747 472 556 80 672 465 415 339 189 155 139 381 370 857 313 277 213 539 527 262 606 804 302 98 789 435 777
803 0 1177 579 780 638 367 880 1276 710 711 448 1462 1068 996 495 859 196 1343 264 1398 1188 1261 1606 802 88 452 499 812 1252 584 576 856 1100 785 1034 1347 883 1371 798 721 1004 1570 1400 1077 842 1089 1256 1635 1113 998 501 1351 1091 833 409 1475 685 571 978 470 914 810 682 170 795 1203 800 1101 225 1185 615 840 908 720 274 337 801 540 572 556 1199 1302 1242 693 832 587 271 1107 1478 737 385 731 519 1200 439 721 620 958 942 1132 486 1280 650 1071 620 1330 854 567 435 326 999 718 1380 1100 774
763 1177 0 598 836 549 810 778 1144 1392 838 1287 836 1202 1164 1112 806 1075 1133 1105 1541 51 1166 731 759 1202 833 697 776 868 963 758 707 1211 756 246 1423 817 383 598 675 173 985 1502 373 1166 1092 611 964 1412 180 1401 667 459 817 778 396 720 865 529 1330 1190 793 725 1263 766 739 1409 893 1281 150 1198 583 1151 483 914 1054 931 846 637 746 653 1407 711 885 374 1386 906 910 608 446 793 742 694 533 781 515 849 751 746 1005 1005 105 595 855 721 995 327 920 748 1363 1014 826 1471 412 511
526 579 598 0 562 87 212 596 1068 935 515 760 1047 980 916 628 598 494 1104 541 1355 609 1071 1113 522 608 321 146 542 914 540 332 530 1003 507 472 1263 623 829 399 386 425 1184 1335 563 835 926 805 1219 1132 419 868 901 608 587 188 917 392 440 534 802 888 552 394 675 522 818 985 821 700 617 749 432 859 185 322 513 645 400 131 298 778 1229 835 540 276 885 308 835 978 170 195 451 159 731 234 227 460 638 623 904 527 701 214 780 332 1028 279 491 156 792 825 510 1307 599 287
74 780 836 562 0 635 589 114 526 592 68 589 707 421 362 392 83 587 579 546 795 877 522 914 78 739 352 451 65 476 224 251 143 442 79 875 700 104 800 241 189 713 799 773 518 330 366 552 875 597 725 691 635 472 55 645 933 170 209 346 625 360 50 168 744 70 448 587 320 724 743 412 252 324 458 562 463 96 244 691 286 474 667 499 97 510 632 619 328 809 527 568 115 701 530 422 394 160 197 183 367 323 931 356 291 233 550 590 219 626 754 264 63 744 508 825
593 638 549 87 635 0 275 659 1131 1023 592 845 1074 1056 993 715 665 570 1162 622 1431 554 1135 1116 589 675 408 233 610 959 625 414 589 1078 575 399 1335 689 815 453 453 379 1214 1409 569 917 996 827 1242 1213 369 952 921 625 656 230 892 464 525 567 887 969 621 467 746 590 856 1072 878 774 588 836 480 939 214 395 597 722 485 99 382 808 1303 868 620 274 971 370 893 980 170 263 522 151 749 320 270 542 695 680 966 614 649 280 836 410 1077 252 576 202 868 895 586 1380 609 201
579 367 810 212 589 275 0 658 1116 815 527 603 1184 976 906 514 649 302 1166 366 1344 821 1111 1286 576 399 251 165 593 1014 483 339 608 1003 559 674 1266 676 1024 508 456 637 1310 1332 741 791 951 955 1359 1092 631 702 1053 770 630 76 1120 439 407 675 642 855 598 438 471 573 937 879 892 502 824 647 548 834 366 126 363 651 363 229 305 913 1227 965 534 474 739 96 903 1153 374 24 498 191 889 167 382 446 720 704 955 432 913 327 855 366 1115 489 441 84 599 850 527 1306 771 439
80 880 778 596 114 659 658 0 472 693 175 703 595 432 387 507 35 690 511 654 794 823 476 801 82 844 438 506 68 372 338 323 76 446 99 847 688 38 702 217 211 673 692 765 435 402 344 439 764 634 687 804 521 377 61 706 837 219 311 260 739 415 71 219 853 86 335 679 233 836 671 520 208 375 461 648 572 174 340 728 354 361 661 384 210 488 741 700 245 698 527 635 160 746 423 495 397 262 82 69 308 436 867 381 197 292 459 569 330 683 868 249 165 735 418 837
544 1276 1144 1068 526 1131 1116 472 0 819 591 965 521 277 327 807 472 1079 87 1019 424 1194 38 822 548 1219 876 973 529 302 691 777 541 251 564 1271 301 446 919 680 683 1084 504 376 770 491 191 581 612 456 1102 1032 591 684 487 1170 1047 685 724 633 986 432 521 684 1203 549 420 750 261 1169 1006 737 659 413 927 1084 940 478 765 1200 812 510 304 467 593 934 931 1143 245 789 990 1094 624 1217 634 949 864 678 440 453 164 790 1210 854 303 755 214 1012 712 1149 1165 276 589 346 731 1302
664 710 1392 935 592 1023 815 693 819 0 565 261 1226 544 492 307 658 566 905 480 761 1427 788 1478 667 624 614 789 657 964 429 644 736 574 663 1371 751 664 1392 803 719 1245 1274 780 1106 341 641 1125 1371 470 1251 255 1196 1064 634 891 1525 673 531 938 249 388 642 668 559 658 991 97 789 506 1320 195 828 413 936 702 454 519 558 1025 666 1041 703 1049 517 1028 141 766 784 1386 997 809 659 1001 1116 703 887 542 766 758 746 409 1494 815 787 675 973 1097 474 894 443 606 579 768 1100 1221
110 711 838 515 68 592 527 175 591 565 0 537 770 465 401 339 148 519 646 479 840 877 585 967 112 671 285 395 112 543 167 191 182 489 102 857 750 172 833 241 167 705 865 821 541 341 424 603 939 625 715 643 690 505 122 585 964 133 140 376 575 383 103 129 678 103 510 572 389 661 756 377 262 350 429 495 397 130 176 641 227 529 715 558 48 495 591 552 396 857 497 506 96 647 575 359 368 91 257 243 434 261 936 318 359 183 619 572 154 567 694 323 13 793 537 787
648 448 1287 760 589 845 603 703 965 261 537 0 1288 711 645 197 670 322 1045 241 991 1315 940 1503 650 362 458 620 648 1039 370 533 720 744 639 1224 962 686 1358 741 649 1125 1363 1003 1057 478 774 1140 1449 699 1128 113 1224 1034 642 678 1484 600 442 906 43 545 637 596 299 641 1034 355 865 246 1241 227 775 555 807 481 247 554 448 828 542 1064 915 1087 494 913 143 538 865 1395 857 603 611 794 1112 529 771 475 785 773 855 291 1392 692 850 575 1079 970 395 687 204 709 550 987 1062 1034
665 1462 836 1047 707 1074 1184 595 521 1226 770 1288 0 750 766 1096 624 1278 455 1248 934 886 558 302 665 1433 1009 1019 660 264 932 886 606 735 681 1039 814 605 497 677 742 855 150 882 527 888 619 250 174 962 876 1383 169 453 652 1210 597 777 902 514 1321 857 666 779 1447 673 260 1183 436 1431 685 1084 636 823 864 1209 1167 735 926 1167 909 271 823 220 804 807 1305 1248 442 300 904 1160 732 1206 333 1041 821 855 512 527 497 1031 864 859 442 843 306 861 925 1181 1461 623 760 854 480 1184
474 1068 1202 980 421 1056 976 432 277 544 465 711 750 0 72 577 411 876 365 805 375 1249 245 1037 479 1002 724 859 457 493 503 654 508 32 489 1279 289 394 1059 644 609 1105 764 357 841 234 133 733 869 223 1119 768 774 766 410 1041 1194 591 569 673 727 166 443 588 973 475 571 472 350 933 1084 485 640 161 877 917 732 334 613 1107 690 649 250 629 445 918 662 982 336 978 945 958 536 1111 760 811 813 533 451 455 256 588 1285 778 374 648 460 999 538 1026 915 188 470 330 813 1247
420 996 1164 916 362 993 906 387 327 492 401 645 766 72 0 506 362 803 413 733 440 1209 298 1045 425 930 654 792 404 504 431 588 461 103 434 1230 361 348 1042 592 551 1059 794 426 809 167 152 725 896 248 1073 707 774 739 358 972 1178 530 499 638 663 105 389 527 902 420 567 429 346 864 1051 418 592 91 820 845 659 271 543 1041 623 639 320 626 378 867 604 910 334 976 889 888 477 1044 744 742 756 464 417 419 269 515 1250 717 362 584 489 947 467 958 848 162 407 400 784 1186
450 495 1112 628 392 715 514 507 807 307 339 197 1096 577 506 0 474 311 882 232 903 1143 787 1306 452 425 308 482 450 851 172 354 522 609 441 1071 852 491 1163 548 457 957 1176 905 864 348 615 943 1259 622 961 305 1027 838 446 590 1291 409 251 709 236 419 439 404 397 443 839 365 680 362 1057 135 581 416 641 410 171 365 266 718 370 867 807 891 297 741 273 477 681 1197 698 505 415 696 914 395 598 280 589 576 682 107 1216 521 662 392 900 804 201 590 369 538 352 884 867 914
72 859 806 598 83 665 649 35 472 658 148 670 624 411 362 474 0 667 517 628 778 850 473 835 76 820 422 501 56 394 307 311 99 427 92 868 675 26 737 232 212 696 717 751 467 369 332 473 791 608 710 771 554 412 28 699 872 213 288 293 706 385 51 212 826 77 365 645 246 808 702 485 229 345 472 633 546 139 319 729 344 394 646 416 180 506 707 686 255 733 539 626 152 745 458 484 407 238 114 103 309 406 896 385 213 284 474 587 302 678 837 234 140 721 452 847
614 196 1075 494 587 570 302 690 1079 566 519 322 1278 876 803 311 667 0 1146 86 1213 1093 1064 1438 614 155 279 377 622 1062 388 400 672 907 597 966 1158 691 1226 629 546 903 1382 1213 925 653 893 1082 1450 934 901 409 1176 929 641 371 1338 505 379 810 356 724 619 502 191 607 1018 647 907 207 1061 440 670 716 596 176 144 605 352 532 387 1020 1113 1059 498 709 465 223 913 1314 628 309 546 490 1032 296 582 428 770 754 936 290 1180 505 878 446 1136 747 372 386 298 803 526 1191 943 742
588 1343 1133 1104 579 1162 1166 511 87 905 646 1045 455 365 413 882 517 1146 0 1090 478 1184 123 758 591 1290 931 1017 573 269 759 827 574 339 608 1276 358 490 884 709 722 1086 423 427 762 574 271 548 533 540 1105 1115 545 675 535 1217 1007 729 783 639 1067 518 568 729 1276 594 396 837 283 1245 991 818 684 497 954 1142 1009 542 822 1236 861 485 369 435 654 950 1016 1198 269 737 1014 1144 669 1257 610 1000 892 736 467 481 212 859 1193 890 325 801 156 1026 776 1194 1243 345 643 398 721 1326
582 264 1105 541 546 622 366 654 1019 480 479 241 1248 805 733 232 628 86 1090 0 1135 1126 1002 1423 582 200 280 411 588 1022 333 391 645 836 567 1013 1083 651 1230 620 532 936 1345 1136 927 578 830 1063 1418 853 935 336 1155 922 601 439 1347 487 345 799 278 650 582 484 199 574 987 561 861 190 1080 357 660 644 621 242 82 551 327 594 385 997 1038 1032 452 733 382 297 865 1303 661 368 521 557 1019 323 599 393 736 721 882 231 1210 519 835 437 1089 779 326 450 259 744 489 1116 941 804
845 1398 1541 1355 795 1431 1344 794 424 761 840 991 934 375 440 903 778 1213 478 1135 0 1590 392 1236 849 1323 1092 1232 828 726 863 1028 871 353 861 1639 122 758 1342 1011 982 1459 886 54 1169 562 453 1004 995 292 1475 1015 1015 1087 781 1411 1471 966 938 1014 995 493 815 963 1280 846 840 665 649 1233 1411 785 1002 510 1249 1277 1070 709 983 1482 1064 929 134 890 819 1283 900 1343 632 1212 1317 1327 910 1485 1052 1182 1185 905 797 805 536 937 1615 1152 686 1023 632 1364 903 1398 1192 545 845 79 1135 1621
805 1188 51 609 877 554 821 823 1194 1427 877 1315 886 1249 1209 1143 850 1093 1184 1126 1590 0 1216 775 801 1216 858 716 819 919 997 789 751 1258 798 218 1473 861 427 638 713 190 1035 1552 423 1208 1140 663 1013 1457 192 1428 718 510 861 785 429 756 897 577 1358 1233 835 761 1280 808 790 1447 942 1300 202 1232 625 1195 508 929 1078 973 877 637 774 705 1456 763 924 402 1417 917 959 655 465 804 781 695 585 802 545 884 798 793 1055 1036 96 623 904 753 1046 347 953 755 1384 1061 865 1520 463 497
545 1261 1166 1071 522 1135 1111 476 38 788 585 940 558 245 298 787 473 1064 123 1002 392 1216 0 859 549 1203 868 972 529 334 677 773 547 217 565 1287 269 447 950 687 685 1101 542 346 792 464 172 611 651 418 1119 1005 624 707 486 1167 1078 684 715 650 960 403 521 683 1184 550 449 717 277 1149 1030 712 669 386 934 1075 924 468 757 1203 808 538 269 497 584 946 903 1135 260 824 999 1090 623 1218 662 944 871 670 450 462 171 774 1234 857 318 753 252 1024 701 1147 1141 265 584 315 754 1310
856 1606 731 1113 914 1116 1286 801 822 1478 967 1503 302 1037 1045 1306 835 1438 758 1423 1236 775 859 0 855 1592 1159 1124 856 544 1135 1038 786 1025 867 969 1116 822 348 809 892 811 385 1185 550 1149 904 363 303 1254 831 1606 281 516 862 1294 384 936 1083 628 1540 1128 866 939 1620 864 486 1445 701 1613 595 1318 767 1091 929 1337 1346 964 1096 1215 1052 440 1125 428 1009 842 1540 1364 711 136 949 1262 905 1263 406 1168 904 1040 720 732 781 1226 723 963 694 991 607 872 1117 1263 1658 891 955 1157 516 1178
4 802 759 522 78 589 576 82 548 667 112 650 665 479 425 452 76 614 591 582 849 801 549 855 0 768 357 426 21 452 279 240 70 497 17 805 748 102 725 168 136 639 768 824 440 407 407 491 837 666 652 755 579 397 68 625 857 138 236 270 688 434 35 138 781 9 405 665 316 767 665 484 175 396 399 566 501 172 261 653 272 419 718 450 157 441 701 617 326 745 467 553 78 669 462 412 335 189 156 140 384 371 853 309 279 210 541 522 263 603 805 307 99 794 432 773
769 88 1202 608 739 675 399 844 1219 624 671 362 1433 1002 930 425 820 155 1290 200 1323 1216 1203 1592 768 0 433 510 776 1214 532 555 827 1034 752 1074 1277 843 1373 783 701 1029 1536 1328 1074 773 1030 1236 1605 1036 1025 413 1331 1081 793 453 1482 660 532 964 382 844 772 657 86 761 1173 715 1057 138 1199 539 824 841 732 288 280 750 507 619 540 1175 1231 1215 647 846 499 305 1062 1467 757 413 701 569 1186 438 725 581 924 908 1081 430 1306 650 1030 600 1286 876 521 476 241 944 679 1308 1094 826
358 452 833 321 352 408 251 438 876 614 285 458 1009 724 654 308 422 279 931 280 1092 858 868 1159 357 433 0 174 370 808 235 123 406 752 339 768 1014 448 950 349 269 668 1121 1080 648 542 704 804 1183 843 670 570 899 649 399 319 1066 232 156 531 501 604 371 230 466 351 751 664 668 469 800 428 391 582 350 210 221 403 112 420 107 746 975 789 285 459 572 267 677 1034 399 234 282 407 753 94 320 198 511 495 719 206 938 240 634 168 897 512 190 310 538 604 288 1054 664 608
429 499 697 146 451 233 165 506 973 789 395 620 1019 859 792 482 501 377 1017 411 1232 716 972 1124 426 510 174 0 444 853 398 204 450 883 409 604 1145 527 873 343 298 526 1145 1215 582 699 817 790 1193 998 524 730 887 607 485 200 976 288 302 509 662 755 451 288 566 424 773 838 739 583 689 603 382 729 222 225 373 525 259 253 168 747 1109 800 413 335 741 241 751 992 251 141 349 252 725 90 223 328 562 546 810 381 803 161 700 218 958 370 350 177 668 715 392 1188 610 433
16 812 776 542 65 610 593 68 529 657 112 648 660 457 404 450 56 622 573 588 828 819 529 856 21 776 370 444 0 440 279 256 78 475 35 825 727 82 734 188 157 659 759 802 452 390 386 492 830 646 671 752 578 406 47 643 867 156 244 281 685 415 16 156 787 20 399 653 300 771 680 476 193 377 421 580 507 154 271 673 288 417 697 446 153 462 695 632 310 748 488 571 95 688 467 429 356 195 147 132 365 373 870 330 264 228 527 542 266 621 806 285 100 773 443 794
450 1252 868 914 476 959 1014 372 302 964 543 1039 264 493 504 851 394 1062 269 1022 726 919 334 544 452 1214 808 853 440 0 694 689 407 481 469 1023 604 371 617 516 557 833 325 679 501 624 359 280 411 710 853 1129 291 413 421 1053 744 581 682 402 1069 593 443 582 1219 457 128 919 175 1198 723 828 482 559 745 1017 939 486 712 1043 718 216 603 166 570 720 1047 1065 179 493 799 990 527 1072 340 857 689 633 297 313 237 796 925 706 189 653 128 791 695 1027 1220 359 535 649 457 1104
278 584 963 540 224 625 483 338 691 429 167 370 932 503 431 172 307 388 759 333 863 997 677 1135 279 532 235 398 279 694 0 220 349 533 268 947 792 327 993 382 293 815 1020 855 695 308 506 771 1098 609 822 477 857 667 279 554 1121 246 104 538 409 372 269 241 527 270 673 457 529 503 897 234 413 353 511 414 251 218 140 650 247 696 751 723 127 599 433 479 533 1025 574 468 244 641 741 329 459 114 421 407 549 102 1065 389 506 246 756 669 49 545 530 414 180 830 696 827
243 576 758 332 251 414 339 323 777 644 191 533 886 654 588 354 311 400 827 391 1028 789 773 1038 240 555 123 204 256 689 220 0 284 679 223 728 941 337 840 229 146 603 999 1011 537 502 615 681 1060 800 608 646 776 532 291 394 961 109 115 410 575 556 259 107 583 236 628 677 556 581 708 449 270 527 292 327 320 321 87 454 35 623 905 666 209 387 627 376 566 915 354 317 163 456 632 172 245 127 392 375 616 247 862 170 520 46 782 453 171 376 641 514 190 983 550 614
72 856 707 530 143 589 608 76 541 736 182 720 606 508 461 522 99 672 574 645 871 751 547 786 70 827 406 450 78 407 349 284 0 522 81 771 765 114 656 141 152 598 715 842 375 463 420 423 779 707 612 826 512 328 111 651 789 174 299 202 758 483 93 176 844 79 346 730 291 831 606 554 132 444 387 611 565 229 320 662 311 352 738 388 228 411 772 658 305 675 453 585 125 683 392 450 324 254 111 95 377 439 798 315 251 246 507 492 330 626 872 326 169 811 364 764
492 1100 1211 1003 442 1078 1003 446 251 574 489 744 735 32 103 609 427 907 339 836 353 1258 217 1025 497 1034 752 883 475 481 533 679 522 0 508 1293 262 408 1057 660 629 1117 744 332 847 266 127 728 850 229 1132 799 766 770 428 1067 1192 613 596 681 759 198 462 610 1005 493 565 500 346 966 1090 517 654 193 896 946 763 358 640 1130 715 645 225 622 471 934 693 1011 332 970 964 985 556 1136 759 838 832 559 460 465 246 619 1292 799 373 671 440 1014 567 1052 947 198 493 304 817 1267
20 785 756 507 79 575 559 99 564 663 102 639 681 489 434 441 92 597 608 567 861 798 565 867 17 752 339 409 35 469 268 223 81 508 0 797 761 118 731 162 122 634 785 836 443 410 421 504 853 674 646 745 592 403 81 608 863 121 221 275 677 439 46 120 766 15 420 663 333 752 665 478 173 402 388 549 486 176 245 638 254 432 731 465 149 433 693 600 344 756 456 536 60 653 473 395 323 174 172 156 401 358 851 295 297 193 559 513 249 586 791 320 89 807 437 760
810 1034 246 472 875 399 674 847 1271 1371 857 1224 1039 1279 1230 1071 868 966 1276 1013 1639 218 1287 969 805 1074 768 604 825 1023 947 728 771 1293 797 0 1529 885 622 637 691 190 1189 1607 526 1198 1186 797 1181 1472 170 1334 869 612 872 624 643 725 843 638 1266 1235 841 730 1145 810 898 1405 1010 1172 373 1177 639 1199 436 793 978 971 813 463 705 820 1506 883 899 364 1340 769 1027 841 374 662 765 520 714 695 492 842 844 835 1118 965 309 558 969 702 1152 285 899 598 1264 1096 847 1576 572 292
744 1347 1423 1263 700 1335 1266 688 301 751 750 962 814 289 361 852 675 1158 358 1083 122 1473 269 1116 748 1277 1014 1145 727 604 792 941 765 262 761 1529 0 653 1219 906 883 1347 772 78 1051 504 344 881 882 287 1363 999 893 968 680 1330 1348 871 858 899 970 433 715 869 1241 746 718 661 531 1197 1292 744 895 442 1148 1206 1013 620 903 1391 977 807 47 767 734 1175 886 1271 513 1090 1215 1247 813 1398 930 1100 1083 821 685 693 418 874 1496 1055 568 932 511 1256 828 1315 1166 441 754 47 1016 1522
98 883 817 623 104 689 676 38 446 664 172 686 605 394 348 491 26 691 490 651 758 861 447 822 102 843 448 527 82 371 327 337 114 408 118 885 653 0 735 252 237 711 695 730 472 366 310 462 771 595 725 785 541 412 50 726 870 239 312 297 721 377 77 238 849 103 348 647 220 829 709 496 246 337 494 659 568 145 345 755 370 381 626 400 200 525 718 712 229 723 561 653 178 771 451 510 430 263 102 93 282 427 905 410 187 310 449 606 324 704 856 213 164 700 454 870
728 1371 383 829 800 815 1024 702 919 1392 833 1358 497 1059 1042 1163 737 1226 884 1230 1342 427 950 348 725 1373 950 873 734 617 993 840 656 1057 731 622 1219 735 0 617 709 475 638 1296 303 1099 930 338 598 1282 494 1468 347 328 759 1017 136 758 916 456 1398 1100 749 762 1416 734 501 1382 711 1419 252 1209 582 1060 657 1097 1161 877 916 913 844 415 1215 452 881 553 1424 1111 726 229 659 1001 748 966 298 935 650 883 639 643 818 1067 381 723 684 794 730 563 962 985 1482 880 819 1265 296 848
173 798 598 399 241 453 508 217 680 803 241 741 677 644 592 548 232 629 709 620 1011 638 687 809 168 783 349 343 188 516 382 229 141 660 162 637 906 252 617 0 91 472 802 982 316 571 561 457 852 835 484 852 554 302 234 539 742 140 299 181 782 601 204 144 813 174 430 813 425 810 517 611 41 564 246 535 547 338 299 530 243 407 878 457 289 274 816 571 440 685 311 483 145 556 403 366 183 269 241 227 517 449 695 189 383 183 628 354 347 512 867 465 228 952 323 622
140 721 675 386 189 453 456 211 683 719 167 649 742 609 551 457 212 546 722 532 982 713 685 892 136 701 269 298 157 557 293 146 152 629 122 691 883 237 709 91 0 538 860 958 407 507 543 535 917 785 548 761 630 391 203 498 834 48 207 267 691 545 168 53 727 137 487 734 441 722 603 525 128 510 269 466 458 283 208 517 166 477 852 522 211 328 726 509 454 771 337 433 75 535 487 301 205 179 264 248 518 358 775 173 402 101 659 406 256 474 776 442 156 928 414 638
644 1004 173 425 713 379 637 673 1084 1245 705 1125 855 1105 1059 957 696 903 1086 936 1459 190 1101 811 639 1029 668 526 659 833 815 603 598 1117 634 190 1347 711 475 472 538 0 1005 1425 336 1042 1006 611 1003 1305 20 1238 686 422 703 607 528 579 714 451 1168 1073 675 583 1091 646 707 1269 824 1110 226 1049 467 1036 318 741 888 810 691 470 587 630 1325 693 750 216 1230 733 841 678 275 619 609 527 527 612 358 704 662 654 933 849 277 435 783 569 962 157 770 576 1194 919 693 1394 383 373
767 1570 985 1184 799 1214 1310 692 504 1274 865 1363 150 764 794 1176 717 1382 423 1345 886 1035 542 385 768 1536 1121 1145 759 325 1020 999 715 744 785 1189 772 695 638 802 860 1005 0 832 675 933 641 397 110 960 1026 1451 320 600 744 1340 727 890 1003 649 1393 892 763 891 1543 775 373 1221 498 1523 834 1149 763 862 1003 1326 1263 811 1030 1306 1025 406 790 348 895 951 1365 1369 498 425 1045 1286 840 1343 481 1161 956 954 612 628 528 1121 1010 989 515 959 305 1008 1019 1312 1545 669 857 807 629 1330
819 1400 1502 1335 773 1409 1332 765 376 780 821 1003 882 357 426 905 751 1213 427 1136 54 1552 346 1185 824 1328 1080 1215 802 679 855 1011 842 332 836 1607 78 730 1296 982 958 1425 832 0 1130 559 421 957 942 309 1442 1032 967 1047 755 1398 1424 944 925 978 1008 489 790 942 1287 821 795 686 609 1242 1371 791 972 502 1223 1269 1069 690 969 1463 1047 884 106 843 803 1253 918 1335 592 1163 1291 1314 887 1468 1008 1168 1159 890 763 772 497 932 1575 1129 647 1004 582 1333 892 1383 1205 517 825 31 1094 1597
443 1077 373 563 518 569 741 435 770 1106 541 1057 527 841 809 864 467 925 762 927 1169 423 792 550 440 1074 648 582 452 501 695 537 375 847 443 526 1051 472 303 316 407 336 675 1130 0 836 725 278 685 1057 357 1168 362 88 485 745 426 456 615 174 1098 849 468 461 1114 449 374 1105 520 1116 243 919 282 809 380 803 858 604 613 667 541 294 1036 356 590 295 1129 823 537 415 400 717 452 714 194 638 359 583 391 390 633 765 446 426 483 491 630 337 663 713 1178 653 528 1099 47 658
403 842 1166 835 330 917 791 402 491 341 341 478 888 234 167 348 369 653 574 578 562 1208 464 1149 407 773 542 699 390 624 308 502 463 266 410 1198 504 366 1099 571 507 1042 933 559 836 0 304 806 1031 301 1053 541 870 779 352 862 1235 474 396 662 496 71 373 470 740 400 662 296 452 700 1070 251 582 77 770 716 509 235 440 952 536 721 460 721 302 835 441 783 445 1066 837 776 433 947 809 635 709 375 460 456 405 375 1260 655 454 511 633 913 352 852 681 265 351 537 820 1117
402 1089 1092 926 366 996 951 344 191 641 424 774 619 133 152 615 332 893 271 830 453 1140 172 904 407 1030 704 817 386 359 506 615 420 127 421 1186 344 310 930 561 543 1006 641 421 725 304 0 601 744 355 1022 844 640 646 339 1009 1064 535 549 563 796 253 374 533 1012 405 438 580 219 978 968 547 550 228 804 908 752 301 591 1057 651 518 319 495 418 831 746 969 204 844 871 930 475 1068 631 783 740 506 344 351 122 602 1171 716 247 600 337 912 531 991 973 102 425 391 694 1179
493 1256 611 805 552 827 955 439 581 1125 603 1140 250 733 725 943 473 1082 548 1063 1004 663 611 363 491 1236 804 790 492 280 771 681 423 728 504 797 881 462 338 457 535 611 397 957 278 806 601 0 415 956 631 1243 97 204 500 975 467 577 720 281 1177 795 503 580 1261 500 165 1100 382 1251 461 959 416 756 621 993 985 607 735 922 699 85 877 114 646 558 1181 1026 396 260 656 931 543 963 83 823 582 677 360 370 485 862 656 628 363 636 397 611 753 944 1295 564 591 927 231 934
836 1635 964 1219 875 1242 1359 764 612 1371 939 1449 174 869 896 1259 791 1450 533 1418 995 1013 651 303 837 1605 1183 1193 830 411 1098 1060 779 850 853 1181 882 771 598 852 917 1003 110 942 685 1031 744 415 0 1068 1024 1540 323 618 819 1383 670 950 1073 687 1481 993 835 953 1617 844 432 1321 587 1600 816 1240 811 961 1035 1383 1337 895 1098 1337 1083 445 900 395 971 973 1458 1423 589 372 1072 1334 904 1377 495 1216 993 1025 682 697 628 1198 978 1033 599 1018 409 1023 1094 1354 1627 765 929 917 640 1344
662 1113 1412 1132 597 1213 1092 634 456 470 625 699 962 223 248 622 608 934 540 853 292 1457 418 1254 666 1036 843 998 646 710 609 800 707 229 674 1472 287 595 1282 835 785 1305 960 309 1057 301 355 956 1068 0 1318 723 996 985 601 1163 1417 758 697 886 702 244 630 755 990 661 794 377 573 942 1299 498 837 275 1054 1013 792 502 740 1252 834 872 240 851 593 1108 609 1080 560 1199 1122 1077 710 1248 983 937 991 672 665 667 476 669 1498 944 597 804 661 1188 653 1153 900 405 634 299 1031 1411
656 998 180 419 725 369 631 687 1102 1251 715 1128 876 1119 1073 961 710 901 1105 935 1475 192 1119 831 652 1025 670 524 671 853 822 608 612 1132 646 170 1363 725 494 484 548 20 1026 1442 357 1053 1022 631 1024 1318 0 1240 707 442 716 598 544 587 720 468 1171 1085 687 592 1088 658 727 1277 842 1108 244 1056 480 1048 320 737 889 822 696 458 591 651 1341 713 759 223 1234 727 859 698 273 614 620 516 548 611 363 711 678 670 951 853 282 439 800 576 981 158 776 568 1193 934 703 1410 404 355
753 501 1401 868 691 952 702 804 1032 255 643 113 1383 768 707 305 771 409 1115 336 1015 1428 1005 1606 755 413 570 730 752 1129 477 646 826 799 745 1334 999 785 1468 852 761 1238 1451 1032 1168 541 844 1243 1540 723 1240 0 1326 1144 743 775 1595 712 553 1015 70 603 740 707 335 746 1132 353 954 279 1355 302 886 619 920 578 356 648 561 930 655 1166 951 1185 598 1026 114 631 952 1500 969 704 720 894 1218 639 885 585 886 874 934 403 1506 805 942 688 1161 1082 506 787 195 788 656 1019 1172 1138
580 1351 667 901 635 921 1053 521 591 1196 690 1224 169 774 774 1027 554 1176 545 1155 1015 718 624 281 579 1331 899 887 578 291 857 776 512 766 592 869 893 541 347 554 630 686 320 967 362 870 640 97 323 996 707 1326 0 296 582 1071 463 670 811 378 1260 852 588 673 1353 587 208 1165 428 1343 516 1036 512 814 716 1089 1076 682 828 1016 795 160 894 149 730 649 1259 1123 440 203 750 1028 634 1058 171 920 678 766 439 451 519 950 700 725 417 731 389 699 842 1041 1384 617 678 937 317 1021
400 1091 459 608 472 625 770 377 684 1064 505 1034 453 766 739 838 412 929 675 922 1087 510 707 516 397 1081 649 607 406 413 667 532 328 770 403 612 968 412 328 302 391 422 600 1047 88 779 646 204 618 985 442 1144 296 0 433 783 461 439 595 128 1074 786 421 443 1115 406 286 1056 437 1113 323 881 263 745 422 821 849 551 600 721 542 208 954 271 553 354 1097 847 454 387 454 746 423 763 124 652 390 559 323 324 550 745 528 446 402 485 542 408 639 752 1168 580 491 1015 47 730
64 833 817 587 55 656 630 61 487 634 122 642 652 410 358 446 28 641 535 601 781 861 486 862 68 793 399 485 47 421 279 291 111 428 81 872 680 50 759 234 203 703 744 755 485 352 339 500 819 601 716 743 582 433 0 682 893 198 262 311 678 372 34 196 799 66 393 623 269 780 717 459 236 334 468 610 519 118 295 718 325 422 650 444 152 509 680 664 277 759 536 608 137 731 483 464 404 212 142 130 325 378 909 376 238 267 499 589 274 662 809 239 114 726 472 841
628 409 778 188 645 230 76 706 1170 891 585 678 1210 1041 972 590 699 371 1217 439 1411 785 1167 1294 625 453 319 200 643 1053 554 394 651 1067 608 624 1330 726 1017 539 498 607 1340 1398 745 862 1009 975 1383 1163 598 775 1071 783 682 0 1106 487 472 696 716 924 649 487 530 623 969 956 939 564 806 723 577 902 365 197 439 712 428 165 359 938 1292 993 596 464 815 151 951 1160 359 86 547 119 904 229 393 508 763 747 1008 506 879 351 900 415 1158 467 510 31 665 908 584 1371 779 374
861 1475 396 917 933 892 1120 837 1047 1525 964 1484 597 1194 1178 1291 872 1338 1007 1347 1471 429 1078 384 857 1482 1066 976 867 744 1121 961 789 1192 863 643 1348 870 136 742 834 528 727 1424 426 1235 1064 467 670 1417 544 1595 463 461 893 1106 0 883 1042 587 1525 1236 882 887 1529 867 632 1517 845 1535 304 1341 709 1196 755 1201 1281 1011 1039 989 962 547 1345 581 1012 646 1554 1210 860 301 747 1098 877 1044 434 1044 757 1010 775 779 951 1192 357 833 820 915 851 641 1089 1074 1602 1016 950 1393 426 897
141 685 720 392 170 464 439 219 685 673 133 600 777 591 530 409 213 505 729 487 966 756 684 936 138 660 232 288 156 581 246 109 174 613 121 725 871 239 758 140 48 579 890 944 456 474 535 577 950 758 587 712 670 439 198 487 883 0 158 313 642 516 163 4 684 136 519 690 453 677 651 478 176 483 296 436 412 259 161 521 137 515 838 556 173 365 678 484 464 816 364 416 61 533 531 277 235 131 284 267 522 309 821 187 416 72 677 441 208 465 729 433 124 915 462 656
237 571 865 440 209 525 407 311 724 531 140 442 902 569 499 251 288 379 783 345 938 897 715 1083 236 532 156 302 244 682 104 115 299 596 221 843 858 312 916 299 207 714 1003 925 615 396 549 720 1073 697 720 553 811 595 262 472 1042 158 0 468 483 454 239 154 544 229 642 562 530 531 805 336 334 430 406 360 265 248 44 555 144 652 819 686 130 497 523 420 537 967 469 389 177 551 682 243 356 49 391 376 571 150 967 285 500 144 760 566 56 460 576 450 147 899 621 726
273 978 529 534 346 567 675 260 633 938 376 906 514 673 638 709 293 810 639 799 1014 577 650 628 270 964 531 509 281 402 538 410 202 681 275 638 899 297 456 181 267 451 649 978 174 662 563 281 687 886 468 1015 378 128 311 696 587 313 468 0 946 675 296 317 994 279 290 933 373 989 413 753 139 635 354 713 724 430 474 657 424 243 880 301 425 318 968 745 390 504 401 650 294 693 222 543 307 430 221 218 483 617 612 347 332 363 527 389 510 667 1042 485 363 946 162 702
686 470 1330 802 625 887 642 739 986 249 575 43 1321 727 663 236 706 356 1067 278 995 1358 960 1540 688 382 501 662 685 1069 409 575 758 759 677 1266 970 721 1398 782 691 1168 1393 1008 1098 496 796 1177 1481 702 1171 70 1260 1074 678 716 1525 642 483 946 0 561 673 637 312 678 1068 345 895 258 1284 249 816 573 850 519 289 586 490 868 585 1100 923 1121 531 956 117 575 894 1433 900 642 651 834 1150 571 814 515 821 809 881 333 1435 735 882 617 1106 1013 436 726 197 734 588 993 1102 1075
429 914 1190 888 360 969 855 415 432 388 383 545 857 166 105 419 385 724 518 650 493 1233 403 1128 434 844 604 755 415 593 372 556 483 198 439 1235 433 377 1100 601 545 1073 892 489 849 71 253 795 993 244 1085 603 852 786 372 924 1236 516 454 675 561 0 398 513 811 427 644 328 426 770 1087 319 608 40 812 783 580 263 498 1009 590 709 388 703 349 871 499 850 417 1052 880 839 470 1006 805 696 750 428 463 461 364 444 1281 701 435 560 589 950 414 913 749 236 391 466 829 1167
31 810 793 552 50 621 598 71 521 642 103 637 666 443 389 439 51 619 568 582 815 835 521 866 35 772 371 451 16 443 269 259 93 462 46 841 715 77 749 204 168 675 763 790 468 373 374 503 835 630 687 740 588 421 34 649 882 163 239 296 673 398 0 162 781 31 406 637 297 764 697 463 209 360 434 581 501 138 269 683 293 427 684 454 142 477 682 635 307 760 502 576 102 697 480 432 370 190 153 139 358 365 886 341 263 234 526 558 258 628 798 273 93 760 458 807
141 682 725 394 168 467 438 219 684 668 129 596 779 588 527 404 212 502 729 484 963 761 683 939 138 657 230 288 156 582 241 107 176 610 120 730 869 238 762 144 53 583 891 942 461 470 533 580 953 755 592 707 673 443 196 487 887 4 154 317 637 513 162 0 681 135 521 686 453 674 655 474 180 479 300 435 408 256 157 523 136 518 835 559 169 370 673 482 464 819 367 415 60 535 535 276 239 126 285 268 521 304 825 190 416 72 677 445 203 465 725 431 121 913 467 659
781 170 1263 675 744 746 471 853 1203 559 678 299 1447 973 902 397 826 191 1276 199 1280 1280 1184 1620 781 86 466 566 787 1219 527 583 844 1005 766 1145 1241 849 1416 813 727 1091 1543 1287 1114 740 1012 1261 1617 990 1088 335 1353 1115 799 530 1529 684 544 994 312 811 781 681 0 773 1186 654 1056 56 1252 496 854 812 786 352 280 744 525 695 573 1196 1194 1231 649 900 429 379 1060 1498 817 483 719 648 1215 487 773 592 935 920 1072 424 1368 696 1032 630 1283 936 524 551 155 931 687 1269 1131 904
7 795 766 522 70 590 573 86 549 658 103 641 673 475 420 443 77 607 594 574 846 808 550 864 9 761 351 424 20 457 270 236 79 493 15 810 746 103 734 174 137 646 775 821 449 400 405 500 844 661 658 746 587 406 66 623 867 136 229 279 678 427 31 135 773 0 412 657 319 759 673 475 182 390 403 561 493 164 255 653 268 427 716 458 148 447 692 613 330 754 470 550 75 668 472 409 338 181 162 147 386 362 861 310 284 207 546 527 254 601 796 305 90 792 441 775
405 1203 739 818 448 856 937 335 420 991 510 1034 260 571 567 839 365 1018 396 987 840 790 449 486 405 1173 751 773 399 128 673 628 346 565 420 898 718 348 501 430 487 707 373 795 374 662 438 165 432 794 727 1132 208 286 393 969 632 519 642 290 1068 644 406 521 1186 412 0 958 222 1171 595 837 391 606 642 953 906 484 665 944 653 89 713 59 545 606 1059 996 234 409 691 913 472 977 214 788 591 594 252 267 320 771 797 618 209 587 256 673 665 941 1203 409 499 764 329 991
662 800 1409 985 587 1072 879 679 750 97 572 355 1183 472 429 365 645 647 837 561 665 1447 717 1445 665 715 664 838 653 919 457 677 730 500 663 1405 661 647 1382 813 734 1269 1221 686 1105 296 580 1100 1321 377 1277 353 1165 1056 623 956 1517 690 562 933 345 328 637 686 654 657 958 0 748 601 1328 235 834 360 968 773 526 505 594 1082 703 1015 613 1017 524 1054 239 838 740 1360 1031 871 668 1061 1098 756 915 565 746 740 692 458 1508 847 750 703 917 1126 505 956 541 559 585 676 1095 1272
313 1101 893 821 320 878 892 233 261 789 389 865 436 350 346 680 246 907 283 861 649 942 277 701 316 1057 668 739 300 175 529 556 291 346 333 1010 531 220 711 425 441 824 498 609 520 452 219 382 587 573 842 954 428 437 269 939 845 453 530 373 895 426 297 453 1056 319 222 748 0 1032 761 653 401 390 671 879 778 315 564 953 588 298 517 280 409 673 871 932 17 631 732 869 394 975 413 728 609 481 183 198 112 632 965 607 42 526 229 750 535 916 1049 190 383 578 485 1044
766 225 1281 700 724 774 502 836 1169 506 661 246 1431 933 864 362 808 207 1245 190 1233 1300 1149 1613 767 138 469 583 771 1198 503 581 831 966 752 1172 1197 829 1419 810 722 1110 1523 1242 1116 700 978 1251 1600 942 1108 279 1343 1113 780 564 1535 677 531 989 258 770 764 674 56 759 1171 601 1032 0 1264 453 850 773 800 379 266 718 516 729 574 1184 1150 1217 628 914 374 413 1035 1493 835 511 708 684 1209 500 783 577 918 904 1042 402 1386 704 1010 628 1257 954 506 584 104 900 671 1224 1131 939
669 1185 150 617 743 588 824 671 1006 1320 756 1241 685 1084 1051 1057 702 1061 991 1080 1411 202 1030 595 665 1199 800 689 680 723 897 708 606 1090 665 373 1292 709 252 517 603 226 834 1371 243 1070 968 461 816 1299 244 1355 516 323 717 806 304 651 805 413 1284 1087 697 655 1252 673 595 1328 761 1264 0 1128 494 1047 467 914 1020 835 793 684 703 507 1278 564 805 354 1328 917 778 467 450 803 662 739 386 764 480 782 633 631 874 952 204 560 725 666 850 339 858 774 1338 896 743 1339 276 599
481 615 1198 749 412 836 647 520 737 195 377 227 1084 485 418 135 485 440 818 357 785 1232 712 1318 484 539 428 603 476 828 234 449 554 517 478 1177 744 496 1209 611 525 1049 1149 791 919 251 547 959 1240 498 1056 302 1036 881 459 723 1341 478 336 753 249 319 463 474 496 475 837 235 653 453 1128 0 638 327 742 546 305 354 364 846 472 878 697 893 329 833 222 612 651 1219 803 638 468 827 942 520 692 348 598 588 632 222 1299 620 643 480 859 902 279 722 430 486 391 772 915 1037
179 840 583 432 252 480 548 208 659 828 262 775 636 640 592 581 229 670 684 660 1002 625 669 767 175 824 391 382 193 482 413 270 132 654 173 639 895 246 582 41 128 467 763 972 282 582 550 416 811 837 480 886 512 263 236 577 709 176 334 139 816 608 209 180 854 182 391 834 401 850 494 638 0 570 270 577 586 347 337 561 284 366 869 417 311 280 846 613 416 644 331 523 170 590 361 408 209 301 219 206 497 484 678 226 359 224 597 361 380 549 905 457 249 941 286 643
391 908 1151 859 324 939 834 375 413 413 350 555 823 161 91 416 345 716 497 644 510 1195 386 1091 396 841 582 729 377 559 353 527 444 193 402 1199 442 337 1060 564 510 1036 862 502 809 77 228 756 961 275 1048 619 814 745 334 902 1196 483 430 635 573 40 360 479 812 390 606 360 390 773 1047 327 570 0 778 767 572 227 474 981 562 670 399 665 319 835 518 832 381 1013 847 817 435 980 765 673 716 401 422 421 333 431 1242 669 397 529 560 914 392 890 757 200 358 478 789 1136
404 720 483 185 458 214 366 461 927 936 429 807 864 877 820 641 472 596 954 621 1249 508 934 929 399 732 350 222 421 745 511 292 387 896 388 436 1148 494 657 246 269 318 1003 1223 380 770 804 621 1035 1054 320 920 716 422 468 365 755 296 406 354 850 812 434 300 786 403 642 968 671 800 467 742 270 778 0 447 570 552 378 303 271 596 1118 655 468 113 914 455 686 795 68 344 344 342 546 300 64 406 487 474 764 534 589 121 628 265 864 163 463 333 880 706 420 1194 414 376
568 274 914 322 562 395 126 648 1084 702 495 481 1209 917 845 410 633 176 1142 242 1277 929 1075 1337 566 288 210 225 580 1017 414 327 611 946 549 793 1206 659 1097 535 466 741 1326 1269 803 716 908 993 1383 1013 737 578 1089 821 610 197 1201 436 360 713 519 783 581 435 352 561 953 773 879 379 914 546 577 767 447 0 248 607 319 355 300 941 1165 988 491 560 619 67 888 1208 469 132 490 316 933 169 447 406 719 703 929 343 1018 377 845 366 1107 588 379 210 474 810 498 1244 828 565
501 337 1054 513 463 597 363 572 940 454 397 247 1167 732 659 171 546 144 1009 82 1070 1078 924 1346 501 280 221 373 507 939 251 320 565 763 486 978 1013 568 1161 547 458 888 1263 1069 858 509 752 985 1337 792 889 356 1076 849 519 439 1281 412 265 724 289 580 501 408 280 493 906 526 778 266 1020 305 586 572 570 248 0 470 250 582 319 917 969 952 370 680 378 312 783 1228 616 359 442 552 943 282 542 312 654 639 801 150 1159 461 753 366 1007 731 244 444 321 664 407 1047 870 787
167 801 931 645 96 722 651 174 478 519 130 554 735 334 271 365 139 605 542 551 709 973 468 964 172 750 403 525 154 486 218 321 229 358 176 971 620 145 877 338 283 810 811 690 604 235 301 607 895 502 822 648 682 551 118 712 1011 259 248 430 586 263 138 256 744 164 484 505 315 718 835 354 347 227 552 607 470 0 290 772 356 525 584 539 117 607 576 668 317 867 620 631 208 777 596 484 489 205 246 238 331 320 1024 446 296 313 539 687 234 695 734 202 136 663 591 915
262 540 846 400 244 485 363 340 765 558 176 448 926 613 543 266 319 352 822 327 983 877 757 1096 261 507 112 259 271 712 140 87 320 640 245 813 903 345 916 299 208 691 1030 969 613 440 591 735 1098 740 696 561 828 600 295 428 1039 161 44 474 490 498 269 157 525 255 665 594 564 516 793 364 337 474 378 319 250 290 0 513 108 670 864 708 173 474 540 378 572 977 439 344 194 507 692 198 332 86 418 402 610 160 949 257 533 126 794 540 91 415 568 492 181 943 622 686
657 572 637 131 691 99 229 728 1200 1025 641 828 1167 1107 1041 718 729 532 1236 594 1482 637 1203 1215 653 619 420 253 673 1043 650 454 662 1130 638 463 1391 755 913 530 517 470 1306 1463 667 952 1057 922 1337 1252 458 930 1016 721 718 165 989 521 555 657 868 1009 683 523 695 653 944 1082 953 729 684 846 561 981 303 355 582 772 513 0 419 900 1356 959 664 373 961 316 967 1078 267 225 581 57 845 326 354 580 770 755 1036 624 733 346 912 459 1158 350 603 145 828 955 637 1434 707 210
275 556 746 298 286 382 305 354 812 666 227 542 909 690 623 370 344 387 861 385 1064 774 808 1052 272 540 107 168 288 718 247 35 311 715 254 705 977 370 844 243 166 587 1025 1047 541 536 651 699 1083 834 591 655 795 542 325 359 962 137 144 424 585 590 293 136 573 268 653 703 588 574 703 472 284 562 271 300 319 356 108 419 0 643 941 688 245 372 643 346 598 927 330 283 194 421 646 140 230 161 421 404 650 262 850 151 551 65 813 434 198 340 639 549 225 1019 557 582
419 1199 653 778 474 808 913 361 510 1041 529 1064 271 649 639 867 394 1020 485 997 929 705 538 440 419 1175 746 747 417 216 696 623 352 645 432 820 807 381 415 407 477 630 406 884 294 721 518 85 445 872 651 1166 160 208 422 938 547 515 652 243 1100 709 427 518 1196 427 89 1015 298 1184 507 878 366 670 596 941 917 525 670 900 643 0 800 63 570 548 1100 979 313 345 639 889 476 937 125 773 550 607 280 291 403 790 708 588 277 579 342 609 682 909 1224 478 518 853 248 931
714 1302 1407 1229 667 1303 1227 661 304 703 715 915 823 250 320 807 646 1113 369 1038 134 1456 269 1125 718 1231 975 1109 697 603 751 905 738 225 731 1506 47 626 1215 878 852 1325 790 106 1036 460 319 877 900 240 1341 951 894 954 650 1292 1345 838 819 880 923 388 684 835 1194 716 713 613 517 1150 1278 697 869 399 1118 1165 969 584 864 1356 941 800 0 764 696 1150 838 1230 500 1093 1186 1208 781 1362 922 1062 1054 784 663 671 404 830 1482 1023 553 897 518 1230 788 1277 1118 413 719 79 1002 1491
