0 40 41 58 286 378 802 782 647 328 744 562 189 20 83 817 544 239 167 416 677 493 525 410 533 369 125 839 161 499 649 824 706 532 538 389 42 445 719 590 763 833 229 17 52 325 678 302 476 759 559 485 810 629 173 334 861 377 443 77 89 678 491 250 303 554 315 816 66 601 700 626 459 424 588 82 503 396
40 0 5 93 246 402 827 819 688 362 764 530 154 56 87 796 556 205 153 416 710 504 485 436 565 347 156 840 155 487 636 825 707 505 516 389 2 467 688 616 801 854 194 55 51 356 708 262 440 725 577 474 837 592 183 371 821 367 430 112 61 658 531 278 267 523 317 852 106 636 703 620 499 439 548 113 517 436
41 5 0 96 245 407 824 817 689 360 769 526 150 58 82 791 561 207 158 422 708 509 484 441 563 342 160 846 149 492 641 820 701 500 520 384 7 463 690 621 804 859 196 57 57 354 713 260 441 727 573 468 842 593 189 374 820 361 436 115 65 662 533 275 263 518 311 855 106 634 709 614 501 445 548 117 522 436
58 93 96 0 335 323 805 758 601 316 690 620 247 38 132 872 497 267 166 384 663 447 576 354 524 426 67 804 212 484 634 862 743 590 537 429 94 457 734 533 708 779 261 40 67 320 619 351 506 781 575 534 753 661 136 277 905 427 427 19 119 674 441 254 360 613 356 759 55 581 662 672 409 376 629 25 454 361
286 246 245 335 0 591 998 1047 934 585 922 368 137 301 285 699 687 142 261 501 923 633 241 631 774 299 388 895 282 490 616 866 755 387 450 468 244 636 532 806 1037 1013 130 301 271 570 918 18 249 542 724 473 1025 380 360 608 576 391 445 353 222 588 776 485 113 358 414 1080 351 859 779 629 745 591 309 349 660 679
378 402 407 323 591 0 993 817 525 505 367 927 549 358 455 1195 214 465 330 247 785 184 820 42 684 747 256 562 535 410 528 1159 1043 907 530 739 401 699 782 216 500 456 470 361 352 532 329 609 656 859 822 856 437 801 232 203 1101 748 373 307 385 622 367 507 654 919 668 515 361 688 416 987 346 107 822 297 165 435
802 827 824 805 998 993 0 377 682 501 1294 985 862 806 746 927 1207 1025 968 1168 255 1173 1165 991 309 782 827 1554 719 1288 1437 521 493 889 1340 561 830 364 1510 1103 948 1360 1012 803 853 487 1081 1003 1241 1536 282 663 1253 1379 930 794 1512 664 1232 805 888 1479 711 553 924 986 592 1050 752 341 1407 609 708 1093 1291 819 1158 565
782 819 817 758 1047 817 377 0 363 461 1043 1159 915 776 762 1201 1019 1021 921 1042 165 1000 1262 801 294 926 748 1366 775 1190 1328 862 802 1075 1276 726 821 484 1491 860 616 1091 1012 774 822 479 799 1057 1259 1539 502 869 963 1411 847 618 1614 824 1139 748 870 1400 463 563 1009 1157 719 719 717 189 1226 876 475 925 1356 760 972 407
647 688 689 601 934 525 682 363 0 432 687 1156 825 633 668 1300 701 862 734 770 427 693 1173 497 431 924 561 1036 716 930 1053 1069 978 1094 1040 782 689 587 1280 513 265 730 858 633 668 470 437 949 1096 1346 672 935 600 1251 637 359 1507 854 888 585 720 1144 168 530 937 1151 741 368 584 347 902 1000 197 627 1230 591 658 280
328 362 360 316 585 505 501 461 432 0 841 736 454 326 300 870 718 567 482 667 348 680 804 511 208 501 328 1059 318 790 938 693 587 667 853 351 364 202 1046 652 642 918 556 323 373 40 674 596 801 1087 322 503 841 952 432 323 1154 423 735 311 417 987 337 107 553 732 309 727 267 275 913 580 315 599 894 325 669 157
744 764 769 690 922 367 1294 1043 687 841 0 1277 905 723 822 1560 245 783 665 444 1059 295 1131 343 989 1111 624 401 902 561 593 1518 1404 1266 697 1105 763 1043 943 191 505 91 793 727 713 874 258 940 918 1038 1164 1224 172 1039 584 517 1360 1116 561 674 738 720 590 863 1001 1268 1035 445 729 962 318 1354 588 331 1097 664 262 732
562 530 526 620 368 927 985 1159 1156 736 1277 0 378 582 507 353 1049 510 613 868 1005 995 290 964 864 235 687 1261 443 853 968 664 581 97 793 437 530 679 793 1143 1315 1369 497 580 576 704 1239 352 529 760 708 323 1365 579 697 891 563 335 811 639 542 919 1022 630 276 10 440 1375 607 973 1148 430 992 946 443 643 1018 876
189 154 150 247 137 549 862 915 825 454 905 378 0 209 159 664 684 199 249 520 787 631 352 586 638 221 311 938 145 550 690 762 647 361 541 344 154 499 658 765 953 996 182 207 198 436 862 144 380 675 589 379 987 517 321 523 700 283 498 266 166 684 675 351 114 369 284 1006 245 726 809 535 643 575 443 268 650 559
20 56 58 38 301 358 806 776 633 326 723 582 209 0 101 837 525 245 161 401 674 474 541 390 533 390 105 824 180 490 640 840 721 552 534 405 57 451 720 569 745 813 236 4 47 325 657 317 483 763 567 504 789 637 156 315 874 396 433 57 94 673 475 253 322 575 331 797 59 596 684 644 443 405 599 61 483 386
83 87 82 132 285 455 746 762 668 300 822 507 159 101 0 741 626 279 241 498 643 576 511 485 495 298 198 922 79 574 723 741 623 466 602 306 90 383 765 663 808 911 266 97 130 288 743 297 505 796 491 403 882 653 257 385 858 295 518 148 147 744 521 204 269 500 232 869 101 575 783 543 490 507 594 157 585 399
817 796 791 872 699 1195 927 1201 1300 870 1560 353 664 837 741 0 1348 835 913 1183 1036 1294 639 1227 922 449 940 1592 663 1189 1313 459 437 311 1140 518 797 732 1145 1405 1505 1650 820 834 847 830 1479 685 882 1107 700 367 1623 927 978 1111 851 462 1143 889 827 1269 1199 782 591 363 568 1581 841 1037 1470 326 1172 1235 789 898 1311 1026
544 556 561 497 687 214 1207 1019 701 718 245 1049 684 525 626 1348 0 545 437 199 997 53 888 220 898 900 438 349 705 327 392 1355 1238 1045 463 926 555 908 717 228 605 333 556 529 504 744 370 705 674 808 1032 1028 387 796 372 415 1116 921 319 484 521 510 559 712 773 1039 853 583 544 899 206 1169 544 122 852 472 49 648
239 205 207 267 142 465 1025 1021 862 567 783 510 199 245 279 835 545 0 138 358 915 492 355 507 770 412 301 757 315 357 493 962 846 523 342 539 202 662 485 676 935 874 16 247 201 561 795 160 238 520 765 577 892 393 244 516 652 482 308 281 151 485 697 481 244 500 474 969 304 840 638 734 666 454 371 272 521 629
167 153 158 166 261 330 968 921 734 482 665 613 249 161 241 913 437 138 0 273 829 383 491 371 690 469 177 695 305 333 483 977 858 608 372 541 151 613 570 544 797 756 141 165 115 485 659 280 362 622 727 614 763 516 105 382 789 509 277 173 97 511 567 415 337 604 469 830 217 747 562 765 536 333 508 160 405 518
416 416 422 384 501 247 1168 1042 770 667 444 868 520 401 498 1183 199 358 273 0 987 151 691 282 867 742 344 424 571 162 286 1240 1122 874 289 804 414 835 545 390 737 532 371 406 368 683 531 518 474 629 957 887 580 601 248 426 918 781 133 378 368 375 608 632 596 858 731 737 439 894 289 1035 584 161 653 364 191 641
677 710 708 663 923 785 255 165 427 348 1059 1005 787 674 643 1036 997 915 829 987 0 969 1126 777 149 776 666 1346 643 1124 1268 703 638 919 1196 568 713 326 1395 869 692 1119 904 672 722 355 834 932 1148 1435 336 708 1005 1296 769 581 1480 669 1070 656 766 1328 469 438 874 1003 568 795 615 97 1202 710 470 890 1231 670 948 350
493 504 509 447 633 184 1173 1000 693 680 295 995 631 474 576 1294 53 492 383 151 969 0 836 199 865 847 390 380 654 292 375 1307 1190 992 428 877 502 867 683 250 618 384 502 478 452 704 393 651 626 772 991 977 429 752 320 387 1070 869 278 435 467 487 543 668 719 985 804 604 496 872 234 1119 526 80 804 423 43 619
525 485 484 576 241 820 1165 1262 1173 804 1131 290 352 541 511 639 888 355 491 691 1126 836 0 862 978 389 629 1039 487 632 723 929 833 365 544 606 484 818 506 1031 1277 1220 350 540 512 783 1150 224 262 470 884 549 1246 289 594 849 353 507 601 593 463 654 1017 698 252 280 574 1318 589 1072 944 688 985 806 154 590 869 911
410 436 441 354 631 42 991 801 497 511 343 964 586 390 485 1227 220 507 371 282 777 199 862 0 682 780 286 569 564 445 558 1177 1062 941 568 762 436 709 821 179 460 429 512 393 388 541 287 650 699 900 832 883 401 844 271 197 1144 776 411 337 423 656 344 522 692 956 692 472 388 679 426 1011 326 130 865 329 171 429
533 565 563 524 774 684 309 294 431 208 989 864 638 533 495 922 898 770 690 867 149 865 978 682 0 633 534 1245 494 996 1143 639 555 781 1061 432 568 192 1252 797 688 1057 758 530 580 208 786 783 1001 1290 244 579 958 1149 639 485 1331 530 941 519 622 1195 417 291 725 862 424 785 474 115 1099 602 409 785 1082 533 849 257
369 347 342 426 299 747 782 926 924 501 1111 235 221 390 298 449 900 412 469 742 776 847 389 780 633 0 493 1159 223 769 905 569 461 172 746 221 348 452 822 959 1094 1201 396 386 398 468 1041 292 537 818 500 175 1179 641 529 679 730 118 718 443 379 886 796 395 187 232 208 1161 399 740 1031 330 766 786 529 451 863 643
125 156 160 67 388 256 827 748 561 328 624 687 311 105 198 940 438 301 177 344 666 390 629 286 534 493 0 756 278 461 610 917 799 657 531 488 157 491 744 465 649 713 297 108 117 340 552 405 535 799 612 599 685 691 104 220 950 492 406 50 166 661 396 287 423 679 415 697 106 579 612 733 365 316 671 43 394 343
839 840 846 804 895 562 1554 1366 1036 1059 401 1261 938 824 922 1592 349 757 695 424 1346 380 1039 569 1245 1159 756 0 996 410 332 1664 1546 1281 503 1229 839 1243 688 527 896 430 772 828 792 1082 644 910 783 787 1366 1310 569 853 668 764 1171 1205 450 795 791 446 904 1041 1001 1251 1155 845 857 1249 146 1460 891 460 954 782 398 997
161 155 149 212 282 535 719 775 716 318 902 443 145 180 79 663 705 315 305 571 643 654 487 564 494 223 278 996 0 636 784 671 552 394 652 236 157 355 794 742 873 991 300 176 204 296 818 290 522 816 451 323 960 662 334 456 839 215 581 228 208 795 579 211 235 437 164 937 178 585 858 465 548 586 587 237 664 440
499 487 492 484 490 410 1288 1190 930 790 561 853 550 490 574 1189 327 357 333 162 1124 292 632 445 996 769 461 410 636 0 150 1305 1187 877 136 872 484 941 391 541 899 641 373 494 447 801 684 504 383 481 1058 930 714 482 357 581 806 830 56 483 428 214 766 739 599 843 801 894 539 1033 315 1085 741 321 561 468 336 784
649 636 641 634 616 528 1437 1328 1053 938 593 968 690 640 723 1313 392 493 483 286 1268 375 723 558 1143 905 610 332 784 150 0 1450 1333 1002 179 1018 633 1091 366 620 994 660 509 644 597 950 762 628 462 464 1208 1070 759 521 506 713 839 972 206 633 577 127 893 888 728 958 948 975 689 1177 291 1226 870 427 626 618 418 925
824 825 820 862 866 1159 521 862 1069 693 1518 664 762 840 741 459 1355 962 977 1240 703 1307 929 1177 639 569 917 1664 671 1305 1450 0 118 571 1304 435 827 495 1392 1336 1316 1601 945 835 872 655 1367 861 1106 1383 396 394 1533 1204 996 1007 1226 479 1250 872 879 1446 1021 655 757 670 509 1409 811 741 1524 242 1003 1233 1081 885 1310 838
706 707 701 743 755 1043 493 802 978 587 1404 581 647 721 623 437 1238 846 858 1122 638 1190 833 1062 555 461 799 1546 552 1187 1333 118 0 484 1188 317 709 395 1283 1223 1219 1487 829 717 754 547 1259 750 998 1279 311 287 1423 1101 877 896 1144 365 1132 754 761 1331 919 541 647 586 390 1309 693 664 1405 150 900 1115 982 767 1192 736
532 505 500 590 387 907 889 1075 1094 667 1266 97 361 552 466 311 1045 523 608 874 919 992 365 941 781 172 657 1281 394 877 1002 571 484 0 831 350 505 592 857 1121 1267 1357 509 549 554 632 1208 374 582 833 615 226 1342 651 682 850 659 251 831 608 527 963 968 564 279 101 362 1332 568 892 1160 334 938 936 520 614 1011 813
538 516 520 537 450 530 1340 1276 1040 853 697 793 541 534 602 1140 463 342 372 289 1196 428 544 568 1061 746 531 503 652 136 179 1304 1188 831 0 881 513 983 256 676 1026 775 359 537 487 858 818 461 282 344 1094 917 851 356 429 683 679 824 157 541 455 143 873 787 564 783 814 1026 589 1110 433 1073 846 450 450 527 471 869
389 389 384 429 468 739 561 726 782 351 1105 437 344 405 306 518 926 539 541 804 568 877 606 762 432 221 488 1229 236 872 1018 435 317 350 881 0 391 242 1000 932 989 1191 523 401 436 311 986 468 717 1008 279 153 1141 840 561 615 951 104 816 441 444 1024 682 267 375 437 73 1068 382 545 1089 249 657 804 739 454 882 507
42 2 7 94 244 401 830 821 689 364 763 530 154 57 90 797 555 202 151 414 713 502 484 436 568 348 157 839 157 484 633 827 709 505 513 391 0 470 685 616 802 853 191 56 50 359 709 260 437 722 580 475 837 589 182 372 819 368 428 113 58 655 532 280 266 522 319 853 108 638 702 621 501 438 546 114 516 438
445 467 463 457 636 699 364 484 587 202 1043 679 499 451 383 732 908 662 613 835 326 867 818 709 192 452 491 1243 355 941 1091 495 395 592 983 242 470 0 1146 855 823 1120 648 448 497 168 874 642 878 1172 123 386 1042 1017 589 525 1170 343 884 459 528 1123 525 203 569 677 246 914 402 307 1097 417 507 788 935 474 860 342
719 688 690 734 532 782 1510 1491 1280 1046 943 793 658 720 765 1145 717 485 570 545 1395 683 506 821 1252 822 744 688 794 391 366 1392 1283 857 256 1000 685 1146 0 932 1281 1017 498 723 673 1044 1075 534 285 98 1245 998 1102 224 650 921 498 923 412 742 630 242 1112 966 636 783 942 1282 780 1316 656 1151 1084 706 362 730 727 1087
590 616 621 533 806 216 1103 860 513 652 191 1143 765 569 663 1405 228 676 544 390 869 250 1031 179 797 959 465 527 742 541 620 1336 1223 1121 676 932 616 855 932 0 380 265 682 573 568 687 143 824 849 1019 975 1058 221 986 448 329 1297 952 522 515 602 736 402 681 870 1135 863 355 564 772 404 1181 398 235 1022 508 206 540
763 801 804 708 1037 500 948 616 265 642 505 1315 953 745 808 1505 605 935 797 737 692 618 1277 460 688 1094 649 896 873 899 994 1316 1219 1267 1026 989 802 823 1281 380 0 523 935 747 767 683 251 1054 1148 1360 920 1138 376 1298 691 430 1586 1046 869 689 815 1104 306 723 1067 1309 936 103 710 611 782 1223 332 577 1305 690 575 486
833 854 859 779 1013 456 1360 1091 730 918 91 1369 996 813 911 1650 333 874 756 532 1119 384 1220 429 1057 1201 713 430 991 641 660 1601 1487 1357 775 1191 853 1120 1017 265 523 0 884 817 803 953 293 1031 1005 1113 1240 1312 152 1122 675 595 1444 1205 645 763 829 788 650 945 1093 1360 1121 448 817 1023 374 1440 651 423 1184 754 353 802
229 194 196 261 130 470 1012 1012 858 556 793 497 182 236 266 820 556 16 141 371 904 502 350 512 758 396 297 772 300 373 509 945 829 509 359 523 191 648 498 682 935 884 0 238 193 549 799 148 247 531 750 561 899 401 246 514 653 465 324 275 142 502 694 469 229 487 457 971 295 830 652 717 662 463 373 267 530 622
17 55 57 40 301 361 803 774 633 323 727 580 207 4 97 834 529 247 165 406 672 478 540 393 530 386 108 828 176 494 644 835 717 549 537 401 56 448 723 573 747 817 238 0 50 323 660 316 485 765 563 499 793 638 160 317 874 392 437 59 95 676 476 250 320 572 327 799 57 594 688 640 444 409 600 64 488 385
52 51 57 67 271 352 853 822 668 373 713 576 198 47 130 847 504 201 115 368 722 452 512 388 580 398 117 792 204 447 597 872 754 554 487 436 50 497 673 568 767 803 193 50 0 373 664 288 439 717 611 525 789 594 132 337 839 417 390 83 51 626 507 300 308 568 363 814 106 643 654 670 475 388 562 78 465 428
325 356 354 320 570 532 487 479 470 40 874 704 436 325 288 830 744 561 485 683 355 704 783 541 208 468 340 1082 296 801 950 655 547 632 858 311 359 168 1044 687 683 953 549 323 373 0 712 580 793 1081 290 464 878 941 443 357 1135 386 745 318 414 994 377 84 531 701 272 768 268 290 936 540 355 624 879 333 695 197
678 708 713 619 918 329 1081 799 437 674 258 1239 862 657 743 1479 370 795 659 531 834 393 1150 287 786 1041 552 644 818 684 762 1367 1259 1208 818 986 709 874 1075 143 251 293 799 660 664 712 0 936 982 1161 988 1122 172 1122 557 371 1428 1019 664 601 704 879 370 723 972 1232 921 213 641 740 533 1233 377 372 1151 596 349 538
302 262 260 351 18 609 1003 1057 949 596 940 352 144 317 297 685 705 160 280 518 932 651 224 650 783 292 405 910 290 504 628 861 750 374 461 468 260 642 534 824 1054 1031 148 316 288 580 936 0 249 540 727 467 1043 376 378 625 562 388 460 369 239 597 792 495 105 341 416 1098 366 870 796 623 760 610 298 366 678 692
476 440 441 506 249 656 1241 1259 1096 801 918 529 380 483 505 882 674 238 362 474 1148 626 262 699 1001 537 535 783 522 383 462 1106 998 582 282 717 437 878 285 849 1148 1005 247 485 439 793 982 249 0 294 970 712 1052 155 463 743 447 637 363 519 389 393 929 710 350 519 662 1171 542 1076 698 866 898 615 179 510 664 868
759 725 727 781 542 859 1536 1539 1346 1087 1038 760 675 763 796 1107 808 520 622 629 1435 772 470 900 1290 818 799 787 816 481 464 1383 1279 833 344 1008 722 1172 98 1019 1360 1113 531 765 717 1081 1161 540 294 0 1265 991 1194 181 710 987 408 925 496 791 670 341 1178 1000 636 751 956 1366 823 1360 754 1141 1148 789 318 780 815 1140
559 577 573 575 724 822 282 502 672 322 1164 708 589 567 491 700 1032 765 727 957 336 991 884 832 244 500 612 1366 451 1058 1208 396 311 615 1094 279 580 123 1245 975 920 1240 750 563 611 290 988 727 970 1265 0 391 1158 1103 709 646 1230 382 1001 579 638 1236 631 325 644 709 313 1015 520 353 1220 374 616 911 1011 594 984 451
485 474 468 534 473 856 663 869 935 503 1224 323 379 504 403 367 1028 577 614 887 708 977 549 883 579 175 599 1310 323 930 1070 394 287 226 917 153 475 386 998 1058 1138 1312 561 499 525 464 1122 467 712 991 391 0 1272 813 656 751 873 107 877 550 518 1058 832 415 363 325 202 1215 495 693 1176 156 805 909 696 560 987 660
810 837 842 753 1025 437 1253 963 600 841 172 1365 987 789 882 1623 387 892 763 580 1005 429 1246 401 958 1179 685 569 960 714 759 1533 1423 1342 851 1141 837 1042 1102 221 376 152 899 793 789 878 172 1043 1052 1194 1158 1272 0 1182 669 528 1498 1167 706 735 823 885 542 883 1091 1356 1074 296 782 912 490 1390 549 441 1228 728 388 709
629 592 593 661 380 801 1379 1411 1251 952 1039 579 517 637 653 927 796 393 516 601 1296 752 289 844 1149 641 691 853 662 482 521 1204 1101 651 356 840 589 1017 224 986 1298 1122 401 638 594 941 1122 376 155 181 1103 813 1182 0 617 897 324 751 477 674 543 421 1084 858 464 569 791 1317 696 1227 790 961 1053 751 139 665 793 1023
173 183 189 136 360 232 930 847 637 432 584 697 321 156 257 978 372 244 105 248 769 320 594 271 639 529 104 668 334 357 506 996 877 682 429 561 182 589 650 448 691 675 246 160 132 443 557 378 463 710 709 656 669 617 0 280 895 549 302 130 155 558 469 385 422 688 488 725 190 682 527 799 439 256 614 115 333 440
334 371 374 277 608 203 794 618 359 323 517 891 523 315 385 1111 415 516 382 426 581 387 849 197 485 679 220 764 456 581 713 1007 896 850 683 615 372 525 921 329 430 595 514 317 337 357 371 625 743 987 646 751 528 897 280 0 1168 649 534 258 386 795 191 355 637 884 550 484 284 485 620 863 163 309 887 259 366 232
861 821 820 905 576 1101 1512 1614 1507 1154 1360 563 700 874 858 851 1116 652 789 918 1480 1070 353 1144 1331 730 950 1171 839 806 839 1226 1144 659 679 951 819 1170 498 1297 1586 1444 653 874 839 1135 1428 562 447 408 1230 873 1498 324 895 1168 0 849 798 922 787 729 1346 1050 605 557 924 1614 927 1425 1113 993 1314 1062 280 916 1109 1255
377 367 361 427 391 748 664 824 854 423 1116 335 283 396 295 462 921 482 509 781 669 869 507 776 530 118 492 1205 215 830 972 479 365 251 824 104 368 343 923 952 1046 1205 465 392 417 386 1019 388 637 925 382 107 1167 751 549 649 849 0 776 442 413 966 741 325 288 334 113 1119 388 640 1070 255 713 802 645 452 880 575
443 430 436 427 445 373 1232 1139 888 735 561 811 498 433 518 1143 319 308 277 133 1070 278 601 411 941 718 406 450 581 56 206 1250 1132 831 157 816 428 884 412 522 869 645 324 437 390 745 664 460 363 496 1001 877 706 477 302 534 798 776 0 427 372 261 722 682 552 800 745 870 482 981 343 1031 696 293 542 412 321 733
77 112 115 19 353 307 805 748 585 311 674 639 266 57 148 889 484 281 173 378 656 435 593 337 519 443 50 795 228 483 633 872 754 608 541 441 113 459 742 515 689 763 275 59 83 318 601 369 519 791 579 550 735 674 130 258 922 442 427 0 134 676 424 256 379 632 368 740 61 574 653 685 392 363 645 14 441 349
89 61 65 119 222 385 888 870 720 417 738 542 166 94 147 827 521 151 97 368 766 467 463 423 622 379 166 791 208 428 577 879 761 527 455 444 58 528 630 602 815 829 142 95 51 414 704 239 389 670 638 518 823 543 155 386 787 413 372 134 0 597 558 337 269 533 372 859 153 689 657 668 527 409 510 129 485 479
678 658 662 674 588 622 1479 1400 1144 987 720 919 684 673 744 1269 510 485 511 375 1328 487 654 656 1195 886 661 446 795 214 127 1446 1331 963 143 1024 655 1123 242 736 1104 788 502 676 626 994 879 597 393 341 1236 1058 885 421 558 795 729 966 261 676 597 0 981 926 702 908 957 1091 727 1239 419 1215 956 529 539 662 531 993
491 531 533 441 776 367 711 463 168 337 590 1022 675 475 521 1199 559 697 567 608 469 543 1017 344 417 796 396 904 579 766 893 1021 919 968 873 682 532 525 1112 402 306 650 694 476 507 377 370 792 929 1178 631 832 542 1084 469 191 1346 741 722 424 558 981 0 416 789 1016 630 390 430 373 764 917 31 473 1067 429 513 183
250 278 275 254 485 507 553 563 530 107 863 630 351 253 204 782 712 481 415 632 438 668 698 522 291 395 287 1041 211 739 888 655 541 564 787 267 280 203 966 681 723 945 469 250 300 84 723 495 710 1000 325 415 883 858 385 355 1050 325 682 256 337 926 416 0 447 626 214 801 199 375 896 511 390 590 794 271 664 250
303 267 263 360 113 654 924 1009 937 553 1001 276 114 322 269 591 773 244 337 596 874 719 252 692 725 187 423 1001 235 599 728 757 647 279 564 375 266 569 636 870 1067 1093 229 320 308 531 972 105 350 636 644 363 1091 464 422 637 605 288 552 379 269 702 789 447 0 266 331 1119 359 820 881 518 757 670 367 380 742 668
554 523 518 613 358 919 986 1157 1151 732 1268 10 369 575 500 363 1039 500 604 858 1003 985 280 956 862 232 679 1251 437 843 958 670 586 101 783 437 522 677 783 1135 1309 1360 487 572 568 701 1232 341 519 751 709 325 1356 569 688 884 557 334 800 632 533 908 1016 626 266 0 438 1368 600 971 1138 436 986 937 434 635 1009 872
315 317 311 356 414 668 592 719 741 309 1035 440 284 331 232 568 853 474 469 731 568 804 574 692 424 208 415 1155 164 801 948 509 390 362 814 73 319 246 942 863 936 1121 457 327 363 272 921 416 662 956 313 202 1074 791 488 550 924 113 745 368 372 957 630 214 331 438 0 1012 309 532 1015 319 603 731 698 380 809 462
816 852 855 759 1080 515 1050 719 368 727 445 1375 1006 797 869 1581 583 969 830 737 795 604 1318 472 785 1161 697 845 937 894 975 1409 1309 1332 1026 1068 853 914 1282 355 103 448 971 799 814 768 213 1098 1171 1366 1015 1215 296 1317 725 484 1614 1119 870 740 859 1091 390 801 1119 1368 1012 0 768 712 742 1307 413 576 1334 739 560 573
66 106 106 55 351 361 752 717 584 267 729 607 245 59 101 841 544 304 217 439 615 496 589 388 474 399 106 857 178 539 689 811 693 568 589 382 108 402 780 564 710 817 295 57 106 268 641 366 542 823 520 495 782 696 190 284 927 388 482 61 153 727 430 199 359 600 309 768 0 537 714 627 398 422 654 75 500 329
601 636 634 581 859 688 341 189 347 275 962 973 726 596 575 1037 899 840 747 894 97 872 1072 679 115 740 579 1249 585 1033 1177 741 664 892 1110 545 638 307 1316 772 611 1023 830 594 643 290 740 870 1076 1360 353 693 912 1227 682 485 1425 640 981 574 689 1239 373 375 820 971 532 712 537 0 1104 717 374 794 1168 586 851 254
700 703 709 662 779 416 1407 1226 902 913 318 1148 809 684 783 1470 206 638 562 289 1202 234 944 426 1099 1031 612 146 858 315 291 1524 1405 1160 433 1089 702 1097 656 404 782 374 652 688 654 936 533 796 698 754 1220 1176 490 790 527 620 1113 1070 343 653 657 419 764 896 881 1138 1015 742 714 1104 0 1324 750 314 875 639 254 852
626 620 614 672 629 987 609 876 1000 580 1354 430 535 644 543 326 1169 734 765 1035 710 1119 688 1011 602 330 733 1460 465 1085 1226 242 150 334 1073 249 621 417 1151 1181 1223 1440 717 640 670 540 1233 623 866 1141 374 156 1390 961 799 863 993 255 1031 685 668 1215 917 511 518 436 319 1307 627 717 1324 0 894 1048 839 697 1126 737
459 499 501 409 745 346 708 475 197 315 588 992 643 443 490 1172 544 666 536 584 470 526 985 326 409 766 365 891 548 741 870 1003 900 938 846 657 501 507 1084 398 332 651 662 444 475 355 377 760 898 1148 616 805 549 1053 439 163 1314 713 696 392 527 956 31 390 757 986 603 413 398 374 750 894 0 453 1035 397 497 164
424 439 445 376 591 107 1093 925 627 599 331 946 575 405 507 1235 122 454 333 161 890 80 806 130 785 786 316 460 586 321 427 1233 1115 936 450 804 438 788 706 235 577 423 463 409 388 624 372 610 615 789 911 909 441 751 256 309 1062 802 293 363 409 529 473 590 670 937 731 576 422 794 314 1048 453 0 789 351 78 540
588 548 548 629 309 822 1291 1356 1230 894 1097 443 443 599 594 789 852 371 508 653 1231 804 154 865 1082 529 671 954 587 561 626 1081 982 520 450 739 546 935 362 1022 1305 1184 373 600 562 879 1151 298 179 318 1011 696 1228 139 614 887 280 645 542 645 510 539 1067 794 367 434 698 1334 654 1168 875 839 1035 789 0 638 841 984
82 113 117 25 349 297 819 760 591 325 664 643 268 61 157 898 472 272 160 364 670 423 590 329 533 451 43 782 237 468 618 885 767 614 527 454 114 474 730 508 690 754 267 64 78 333 596 366 510 780 594 560 728 665 115 259 916 452 412 14 129 662 429 271 380 635 380 739 75 586 639 697 397 351 638 0 429 360
503 517 522 454 660 165 1158 972 658 669 262 1018 650 483 585 1311 49 521 405 191 948 43 869 171 849 863 394 398 664 336 418 1310 1192 1011 471 882 516 860 727 206 575 353 530 488 465 695 349 678 664 815 984 987 388 793 333 366 1109 880 321 441 485 531 513 664 742 1009 809 560 500 851 254 1126 497 78 841 429 0 598
396 436 436 361 679 435 565 407 280 157 732 876 559 386 399 1026 648 629 518 641 350 619 911 429 257 643 343 997 440 784 925 838 736 813 869 507 438 342 1087 540 486 802 622 385 428 197 538 692 868 1140 451 660 709 1023 440 232 1255 575 733 349 479 993 183 250 668 872 462 573 329 254 852 737 164 540 984 360 598 0
