0 1022 1170 721 1606 1282 359 989 1348 1538 351 1503 677 773 871 1640
1022 0 1035 562 2619 1052 1293 1531 2179 1959 883 2035 1371 255 1559 1403
1170 1035 0 1352 2338 128 1142 2109 2511 1028 819 2640 898 1023 974 473
721 562 1352 0 2292 1415 1072 971 1646 2076 799 1474 1305 371 1509 1795
1606 2619 2338 2292 0 2465 1337 1904 1433 1846 1770 2094 1443 2375 1379 2683
1282 1052 128 1415 2465 0 1267 2205 2627 1102 932 2738 1026 1071 1098 382
359 1293 1142 1072 1337 1267 0 1244 1422 1259 434 1720 391 1061 554 1581
989 1531 2109 971 1904 2205 1244 0 764 2501 1319 533 1629 1313 1798 2581
1348 2179 2511 1646 1433 2627 1422 764 0 2608 1695 691 1795 1935 1903 2975
1538 1959 1028 2076 1846 1102 1259 2501 2608 0 1291 2978 872 1852 715 1080
351 883 819 799 1770 932 434 1319 1695 1291 0 1843 516 675 718 1289
1503 2035 2640 1474 2094 2738 1720 533 691 2978 1843 0 2111 1830 2265 3114
677 1371 898 1305 1443 1026 391 1629 1795 872 516 2111 0 1184 204 1284
773 255 1023 371 2375 1071 1061 1313 1935 1852 675 1830 1184 0 1381 1445
871 1559 974 1509 1379 1098 554 1798 1903 715 718 2265 204 1381 0 1305
1640 1403 473 1795 2683 382 1581 2581 2975 1080 1289 3114 1284 1445 1305 0
