0 1020 54 896 947 545 620 471 384 688 1443 355 1256 773 1273 902
1020 0 992 1777 1935 584 411 676 1183 1570 1884 988 245 1749 2112 1666
54 992 0 886 990 543 588 422 349 675 1402 303 1226 819 1326 877
896 1777 886 0 991 1426 1372 1101 596 212 913 788 1975 962 1561 246
947 1935 990 991 0 1377 1557 1411 1053 941 1891 1191 2178 188 581 1199
545 584 543 1426 1377 0 345 509 852 1214 1811 707 829 1188 1527 1390
620 411 588 1372 1557 345 0 284 776 1164 1582 586 638 1376 1798 1278
471 676 422 1101 1411 509 284 0 510 896 1317 313 878 1242 1735 995
384 1183 349 596 1053 852 776 510 0 387 1064 198 1389 921 1505 538
688 1570 675 212 941 1214 1164 896 387 0 957 582 1774 872 1484 275
1443 1884 1402 913 1891 1811 1582 1317 1064 957 0 1126 1993 1830 2442 692
355 988 303 788 1191 707 586 313 198 582 1126 0 1191 1041 1594 699
1256 245 1226 1975 2178 829 638 878 1389 1774 1993 1191 0 1993 2355 1847
773 1749 819 962 188 1188 1376 1242 921 872 1830 1041 1993 0 611 1143
1273 2112 1326 1561 581 1527 1798 1735 1505 1484 2442 1594 2355 611 0 1753
902 1666 877 246 1199 1390 1278 995 538 275 692 699 1847 1143 1753 0
