0 417 1413 236 743 1599 284 558 295 282 822 77 1557 1286 395 1502
417 0 1213 648 918 1655 699 630 555 441 419 409 1397 1608 402 1732
1413 1213 0 1512 1057 964 1565 938 1684 1606 983 1466 219 1755 1609 2906
236 648 1512 0 671 1549 57 588 393 450 1039 280 1630 1087 589 1474
743 918 1057 671 0 878 702 305 1023 1025 1106 820 1104 787 1123 2138
1599 1655 964 1549 878 0 1579 1056 1889 1873 1659 1674 824 1125 1950 3012
284 699 1565 57 702 1579 0 637 400 472 1094 318 1681 1072 615 1437
558 630 938 588 305 1056 637 0 854 822 803 630 1044 1075 893 2045
295 555 1684 393 1023 1889 400 854 0 127 972 225 1839 1473 263 1221
282 441 1606 450 1025 1873 472 822 127 0 852 205 1770 1537 147 1304
822 419 983 1039 1106 1659 1094 803 972 852 0 825 1194 1872 782 2110
77 409 1466 280 820 1674 318 630 225 205 825 0 1616 1351 323 1442
1557 1397 219 1630 1104 824 1681 1044 1839 1770 1194 1616 0 1735 1784 3058
1286 1608 1755 1087 787 1125 1072 1075 1473 1537 1872 1351 1735 0 1673 2263
395 402 1609 589 1123 1950 615 893 263 147 782 323 1784 1673 0 1334
1502 1732 2906 1474 2138 3012 1437 2045 1221 1304 2110 1442 3058 2263 1334 0
