0 283 532 215 38 13 803 201 652 314 286 614 109 186 335 493 773 210 288 782 199 761 670 593 518 358 641 549 35 756 627 279 372 233 643 362 471 102 479 139 314 562 426 632 793 18 854 694 503 164 840 357 148 402 819 765 466 75 622 3 851 173 672 607 378 473 159 57 858 640 119 826 496 209 687 747 654 446
283 0 789 441 319 274 1060 225 695 465 204 356 177 428 107 696 932 99 117 1035 210 973 423 717 432 443 768 710 298 949 385 480 319 49 510 89 624 193 299 166 281 364 683 495 942 284 654 630 427 347 573 635 367 273 1051 534 299 358 904 283 1120 264 842 891 200 739 420 288 1028 575 164 1082 581 316 403 919 393 722
532 789 0 563 494 535 271 723 625 393 675 1045 617 535 863 697 975 694 819 712 725 299 1200 902 1024 487 448 334 539 888 1158 617 665 741 1160 847 778 599 846 671 828 924 505 1150 478 542 1384 830 741 615 1363 206 572 930 307 1298 826 466 380 531 670 682 880 299 910 74 498 506 476 798 637 294 493 505 1171 927 1084 148
215 441 563 0 211 228 814 244 845 489 498 795 303 35 446 278 560 400 388 593 255 841 742 396 477 554 798 690 180 541 698 70 588 399 619 529 267 306 685 275 307 766 246 612 928 200 866 907 719 98 929 357 75 426 870 814 675 190 509 218 686 192 459 524 443 491 80 265 974 854 299 839 683 417 831 532 833 433
38 319 494 211 0 44 765 235 640 294 304 644 143 179 374 486 771 242 326 760 234 727 709 599 550 347 618 522 52 748 665 279 382 269 678 396 474 132 500 177 347 584 405 667 766 48 891 696 511 178 879 319 153 439 782 804 487 40 589 37 824 203 670 572 416 435 145 55 828 643 155 788 482 206 722 743 684 407
13 274 535 228 44 0 806 203 642 306 273 603 99 200 330 506 785 199 284 795 201 760 666 605 521 347 634 543 48 769 623 292 359 224 645 352 483 90 466 135 317 549 439 634 787 30 853 681 490 175 835 363 161 403 819 762 453 84 632 10 863 179 685 616 375 477 173 48 854 627 110 829 487 198 677 760 643 452
803 1060 271 814 765 806 0 991 787 642 937 1302 889 789 1134 896 1144 964 1091 799 994 264 1472 1112 1285 725 577 499 809 1039 1429 860 913 1012 1423 1116 997 870 1097 942 1093 1171 701 1414 516 812 1653 1022 970 875 1634 461 833 1198 162 1569 1076 735 469 802 702 948 1060 387 1181 332 756 777 455 1000 909 25 692 768 1436 1093 1341 380
201 225 723 244 235 203 991 0 814 503 361 578 182 243 204 475 707 230 146 829 15 962 505 496 318 526 831 745 185 724 460 266 476 197 442 312 399 200 512 101 114 585 490 432 989 187 661 806 603 146 688 533 181 206 1017 587 508 258 746 203 929 51 616 750 203 659 256 248 1058 750 160 1015 670 372 592 694 614 620
652 695 625 845 640 642 787 814 0 359 491 713 632 810 803 1103 1398 616 799 1274 804 553 1078 1240 1111 294 214 295 686 1354 1050 915 380 674 1204 684 1113 613 510 713 922 542 963 1190 361 671 1337 252 319 816 1172 671 794 959 673 1198 490 655 977 649 1270 810 1296 908 894 645 768 594 471 252 654 795 165 446 901 1363 741 702
314 465 393 489 294 306 642 503 359 0 302 661 333 453 562 743 1038 367 536 935 497 512 888 885 819 101 328 248 344 995 850 560 273 426 933 499 757 312 456 412 617 532 608 921 488 332 1114 481 354 472 1028 346 444 684 600 999 435 301 670 311 952 485 936 615 636 375 410 258 566 438 357 659 195 149 804 1004 699 404
286 204 675 498 304 273 937 361 491 302 0 371 199 472 312 775 1044 134 311 1065 348 812 606 846 628 252 574 531 318 1038 572 556 118 187 714 206 735 192 197 263 453 281 710 699 752 299 852 445 241 425 731 564 425 472 902 722 182 343 872 284 1124 377 946 839 403 640 446 251 844 389 211 956 382 170 502 1022 411 644
614 356 1045 795 644 603 1302 578 713 661 371 0 505 779 394 1052 1278 404 443 1388 563 1155 450 1058 691 586 869 860 638 1303 443 836 395 396 705 267 975 512 214 520 608 172 1034 690 1046 621 722 528 395 703 480 932 720 546 1255 563 236 685 1231 613 1466 620 1192 1205 467 1011 767 599 1150 490 502 1320 676 541 195 1269 40 1014
109 177 617 303 143 99 889 182 632 333 199 505 0 281 246 579 844 101 209 886 172 821 583 649 489 345 657 580 132 840 542 359 303 127 600 253 536 21 381 82 291 462 530 587 821 115 788 634 434 226 745 457 229 351 890 686 371 183 731 108 960 184 747 714 307 564 262 112 897 579 24 911 490 193 579 823 545 545
186 428 535 35 179 200 789 243 810 453 472 779 281 0 441 307 593 380 384 608 253 809 747 432 497 520 763 655 153 570 702 106 558 383 638 515 303 282 662 261 318 744 255 630 893 172 881 876 689 98 931 330 63 435 842 823 650 155 503 189 694 192 491 512 446 464 44 234 940 822 279 814 647 384 823 564 818 409
335 107 863 446 374 330 1134 204 803 562 312 394 246 441 0 675 885 197 57 1034 191 1064 337 664 332 547 872 810 340 916 295 470 427 137 402 153 586 266 388 197 214 442 693 388 1044 331 552 733 531 348 505 693 378 173 1136 440 391 409 938 336 1133 254 802 934 94 807 445 357 1128 678 225 1157 687 413 387 878 426 781
493 696 697 278 486 506 896 475 1103 743 775 1052 579 307 675 0 296 670 619 382 490 996 915 220 570 820 1027 910 458 262 872 220 866 660 704 785 135 583 959 538 482 1039 194 702 1132 478 966 1183 996 355 1105 506 350 594 994 958 950 459 469 496 518 432 194 527 642 624 343 542 1159 1130 572 921 938 691 1061 260 1089 548
773 932 975 560 771 785 1144 707 1398 1038 1044 1278 844 593 885 296 0 926 835 436 722 1274 1051 225 675 1112 1323 1206 737 128 1013 493 1143 904 777 1017 309 852 1216 789 672 1291 471 782 1424 756 1025 1467 1274 618 1234 795 624 760 1259 1063 1209 748 683 776 599 675 102 758 827 904 633 825 1445 1413 833 1168 1233 977 1251 53 1311 826
210 99 694 400 242 199 964 230 616 367 134 404 101 380 197 670 926 0 183 987 216 874 522 722 496 350 674 613 234 930 483 450 252 60 589 156 616 109 290 137 318 368 631 576 847 216 749 580 375 315 671 548 324 343 952 632 283 282 831 209 1061 252 831 811 280 646 363 202 931 524 100 986 492 217 485 908 444 634
288 117 819 388 326 284 1091 146 799 536 311 443 209 384 57 619 835 183 0 976 133 1030 382 615 317 531 853 785 289 862 339 412 429 124 406 188 532 230 415 148 169 476 635 392 1023 281 579 747 542 290 556 644 321 160 1098 479 416 360 883 289 1075 196 749 880 99 761 389 315 1102 691 186 1113 674 389 445 826 477 733
782 1035 712 593 760 795 799 829 1274 935 1065 1388 886 608 1034 382 436 987 976 0 842 989 1295 546 952 1030 1140 1018 754 308 1251 563 1132 992 1084 1123 513 884 1261 869 856 1345 356 1083 1191 772 1346 1413 1253 689 1485 603 668 972 941 1341 1247 722 340 784 162 780 402 426 1013 658 624 814 1182 1366 887 820 1114 939 1421 386 1426 586
199 210 725 255 234 201 994 15 804 497 348 563 172 253 191 490 722 216 133 842 0 961 497 510 322 517 825 740 186 739 452 279 463 183 444 297 414 192 498 91 120 570 502 433 984 186 658 794 590 157 679 537 191 204 1017 581 494 259 755 201 941 63 631 758 195 662 264 245 1054 738 150 1018 662 364 579 709 599 625
761 973 299 841 727 760 264 962 553 512 812 1155 821 809 1064 996 1274 874 1030 989 961 0 1396 1197 1276 569 338 297 778 1185 1357 901 759 930 1405 1011 1071 800 941 890 1073 1005 805 1394 251 775 1609 800 787 876 1540 495 836 1163 121 1504 919 708 649 759 920 928 1180 563 1128 372 768 719 199 787 844 263 493 659 1311 1226 1191 448
670 423 1200 742 709 666 1472 505 1078 888 606 450 583 747 337 915 1051 522 382 1295 497 1396 0 828 376 857 1180 1131 670 1116 44 745 701 466 312 400 796 603 585 531 442 594 981 300 1357 664 273 947 770 649 190 1026 686 323 1472 120 600 742 1250 671 1414 556 989 1256 302 1143 761 694 1447 900 563 1494 988 739 290 1060 454 1115
593 717 902 396 599 605 1112 496 1240 885 846 1058 649 432 664 220 225 722 615 546 510 1197 828 0 454 947 1193 1081 557 295 790 325 952 693 566 801 130 660 1008 585 450 1080 411 569 1313 575 822 1282 1083 430 1013 702 446 535 1204 846 1004 584 688 596 700 470 166 747 603 828 476 649 1350 1227 634 1138 1078 802 1026 232 1090 755
518 432 1024 477 550 521 1285 318 1111 819 628 691 489 497 332 570 675 496 317 952 322 1276 376 454 0 832 1146 1063 498 746 340 450 746 441 141 485 440 509 720 407 203 770 680 136 1306 503 399 1063 860 409 558 823 452 159 1325 394 724 567 972 520 1086 347 618 997 239 955 529 567 1376 1008 465 1310 977 682 608 687 715 906
358 443 487 554 347 347 725 526 294 101 252 586 345 520 547 820 1112 350 531 1030 517 569 857 947 832 0 325 280 392 1077 822 624 190 411 936 458 821 325 375 427 636 445 697 923 500 376 1097 383 254 522 983 447 500 687 668 972 353 364 771 354 1052 518 1010 717 630 474 479 300 591 338 368 742 145 153 743 1080 623 505
641 768 448 798 618 634 577 831 214 328 574 869 657 763 872 1027 1323 674 853 1140 825 338 1180 1193 1146 325 0 121 670 1262 1146 868 488 735 1256 780 1062 636 655 738 945 706 863 1243 179 659 1422 463 479 795 1298 545 763 1006 459 1297 634 619 822 638 1114 813 1222 744 953 485 718 586 281 454 681 584 195 465 1044 1283 901 553
549 710 334 690 522 543 499 745 295 248 531 860 580 655 810 910 1206 613 785 1018 740 297 1131 1081 1063 280 121 0 575 1142 1095 759 466 672 1180 736 951 559 646 658 860 708 743 1168 244 566 1362 523 490 695 1263 424 661 931 407 1244 624 518 702 546 996 723 1104 627 885 366 610 497 318 502 604 510 198 396 1023 1165 896 432
35 298 539 180 52 48 809 185 686 344 318 638 132 153 340 458 737 234 289 754 186 778 670 557 498 392 670 575 0 721 627 244 407 250 627 380 435 130 509 142 295 592 398 617 819 19 845 730 538 129 845 356 112 391 831 762 498 73 606 39 827 151 637 596 373 477 130 91 881 675 137 832 529 245 702 711 677 444
756 949 888 541 748 769 1039 724 1354 995 1038 1303 840 570 916 262 128 930 862 308 739 1185 1116 295 746 1077 1262 1142 721 0 1076 481 1129 915 861 1037 331 845 1220 795 710 1298 399 864 1350 741 1116 1444 1259 615 1303 722 612 810 1162 1140 1211 720 572 759 471 685 128 651 870 820 604 804 1364 1392 832 1063 1189 952 1295 80 1338 742
627 385 1158 698 665 623 1429 460 1050 850 572 443 542 702 295 872 1013 483 339 1251 452 1357 44 790 340 822 1146 1095 627 1076 0 701 671 426 290 368 754 562 563 487 398 578 937 277 1323 620 290 927 745 604 233 983 642 279 1431 150 577 699 1206 628 1369 511 950 1211 257 1100 716 652 1411 878 521 1452 955 701 298 1021 451 1071
279 480 617 70 279 292 860 266 915 560 556 836 359 106 470 220 493 450 412 563 279 901 745 325 450 624 868 759 244 481 701 0 651 441 592 569 197 364 739 318 303 818 236 587 995 263 846 974 782 135 934 410 132 423 925 808 730 260 522 282 670 218 393 547 453 544 150 332 1039 919 351 885 753 485 858 467 873 481
372 319 665 588 382 359 913 476 380 273 118 395 303 558 427 866 1143 252 429 1132 463 759 701 952 746 190 488 466 407 1129 671 651 0 305 829 304 837 292 184 375 571 258 780 815 668 388 957 331 131 525 810 589 519 590 859 820 163 414 909 369 1176 487 1044 866 519 642 527 326 766 275 320 930 292 194 558 1118 432 660
233 49 741 399 269 224 1012 197 674 426 187 396 127 383 137 660 904 60 124 992 183 930 466 693 441 411 735 672 250 915 426 441 305 0 530 132 594 143 315 123 272 387 639 516 907 235 689 628 423 307 621 585 324 285 1006 574 312 309 855 233 1074 230 812 841 220 690 374 239 990 572 114 1034 552 276 453 889 434 672
643 510 1160 619 678 645 1423 442 1204 933 714 705 600 638 402 704 777 589 406 1084 444 1405 312 566 141 936 1256 1180 627 861 290 592 829 530 0 543 570 621 774 522 332 810 821 15 1422 630 262 1130 932 547 471 961 590 249 1458 289 782 698 1114 646 1222 478 732 1139 310 1092 668 688 1496 1077 576 1447 1080 791 585 795 721 1045
362 89 847 529 396 352 1116 312 684 499 206 267 253 515 153 785 1017 156 188 1123 297 1011 400 801 485 458 780 736 380 1037 368 569 304 132 543 0 711 264 235 254 357 289 771 528 958 365 653 587 391 436 529 704 455 326 1095 518 240 436 984 361 1206 353 929 967 245 802 506 358 1049 534 244 1136 587 353 328 1006 304 791
471 624 778 267 474 483 997 399 1113 757 735 975 536 303 586 135 309 616 532 513 414 1071 796 130 440 821 1062 951 435 331 754 197 837 594 570 711 0 545 906 479 379 981 302 570 1184 453 833 1164 968 311 985 576 323 482 1082 832 899 457 593 474 653 365 217 643 539 703 347 525 1221 1109 524 1023 951 679 963 295 1009 632
102 193 599 306 132 90 870 200 613 312 192 512 21 282 266 583 852 109 230 884 192 800 603 660 509 325 636 559 130 845 562 364 292 143 621 264 545 0 380 102 311 462 527 609 800 111 809 622 423 234 764 442 232 372 870 706 368 173 721 100 954 199 754 702 328 546 260 95 876 567 45 892 470 173 592 830 552 529
479 299 846 685 500 466 1097 512 510 456 197 214 381 662 388 959 1216 290 415 1261 498 941 585 1008 720 375 655 646 509 1220 563 739 184 315 774 235 906 380 0 426 581 84 905 759 833 490 854 364 191 604 663 754 610 561 1043 705 21 539 1067 477 1321 541 1121 1031 481 819 639 447 936 315 387 1114 461 354 392 1198 249 831
139 166 671 275 177 135 942 101 713 412 263 520 82 261 197 538 789 137 148 869 91 890 531 585 407 427 738 658 142 795 487 318 375 123 522 254 479 102 426 0 209 503 517 509 901 133 720 706 503 183 703 496 201 274 954 627 420 212 745 140 954 115 695 738 240 612 256 170 974 650 59 965 572 275 565 772 558 584
314 281 828 307 347 317 1093 114 922 617 453 608 291 318 214 482 672 318 169 856 120 1073 442 450 203 636 945 860 295 710 398 303 571 272 332 357 379 311 581 209 0 644 539 322 1103 299 563 898 693 221 631 632 264 120 1125 508 580 366 816 317 971 146 592 830 160 761 342 363 1172 842 268 1117 781 484 584 668 640 717
562 364 924 766 584 549 1171 585 542 532 281 172 462 744 442 1039 1291 368 476 1345 570 1005 594 1080 770 445 706 708 592 1298 578 818 258 387 810 289 981 462 84 503 644 0 988 795 882 573 866 360 227 684 647 837 691 613 1110 711 101 623 1151 560 1405 616 1198 1115 531 899 722 532 987 319 467 1187 517 436 365 1275 198 913
426 683 505 246 405 439 701 490 963 608 710 1034 530 255 693 194 471 631 635 356 502 805 981 411 680 697 863 743 398 399 937 236 780 639 821 771 302 527 905 517 539 988 0 817 954 416 1079 1076 905 344 1170 324 317 659 799 1045 892 368 297 428 439 438 375 341 686 433 267 459 974 1026 532 727 798 590 1078 426 1072 357
632 495 1150 612 667 634 1414 432 1190 921 699 690 587 630 388 702 782 576 392 1083 433 1394 300 569 136 923 1243 1168 617 864 277 587 815 516 15 528 570 609 759 509 322 795 817 0 1409 619 263 1116 917 539 463 953 582 236 1448 282 767 688 1109 635 1220 469 735 1133 296 1083 660 677 1484 1062 563 1439 1067 778 572 799 707 1036
793 942 478 928 766 787 516 989 361 488 752 1046 821 893 1044 1132 1424 847 1023 1191 984 251 1357 1313 1306 500 179 244 819 1350 1323 995 668 907 1422 958 1184 800 833 901 1103 882 954 1409 0 810 1596 612 654 937 1478 629 902 1172 367 1473 812 761 857 790 1141 967 1324 773 1123 536 848 740 110 613 846 515 375 633 1223 1380 1078 612
18 284 542 200 48 30 812 187 671 332 299 621 115 172 331 478 756 216 281 772 186 775 664 575 503 376 659 566 19 741 620 263 388 235 630 365 453 111 490 133 299 573 416 619 810 0 843 711 519 145 836 362 131 390 831 757 479 78 620 21 844 157 656 607 369 481 148 76 874 657 121 835 515 228 688 730 660 451
854 654 1384 866 891 853 1653 661 1337 1114 852 722 788 881 552 966 1025 749 579 1346 658 1609 273 822 399 1097 1422 1362 845 1116 290 846 957 689 262 653 833 809 854 720 563 866 1079 263 1596 843 0 1218 1036 785 320 1194 828 454 1673 160 868 918 1369 856 1484 705 987 1390 481 1321 906 890 1680 1169 765 1677 1234 965 550 1047 724 1280
694 630 830 907 696 681 1022 806 252 481 445 528 634 876 733 1183 1467 580 747 1413 794 800 947 1282 1063 383 463 523 730 1444 927 974 331 628 1130 587 1164 622 364 706 898 360 1076 1116 612 711 1218 0 205 853 1007 827 842 904 919 1066 352 724 1149 691 1434 818 1366 1089 827 834 840 642 722 55 651 1032 337 492 723 1440 547 877
503 427 741 719 511 490 970 603 319 354 241 395 434 689 531 996 1274 375 542 1253 590 787 770 1083 860 254 479 490 538 1259 745 782 131 423 932 391 968 423 191 503 693 227 905 917 654 519 1036 205 0 657 854 692 650 701 896 890 172 542 1016 500 1290 617 1175 967 625 728 656 455 760 149 450 985 294 315 581 1250 425 757
164 347 615 98 178 175 875 146 816 472 425 703 226 98 348 355 618 315 290 689 157 876 649 430 409 522 795 695 129 615 604 135 525 307 547 436 311 234 604 183 221 684 344 539 937 145 785 853 657 0 833 414 42 337 917 725 596 176 601 167 784 94 520 610 347 545 120 221 994 798 217 900 659 374 734 596 740 497
840 573 1363 929 879 835 1634 688 1172 1028 731 480 745 931 505 1105 1234 671 556 1485 679 1540 190 1013 558 983 1298 1263 845 1303 233 934 810 621 471 529 985 764 663 703 631 647 1170 463 1478 836 320 1007 854 833 0 1198 870 513 1623 187 681 914 1434 841 1603 739 1176 1436 485 1310 943 858 1573 966 727 1656 1103 881 285 1245 468 1287
357 635 206 357 319 363 461 533 671 346 564 932 457 330 693 506 795 548 644 603 537 495 1026 702 823 447 545 424 356 722 983 410 589 585 961 704 576 442 754 496 632 837 324 953 629 362 1194 827 692 414 1198 0 371 740 514 1118 736 284 324 357 607 488 696 277 729 133 294 346 652 784 473 486 512 400 1033 750 972 88
148 367 572 75 153 161 833 181 794 444 425 720 229 63 378 350 624 324 321 668 191 836 686 446 452 500 763 661 112 612 642 132 519 324 590 455 323 232 610 201 264 691 317 582 902 131 828 842 650 42 870 371 0 378 876 765 600 143 564 151 756 130 525 570 385 503 78 202 956 788 224 857 634 356 761 599 758 454
402 273 930 426 439 403 1198 206 959 684 472 546 351 435 173 594 760 343 160 972 204 1163 323 535 159 687 1006 931 391 810 279 423 590 285 249 326 482 372 561 274 120 613 659 236 1172 390 454 904 701 337 513 740 378 0 1221 388 565 464 935 404 1090 251 687 947 81 866 456 443 1248 849 326 1222 831 541 491 762 573 826
819 1051 307 870 782 819 162 1017 673 600 902 1255 890 842 1136 994 1259 952 1098 941 1017 121 1472 1204 1325 668 459 407 831 1162 1431 925 859 1006 1458 1095 1082 870 1043 954 1125 1110 799 1448 367 831 1673 919 896 917 1623 514 876 1221 0 1576 1021 759 604 817 855 979 1170 518 1194 381 803 783 295 904 912 154 605 742 1404 1210 1292 449
765 534 1298 814 804 762 1569 587 1198 999 722 563 686 823 440 958 1063 632 479 1341 581 1504 120 846 394 972 1297 1244 762 1140 150 808 820 574 289 518 832 706 705 627 508 711 1045 282 1473 757 160 1066 890 725 187 1118 765 388 1576 0 720 835 1324 767 1468 636 1011 1335 388 1239 842 794 1561 1019 664 1592 1105 850 390 1078 564 1206
466 299 826 675 487 453 1076 508 490 435 182 236 371 650 391 950 1209 283 416 1247 494 919 600 1004 724 353 634 624 498 1211 577 730 163 312 782 240 899 368 21 420 580 101 892 767 812 479 868 352 172 596 681 736 600 565 1021 720 0 525 1050 464 1305 535 1114 1013 485 799 626 433 914 301 378 1093 440 335 412 1191 271 812
75 358 466 190 40 84 735 258 655 301 343 685 183 155 409 459 748 282 360 722 259 708 742 584 567 364 619 518 73 720 699 260 414 309 698 436 457 173 539 212 366 623 368 688 761 78 918 724 542 176 914 284 143 464 759 835 525 0 548 75 784 220 646 532 446 403 116 91 818 671 194 759 494 231 762 718 725 372
622 904 380 509 589 632 469 746 977 670 872 1231 731 503 938 469 683 831 883 340 755 649 1250 688 972 771 822 702 606 572 1206 522 909 855 1114 984 593 721 1067 745 816 1151 297 1109 857 620 1369 1149 1016 601 1434 324 564 935 604 1324 1050 548 0 623 293 695 606 86 949 336 493 632 843 1107 741 492 826 717 1308 630 1271 275
3 283 531 218 37 10 802 203 649 311 284 613 108 189 336 496 776 209 289 784 201 759 671 596 520 354 638 546 39 759 628 282 369 233 646 361 474 100 477 140 317 560 428 635 790 21 856 691 500 167 841 357 151 404 817 767 464 75 623 0 853 176 675 607 379 472 162 54 855 637 118 825 493 206 686 750 653 445
851 1120 670 686 824 863 702 929 1270 952 1124 1466 960 694 1133 518 599 1061 1075 162 941 920 1414 700 1086 1052 1114 996 827 471 1369 670 1176 1074 1222 1206 653 954 1321 954 971 1405 439 1220 1141 844 1484 1434 1290 784 1603 607 756 1090 855 1468 1305 784 293 853 0 878 562 370 1123 629 700 874 1118 1390 964 720 1116 981 1517 548 1505 567
173 264 682 192 203 179 948 51 810 485 377 620 184 192 254 432 675 252 196 780 63 928 556 470 347 518 813 723 151 685 511 218 487 230 478 353 365 199 541 115 146 616 438 469 967 157 705 818 617 94 739 488 130 251 979 636 535 220 695 176 878 0 581 700 254 616 205 227 1031 763 167 972 661 364 641 659 657 574
672 842 880 459 670 685 1060 616 1296 936 946 1192 747 491 802 194 102 831 749 402 631 1180 989 166 618 1010 1222 1104 637 128 950 393 1044 812 732 929 217 754 1121 695 592 1198 375 735 1324 656 987 1366 1175 520 1176 696 525 687 1170 1011 1114 646 606 675 562 581 0 677 750 809 531 724 1348 1312 737 1084 1131 876 1175 77 1226 732
607 891 299 524 572 616 387 750 908 615 839 1205 714 512 934 527 758 811 880 426 758 563 1256 747 997 717 744 627 596 651 1211 547 866 841 1139 967 643 702 1031 738 830 1115 341 1133 773 607 1390 1089 967 610 1436 277 570 947 518 1335 1013 532 86 607 370 700 677 0 954 262 494 609 757 1050 726 411 761 678 1294 706 1245 212
378 200 910 443 416 375 1181 203 894 636 403 467 307 446 94 642 827 280 99 1013 195 1128 302 603 239 630 953 885 373 870 257 453 519 220 310 245 539 328 481 240 160 531 686 296 1123 369 481 827 625 347 485 729 385 81 1194 388 485 446 949 379 1123 254 750 954 0 850 459 410 1202 773 284 1204 772 489 425 825 495 817
473 739 74 491 435 477 332 659 645 375 640 1011 564 464 807 624 904 646 761 658 662 372 1143 828 955 474 485 366 477 820 1100 544 642 690 1092 802 703 546 819 612 761 899 433 1083 536 481 1321 834 728 545 1310 133 503 866 381 1239 799 403 336 472 629 616 809 262 850 0 427 452 543 798 582 356 502 470 1128 857 1051 77
159 420 498 80 145 173 756 256 768 410 446 767 262 44 445 343 633 363 389 624 264 768 761 476 529 479 718 610 130 604 716 150 527 374 668 506 347 260 639 256 342 722 267 660 848 148 906 840 656 120 943 294 78 456 803 842 626 116 493 162 700 205 531 494 459 427 0 201 897 787 264 780 605 347 821 602 806 376
57 288 506 265 55 48 777 248 594 258 251 599 112 234 357 542 825 202 315 814 245 719 694 649 567 300 586 497 91 804 652 332 326 239 688 358 525 95 447 170 363 532 459 677 740 76 890 642 455 221 858 346 202 443 783 794 433 91 632 54 874 227 724 609 410 452 201 0 809 588 131 800 439 153 687 797 639 433
858 1028 476 974 828 854 455 1058 471 566 844 1150 897 940 1128 1159 1445 931 1102 1182 1054 199 1447 1350 1376 591 281 318 881 1364 1411 1039 766 990 1496 1049 1221 876 936 974 1172 987 974 1484 110 874 1680 722 760 994 1573 652 956 1248 295 1561 914 818 843 855 1118 1031 1348 757 1202 543 897 809 0 723 921 449 475 714 1323 1399 1182 621
640 575 798 854 643 627 1000 750 252 438 389 490 579 822 678 1130 1413 524 691 1366 738 787 900 1227 1008 338 454 502 675 1392 878 919 275 572 1077 534 1109 567 315 650 842 319 1026 1062 613 657 1169 55 149 798 966 784 788 849 904 1019 301 671 1107 637 1390 763 1312 1050 773 798 787 588 723 0 595 1012 309 439 684 1386 512 838
119 164 637 299 155 110 909 160 654 357 211 502 24 279 225 572 833 100 186 887 150 844 563 634 465 368 681 604 137 832 521 351 320 114 576 244 524 45 387 59 268 467 532 563 846 121 765 651 450 217 727 473 224 326 912 664 378 194 741 118 964 167 737 726 284 582 264 131 921 595 0 931 513 217 567 813 541 561
826 1082 294 839 788 829 25 1015 795 659 956 1320 911 814 1157 921 1168 986 1113 820 1018 263 1494 1138 1310 742 584 510 832 1063 1452 885 930 1034 1447 1136 1023 892 1114 965 1117 1187 727 1439 515 835 1677 1032 985 900 1656 486 857 1222 154 1592 1093 759 492 825 720 972 1084 411 1204 356 780 800 449 1012 931 0 704 788 1456 1117 1359 405
496 581 493 683 482 487 692 670 165 195 382 676 490 647 687 938 1233 492 674 1114 662 493 988 1078 977 145 195 198 529 1189 955 753 292 552 1080 587 951 470 461 572 781 517 798 1067 375 515 1234 337 294 659 1103 512 634 831 605 1105 440 494 826 493 1116 661 1131 761 772 502 605 439 475 309 513 704 0 297 848 1199 709 551
209 316 505 417 206 198 768 372 446 149 170 541 193 384 413 691 977 217 389 939 364 659 739 802 682 153 465 396 245 952 701 485 194 276 791 353 679 173 354 275 484 436 590 778 633 228 965 492 315 374 881 400 356 541 742 850 335 231 717 206 981 364 876 678 489 470 347 153 714 439 217 788 297 0 668 949 581 477
687 403 1171 831 722 677 1436 592 901 804 502 195 579 823 387 1061 1251 485 445 1421 579 1311 290 1026 608 743 1044 1023 702 1295 298 858 558 453 585 328 963 592 392 565 584 365 1078 572 1223 688 550 723 581 734 285 1033 761 491 1404 390 412 762 1308 686 1517 641 1175 1294 425 1128 821 687 1323 684 567 1456 848 668 0 1251 182 1119
747 919 927 532 743 760 1093 694 1363 1004 1022 1269 823 564 878 260 53 908 826 386 709 1226 1060 232 687 1080 1283 1165 711 80 1021 467 1118 889 795 1006 295 830 1198 772 668 1275 426 799 1380 730 1047 1440 1250 596 1245 750 599 762 1210 1078 1191 718 630 750 548 659 77 706 825 857 602 797 1399 1386 813 1117 1199 949 1251 0 1303 779
654 393 1084 833 684 643 1341 614 741 699 411 40 545 818 426 1089 1311 444 477 1426 599 1191 454 1090 715 623 901 896 677 1338 451 873 432 434 721 304 1009 552 249 558 640 198 1072 707 1078 660 724 547 425 740 468 972 758 573 1292 564 271 725 1271 653 1505 657 1226 1245 495 1051 806 639 1182 512 541 1359 709 581 182 1303 0 1054
446 722 148 433 407 452 380 620 702 404 644 1014 545 409 781 548 826 634 733 586 625 448 1115 755 906 505 553 432 444 742 1071 481 660 672 1045 791 632 529 831 584 717 913 357 1036 612 451 1280 877 757 497 1287 88 454 826 449 1206 812 372 275 445 567 574 732 212 817 77 376 433 621 838 561 405 551 477 1119 779 1054 0
