0 1108 415 97 283 395 1202 921 775 159 1212 727 805 1728 1598 361
1108 0 830 1070 832 1326 1246 2029 433 1015 2227 859 1623 2761 2619 1437
415 830 0 449 323 498 1367 1274 647 445 1397 330 810 2135 2008 647
97 1070 449 0 238 492 1105 964 713 69 1295 774 902 1727 1593 443
283 832 323 238 0 609 1059 1199 494 189 1480 646 1001 1957 1820 638
395 1326 498 492 609 0 1598 843 1082 551 901 661 410 1784 1676 240
1202 1246 1367 1105 1059 1598 0 1781 893 1048 2318 1655 2008 2066 1916 1506
921 2029 1274 964 1199 843 1781 0 1674 1026 685 1500 949 981 899 632
775 433 647 713 494 1082 893 1674 0 649 1970 841 1446 2346 2201 1132
159 1015 445 69 189 551 1048 1026 649 0 1364 775 961 1768 1631 512
1212 2227 1397 1295 1480 901 2318 685 1970 1364 0 1483 682 1531 1493 852
727 859 330 774 646 661 1655 1500 841 775 1483 0 819 2411 2292 872
805 1623 810 902 1001 410 2008 949 1446 961 682 819 0 1930 1846 559
1728 2761 2135 1727 1957 1784 2066 981 2346 1768 1531 2411 1930 0 151 1549
1598 2619 2008 1593 1820 1676 1916 899 2201 1631 1493 2292 1846 151 0 1438
361 1437 647 443 638 240 1506 632 1132 512 852 872 559 1549 1438 0
