0 290 1725 174 1483 1075 1185 1641 1182 1356 456 1413 201 31 307 1024
290 0 1696 346 1462 1317 994 1477 1139 1639 406 1187 346 321 553 1272
1725 1696 0 1556 3158 2627 2568 3060 2835 2132 1299 2642 1526 1731 1984 1599
174 346 1556 0 1657 1184 1317 1786 1353 1316 320 1526 31 175 441 927
1483 1462 3158 1657 0 1369 887 793 328 2380 1862 1116 1681 1490 1335 2324
1075 1317 2627 1184 1369 0 1721 1980 1265 1086 1504 2018 1215 1051 771 1246
1185 994 2568 1317 887 1721 0 495 634 2458 1374 298 1326 1209 1238 2204
1641 1477 3060 1786 793 1980 495 0 724 2841 1865 490 1798 1662 1642 2641
1182 1139 2835 1353 328 1265 634 724 0 2195 1543 905 1375 1192 1071 2079
1356 1639 2132 1316 2380 1086 2458 2841 2195 0 1536 2724 1330 1325 1221 546
456 406 1299 320 1862 1504 1374 1865 1543 1536 0 1532 290 471 755 1073
1413 1187 2642 1526 1116 2018 298 490 905 2724 1532 0 1531 1440 1503 2438
201 346 1526 31 1681 1215 1326 1798 1375 1330 290 1531 0 204 473 931
31 321 1731 175 1490 1051 1209 1662 1192 1325 471 1440 204 0 285 998
307 553 1984 441 1335 771 1238 1642 1071 1221 755 1503 473 285 0 1012
1024 1272 1599 927 2324 1246 2204 2641 2079 546 1073 2438 931 998 1012 0
