0 942 1348 961 787 688 778 493 1635 164 1515 689 181 13 1661 1088
942 0 1515 1161 694 443 1007 614 1355 1092 2456 1551 1045 930 2039 312
1348 1515 0 2260 828 1103 595 1629 2775 1449 2235 1902 1213 1350 3009 1328
961 1161 2260 0 1528 1287 1665 659 793 942 1949 954 1137 953 877 1463
787 694 828 1528 0 276 334 869 1959 944 2159 1470 757 782 2354 573
688 443 1103 1287 276 0 565 630 1684 853 2166 1371 724 679 2136 429
778 1007 595 1665 334 565 0 1034 2193 903 1949 1401 674 779 2432 908
493 614 1629 659 869 630 1034 0 1184 588 1923 961 663 480 1508 871
1635 1355 2775 793 1959 1684 2193 1184 0 1665 2738 1747 1816 1624 1219 1655
164 1092 1449 942 944 853 903 588 1665 0 1364 527 236 173 1571 1251
1515 2456 2235 1949 2159 2166 1949 1923 2738 1364 0 1011 1441 1527 1987 2588
689 1551 1902 954 1470 1371 1401 961 1747 527 1011 0 731 695 1262 1750
181 1045 1213 1137 757 724 674 663 1816 236 1441 731 0 192 1805 1147
13 930 1350 953 782 679 779 480 1624 173 1527 695 192 0 1658 1078
1661 2039 3009 877 2354 2136 2432 1508 1219 1571 1987 1262 1805 1658 0 2341
1088 312 1328 1463 573 429 908 871 1655 1251 2588 1750 1147 1078 2341 0
