0 797 477 979 1101 893 285 710 930 721 1488 139 451 97 645 380
797 0 344 449 851 193 1010 94 1527 1498 2274 696 425 874 799 420
477 344 0 677 783 415 667 278 1317 1158 1935 407 287 544 534 167
979 449 677 0 1300 619 1249 437 1434 1697 2447 844 529 1074 1203 637
1101 851 783 1300 0 691 1096 883 2029 1516 2228 1111 1070 1107 513 946
893 193 415 619 691 0 1067 270 1688 1560 2336 814 586 958 743 543
285 1010 667 1249 1096 1067 0 934 1036 493 1269 423 721 189 587 623
710 94 278 437 883 270 934 0 1434 1419 2193 605 331 791 773 331
930 1527 1317 1434 2029 1688 1036 1434 0 1014 1421 926 1104 943 1569 1158
721 1498 1158 1697 1516 1560 493 1419 1014 0 777 853 1172 631 1007 1096
1488 2274 1935 2447 2228 2336 1269 2193 1421 777 0 1611 1931 1402 1739 1867
139 696 407 844 1111 814 423 605 926 853 1611 0 320 236 698 276
451 425 287 529 1070 586 721 331 1104 1172 1931 320 0 546 789 145
97 874 544 1074 1107 958 189 791 943 631 1402 236 546 0 626 465
645 799 534 1203 513 743 587 773 1569 1007 1739 698 789 626 0 644
380 420 167 637 946 543 623 331 1158 1096 1867 276 145 465 644 0
