0 1478 1283 1521 353 980 832 941 8 219 1443 1330 489 816 510 84 1144
1478 0 1308 2868 1773 1774 2005 1688 1487 1691 1266 2626 1966 2288 1855 1545 1751
1283 1308 0 1990 1622 722 2113 654 1287 1371 194 1721 1575 1936 1255 1365 577
1521 2868 1990 0 1446 1267 1813 1339 1513 1316 2180 268 1114 1081 1035 1499 1434
353 1773 1622 1446 0 1227 533 1206 347 279 1788 1309 333 531 599 268 1415
980 1774 722 1267 1227 0 1760 86 979 948 913 998 1051 1373 685 1036 212
832 2005 2113 1813 533 1760 0 1738 829 812 2266 1731 792 737 1121 755 1946
941 1688 654 1339 1206 86 1738 0 940 927 847 1070 1052 1385 691 1002 208
8 1487 1287 1513 347 979 829 940 0 210 1448 1323 480 808 503 79 1144
219 1691 1371 1316 279 948 812 927 210 0 1544 1139 275 623 350 182 1136
1443 1266 194 2180 1788 913 2266 847 1448 1544 0 1911 1758 2121 1444 1526 756
1330 2626 1721 268 1309 998 1731 1070 1323 1139 1911 0 977 1032 826 1319 1166
489 1966 1575 1114 333 1051 792 1052 480 275 1758 977 0 366 367 433 1257
816 2288 1936 1081 531 1373 737 1385 808 623 2121 1032 366 0 696 744 1583
510 1855 1255 1035 599 685 1121 691 503 350 1444 826 367 696 0 514 893
84 1545 1365 1499 268 1036 755 1002 79 182 1526 1319 433 744 514 0 1207
1144 1751 577 1434 1415 212 1946 208 1144 1136 756 1166 1257 1583 893 1207 0
