0 860 950 864 1481 1164 214 36 1120 796 852 1462 413 1059 1196 23
860 0 1687 1613 2224 1543 673 824 1312 358 1167 1260 1041 203 1868 883
950 1687 0 88 539 1875 1158 977 976 1726 787 1572 645 1856 1564 936
864 1613 88 0 620 1791 1073 891 970 1643 761 1556 573 1785 1495 850
1481 2224 539 620 0 2295 1692 1510 1342 2264 1230 1948 1182 2388 1873 1466
1164 1543 1875 1791 2295 0 1118 1170 2285 1211 2016 2576 1555 1713 645 1158
214 673 1158 1073 1692 1118 0 183 1203 582 953 1459 575 876 1265 234
36 824 977 891 1510 1170 183 0 1115 764 850 1443 423 1023 1219 59
1120 1312 976 970 1342 2285 1203 1115 0 1547 277 607 755 1391 2229 1127
796 358 1726 1643 2264 1211 582 764 1547 0 1355 1587 1103 504 1602 816
852 1167 787 761 1230 2016 953 850 277 1355 0 799 477 1281 1952 857
1462 1260 1572 1556 1948 2576 1459 1443 607 1587 799 0 1206 1247 2650 1477
413 1041 645 573 1182 1555 575 423 755 1103 477 1206 0 1212 1477 411
1059 203 1856 1785 2388 1713 876 1023 1391 504 1281 1247 1212 0 2064 1082
1196 1868 1564 1495 1873 645 1265 1219 2229 1602 1952 2650 1477 2064 0 1178
23 883 936 850 1466 1158 234 59 1127 816 857 1477 411 1082 1178 0
