0 227 1282 450 591 1365 1540 11 318 630 980 873 1357 1555 1620 557 1556
227 0 1265 488 705 1169 1722 236 300 845 1018 835 1505 1425 1650 332 1599
1282 1265 0 1723 830 2145 2643 1291 1553 1300 2259 2101 2564 752 2899 1374 484
450 488 1723 0 1031 1188 1336 443 192 924 537 443 1063 1910 1176 643 2007
591 705 830 1031 0 1852 1812 595 909 486 1538 1463 1742 1353 2172 984 995
1365 1169 2145 1188 1852 0 2426 1370 1125 1993 1311 977 2077 1870 1637 867 2586
1540 1722 2643 1336 1812 2426 0 1528 1498 1355 1138 1453 389 3076 1269 1968 2714
11 236 1291 443 595 1370 1528 0 315 624 972 868 1346 1566 1613 565 1563
318 300 1553 192 909 1125 1498 315 0 892 718 560 1244 1718 1352 469 1860
630 845 1300 924 486 1993 1355 624 892 0 1325 1360 1340 1833 1916 1177 1369
980 1018 2259 537 1538 1311 1138 972 718 1325 0 340 770 2423 640 1096 2527
873 835 2101 443 1463 977 1453 868 560 1360 340 0 1100 2175 858 825 2421
1357 1505 2564 1063 1742 2077 389 1346 1244 1340 770 1100 0 2912 896 1707 2704
1555 1425 752 1910 1353 1870 3076 1566 1718 1833 2423 2175 2912 0 3030 1350 1191
1620 1650 2899 1176 2172 1637 1269 1613 1352 1916 640 858 896 3030 0 1682 3165
557 332 1374 643 984 867 1968 565 469 1177 1096 825 1707 1350 1682 0 1772
1556 1599 484 2007 995 2586 2714 1563 1860 1369 2527 2421 2704 1191 3165 1772 0
