0 1044 1612 303 1576 1637 235 445 1260 1491 591 1619 1122 448 1441 88
1044 0 1271 1279 2343 2475 1259 610 2304 852 1537 2426 1934 679 1073 957
1612 1271 0 1607 3188 2123 1675 1457 2568 506 1681 3231 2734 1594 2341 1575
303 1279 1607 0 1649 1334 106 716 1057 1582 288 1668 1201 744 1744 380
1576 2343 3188 1649 0 2475 1556 1813 1360 3018 1740 130 454 1697 1894 1614
1637 2475 2123 1334 2475 0 1417 2013 1156 2396 1048 2426 2139 2067 3078 1710
235 1259 1675 106 1556 1417 0 674 1051 1621 369 1580 1106 684 1662 322
445 610 1457 716 1813 2013 674 0 1702 1210 998 1882 1379 137 1123 357
1260 2304 2568 1057 1360 1156 1051 1702 0 2622 892 1293 1111 1675 2484 1347
1491 852 506 1582 3018 2396 1621 1210 2622 0 1737 3080 2576 1337 1919 1431
591 1537 1681 288 1740 1048 369 998 892 1737 0 1739 1315 1033 2030 669
1619 2426 3231 1668 130 2426 1580 1882 1293 3080 1739 0 504 1770 2014 1663
1122 1934 2734 1201 454 2139 1106 1379 1111 2576 1315 504 0 1270 1639 1162
448 679 1594 744 1697 2067 684 137 1675 1337 1033 1770 1270 0 1031 364
1441 1073 2341 1744 1894 3078 1662 1123 2484 1919 2030 2014 1639 1031 0 1371
88 957 1575 380 1614 1710 322 357 1347 1431 669 1663 1162 364 1371 0
