0 940 1139 1596 1567 940 122 88 719 822 1061 339 754 1588 1140 1567
940 0 1358 2529 1551 862 860 1022 994 662 587 1177 799 2228 225 1116
1139 1358 0 1970 2631 511 1040 1187 442 697 889 1446 567 1034 1564 2416
1596 2529 1970 0 2696 2188 1668 1520 1852 2200 2488 1462 2047 1347 2736 3006
1567 1551 2631 2696 0 2253 1629 1563 2189 2055 2107 1405 2105 3135 1514 726
940 862 511 2188 2253 0 819 1015 335 207 386 1279 186 1493 1060 1954
122 860 1040 1668 1629 819 0 206 610 700 942 461 633 1560 1070 1575
88 1022 1187 1520 1563 1015 206 0 778 905 1148 266 829 1576 1219 1604
719 994 442 1852 2189 335 610 778 0 396 674 1044 224 1243 1215 1999
822 662 697 2200 2055 207 700 905 396 0 289 1158 171 1629 867 1747
1061 587 889 2488 2107 386 942 1148 674 289 0 1386 454 1879 741 1703
339 1177 1446 1462 1405 1279 461 266 1044 1158 1386 0 1093 1739 1350 1561
754 799 567 2047 2105 186 633 829 224 171 454 1093 0 1461 1014 1851
1588 2228 1034 1347 3135 1493 1560 1576 1243 1629 1879 1739 1461 0 2452 3133
1140 225 1564 2736 1514 1060 1070 1219 1215 867 741 1350 1014 2452 0 989
1567 1116 2416 3006 726 1954 1575 1604 1999 1747 1703 1561 1851 3133 989 0
