0 93 101 797 680 1698 1175 404 527 1000 1321 1628 406 1397 1314 593
93 0 120 870 605 1628 1261 495 469 1069 1243 1672 325 1470 1261 523
101 120 0 883 608 1746 1243 413 439 953 1249 1552 439 1480 1382 516
797 870 883 0 1476 1976 455 672 1322 1225 2113 1985 1023 600 1469 1391
680 605 608 1476 0 1663 1851 986 207 1315 641 1674 602 2076 1471 97
1698 1628 1746 1976 1663 0 2417 2073 1767 2697 1832 3262 1307 2369 525 1691
1175 1261 1243 455 1851 2417 0 918 1676 1257 2492 1999 1458 379 1902 1760
404 495 413 672 986 2073 918 0 791 669 1615 1385 807 1219 1651 890
527 469 439 1322 207 1767 1676 791 0 1113 824 1517 574 1920 1518 113
1000 1069 953 1225 1315 2697 1257 669 1113 0 1829 761 1393 1629 2304 1226
1321 1243 1249 2113 641 1832 2492 1615 824 1829 0 1982 1168 2713 1818 733
1628 1672 1552 1985 1674 3262 1999 1385 1517 761 1982 0 1969 2376 2933 1613
406 325 439 1023 602 1307 1458 807 574 1393 1168 1969 0 1603 973 561
1397 1470 1480 600 2076 2369 379 1219 1920 1629 2713 2376 1603 0 1844 1991
1314 1261 1382 1469 1471 525 1902 1651 1518 2304 1818 2933 973 1844 0 1470
593 523 516 1391 97 1691 1760 890 113 1226 733 1613 561 1991 1470 0
