0 321 705 177 187 83 1538 423 1088 923 1122 240 602 1106 1473 25
321 0 959 316 497 264 1654 736 878 974 1103 123 584 911 1434 333
705 959 0 866 664 788 1980 633 1793 660 1755 928 696 1811 1253 680
177 316 866 0 240 114 1393 458 939 1093 946 195 752 951 1628 203
187 497 664 240 0 234 1423 238 1174 1017 1095 397 744 1182 1595 189
83 264 788 114 234 0 1504 472 1005 979 1057 166 639 1023 1514 107
1538 1654 1980 1393 1423 1504 0 1352 1433 2440 749 1541 2140 1376 3010 1557
423 736 633 458 238 472 1352 0 1351 1128 1158 632 919 1351 1728 421
1088 878 1793 939 1174 1005 1433 1351 0 1837 683 871 1439 66 2217 1112
923 974 660 1093 1017 979 2440 1128 1837 0 2034 1026 398 1878 607 899
1122 1103 1755 946 1095 1057 749 1158 683 2034 0 1019 1670 626 2536 1147
240 123 928 195 397 166 1541 632 871 1026 1019 0 651 897 1518 259
602 584 696 752 744 639 2140 919 1439 398 1670 651 0 1480 875 584
1106 911 1811 951 1182 1023 1376 1351 66 1878 626 897 1480 0 2269 1131
1473 1434 1253 1628 1595 1514 3010 1728 2217 607 2536 1518 875 2269 0 1452
25 333 680 203 189 107 1557 421 1112 899 1147 259 584 1131 1452 0
