0 1691 257 1558 494 711 10 796 227 1257 1600 1206 1644 1596 1109 95
1691 0 1886 3242 1206 1510 1701 2230 1547 2364 3033 2052 2550 3280 1462 1670
257 1886 0 1357 723 957 251 877 340 1395 1616 1052 1800 1447 1085 341
1558 3242 1357 0 2053 2050 1549 1414 1697 1869 1428 1858 2234 429 2242 1597
494 1206 723 2053 0 574 504 1092 419 1396 1923 1369 1716 2073 1036 464
711 1510 957 2050 574 0 714 759 820 875 1526 1863 1153 1950 1603 618
10 1701 251 1549 504 714 0 788 235 1252 1591 1208 1641 1586 1116 96
796 2230 877 1414 1092 759 788 0 1021 555 832 1928 970 1231 1904 735
227 1547 340 1697 419 820 235 1021 0 1463 1827 1045 1840 1776 887 290
1257 2364 1395 1869 1396 875 1252 555 1463 0 781 2444 415 1596 2344 1175
1600 3033 1616 1428 1923 1526 1591 832 1827 781 0 2616 966 1044 2692 1552
1206 2052 1052 1858 1369 1863 1208 1928 1045 2444 2616 0 2844 2145 604 1298
1644 2550 1800 2234 1716 1153 1641 970 1840 415 966 2844 0 1923 2706 1558
1596 3280 1447 429 2073 1950 1586 1231 1776 1596 1044 2145 1923 0 2449 1610
1109 1462 1085 2242 1036 1603 1116 1904 887 2344 2692 604 2706 2449 0 1178
95 1670 341 1597 464 618 96 735 290 1175 1552 1298 1558 1610 1178 0
