0 1244 194 1467 400 1490 577 1394 1318 69 855 1393 280 217 375 1600
1244 0 1340 1248 1279 2328 1453 882 1719 1271 1734 687 1014 1265 871 2774
194 1340 0 1386 585 1616 745 1365 1502 247 1000 1558 326 401 507 1610
1467 1248 1386 0 1792 2947 2000 393 2604 1535 2302 1908 1214 1649 1321 2973
400 1279 585 1792 0 1163 209 1654 918 338 516 1218 583 184 498 1500
1490 2328 1616 2947 1163 0 953 2816 796 1420 647 1984 1733 1298 1658 1010
577 1453 745 2000 209 953 0 1863 775 509 307 1311 788 364 706 1355
1394 882 1365 393 1654 2816 1863 0 2381 1455 2170 1560 1117 1541 1157 2976
1318 1719 1502 2604 918 796 775 2381 0 1256 662 1247 1460 1102 1294 1693
69 1271 247 1535 338 1420 509 1455 1256 0 785 1385 338 154 400 1549
855 1734 1000 2302 516 647 307 2170 662 785 0 1510 1087 654 1013 1155
1393 687 1558 1908 1218 1984 1311 1560 1247 1385 1510 0 1280 1302 1059 2655
280 1014 326 1214 583 1733 788 1117 1460 338 1087 1280 0 435 228 1879
217 1265 401 1649 184 1298 364 1541 1102 154 654 1302 435 0 415 1516
375 871 507 1321 498 1658 706 1157 1294 400 1013 1059 228 415 0 1930
1600 2774 1610 2973 1500 1010 1355 2976 1693 1549 1155 2655 1879 1516 1930 0
