0 429 397 552 669 723 427 1564 495 478 690 620 959 1561 309 1458
429 0 722 467 631 1153 90 1925 878 620 285 754 1367 1873 182 1110
397 722 0 950 1064 609 674 1203 661 850 1008 352 971 1719 672 1520
552 467 950 0 163 1138 552 2095 730 284 471 1119 1211 1527 339 1520
669 631 1064 163 0 1174 716 2172 739 274 614 1261 1191 1418 496 1673
723 1153 609 1138 1174 0 1144 1064 449 899 1407 946 402 1223 1019 2110
427 90 674 552 716 1144 0 1873 902 685 348 675 1382 1922 242 1061
1564 1925 1203 2095 2172 1064 1873 0 1500 1909 2211 1294 1338 2118 1865 2518
495 878 661 730 739 449 902 1500 0 465 1081 999 497 1081 708 1952
478 620 850 284 274 899 685 1909 465 0 722 1097 931 1270 443 1727
690 285 1008 471 614 1407 348 2211 1081 722 0 1021 1579 1990 388 1062
620 754 352 1119 1261 946 675 1294 999 1097 1021 0 1321 2068 789 1261
959 1367 971 1211 1191 402 1382 1338 497 931 1579 1321 0 830 1203 2411
1561 1873 1719 1527 1418 1223 1922 2118 1081 1270 1990 2068 830 0 1690 2982
309 182 672 339 496 1019 242 1865 708 443 388 789 1203 1690 0 1293
1458 1110 1520 1520 1673 2110 1061 2518 1952 1727 1062 1261 2411 2982 1293 0
