0 534 554 115 855 320 529 332 248 603 634 333 573 253 529 815 259 177 512 476 403 770 751 175 419 843 213 655 68 144 103 819 600 507 247 854 553 789 822 815 696 644 194 493 323 1 631 601 691 14 416 154 273 863 659 595 709 628 833 499 553 855 302 382 650 511 10 462 708 724 468 737 643 746 222 105 133 191
534 0 1070 431 731 279 1061 556 452 1083 291 707 354 294 1064 1007 724 640 825 986 769 1288 691 466 195 1248 412 196 602 660 430 1066 1086 714 741 331 605 500 302 590 1202 203 551 1025 315 533 953 863 979 524 786 635 314 468 1143 605 1168 928 922 869 413 1161 822 178 828 548 539 461 910 1034 114 1241 1013 983 584 629 642 386
554 1070 0 669 1104 810 263 793 651 550 1086 666 1116 775 177 767 538 556 798 409 425 494 1223 701 973 856 753 1151 491 482 650 1058 528 892 330 1368 793 1172 1368 1337 503 1135 535 252 790 555 501 898 926 560 414 434 766 1414 563 1067 263 537 1204 722 1083 1015 252 900 1003 792 552 806 1023 558 1018 538 790 672 661 491 501 743
115 431 669 0 847 259 630 277 258 669 569 338 461 177 638 876 309 220 505 559 490 859 665 102 304 879 113 570 179 229 53 803 669 465 360 757 568 743 711 709 777 562 256 595 277 113 715 582 683 110 504 260 219 748 728 513 820 707 777 513 447 857 417 297 609 519 117 453 676 808 356 817 662 814 208 199 211 79
855 731 1104 847 0 612 1257 1112 606 1431 451 1180 1072 696 1208 518 1114 1032 1352 1282 679 1531 1396 946 867 1695 928 585 894 987 799 1649 1422 1302 856 736 322 285 917 1321 1487 565 686 1222 580 855 675 1428 1530 841 689 807 638 1179 1481 1279 1026 631 1585 1352 1116 1703 953 652 1442 348 865 394 1515 694 813 1530 1498 568 1054 948 982 878
320 279 810 259 612 0 840 504 173 920 314 597 509 86 828 763 564 476 756 797 490 1090 803 346 293 1139 319 344 384 464 227 1043 918 692 481 558 384 484 580 775 1017 330 278 803 43 319 680 824 931 306 507 379 47 720 978 674 891 657 974 771 534 1109 570 101 830 326 329 242 905 763 280 1058 921 726 465 426 450 271
529 1061 263 630 1257 840 0 657 713 288 1146 497 1021 781 86 994 390 447 588 165 593 274 1060 623 923 593 680 1182 461 403 632 817 265 708 403 1383 935 1271 1339 1207 250 1169 602 37 832 530 731 682 690 540 589 477 792 1329 300 912 526 760 995 502 973 761 304 911 798 919 523 908 804 800 985 290 544 900 541 431 422 687
332 556 793 277 1112 504 657 0 535 571 780 177 377 417 699 1144 268 237 269 526 735 813 435 174 364 693 184 740 354 318 330 540 581 190 552 878 844 976 761 551 713 739 520 631 533 331 962 321 433 340 747 480 474 684 631 277 999 961 503 316 319 614 566 497 332 794 325 724 402 1056 446 745 457 1077 132 323 300 234
248 452 651 258 606 173 713 535 0 839 438 576 643 186 689 633 507 425 752 699 317 977 901 360 436 1090 361 501 292 384 205 1055 833 723 327 721 311 560 754 907 915 484 116 676 142 248 516 834 931 234 334 237 141 881 892 757 718 498 1034 746 652 1100 424 274 867 265 258 214 933 604 441 958 891 583 454 344 377 314
603 1083 550 669 1431 920 288 571 839 0 1234 394 947 844 374 1242 361 449 392 160 815 260 895 617 911 308 671 1238 548 459 693 552 24 542 592 1414 1112 1392 1325 1079 153 1231 746 298 926 604 986 465 438 618 814 624 875 1250 60 768 813 1010 771 301 884 479 512 966 590 1083 594 1052 573 1064 986 177 280 1151 500 498 470 697
634 291 1086 569 451 314 1146 780 438 1234 0 898 644 391 1126 815 877 788 1046 1111 704 1401 979 644 460 1445 605 137 696 778 540 1314 1232 958 765 337 417 210 476 879 1330 116 554 1109 314 633 833 1101 1213 620 721 673 360 727 1292 883 1117 798 1199 1071 699 1394 862 283 1085 373 643 308 1165 897 390 1372 1220 815 767 740 765 562
333 707 666 338 1180 597 497 177 576 394 898 0 555 511 549 1132 130 164 180 354 700 636 564 254 524 547 298 878 318 242 382 488 404 226 487 1035 885 1081 933 713 535 874 525 474 616 332 920 275 358 345 708 445 558 860 455 415 896 927 550 174 495 523 470 616 351 842 323 785 392 1012 603 567 324 1055 131 268 234 336
573 354 1116 461 1072 509 1021 377 643 947 644 555 0 458 1052 1269 633 576 601 900 937 1190 338 414 216 1032 363 544 628 638 499 774 958 456 821 597 892 854 423 265 1090 555 696 991 552 572 1154 603 716 571 952 722 514 308 1007 278 1282 1139 585 673 77 890 869 432 533 834 572 746 615 1244 258 1122 796 1225 480 625 618 382
253 294 775 177 696 86 781 417 186 844 391 511 458 0 776 812 485 396 670 727 496 1023 734 260 249 1055 233 402 320 393 152 957 843 606 446 603 452 569 595 724 946 391 263 745 116 252 702 737 844 240 513 341 61 697 902 598 881 684 894 686 473 1022 528 129 746 396 260 316 819 790 260 987 835 767 379 357 378 184
529 1064 177 638 1208 828 86 699 689 374 1126 549 1052 776 0 921 432 476 656 243 535 335 1114 644 938 679 700 1172 461 419 633 897 351 768 366 1380 888 1239 1350 1250 329 1158 574 83 816 531 656 753 768 540 528 453 780 1358 386 963 440 687 1065 573 1009 845 266 906 866 876 525 874 876 722 995 366 625 826 576 441 439 702
815 1007 767 876 518 763 994 1144 633 1242 815 1132 1269 812 921 0 1023 968 1312 1082 438 1256 1534 974 1055 1544 987 945 814 893 823 1618 1226 1322 666 1150 405 747 1275 1535 1245 923 624 967 719 816 266 1407 1484 806 434 687 754 1473 1276 1387 596 234 1647 1276 1284 1629 732 853 1465 460 823 546 1520 224 1040 1285 1400 95 1037 863 898 943
259 724 538 309 1114 564 390 268 507 361 877 130 633 485 432 1023 0 88 294 271 586 570 686 258 559 583 314 877 223 132 338 597 363 356 365 1054 806 1044 978 819 479 870 436 363 575 259 800 395 462 274 593 339 520 942 421 532 765 810 680 254 583 610 341 605 480 768 249 722 516 891 631 517 389 942 154 168 133 337
177 640 556 220 1032 476 447 237 425 449 788 164 576 396 476 968 88 0 344 348 538 649 671 179 482 668 236 789 154 84 249 652 449 370 330 970 730 956 901 781 562 782 364 416 487 177 759 439 520 191 546 281 432 883 508 513 764 765 700 322 534 679 331 517 506 689 167 639 554 852 551 601 465 892 105 105 72 253
512 825 798 505 1352 756 588 269 752 392 1046 180 601 670 656 1312 294 344 0 424 878 653 502 410 632 432 441 1010 498 419 553 307 411 155 659 1144 1063 1237 1013 693 546 1008 705 574 780 512 1095 102 178 525 885 624 721 887 444 382 1043 1103 408 92 529 352 631 762 210 1018 502 958 226 1185 714 567 194 1234 298 448 413 487
476 986 409 559 1282 797 165 526 699 160 1111 354 900 727 243 1082 271 348 424 0 655 301 907 526 829 465 584 1128 415 333 574 653 145 552 435 1316 961 1258 1248 1066 219 1118 599 160 798 477 827 517 525 490 654 475 750 1208 200 764 671 850 831 337 845 605 352 854 635 935 468 909 638 905 899 261 382 991 425 371 349 601
403 769 425 490 679 490 593 735 317 815 704 700 937 496 535 438 586 538 878 655 0 866 1153 576 742 1111 603 796 387 458 443 1183 800 902 228 1019 369 759 1070 1195 837 776 241 561 455 405 227 975 1048 398 17 258 458 1194 854 998 413 227 1231 838 933 1190 303 591 1042 373 410 402 1092 320 756 879 961 356 617 432 466 567
770 1288 494 859 1531 1090 274 813 977 260 1401 636 1190 1023 335 1256 570 649 653 301 866 0 1155 827 1130 457 884 1425 705 631 871 786 242 802 676 1616 1209 1537 1548 1335 106 1415 869 309 1087 771 990 723 686 783 861 742 1042 1497 214 1026 734 1022 1025 561 1131 689 578 1151 849 1192 763 1178 827 1051 1200 95 526 1160 723 666 647 902
751 691 1223 665 1396 803 1060 435 901 895 979 564 338 734 1114 1534 686 671 502 907 1153 1155 0 577 529 874 551 882 784 753 715 535 913 356 985 919 1185 1190 719 226 1049 893 921 1038 844 750 1379 447 532 756 1166 905 795 482 947 158 1434 1372 278 594 280 672 1002 745 329 1128 746 1045 391 1472 589 1070 664 1478 568 758 736 592
175 466 701 102 946 346 623 174 360 617 644 254 414 260 644 974 258 179 410 526 576 827 577 0 303 801 57 627 218 225 156 703 620 362 418 797 671 829 722 644 738 622 351 590 370 173 803 482 586 179 589 329 311 716 677 421 878 798 676 427 384 762 456 362 506 621 170 554 573 896 372 776 577 910 123 210 205 83
419 195 973 304 867 293 923 364 436 911 460 524 216 249 938 1055 559 482 632 829 742 1130 529 303 0 1058 245 389 484 521 326 870 916 518 657 514 676 669 418 481 1039 392 503 890 337 417 952 667 783 413 758 552 301 454 972 423 1111 934 739 680 250 965 721 218 634 617 421 530 716 1040 82 1076 822 1014 411 497 501 236
843 1248 856 879 1695 1139 593 693 1090 308 1445 547 1032 1055 679 1544 583 668 432 465 1111 457 874 801 1058 0 845 1425 800 707 916 384 329 577 884 1572 1383 1622 1445 1090 381 1421 1011 606 1154 843 1292 438 342 857 1112 899 1097 1308 294 790 1119 1314 667 378 958 255 811 1164 545 1348 833 1305 488 1371 1139 365 237 1454 678 747 713 884
213 412 753 113 928 319 680 184 361 671 605 298 363 233 700 987 314 236 441 584 603 884 551 57 245 845 0 580 265 281 164 724 675 374 460 743 666 796 664 602 794 576 369 647 348 211 828 504 613 213 617 366 290 662 731 400 922 821 673 468 339 793 505 321 515 613 210 541 587 921 316 832 616 927 172 264 261 49
655 196 1151 570 585 344 1182 740 501 1238 137 878 544 402 1172 945 877 789 1010 1128 796 1425 882 627 389 1425 580 0 722 794 554 1260 1239 905 823 223 543 324 338 763 1347 22 615 1145 361 654 945 1054 1168 643 813 723 391 595 1298 802 1208 912 1118 1046 608 1351 914 274 1024 494 663 419 1105 1014 310 1387 1194 940 750 759 779 545
68 602 491 179 894 384 461 354 292 548 696 318 628 320 461 814 223 154 498 415 387 705 784 218 484 800 265 722 0 93 172 806 543 514 201 922 584 845 890 863 634 711 213 424 383 69 612 593 674 79 398 129 337 923 603 626 659 615 844 473 603 831 240 450 654 547 63 506 706 705 535 676 612 739 229 54 90 251
144 660 482 229 987 464 403 318 384 459 778 242 638 393 419 893 132 84 419 333 458 631 753 225 521 707 281 794 93 0 241 725 455 454 246 987 677 933 936 855 553 785 305 368 468 145 678 517 591 159 466 207 418 942 515 595 681 685 784 386 602 743 248 520 589 640 135 599 634 770 582 594 521 814 185 39 20 284
103 430 650 53 799 227 632 330 205 693 540 382 499 152 633 823 338 249 553 574 443 871 715 156 326 916 164 554 172 241 0 853 692 518 331 750 516 707 720 752 794 544 206 596 237 102 667 632 731 93 458 226 182 777 751 565 787 658 831 556 490 904 398 280 661 467 109 405 728 759 368 835 704 762 254 205 225 124
819 1066 1058 803 1649 1043 817 540 1055 552 1314 488 774 957 897 1618 597 652 307 653 1183 786 535 703 870 384 724 1260 806 725 853 0 576 356 961 1363 1367 1514 1198 761 688 1262 1013 814 1071 818 1396 221 136 831 1190 931 1012 1006 578 499 1315 1407 289 349 697 141 923 1034 242 1320 809 1257 159 1486 951 691 274 1539 601 755 720 772
600 1086 528 669 1422 918 265 581 833 24 1232 404 958 843 351 1226 363 449 411 145 800 242 913 620 916 329 675 1239 543 455 692 576 0 559 580 1417 1102 1388 1332 1094 136 1231 737 277 923 600 969 485 461 614 800 615 872 1262 59 784 791 993 793 318 896 503 497 966 610 1075 591 1045 595 1045 991 164 303 1134 505 494 467 700
507 714 892 465 1302 692 708 190 723 542 958 226 456 606 768 1322 356 370 155 552 902 802 356 362 518 577 374 905 514 454 518 356 559 0 701 1021 1034 1159 875 538 695 907 700 690 722 506 1127 151 267 516 912 644 664 734 596 227 1122 1129 330 243 381 448 694 678 144 983 498 914 212 1220 600 719 343 1251 285 473 442 423
247 741 330 360 856 481 403 552 327 592 765 487 821 446 366 666 365 330 659 435 228 676 985 418 657 884 460 823 201 246 331 961 580 701 0 1039 533 873 1041 1062 632 808 211 367 462 249 435 759 825 249 232 106 436 1107 636 827 461 447 1031 613 800 963 100 570 836 515 249 507 879 526 695 674 733 582 423 230 258 439
854 331 1368 757 736 558 1383 878 721 1414 337 1035 597 603 1380 1150 1054 970 1144 1316 1019 1616 919 797 514 1572 743 223 922 987 750 1363 1417 1021 1039 0 755 451 225 752 1532 243 834 1347 579 853 1166 1172 1288 842 1036 936 603 525 1474 874 1432 1132 1181 1194 671 1468 1127 473 1121 709 860 639 1204 1233 433 1571 1336 1152 915 954 969 717
553 605 793 568 322 384 935 844 311 1112 417 885 892 452 888 405 806 730 1063 961 369 1209 1185 671 676 1383 666 543 584 677 516 1367 1102 1034 533 755 0 405 870 1156 1165 521 371 900 342 554 430 1146 1242 540 381 487 390 1074 1161 1050 752 390 1339 1052 919 1408 631 463 1177 58 563 147 1244 484 649 1208 1195 397 766 638 674 617
789 500 1172 743 285 484 1271 976 560 1392 210 1081 854 569 1239 747 1044 956 1237 1258 759 1537 1190 829 669 1622 796 324 845 933 707 1514 1388 1159 873 451 405 0 641 1085 1475 308 669 1234 469 789 833 1298 1409 775 773 794 525 916 1448 1092 1156 793 1408 1255 910 1589 973 480 1290 387 799 366 1368 879 601 1517 1405 772 949 894 923 750
822 302 1368 711 917 580 1339 761 754 1325 476 933 423 595 1350 1275 978 901 1013 1248 1070 1548 719 722 418 1445 664 338 890 936 720 1198 1332 875 1041 225 870 641 0 536 1456 360 854 1305 615 820 1247 1024 1139 813 1087 934 617 300 1386 699 1471 1219 991 1075 501 1314 1117 480 956 817 826 735 1038 1324 354 1492 1208 1262 827 909 917 652
815 590 1337 709 1321 775 1207 551 907 1079 879 713 265 724 1250 1535 819 781 693 1066 1195 1335 226 644 481 1090 602 763 863 855 752 761 1094 538 1062 752 1156 1085 536 0 1230 777 954 1181 818 813 1415 655 749 815 1210 968 780 265 1134 311 1522 1401 500 781 262 897 1098 694 545 1098 812 1010 613 1506 513 1256 870 1490 677 849 835 630
696 1202 503 777 1487 1017 250 713 915 153 1330 535 1090 946 329 1245 479 562 546 219 837 106 1049 738 1039 381 794 1347 634 553 794 688 136 695 632 1532 1165 1475 1456 1230 0 1337 812 278 1017 697 981 617 583 710 834 686 970 1395 109 920 758 1010 921 454 1029 597 538 1073 743 1143 688 1122 722 1050 1111 42 423 1151 629 590 568 816
644 203 1135 562 565 330 1169 739 484 1231 116 874 555 391 1158 923 870 782 1008 1118 776 1415 893 622 392 1421 576 22 711 785 544 1262 1231 907 808 243 521 308 360 777 1337 0 599 1133 345 643 924 1054 1169 631 793 708 378 613 1290 808 1189 891 1125 1043 616 1351 900 265 1027 472 652 397 1108 993 315 1378 1191 918 745 749 769 539
194 551 535 256 686 278 602 520 116 746 554 525 696 263 574 624 436 364 705 599 241 869 921 351 503 1011 369 615 213 305 206 1013 737 700 211 834 371 669 854 954 812 599 0 565 254 195 461 795 883 184 256 126 237 957 797 769 618 452 1023 686 693 1044 308 374 844 338 204 310 903 553 524 854 825 559 417 268 303 330
493 1025 252 595 1222 803 37 631 676 298 1109 474 991 745 83 967 363 416 574 160 561 309 1038 590 890 606 647 1145 424 368 596 814 277 690 367 1347 900 1234 1305 1181 278 1133 565 0 795 494 705 671 685 504 557 440 755 1299 317 889 515 733 983 490 945 764 269 874 784 883 487 872 793 776 951 318 543 873 512 396 388 653
323 315 790 277 580 43 832 533 142 926 314 616 552 116 816 719 575 487 780 798 455 1087 844 370 337 1154 348 361 383 468 237 1071 923 722 462 579 342 469 615 818 1017 345 254 795 0 322 640 851 956 309 472 363 58 762 983 712 860 616 1010 790 576 1133 555 140 862 284 332 201 935 722 322 1059 939 683 485 429 456 299
1 533 555 113 855 319 530 331 248 604 633 332 572 252 531 816 259 177 512 477 405 771 750 173 417 843 211 654 69 145 102 818 600 506 249 853 554 789 820 813 697 643 195 494 322 0 632 600 690 14 417 156 273 861 660 594 711 630 832 499 551 854 303 381 649 512 10 462 707 725 467 738 643 747 222 106 133 190
631 953 501 715 675 680 731 962 516 986 833 920 1154 702 656 266 800 759 1095 827 227 990 1379 803 952 1292 828 945 612 678 667 1396 969 1127 435 1166 430 833 1247 1415 981 924 461 705 640 632 0 1194 1261 625 215 483 656 1397 1017 1224 355 44 1457 1049 1154 1394 484 780 1265 463 637 527 1313 93 957 1021 1163 170 842 655 687 791
601 863 898 582 1428 824 682 321 834 465 1101 275 603 737 753 1407 395 439 102 517 975 723 447 482 667 438 504 1054 593 517 632 221 485 151 759 1172 1146 1298 1024 655 617 1054 795 671 851 600 1194 0 115 612 983 720 792 870 510 352 1145 1202 313 180 527 297 732 819 125 1099 591 1035 124 1285 750 634 216 1331 381 544 509 552
691 979 926 683 1530 931 690 433 931 438 1213 358 716 844 768 1484 462 520 178 525 1048 686 532 586 783 342 613 1168 674 591 731 136 461 267 825 1288 1242 1409 1139 749 583 1169 883 685 956 690 1261 115 0 703 1055 798 897 976 473 457 1181 1272 342 213 640 182 786 930 204 1197 681 1136 149 1350 865 592 160 1404 477 623 587 660
14 524 560 110 841 306 540 340 234 618 620 345 571 240 540 806 274 191 525 490 398 783 756 179 413 857 213 643 79 159 93 831 614 516 249 842 540 775 813 815 710 631 184 504 309 14 625 612 703 0 410 153 259 859 674 600 711 621 841 512 553 868 308 370 660 498 24 448 719 718 460 751 657 737 233 120 147 189
416 786 414 504 689 507 589 747 334 814 721 708 952 513 528 434 593 546 885 654 17 861 1166 589 758 1112 617 813 398 466 458 1190 800 912 232 1036 381 773 1087 1210 834 793 256 557 472 417 215 983 1055 410 0 268 475 1210 853 1010 396 218 1242 844 948 1195 302 609 1052 386 422 418 1101 308 773 876 966 350 627 441 475 581
154 635 434 260 807 379 477 480 237 624 673 445 722 341 453 687 339 281 624 475 258 742 905 329 552 899 366 723 129 207 226 931 615 644 106 936 487 794 934 968 686 708 126 440 363 156 483 720 798 153 268 0 333 1004 674 748 561 485 973 593 705 949 191 465 784 459 159 436 835 576 589 729 725 610 359 176 211 340
273 314 766 219 638 47 792 474 141 875 360 558 514 61 780 754 520 432 721 750 458 1042 795 311 301 1097 290 391 337 418 182 1012 872 664 436 603 390 525 617 780 970 378 237 755 58 273 656 792 897 259 475 333 0 741 932 660 854 635 955 733 532 1074 524 137 804 334 282 254 877 742 301 1011 882 712 427 379 404 240
863 468 1414 748 1179 720 1329 684 881 1250 727 860 308 697 1358 1473 942 883 887 1208 1194 1497 482 716 454 1308 662 595 923 942 777 1006 1262 734 1107 525 1074 916 300 265 1395 613 957 1299 762 861 1397 870 976 859 1210 1004 741 0 1309 518 1564 1376 760 966 366 1136 1164 622 776 1016 863 928 851 1483 440 1426 1077 1444 788 926 921 672
659 1143 563 728 1481 978 300 631 892 60 1292 455 1007 902 386 1276 421 508 444 200 854 214 947 677 972 294 731 1298 603 515 751 578 59 596 636 1474 1161 1448 1386 1134 109 1290 797 317 983 660 1017 510 473 674 853 674 932 1309 0 823 825 1043 811 353 943 492 550 1025 636 1133 650 1104 613 1092 1047 123 313 1184 561 554 527 758
595 605 1067 513 1279 674 912 277 757 768 883 415 278 598 963 1387 532 513 382 764 998 1026 158 421 423 790 400 802 626 595 565 499 784 227 827 874 1050 1092 699 311 920 808 769 889 712 594 1224 352 457 600 1010 748 660 518 823 0 1276 1219 317 470 202 622 844 627 261 994 589 914 340 1318 494 945 564 1328 409 600 577 444
709 1168 263 820 1026 891 526 999 718 813 1117 896 1282 881 440 596 765 764 1043 671 413 734 1434 878 1111 1119 922 1208 659 681 787 1315 791 1122 461 1432 752 1156 1471 1522 758 1189 618 515 860 711 355 1145 1181 711 396 561 854 1564 825 1276 0 398 1444 973 1261 1277 432 991 1243 771 711 813 1269 371 1140 790 1050 505 866 677 698 900
628 928 537 707 631 657 760 961 498 1010 798 927 1139 684 687 234 810 765 1103 850 227 1022 1372 798 934 1314 821 912 615 685 658 1407 993 1129 447 1132 390 793 1219 1401 1010 891 452 733 616 630 44 1202 1272 621 218 485 635 1376 1043 1219 398 0 1459 1060 1142 1409 503 757 1269 426 635 493 1319 106 935 1050 1178 140 844 659 693 782
833 922 1204 777 1585 974 995 503 1034 771 1199 550 585 894 1065 1647 680 700 408 831 1231 1025 278 676 739 667 673 1118 844 784 831 289 793 330 1031 1181 1339 1408 991 500 921 1125 1023 983 1010 832 1457 313 342 841 1242 973 955 760 811 317 1444 1459 0 493 514 431 1020 938 201 1286 825 1210 198 1550 811 932 500 1579 614 803 772 722
499 869 722 513 1352 771 502 316 746 301 1071 174 673 686 573 1276 254 322 92 337 838 561 594 427 680 378 468 1046 473 386 556 349 318 243 613 1194 1052 1255 1075 781 454 1043 686 490 790 499 1049 180 213 512 844 593 733 966 353 470 973 1060 493 0 604 357 573 789 299 1011 489 957 303 1137 761 476 149 1194 306 420 384 509
553 413 1083 447 1116 534 973 319 652 884 699 495 77 473 1009 1284 583 534 529 845 933 1131 280 384 250 958 339 608 603 602 490 697 896 381 800 671 919 910 501 262 1029 616 693 945 576 551 1154 527 640 553 948 705 532 366 943 202 1261 1142 514 604 0 813 840 467 455 861 550 775 537 1246 308 1060 722 1236 433 593 582 367
855 1161 1015 857 1703 1109 761 614 1100 479 1394 523 890 1022 845 1629 610 679 352 605 1190 689 672 762 965 255 793 1351 831 743 904 141 503 448 963 1468 1408 1589 1314 897 597 1351 1044 764 1133 854 1394 297 182 868 1195 949 1074 1136 492 622 1277 1409 431 357 813 0 911 1111 361 1365 845 1308 285 1481 1047 593 231 1545 649 777 741 839
302 822 252 417 953 570 304 566 424 512 862 470 869 528 266 732 341 331 631 352 303 578 1002 456 721 811 505 914 240 248 398 923 497 694 100 1127 631 973 1117 1098 538 900 308 269 555 303 484 732 786 308 302 191 524 1164 550 844 432 503 1020 573 840 911 0 655 821 614 301 607 856 569 767 580 680 643 434 248 266 492
382 178 900 297 652 101 911 497 274 966 283 616 432 129 906 853 605 517 762 854 591 1151 745 362 218 1164 321 274 450 520 280 1034 966 678 570 473 463 480 480 694 1073 265 374 874 140 381 780 819 930 370 609 465 137 622 1025 627 991 757 938 789 467 1111 655 0 810 404 389 316 888 863 186 1113 938 821 486 485 504 280
650 828 1003 609 1442 830 798 332 867 590 1085 351 533 746 866 1465 480 506 210 635 1042 849 329 506 634 545 515 1024 654 589 661 242 610 144 836 1121 1177 1290 956 545 743 1027 844 784 862 649 1265 125 204 660 1052 784 804 776 636 261 1243 1269 201 299 455 361 821 810 0 1126 641 1056 82 1358 714 759 338 1393 428 610 578 564
511 548 792 519 348 326 919 794 265 1083 373 842 834 396 876 460 768 689 1018 935 373 1192 1128 621 617 1348 613 494 547 640 467 1320 1075 983 515 709 58 387 817 1098 1143 472 338 883 284 512 463 1099 1197 498 386 459 334 1016 1133 994 771 426 1286 1011 861 1365 614 404 1126 0 522 88 1195 524 590 1185 1155 446 719 601 636 564
10 539 552 117 865 329 523 325 258 594 643 323 572 260 525 823 249 167 502 468 410 763 746 170 421 833 210 663 63 135 109 809 591 498 249 860 563 799 826 812 688 652 204 487 332 10 637 591 681 24 422 159 282 863 650 589 711 635 825 489 550 845 301 389 641 522 0 472 699 731 471 729 633 753 214 97 123 191
462 461 806 453 394 242 908 724 214 1052 308 785 746 316 874 546 722 639 958 909 402 1178 1045 554 530 1305 541 419 506 599 405 1257 1045 914 507 639 147 366 735 1010 1122 397 310 872 201 462 527 1035 1136 448 418 436 254 928 1104 914 813 493 1210 957 775 1308 607 316 1056 88 472 0 1127 595 501 1165 1104 527 659 559 592 491
708 910 1023 676 1515 905 804 402 933 573 1165 392 615 819 876 1520 516 554 226 638 1092 827 391 573 716 488 587 1105 706 634 728 159 595 212 879 1204 1244 1368 1038 613 722 1108 903 793 935 707 1313 124 149 719 1101 835 877 851 613 340 1269 1319 198 303 537 285 856 888 82 1195 699 1127 0 1404 796 734 303 1446 485 659 625 636
724 1034 558 808 694 763 800 1056 604 1064 897 1012 1244 790 722 224 891 852 1185 905 320 1051 1472 896 1040 1371 921 1014 705 770 759 1486 1045 1220 526 1233 484 879 1324 1506 1050 993 553 776 722 725 93 1285 1350 718 308 576 742 1483 1092 1318 371 106 1550 1137 1246 1481 569 863 1358 524 731 595 1404 0 1042 1088 1249 136 935 747 779 883
468 114 1018 356 813 280 985 446 441 986 390 603 258 260 995 1040 631 551 714 899 756 1200 589 372 82 1139 316 310 535 582 368 951 991 600 695 433 649 601 354 513 1111 315 524 951 322 467 957 750 865 460 773 589 301 440 1047 494 1140 935 811 761 308 1047 767 186 714 590 471 501 796 1042 0 1148 904 1006 486 555 563 298
737 1241 538 817 1530 1058 290 745 958 177 1372 567 1122 987 366 1285 517 601 567 261 879 95 1070 776 1076 365 832 1387 676 594 835 691 164 719 674 1571 1208 1517 1492 1256 42 1378 854 318 1059 738 1021 634 592 751 876 729 1011 1426 123 945 790 1050 932 476 1060 593 580 1113 759 1185 729 1165 734 1088 1148 0 432 1190 665 632 609 854
643 1013 790 662 1498 921 544 457 891 280 1220 324 796 835 625 1400 389 465 194 382 961 526 664 577 822 237 616 1194 612 521 704 274 303 343 733 1336 1195 1405 1208 870 423 1191 825 543 939 643 1163 216 160 657 966 725 882 1077 313 564 1050 1178 500 149 722 231 680 938 338 1155 633 1104 303 1249 904 432 0 1315 455 557 522 658
746 983 672 814 568 726 900 1077 583 1151 815 1055 1225 767 826 95 942 892 1234 991 356 1160 1478 910 1014 1454 927 940 739 814 762 1539 1134 1251 582 1152 397 772 1262 1490 1151 918 559 873 683 747 170 1331 1404 737 350 610 712 1444 1184 1328 505 140 1579 1194 1236 1545 643 821 1393 446 753 527 1446 136 1006 1190 1315 0 966 786 821 885
222 584 661 208 1054 465 541 132 454 500 767 131 480 379 576 1037 154 105 298 425 617 723 568 123 411 678 172 750 229 185 254 601 505 285 423 915 766 949 827 677 629 745 417 512 485 222 842 381 477 233 627 359 427 788 561 409 866 844 614 306 433 649 434 486 428 719 214 659 485 935 486 665 455 966 0 193 168 206
105 629 491 199 948 426 431 323 344 498 740 268 625 357 441 863 168 105 448 371 432 666 758 210 497 747 264 759 54 39 205 755 494 473 230 954 638 894 909 849 590 749 268 396 429 106 655 544 623 120 441 176 379 926 554 600 677 659 803 420 593 777 248 485 610 601 97 559 659 747 555 632 557 786 193 0 36 260
133 642 501 211 982 450 422 300 377 470 765 234 618 378 439 898 133 72 413 349 466 647 736 205 501 713 261 779 90 20 225 720 467 442 258 969 674 923 917 835 568 769 303 388 456 133 687 509 587 147 475 211 404 921 527 577 698 693 772 384 582 741 266 504 578 636 123 592 625 779 563 609 522 821 168 36 0 265
191 386 743 79 878 271 687 234 314 697 562 336 382 184 702 943 337 253 487 601 567 902 592 83 236 884 49 545 251 284 124 772 700 423 439 717 617 750 652 630 816 539 330 653 299 190 791 552 660 189 581 340 240 672 758 444 900 782 722 509 367 839 492 280 564 564 191 491 636 883 298 854 658 885 206 260 265 0
