0 631 525 655 116 1109 38 19 239 1213 202 1337 496 793 151 219
631 0 317 579 710 1476 595 649 858 1082 601 1800 821 215 724 505
525 317 0 270 635 1168 487 538 763 822 602 1507 897 530 554 520
655 579 270 0 772 962 623 662 868 576 791 1330 1103 785 619 726
116 710 635 772 0 1167 151 111 149 1327 169 1366 409 854 217 234
1109 1476 1168 962 1167 0 1110 1096 1128 991 1311 399 1571 1691 960 1317
38 595 487 623 151 1110 0 54 278 1184 209 1348 514 762 162 208
19 649 538 662 111 1096 54 0 225 1216 215 1320 502 813 136 237
239 858 763 868 149 1128 278 225 0 1402 303 1286 454 1003 256 380
1213 1082 822 576 1327 991 1184 1216 1402 0 1365 1389 1678 1257 1145 1303
202 601 602 791 169 1311 209 215 303 1365 0 1528 314 717 350 95
1337 1800 1507 1330 1366 399 1348 1320 1286 1389 1528 0 1741 2011 1186 1556
496 821 897 1103 409 1571 514 502 454 1678 314 1741 0 869 626 379
793 215 530 785 854 1691 762 813 1003 1257 717 2011 869 0 906 627
151 724 554 619 217 960 162 136 256 1145 350 1186 626 906 0 369
219 505 520 726 234 1317 208 237 380 1303 95 1556 379 627 369 0
