0 1694 856 1118 639 967 183 178 1522 1310 1214 1125 1413 65 1239 1292 1627
1694 0 1127 661 1319 2498 1689 1650 2011 1086 1890 1375 3046 1749 2750 1043 3308
856 1127 0 468 987 1413 965 930 1036 458 1763 1419 2254 881 2093 1346 2300
1118 661 468 0 954 1846 1162 1121 1433 582 1691 1248 2524 1165 2290 1061 2689
639 1319 987 954 0 1606 514 489 1938 1403 776 504 1758 704 1434 661 2184
967 2498 1413 1846 1606 0 1108 1124 1346 1734 2070 2082 1332 902 1479 2259 953
183 1689 965 1162 514 1108 0 40 1698 1424 1032 973 1366 229 1139 1176 1683
178 1650 930 1121 489 1124 40 0 1678 1388 1037 958 1406 232 1178 1150 1717
1522 2011 1036 1433 1938 1346 1698 1678 0 928 2679 2416 2611 1500 2627 2380 2276
1310 1086 458 582 1403 1734 1424 1388 928 0 2177 1784 2693 1331 2549 1636 2664
1214 1890 1763 1691 776 2070 1032 1037 2679 2177 0 518 1660 1261 1221 884 2355
1125 1375 1419 1248 504 2082 973 958 2416 1784 518 0 1997 1187 1598 374 2562
1413 3046 2254 2524 1758 1332 1366 1406 2611 2693 1660 1997 0 1377 454 2333 891
65 1749 881 1165 704 902 229 232 1500 1331 1261 1187 1377 0 1222 1358 1567
1239 2750 2093 2290 1434 1479 1139 1178 2627 2549 1221 1598 454 1222 0 1951 1291
1292 1043 1346 1061 661 2259 1176 1150 2380 1636 884 374 2333 1358 1951 0 2836
1627 3308 2300 2689 2184 953 1683 1717 2276 2664 2355 2562 891 1567 1291 2836 0
