0 835 685 1227 503 1609 272 73 1228 376 1566 1299 362 847 1552 250
835 0 1519 1151 1326 941 956 834 1371 727 2146 464 635 597 2372 589
685 1519 0 1676 220 2225 673 687 1538 911 1263 1983 960 1413 883 935
1227 1151 1676 0 1607 2047 1047 1292 347 1475 2786 1362 1394 1675 2513 1104
503 1326 220 1607 0 2006 564 491 1514 693 1221 1787 746 1193 1049 752
1609 941 2225 2047 2006 0 1812 1574 2301 1313 2380 725 1272 819 2968 1414
272 956 673 1047 564 1812 0 343 994 645 1746 1411 618 1091 1554 397
73 834 687 1292 491 1574 343 0 1299 312 1508 1296 311 798 1540 268
1228 1371 1538 347 1514 2301 994 1299 0 1539 2730 1649 1472 1829 2322 1173
376 727 911 1475 693 1313 645 312 1539 0 1437 1157 96 506 1694 372
1566 2146 1263 2786 1221 2380 1746 1508 2730 1437 0 2525 1534 1677 1130 1746
1299 464 1983 1362 1787 725 1411 1296 1649 1157 2525 0 1073 863 2830 1053
362 635 960 1394 746 1272 618 311 1472 96 1534 1073 0 487 1766 298
847 597 1413 1675 1193 819 1091 798 1829 506 1677 863 487 0 2151 716
1552 2372 883 2513 1049 2968 1554 1540 2322 1694 1130 2830 1766 2151 0 1802
250 589 935 1104 752 1414 397 268 1173 372 1746 1053 298 716 1802 0
