0 1156 67 931 156 177 1007 1449 1573 510 777 1044 1118 1581 373 1720 97
1156 0 1191 1125 1001 1025 1094 1956 663 1426 1463 1014 1705 617 1190 2866 1217
67 1191 0 999 204 242 1075 1387 1627 556 833 1111 1173 1633 436 1699 139
931 1125 999 0 857 774 99 2349 1080 697 496 198 609 1135 601 2166 890
156 1001 204 857 0 94 922 1493 1423 570 791 946 1129 1429 376 1870 221
177 1025 242 774 94 0 844 1581 1405 487 697 874 1035 1416 284 1841 198
1007 1094 1075 99 922 844 0 2408 1000 795 594 108 679 1058 689 2265 972
1449 1956 1387 2349 1493 1581 2408 0 2601 1914 2213 2417 2549 2566 1822 2318 1521
1573 663 1627 1080 1423 1405 1000 2601 0 1650 1555 892 1679 83 1449 3165 1601
510 1426 556 697 570 487 795 1914 1650 0 314 878 636 1683 237 1514 417
777 1463 833 496 791 697 594 2213 1555 314 0 695 341 1601 414 1674 694
1044 1014 1111 198 946 874 108 2417 892 878 695 0 787 950 751 2362 1018
1118 1705 1173 609 1129 1035 679 2549 1679 636 341 787 0 1738 754 1750 1034
1581 617 1633 1135 1429 1416 1058 2566 83 1683 1601 950 1738 0 1476 3195 1613
373 1190 436 601 376 284 689 1822 1449 237 414 751 754 1476 0 1720 306
1720 2866 1699 2166 1870 1841 2265 2318 3165 1514 1674 2362 1750 3195 1720 0 1651
97 1217 139 890 221 198 972 1521 1601 417 694 1018 1034 1613 306 1651 0
