0 1587 1390 1196 1677 1624 1237 1109 1274 1725 931 1151 157 1431 1535 862
1587 0 2971 1582 617 2637 2700 610 532 1677 2469 639 1520 2268 1838 2185
1390 2971 0 2237 3044 1880 634 2491 2603 2786 757 2526 1485 1993 2470 1053
1196 1582 2237 0 1208 1104 2332 997 1670 557 1501 949 1039 710 355 2049
1677 617 3044 1208 0 2312 2897 581 1056 1140 2427 527 1562 1918 1377 2436
1624 2637 1880 1104 2312 0 2266 2029 2608 1412 1185 1999 1523 398 1041 2242
1237 2700 634 2332 2897 2266 0 2318 2259 2887 1083 2370 1378 2278 2626 544
1109 610 2491 997 581 2029 2318 0 712 1209 1918 80 1006 1665 1290 1855
1274 532 2603 1670 1056 2608 2259 712 0 1921 2202 785 1256 2280 1987 1726
1725 1677 2786 557 1140 1412 2887 1209 1921 0 2042 1136 1567 1030 375 2586
931 2469 757 1501 2427 1185 1083 1918 2202 2042 0 1936 955 1245 1716 1153
1151 639 2526 949 527 1999 2370 80 785 1136 1936 0 1040 1628 1230 1915
157 1520 1485 1039 1562 1523 1378 1006 1256 1567 955 1040 0 1305 1380 1019
1431 2268 1993 710 1918 398 2278 1665 2280 1030 1245 1628 1305 0 655 2158
1535 1838 2470 355 1377 1041 2626 1290 1987 375 1716 1230 1380 655 0 2377
862 2185 1053 2049 2436 2242 544 1855 1726 2586 1153 1915 1019 2158 2377 0
