0 1098 378 688 1468 482 1691 526 354 1601 753 1290 211 1358 1385 1439
1098 0 1469 1658 2548 902 1873 836 1452 2095 1826 1106 893 1496 931 349
378 1469 0 415 1144 718 1867 784 67 1666 479 1596 590 1425 1728 1805
688 1658 415 0 1257 777 2282 849 482 2072 766 1972 874 1186 2073 1965
1468 2548 1144 1257 0 1863 2139 1929 1135 1677 722 2286 1660 2443 2522 2896
482 902 718 777 1863 0 2062 72 736 2045 1181 1513 442 921 1514 1192
1691 1873 1867 2282 2139 2062 0 2062 1800 545 1722 795 1627 2981 1073 2118
526 836 784 849 1929 72 2062 0 799 2065 1242 1490 459 919 1478 1122
354 1452 67 482 1135 736 1800 799 0 1600 447 1539 564 1474 1678 1792
1601 2095 1666 2072 1677 2045 545 2065 1600 0 1397 1158 1606 2956 1462 2391
753 1826 479 766 722 1181 1722 1242 447 1397 0 1668 939 1893 1869 2174
1290 1106 1596 1972 2286 1513 795 1490 1539 1158 1668 0 1142 2387 303 1327
211 893 590 874 1660 442 1627 459 564 1606 939 1142 0 1363 1206 1238
1358 1496 1425 1186 2443 921 2981 919 1474 2956 1893 2387 1363 0 2330 1622
1385 931 1728 2073 2522 1514 1073 1478 1678 1462 1869 303 1206 2330 0 1093
1439 349 1805 1965 2896 1192 2118 1122 1792 2391 2174 1327 1238 1622 1093 0
