0 1677 93 737 1722 1112 636 1641 1358 396 131 1543 764 462 380 1484
1677 0 1770 1112 936 2742 1352 810 1612 1978 1551 614 2286 1672 1969 1955
93 1770 0 819 1801 1025 699 1723 1401 335 223 1629 699 483 318 1507
737 1112 819 0 1535 1843 890 1415 1591 1126 610 1241 1491 1009 1111 1842
1722 936 1801 1535 0 2546 1131 135 899 1854 1639 346 2042 1465 1853 1226
1112 2742 1025 1843 2546 0 1450 2507 1833 763 1243 2475 505 1104 773 1732
636 1352 699 890 1131 1450 0 1072 754 725 596 1024 961 346 722 959
1641 810 1723 1415 135 2507 1072 0 938 1797 1551 211 2005 1413 1795 1276
1358 1612 1401 1591 899 1833 754 938 0 1292 1341 1045 1341 930 1299 345
396 1978 335 1126 1854 763 725 1797 1292 0 516 1741 367 392 17 1325
131 1551 223 610 1639 1243 596 1551 1341 516 0 1442 883 499 501 1497
1543 614 1629 1241 346 2475 1024 211 1045 1741 1442 0 1981 1371 1736 1390
764 2286 699 1491 2042 505 961 2005 1341 367 883 1981 0 619 384 1277
462 1672 483 1009 1465 1104 346 1413 930 392 499 1371 619 0 394 1024
380 1969 318 1111 1853 773 722 1795 1299 17 501 1736 384 394 0 1335
1484 1955 1507 1842 1226 1732 959 1276 345 1325 1497 1390 1277 1024 1335 0
