0 663 196 474 111 825 377 205 275 497 198 429 751 674 238 144 741 567 708 587 493 550 318 504 757 602 404 534 627 691 229 359 530 697 478 126 537 632 157 47 280 148 194 4 260 300 491 829 816 275 110 513 734 656 515 184 839 56 494 613 810 191 493 825 83 247 246 85 795 749 111 389 742 338 260 373 28 134
663 0 734 723 592 1366 761 673 925 800 621 1063 1212 1239 656 781 276 523 1278 82 185 154 691 699 938 1215 567 1189 112 273 518 704 972 530 976 609 1186 1266 717 645 943 789 842 659 842 419 1113 1211 1395 804 561 1161 983 853 620 660 884 630 749 686 351 713 856 697 710 455 482 669 748 237 763 816 1404 857 903 600 675 726
196 734 0 671 297 948 570 68 361 316 115 335 907 793 104 288 738 747 822 651 550 653 154 351 952 691 299 478 670 823 407 193 335 871 641 137 466 534 38 243 307 130 166 196 416 317 582 634 671 85 273 566 546 852 706 75 1034 248 690 475 944 21 301 1010 262 401 252 114 664 758 249 576 742 508 361 255 219 66
474 723 671 0 383 684 135 672 511 961 649 821 500 590 698 432 939 261 628 687 649 569 779 943 288 630 812 860 762 562 312 819 1004 380 322 572 882 997 632 427 597 593 616 474 359 619 566 1303 1227 749 423 663 1200 185 134 649 370 424 27 1029 637 665 965 426 418 371 611 558 1191 921 458 181 930 287 482 799 451 608
111 592 297 383 0 826 305 290 333 578 266 536 723 682 314 190 707 455 718 521 436 465 396 566 670 633 445 631 572 590 118 436 633 586 453 189 638 737 260 68 364 258 301 109 263 288 526 931 927 381 49 569 817 567 409 267 739 55 405 662 707 288 583 715 120 147 255 183 835 708 177 332 815 312 311 425 103 242
825 1366 948 684 826 0 608 997 587 1253 1012 822 219 154 1037 683 1529 945 131 1312 1245 1216 1102 1300 678 285 1224 732 1377 1243 857 1141 1174 1053 390 949 772 870 921 807 660 818 791 829 568 1112 377 1426 1122 978 874 446 1455 672 818 984 857 818 665 1421 1321 959 1215 1043 743 927 1068 890 1609 1524 720 551 558 518 587 1188 798 889
377 761 570 135 305 608 0 581 376 874 566 691 455 494 612 309 946 368 533 712 656 608 693 870 386 513 750 725 781 642 276 734 896 498 222 489 748 864 531 333 465 478 495 377 225 577 439 1194 1096 642 353 532 1111 290 251 559 496 333 141 967 731 567 869 560 308 346 555 463 1139 935 339 59 800 154 348 730 351 504
205 673 68 672 290 997 581 0 414 292 52 402 944 843 41 323 670 723 872 591 488 600 113 306 958 747 236 546 606 777 388 155 354 843 674 104 534 598 78 247 368 186 229 204 450 254 636 647 724 131 256 627 530 856 694 23 1029 249 693 424 898 47 293 988 283 371 191 120 612 690 283 594 809 537 410 194 232 108
275 925 361 511 333 587 376 414 0 667 435 325 568 432 455 143 1017 704 460 853 764 798 516 713 739 334 647 349 899 907 428 554 612 841 327 383 371 487 336 281 98 231 205 280 151 575 223 892 724 393 365 238 878 655 609 403 870 296 517 836 1018 373 633 929 215 477 519 318 1025 1024 165 345 483 238 28 608 256 305
497 800 316 961 578 1253 874 292 667 0 312 513 1223 1098 263 605 688 985 1124 721 627 779 182 119 1249 984 233 667 703 974 665 142 205 1093 958 389 639 652 351 540 595 440 462 497 733 427 879 413 669 274 539 842 238 1146 973 314 1311 541 983 231 1092 312 74 1250 574 633 392 412 403 725 566 886 962 824 671 206 525 382
198 621 115 649 266 1012 566 52 435 312 0 451 948 859 51 330 624 685 890 538 436 549 131 306 936 770 212 592 554 727 355 170 397 801 676 77 582 649 113 234 400 216 264 196 455 202 659 686 776 184 226 657 551 834 663 41 999 233 671 415 848 94 324 950 281 331 139 122 600 643 292 584 849 536 429 177 227 137
429 1063 335 821 536 822 691 402 325 513 451 0 862 677 433 393 1072 978 691 981 881 969 444 605 1063 536 611 155 1004 1120 653 464 371 1113 647 454 133 204 346 467 228 282 234 432 470 651 454 604 405 288 539 377 663 976 902 410 1188 481 831 734 1239 357 451 1223 432 676 586 397 915 1093 378 667 449 563 350 563 432 336
751 1212 907 500 723 219 455 944 568 1223 948 862 0 233 983 621 1401 754 250 1166 1111 1059 1056 1251 459 374 1154 808 1236 1062 727 1097 1180 853 273 877 845 956 874 722 660 783 769 753 494 1011 414 1456 1213 955 773 517 1443 459 628 927 638 729 478 1364 1130 914 1197 830 667 797 977 828 1546 1390 661 405 705 414 557 1124 722 843
674 1239 793 590 682 154 494 843 432 1098 859 677 233 0 883 531 1389 850 39 1181 1109 1091 948 1145 646 150 1071 599 1242 1136 723 987 1023 969 272 797 638 743 766 659 506 663 636 678 420 965 225 1281 999 824 729 306 1302 616 724 830 822 670 575 1267 1222 804 1061 982 594 792 919 737 1455 1386 568 434 472 382 432 1035 648 735
238 656 104 698 314 1037 612 41 455 263 51 433 983 883 0 362 639 736 913 573 470 591 81 268 985 788 196 579 583 773 406 122 347 853 712 125 565 625 119 278 408 226 269 237 488 237 677 634 739 151 277 668 502 882 714 55 1050 278 720 384 894 86 273 1002 319 382 177 155 571 661 322 627 846 574 451 153 266 149
144 781 288 432 190 683 309 323 143 605 330 393 621 531 362 0 880 589 564 709 621 655 435 629 694 458 542 460 757 770 289 476 595 726 352 265 473 582 254 140 186 175 185 148 128 442 348 890 798 347 222 380 833 600 509 306 802 154 446 745 883 293 586 830 72 335 390 208 930 885 39 300 625 221 122 508 119 222
741 276 738 939 707 1529 946 670 1017 688 624 1072 1401 1389 639 880 0 776 1426 265 291 398 642 571 1182 1338 480 1217 185 549 675 638 887 801 1144 646 1204 1262 736 741 1009 832 884 737 971 443 1228 1075 1343 787 663 1254 819 1090 856 666 1146 728 966 511 621 717 758 971 810 604 504 714 516 48 852 995 1469 1011 1001 526 762 756
567 523 747 261 455 945 368 723 704 985 685 978 754 850 736 589 776 0 889 511 509 379 812 936 415 881 790 1047 591 312 340 847 1077 137 580 619 1063 1171 711 521 774 711 749 564 563 577 806 1370 1377 832 473 894 1219 336 127 700 373 510 279 993 376 734 1008 265 545 354 596 634 1127 748 599 426 1161 518 675 793 554 696
708 1278 822 628 718 131 533 872 460 1124 890 691 250 39 913 564 1426 889 0 1219 1147 1130 976 1173 677 156 1102 606 1280 1175 761 1015 1043 1007 311 829 646 747 795 694 530 691 662 711 456 1000 246 1296 1002 849 764 316 1324 651 763 860 854 705 613 1296 1261 833 1084 1018 628 830 953 769 1485 1423 600 473 459 420 462 1065 681 764
587 82 651 687 521 1312 712 591 853 721 538 981 1166 1181 573 709 265 511 1219 0 102 133 609 623 920 1150 487 1109 79 305 457 622 891 540 922 528 1106 1184 636 571 867 710 763 582 776 336 1046 1133 1312 722 487 1090 910 829 595 577 881 556 713 618 402 630 776 711 637 390 399 588 694 238 689 765 1328 798 831 519 600 645
493 185 550 649 436 1245 656 488 764 627 436 881 1111 1109 470 621 291 509 1147 102 0 167 508 534 902 1069 394 1010 135 365 388 523 792 563 857 427 1006 1083 535 482 773 611 664 489 697 234 963 1040 1210 619 398 1001 825 806 574 475 883 467 677 543 474 528 679 735 549 318 297 489 640 279 599 706 1235 728 744 423 509 545
550 154 653 569 465 1216 608 600 798 779 549 969 1059 1091 591 655 398 379 1130 133 167 0 642 694 790 1074 549 1084 212 199 378 663 929 408 826 519 1085 1173 631 525 827 688 739 546 703 360 975 1191 1324 732 442 1030 986 702 468 583 747 510 595 709 313 634 825 580 585 321 414 571 805 369 641 665 1280 711 774 572 558 634
318 691 154 779 396 1102 693 113 516 182 131 444 1056 948 81 435 642 812 976 609 508 642 0 197 1066 846 167 597 609 830 485 41 287 925 787 206 578 623 182 359 459 285 319 316 563 282 736 563 709 157 357 717 421 964 793 133 1131 359 801 321 951 144 196 1077 397 457 232 233 510 669 395 707 877 650 515 119 346 214
504 699 351 943 566 1300 870 306 713 119 306 605 1251 1145 268 629 571 936 1173 623 534 694 197 0 1232 1041 148 761 598 892 635 159 324 1034 980 382 736 759 379 541 653 481 514 502 756 361 933 513 788 337 521 909 292 1128 939 323 1279 538 967 129 1007 341 192 1197 586 592 341 423 316 609 590 890 1051 841 713 145 533 411
757 938 952 288 670 678 386 958 739 1249 936 1063 459 646 985 694 1182 415 677 920 902 790 1066 1232 0 743 1100 1074 999 718 599 1107 1282 459 450 860 1102 1220 914 711 835 865 880 757 594 902 718 1580 1463 1027 712 829 1487 103 327 935 178 709 265 1316 752 948 1250 386 693 653 898 842 1474 1158 725 398 1077 500 713 1088 732 888
602 1215 691 630 633 285 513 747 334 984 770 536 374 150 788 458 1338 881 156 1150 1069 1074 846 1041 743 0 982 450 1205 1145 697 882 893 1009 312 716 490 593 669 596 389 562 527 606 373 901 111 1140 849 710 674 160 1177 696 761 737 912 610 622 1167 1241 705 941 1046 528 760 848 652 1356 1340 491 455 339 371 343 942 578 639
404 567 299 812 445 1224 750 236 647 233 212 611 1154 1071 196 542 480 790 1102 487 394 549 167 148 1100 982 0 763 472 746 501 157 413 887 881 278 745 790 314 432 605 422 465 401 664 214 870 646 862 323 397 864 440 996 799 244 1138 427 837 217 862 282 290 1050 487 452 202 334 392 511 503 776 1038 740 641 47 432 343
534 1189 478 860 631 732 725 546 349 667 592 155 808 599 579 460 1217 1047 606 1109 1010 1084 597 761 1074 450 763 0 1138 1221 743 618 514 1184 633 583 41 150 482 564 274 399 346 538 500 786 393 713 406 440 644 293 805 996 957 551 1214 579 865 889 1338 499 604 1278 515 777 721 521 1070 1235 457 689 297 580 377 715 530 467
627 112 670 762 572 1377 781 606 899 703 554 1004 1236 1242 583 757 185 591 1280 79 135 212 609 598 999 1205 472 1138 0 374 519 617 883 617 987 554 1132 1204 658 617 906 741 794 623 832 353 1099 1111 1318 734 534 1137 877 907 673 595 960 602 789 577 461 648 763 788 684 450 418 619 636 159 734 833 1369 860 879 509 643 671
691 273 823 562 590 1243 642 777 907 974 727 1120 1062 1136 773 770 549 312 1175 305 365 199 830 892 718 1145 746 1221 374 0 481 854 1117 273 864 686 1228 1324 796 657 953 837 885 687 789 550 1056 1385 1493 905 580 1127 1184 647 434 757 635 642 583 908 121 805 1018 430 707 445 598 729 998 509 765 701 1388 773 881 767 692 794
229 518 407 312 118 857 276 388 428 665 355 653 727 723 406 289 675 340 761 457 388 378 485 635 599 697 501 743 519 481 0 523 740 468 469 283 752 854 371 186 472 377 419 226 324 308 596 1035 1045 492 133 654 903 495 308 365 646 173 338 717 595 395 679 603 227 70 299 294 878 667 285 321 910 341 402 490 221 356
359 704 193 819 436 1141 734 155 554 142 170 464 1097 987 122 476 638 847 1015 622 523 663 41 159 1107 882 157 618 617 854 523 0 268 958 828 247 597 635 223 401 494 323 355 358 604 304 773 533 706 182 397 751 381 1004 831 175 1169 401 842 286 974 184 164 1112 439 493 259 275 474 667 436 749 903 692 554 111 388 255
530 972 335 1004 633 1174 896 354 612 205 397 371 1180 1023 347 595 887 1077 1043 891 792 929 287 324 1282 893 413 514 883 1117 740 268 0 1198 932 458 479 468 373 578 522 420 417 531 715 569 798 299 463 255 606 739 292 1183 1042 377 1369 584 1022 432 1237 345 131 1342 588 725 518 450 588 921 560 895 810 813 624 374 552 396
697 530 871 380 586 1053 498 843 841 1093 801 1113 853 969 853 726 801 137 1007 540 563 408 925 1034 459 1009 887 1184 617 273 468 958 1198 0 703 740 1199 1308 837 652 910 843 883 694 699 673 938 1487 1511 957 599 1028 1323 405 248 821 361 641 393 1079 292 857 1121 172 680 472 701 761 1199 767 735 554 1296 650 812 894 686 824
478 976 641 322 453 390 222 674 327 958 676 647 273 272 712 352 1144 580 311 922 857 826 787 980 450 312 881 633 987 864 469 828 932 703 0 604 665 782 607 449 425 521 515 481 224 741 269 1217 1033 695 502 378 1183 389 456 656 609 456 311 1091 950 646 936 734 394 539 705 556 1274 1137 392 162 632 141 309 852 449 575
126 609 137 572 189 949 489 104 383 389 77 454 877 797 125 265 646 619 829 528 427 519 206 382 860 716 278 583 554 686 283 247 458 740 604 0 578 657 111 158 363 187 240 123 386 204 605 752 807 221 152 614 628 757 590 81 925 156 594 488 807 119 396 884 210 268 141 67 669 659 229 508 823 463 373 248 154 117
537 1186 466 882 638 772 748 534 371 639 582 133 845 638 565 473 1204 1063 646 1106 1006 1085 578 736 1102 490 745 41 1132 1228 752 597 479 1199 665 578 0 117 473 570 289 398 346 541 522 779 431 672 370 422 648 332 770 1023 976 540 1240 585 889 863 1345 487 574 1298 525 783 714 517 1042 1225 468 714 331 606 399 697 535 461
632 1266 534 997 737 870 864 598 487 652 649 204 956 743 625 582 1262 1171 747 1184 1083 1173 623 759 1220 593 790 150 1204 1324 854 635 468 1308 782 657 117 0 548 669 401 487 438 636 638 851 543 612 256 475 743 439 748 1140 1089 609 1357 683 1005 883 1443 555 581 1410 629 879 786 602 1052 1286 573 831 378 723 515 742 634 540
157 717 38 632 260 921 531 78 336 351 113 346 874 766 119 254 736 711 795 636 535 631 182 379 914 669 314 482 658 796 371 223 373 837 607 111 473 548 0 204 290 107 152 157 382 305 558 672 697 121 238 549 583 813 669 73 996 210 651 500 917 39 338 973 225 368 240 77 689 753 214 538 736 472 334 273 181 31
47 645 243 427 68 807 333 247 281 540 234 467 722 659 278 140 741 521 694 571 482 525 359 541 711 596 432 564 617 657 186 401 578 652 449 158 570 669 204 0 301 191 233 46 239 306 487 877 859 323 84 519 777 610 467 226 791 15 447 645 774 237 538 779 68 212 260 130 825 745 117 349 758 308 262 406 35 182
280 943 307 597 364 660 465 368 98 595 400 228 660 506 408 186 1009 774 530 867 773 827 459 653 835 389 605 274 906 953 472 494 522 910 425 363 289 401 290 301 0 183 140 284 241 565 284 796 631 321 385 259 796 748 687 362 961 317 606 780 1068 323 554 1009 245 511 504 295 969 1020 187 438 463 334 121 562 269 263
148 789 130 593 258 818 478 186 231 440 216 282 783 663 226 175 832 711 691 710 611 688 285 481 865 562 422 399 741 837 377 323 420 843 521 187 398 487 107 191 183 0 53 151 298 392 452 716 668 173 257 441 662 768 651 179 963 203 609 605 956 142 415 967 175 394 328 121 794 846 140 474 637 395 232 380 156 79
194 842 166 616 301 791 495 229 205 462 264 234 769 636 269 185 884 749 662 763 664 739 319 514 880 527 465 346 794 885 419 355 417 883 515 240 346 438 152 233 140 53 0 198 298 444 419 708 628 188 305 399 674 785 682 225 986 246 630 640 1004 183 428 1001 205 441 381 175 829 898 158 485 585 396 212 422 198 128
4 659 196 474 109 829 377 204 280 497 196 432 753 678 237 148 737 564 711 582 489 546 316 502 757 606 401 538 623 687 226 358 531 694 481 123 541 636 157 46 284 151 198 0 263 295 495 830 819 276 106 517 733 656 513 183 838 54 494 610 806 191 492 823 86 243 242 85 793 744 115 390 746 340 264 371 31 136
260 842 416 359 263 568 225 450 151 733 455 470 494 420 488 128 971 563 456 776 697 703 563 756 594 373 664 500 832 789 324 604 715 699 224 386 522 638 382 239 241 298 298 263 0 544 272 1006 873 472 308 338 959 506 462 433 720 250 366 871 894 421 713 780 177 386 500 334 1055 971 167 197 602 98 123 632 232 350
300 419 317 619 288 1112 577 254 575 427 202 651 1011 965 237 442 443 577 1000 336 234 360 282 361 902 901 214 786 353 550 308 304 569 673 741 204 779 851 305 306 565 392 444 295 544 0 790 836 976 385 239 811 650 799 591 242 929 294 645 419 669 295 468 836 373 249 65 271 571 455 411 613 1027 601 560 223 322 319
491 1113 582 566 526 377 439 636 223 879 659 454 414 225 677 348 1228 806 246 1046 963 975 736 933 718 111 870 393 1099 1056 596 773 798 938 269 605 431 543 558 487 284 452 419 495 272 790 0 1056 799 604 566 111 1078 658 691 626 878 500 562 1057 1156 595 838 991 418 658 737 540 1246 1232 379 385 365 288 231 831 467 528
829 1211 634 1303 931 1426 1194 647 892 413 686 604 1456 1281 634 890 1075 1370 1296 1133 1040 1191 563 513 1580 1140 646 713 1111 1385 1035 533 299 1487 1217 752 672 612 672 877 796 716 708 830 1006 836 1056 0 465 554 902 981 271 1482 1339 670 1668 883 1321 566 1504 642 368 1636 887 1016 793 748 649 1116 856 1190 989 1105 908 619 851 695
816 1395 671 1227 927 1122 1096 724 724 669 776 405 1213 999 739 798 1343 1377 1002 1312 1210 1324 709 788 1463 849 862 406 1318 1493 1045 706 463 1511 1033 807 370 256 697 859 631 668 628 819 873 976 799 465 0 593 922 696 678 1379 1306 741 1592 871 1236 893 1614 690 595 1627 832 1058 915 765 1035 1374 781 1069 600 963 751 818 824 700
275 804 85 749 381 978 642 131 393 274 184 288 955 824 151 347 787 832 849 722 619 732 157 337 1027 710 323 440 734 905 492 182 255 957 695 221 422 475 121 323 321 173 188 276 472 385 604 554 593 0 358 572 488 928 789 148 1115 330 767 466 1027 101 242 1095 334 486 322 198 654 811 310 644 720 568 399 275 297 141
110 561 273 423 49 874 353 256 365 539 226 539 773 729 277 222 663 473 764 487 398 442 357 521 712 674 397 644 534 580 133 397 606 599 502 152 648 743 238 84 385 257 305 106 308 239 566 902 922 358 0 603 778 609 438 232 773 69 447 614 699 261 548 736 150 137 205 161 786 665 202 381 843 362 345 378 115 225
513 1161 566 663 569 446 532 627 238 842 657 377 517 306 668 380 1254 894 316 1090 1001 1030 717 909 829 160 864 293 1137 1127 654 751 739 1028 378 614 332 439 549 519 259 441 399 517 338 811 111 981 696 572 603 0 1026 765 783 621 986 534 661 1037 1232 582 794 1090 452 709 753 547 1225 1262 403 482 267 378 258 821 494 521
734 983 546 1200 817 1455 1111 530 878 238 551 663 1443 1302 502 833 819 1219 1324 910 825 986 421 292 1487 1177 440 805 877 1184 903 381 292 1323 1183 628 770 748 583 777 796 662 674 733 959 650 1078 271 678 488 778 1026 0 1385 1211 552 1550 779 1222 307 1298 545 246 1483 807 869 623 648 379 862 794 1121 1101 1053 886 428 760 612
656 853 852 185 567 672 290 856 655 1146 834 976 459 616 882 600 1090 336 651 829 806 702 964 1128 103 696 996 996 907 647 495 1004 1183 405 389 757 1023 1140 813 610 748 768 785 656 506 799 658 1482 1379 928 609 765 1385 0 234 833 220 607 162 1212 694 847 1148 371 595 550 794 741 1371 1067 629 310 1022 417 628 984 632 788
515 620 706 134 409 818 251 694 609 973 663 902 628 724 714 509 856 127 763 595 574 468 793 939 327 761 799 957 673 434 308 831 1042 248 456 590 976 1089 669 467 687 651 682 513 462 591 691 1339 1306 789 438 783 1211 234 0 671 340 459 152 1010 503 697 987 321 477 346 597 592 1159 832 526 306 1051 405 580 793 497 649
184 660 75 649 267 984 559 23 403 314 41 410 927 830 55 306 666 700 860 577 475 583 133 323 935 737 244 551 595 757 365 175 377 821 656 81 540 609 73 226 362 179 225 183 433 242 626 670 741 148 232 621 552 833 671 0 1005 226 670 439 879 53 316 965 264 348 177 100 625 684 267 573 809 518 398 205 212 99
839 884 1034 370 739 857 496 1029 870 1311 999 1188 638 822 1050 802 1146 373 854 881 883 747 1131 1279 178 912 1138 1214 960 635 646 1169 1369 361 609 925 1240 1357 996 791 961 963 986 838 720 929 878 1668 1592 1115 773 986 1550 220 340 1005 0 785 357 1349 642 1027 1322 237 787 686 937 920 1493 1115 828 525 1241 634 843 1133 818 974
56 630 248 424 55 818 333 249 296 541 233 481 729 670 278 154 728 510 705 556 467 510 359 538 709 610 427 579 602 642 173 401 584 641 456 156 585 683 210 15 317 203 246 54 250 294 500 883 871 330 69 534 779 607 459 226 785 0 444 641 760 241 541 769 82 197 250 135 819 731 133 352 773 315 276 401 49 190
494 749 690 27 405 665 141 693 517 983 671 831 478 575 720 446 966 279 613 713 677 595 801 967 265 622 837 865 789 583 338 842 1022 393 311 594 889 1005 651 447 606 609 630 494 366 645 562 1321 1236 767 447 661 1222 162 152 670 357 444 0 1054 655 685 986 429 435 398 636 578 1216 948 472 180 927 288 489 824 470 627
613 686 475 1029 662 1421 967 424 836 231 415 734 1364 1267 384 745 511 993 1296 618 543 709 321 129 1316 1167 217 889 577 908 717 286 432 1079 1091 488 863 883 500 645 780 605 640 610 871 419 1057 566 893 466 614 1037 307 1212 1010 439 1349 641 1054 0 1016 463 304 1247 697 665 418 536 188 555 706 992 1180 951 834 239 642 532
810 351 944 637 707 1321 731 898 1018 1092 848 1239 1130 1222 894 883 621 376 1261 402 474 313 951 1007 752 1241 862 1338 461 121 595 974 1237 292 950 807 1345 1443 917 774 1068 956 1004 806 894 669 1156 1504 1614 1027 699 1232 1298 694 503 879 642 760 655 1016 0 926 1137 415 822 563 719 850 1095 577 881 791 1496 870 991 885 809 914
191 713 21 665 288 959 567 47 373 312 94 357 914 804 86 293 717 734 833 630 528 634 144 341 948 705 282 499 648 805 395 184 345 857 646 119 487 555 39 237 323 142 183 191 421 295 595 642 690 101 261 582 545 847 697 53 1027 241 685 463 926 0 302 998 262 386 231 106 651 737 253 575 761 511 372 239 216 70
493 856 301 965 583 1215 869 293 633 74 324 451 1197 1061 273 586 758 1008 1084 776 679 825 196 192 1250 941 290 604 763 1018 679 164 131 1121 936 396 574 581 338 538 554 415 428 492 713 468 838 368 595 242 548 794 246 1148 987 316 1322 541 986 304 1137 302 0 1274 563 654 424 407 471 793 548 877 900 807 640 256 518 367
825 697 1010 426 715 1043 560 988 929 1250 950 1223 830 982 1002 830 971 265 1018 711 735 580 1077 1197 386 1046 1050 1278 788 430 603 1112 1342 172 734 884 1298 1410 973 779 1009 967 1001 823 780 836 991 1636 1627 1095 736 1090 1483 371 321 965 237 769 429 1247 415 998 1274 0 795 619 859 897 1371 934 846 607 1356 714 901 1055 811 957
83 710 262 418 120 743 308 283 215 574 281 432 667 594 319 72 810 545 628 637 549 585 397 586 693 528 487 515 684 707 227 439 588 680 394 210 525 629 225 68 245 175 205 86 177 373 418 887 832 334 150 452 807 595 477 264 787 82 435 697 822 262 563 795 0 267 325 163 879 814 58 313 695 255 194 457 55 196
247 455 401 371 147 927 346 371 477 633 331 676 797 792 382 335 604 354 830 390 318 321 457 592 653 760 452 777 450 445 70 493 725 472 539 268 783 879 368 212 511 394 441 243 386 249 658 1016 1058 486 137 709 869 550 346 348 686 197 398 665 563 386 654 619 267 0 251 294 820 597 324 392 960 410 453 447 247 359
246 482 252 611 255 1068 555 191 519 392 139 586 977 919 177 390 504 596 953 399 297 414 232 341 898 848 202 721 418 598 299 259 518 701 705 141 714 786 240 260 504 328 381 242 500 65 737 793 915 322 205 753 623 794 597 177 937 250 636 418 719 231 424 859 325 251 0 209 583 517 357 586 965 564 506 197 271 255
85 669 114 558 183 890 463 120 318 412 122 397 828 737 155 208 714 634 769 588 489 571 233 423 842 652 334 521 619 729 294 275 450 761 556 67 517 602 77 130 295 121 175 85 334 271 540 748 765 198 161 547 648 741 592 100 920 135 578 536 850 106 407 897 163 294 209 0 722 726 170 474 755 418 309 299 112 65
795 748 664 1191 835 1609 1139 612 1025 403 600 915 1546 1455 571 930 516 1127 1485 694 640 805 510 316 1474 1356 392 1070 636 998 878 474 588 1199 1274 669 1042 1052 689 825 969 794 829 793 1055 571 1246 649 1035 654 786 1225 379 1371 1159 625 1493 819 1216 188 1095 651 471 1371 879 820 583 722 0 565 892 1168 1363 1133 1022 422 824 720
749 237 758 921 708 1524 935 690 1024 725 643 1093 1390 1386 661 885 48 748 1423 238 279 369 669 609 1158 1340 511 1235 159 509 667 667 921 767 1137 659 1225 1286 753 745 1020 846 898 744 971 455 1232 1116 1374 811 665 1262 862 1067 832 684 1115 731 948 555 577 737 793 934 814 597 517 726 565 0 858 986 1482 1006 1007 555 768 771
111 763 249 458 177 720 339 283 165 566 292 378 661 568 322 39 852 599 600 689 599 641 395 590 725 491 503 457 734 765 285 436 560 735 392 229 468 573 214 117 187 140 158 115 167 411 379 856 781 310 202 403 794 629 526 267 828 133 472 706 881 253 548 846 58 324 357 170 892 858 0 334 640 259 149 469 90 183
389 816 576 181 332 551 59 594 345 886 584 667 405 434 627 300 995 426 473 765 706 665 707 890 398 455 776 689 833 701 321 749 895 554 162 508 714 831 538 349 438 474 485 390 197 613 385 1190 1069 644 381 482 1121 310 306 573 525 352 180 992 791 575 877 607 313 392 586 474 1168 986 334 0 749 109 318 753 361 509
742 1404 742 930 815 558 800 809 483 962 849 449 705 472 846 625 1469 1161 459 1328 1235 1280 877 1051 1077 339 1038 297 1369 1388 910 903 810 1296 632 823 331 378 736 758 463 637 585 746 602 1027 365 989 600 720 843 267 1101 1022 1051 809 1241 773 927 1180 1496 761 900 1356 695 960 965 755 1363 1482 640 749 0 646 508 992 728 714
338 857 508 287 312 518 154 537 238 824 536 563 414 382 574 221 1011 518 420 798 728 711 650 841 500 371 740 580 860 773 341 692 813 650 141 463 606 723 472 308 334 395 396 340 98 601 288 1105 963 568 362 378 1053 417 405 518 634 315 288 951 870 511 807 714 255 410 564 418 1133 1006 259 109 646 0 213 712 309 442
260 903 361 482 311 587 348 410 28 671 429 350 557 432 451 122 1001 675 462 831 744 774 515 713 713 343 641 377 879 881 402 554 624 812 309 373 399 515 334 262 121 232 212 264 123 560 231 908 751 399 345 258 886 628 580 398 843 276 489 834 991 372 640 901 194 453 506 309 1022 1007 149 318 508 213 0 603 239 302
373 600 255 799 425 1188 730 194 608 206 177 563 1124 1035 153 508 526 793 1065 519 423 572 119 145 1088 942 47 715 509 767 490 111 374 894 852 248 697 742 273 406 562 380 422 371 632 223 831 619 818 275 378 821 428 984 793 205 1133 401 824 239 885 239 256 1055 457 447 197 299 422 555 469 753 992 712 603 0 402 303
28 675 219 451 103 798 351 232 256 525 227 432 722 648 266 119 762 554 681 600 509 558 346 533 732 578 432 530 643 692 221 388 552 686 449 154 535 634 181 35 269 156 198 31 232 322 467 851 824 297 115 494 760 632 497 212 818 49 470 642 809 216 518 811 55 247 271 112 824 768 90 361 728 309 239 402 0 156
134 726 66 608 242 889 504 108 305 382 137 336 843 735 149 222 756 696 764 645 545 634 214 411 888 639 343 467 671 794 356 255 396 824 575 117 461 540 31 182 263 79 128 136 350 319 528 695 700 141 225 521 612 788 649 99 974 190 627 532 914 70 367 957 196 359 255 65 720 771 183 509 714 442 302 303 156 0
