0 312 324 514 783 1505 846 1409 742 307 1283 243 1282 1060 709 939
312 0 36 432 981 1805 789 1203 682 616 1321 450 1541 1139 665 1166
324 36 0 467 966 1825 754 1225 717 624 1290 442 1533 1111 701 1196
514 432 467 0 1297 1716 1220 915 251 764 1737 751 1775 1538 233 936
783 981 966 1297 0 1524 719 2174 1522 613 734 549 622 477 1486 1398
1505 1805 1825 1716 1524 0 2138 2508 1744 1248 2252 1524 1301 2000 1700 863
846 789 754 1220 719 2138 0 1902 1471 943 581 673 1322 501 1453 1759
1409 1203 1225 915 2174 2508 1902 0 780 1679 2477 1626 2687 2326 826 1650
742 682 717 251 1522 1744 1471 780 0 955 1987 985 1964 1784 46 906
307 616 624 764 613 1248 943 1679 955 0 1254 280 1011 1004 914 838
1283 1321 1290 1737 734 2252 581 2477 1987 1254 0 1054 1134 259 1963 2087
243 450 442 751 549 1524 673 1626 985 280 1054 0 1091 823 952 1086
1282 1541 1533 1775 622 1301 1322 2687 1964 1011 1134 1091 0 938 1921 1546
1060 1139 1111 1538 477 2000 501 2326 1784 1004 259 823 938 0 1756 1833
709 665 701 233 1486 1700 1453 826 46 914 1963 952 1921 1756 0 865
939 1166 1196 936 1398 863 1759 1650 906 838 2087 1086 1546 1833 865 0
