0 710 391 915 314 590 1343 1139 32 1513 248 20 743 1679 783 1461
710 0 581 239 789 222 663 1453 682 1718 930 725 1049 1010 1179 1563
391 581 0 703 677 372 1090 1505 389 1859 473 410 495 1400 606 1138
915 239 703 0 1024 340 431 1686 890 1936 1114 932 1113 776 1259 1522
314 789 677 1024 0 754 1453 829 301 1198 489 300 1057 1799 1089 1776
590 222 372 340 754 0 756 1507 568 1809 776 608 827 1089 960 1354
1343 663 1090 431 1453 756 0 2071 1319 2284 1531 1360 1425 347 1582 1665
1139 1453 1505 1686 829 1507 2071 0 1129 404 1252 1123 1871 2410 1879 2598
32 682 389 890 301 568 1319 1129 0 1499 281 43 761 1656 806 1475
1513 1718 1859 1936 1198 1809 2284 404 1499 0 1645 1498 2253 2607 2270 2974
248 930 473 1114 489 776 1531 1252 281 1645 0 244 635 1855 626 1367
20 725 410 932 300 608 1360 1123 43 1498 244 0 757 1697 793 1477
743 1049 495 1113 1057 827 1425 1871 761 2253 635 757 0 1678 161 731
1679 1010 1400 776 1799 1089 347 2410 1656 2607 1855 1697 1678 0 1839 1795
783 1179 606 1259 1089 960 1582 1879 806 2270 626 793 161 1839 0 769
1461 1563 1138 1522 1776 1354 1665 2598 1475 2974 1367 1477 731 1795 769 0
