0 813 138 436 1307 1357 1495 187 877 1194 1281 734 1476 436 1150 42
813 0 834 559 499 1895 892 635 1677 1919 1833 604 2129 1070 336 818
138 834 0 542 1333 1475 1439 208 843 1112 1159 650 1571 310 1167 180
436 559 542 0 990 1343 1413 368 1284 1628 1700 828 1569 852 868 413
1307 499 1333 990 0 2252 848 1133 2175 2412 2291 1003 2530 1562 183 1309
1357 1895 1475 1343 2252 0 2754 1497 1416 1889 2286 2075 394 1653 2172 1319
1495 892 1439 1413 848 2754 0 1314 2204 2272 1971 810 2946 1512 761 1520
187 635 208 368 1133 1497 1314 0 1042 1320 1340 578 1642 498 971 206
877 1677 843 1284 2175 1416 2204 1042 0 477 903 1394 1285 691 2010 885
1194 1919 1112 1628 2412 1889 2272 1320 477 0 536 1502 1731 849 2234 1215
1281 1833 1159 1700 2291 2286 1971 1340 903 536 0 1299 2188 848 2108 1315
734 604 650 828 1003 2075 810 578 1394 1502 1299 0 2210 704 820 767
1476 2129 1571 1569 2530 394 2946 1642 1285 1731 2188 2210 0 1682 2430 1444
436 1070 310 852 1562 1653 1512 498 691 849 848 704 1682 0 1386 473
1150 336 1167 868 183 2172 761 971 2010 2234 2108 820 2430 1386 0 1155
42 818 180 413 1309 1319 1520 206 885 1215 1315 767 1444 473 1155 0
