0 130 1002 907 572 201 656 1697 1442 637 306 1539 135 919 924 1097
130 0 1089 939 473 240 696 1720 1438 533 309 1429 265 806 1003 1120
1002 1089 0 491 1562 1166 508 992 2335 1243 839 2507 925 1885 1547 592
907 939 491 0 1377 1107 254 791 2347 879 630 2243 897 1644 1699 196
572 473 1562 1377 0 482 1149 2133 1158 688 755 970 685 359 1070 1544
201 240 1166 1107 482 0 854 1898 1240 767 506 1445 240 842 765 1298
656 696 508 254 1149 854 0 1045 2093 737 394 2049 642 1437 1454 449
1697 1720 992 791 2133 1898 1045 0 3138 1535 1410 2922 1687 2358 2465 600
1442 1438 2335 2347 1158 1240 2093 3138 0 1837 1740 1367 1456 1222 917 2539
637 533 1243 879 688 767 737 1535 1837 0 478 1388 755 832 1532 995
306 309 839 630 755 506 394 1410 1740 478 0 1671 359 1053 1212 810
1539 1429 2507 2243 970 1445 2049 2922 1367 1388 1671 0 1655 623 1833 2378
135 265 925 897 685 240 642 1687 1456 755 359 1655 0 1039 853 1092
919 806 1885 1644 359 842 1437 2358 1222 832 1053 623 1039 0 1366 1792
924 1003 1547 1699 1070 765 1454 2465 917 1532 1212 1833 853 1366 0 1895
1097 1120 592 196 1544 1298 449 600 2539 995 810 2378 1092 1792 1895 0
