0 1614 1314 430 1586 1699 1009 252 1147 1697 199 1604 43 1297 1458 1177
1614 0 807 1952 566 657 1304 1387 2707 1168 1444 3061 1574 719 561 546
1314 807 0 1501 362 1377 1567 1184 2458 483 1226 2455 1271 93 1182 932
430 1952 1501 0 1823 2108 1433 674 1046 1795 626 1178 448 1510 1863 1567
1586 566 362 1823 0 1209 1632 1417 2733 604 1467 2813 1543 319 1063 898
1699 657 1377 2108 1209 0 985 1447 2631 1797 1501 3281 1670 1284 249 567
1009 1304 1567 1433 1632 985 0 800 1691 2050 831 2584 1002 1494 832 767
252 1387 1184 674 1417 1447 800 0 1332 1608 57 1852 226 1151 1206 930
1147 2707 2458 1046 2733 2631 1691 1332 0 2810 1277 1413 1190 2444 2424 2206
1697 1168 483 1795 604 1797 2050 1608 2810 0 1643 2580 1655 563 1626 1403
199 1444 1226 626 1467 1501 831 57 1277 1643 0 1802 177 1196 1262 987
1604 3061 2455 1178 2813 3281 2584 1852 1413 2580 1802 0 1626 2495 3034 2730
43 1574 1271 448 1543 1670 1002 226 1190 1655 177 1626 0 1254 1428 1144
1297 719 93 1510 319 1284 1494 1151 2444 563 1196 2495 1254 0 1089 844
1458 561 1182 1863 1063 249 832 1206 2424 1626 1262 3034 1428 1089 0 318
1177 546 932 1567 898 567 767 930 2206 1403 987 2730 1144 844 318 0
