0 833 671 225 406 144 283 421 181 11 551 201 587 732 834 656 214 693 276 231 37 826 186 140 338 748 595 277 263 377 335 784 515 746 507 839 118 217 509 543 431 600 654 47 590 356 96 733 33 577 370 250 493 772 814 155 614 676 113 780 485 590 826 476 225 478 834 140 741 429 209 494 587 691 752 137 855 423
833 0 416 932 445 835 919 444 704 822 320 910 380 1082 737 1470 627 1403 844 1029 867 443 981 694 1170 1508 510 1092 934 827 595 1617 1060 1574 1313 1413 771 872 415 1335 404 1279 1280 806 853 610 762 1447 801 895 498 1061 1325 596 899 874 729 470 736 467 1211 551 677 435 985 1311 365 840 1419 1207 660 769 662 1319 1584 966 793 1128
671 416 0 854 307 745 875 280 494 661 213 654 573 677 997 1322 538 1350 552 902 708 155 753 542 992 1418 113 948 875 854 340 1393 1080 1336 1177 1442 670 606 544 1061 398 1242 925 668 455 329 645 1116 639 999 315 833 1138 199 1107 636 893 54 557 119 1142 736 285 206 883 1117 172 609 1387 1100 594 392 259 1314 1364 775 1047 823
225 932 854 0 559 109 74 581 393 231 698 407 611 950 734 547 323 496 498 135 201 1009 341 316 315 580 793 203 43 226 536 757 293 742 389 615 183 434 543 622 535 389 823 202 816 562 210 857 246 406 539 361 450 977 667 369 503 868 319 969 290 547 1037 649 69 447 1005 362 533 275 277 719 804 471 724 255 743 586
406 445 307 559 0 451 573 28 259 395 145 465 355 737 758 1061 236 1055 406 626 443 458 538 266 744 1135 283 680 576 548 165 1180 773 1134 909 1135 377 428 296 890 128 943 858 390 515 192 356 1010 373 700 56 619 898 471 836 428 614 334 299 426 849 481 549 105 596 881 447 395 1088 819 290 406 377 1010 1148 532 802 687
144 835 745 109 451 0 145 472 291 146 591 345 534 876 717 635 216 605 419 197 136 900 306 209 363 685 685 265 134 236 429 818 377 793 478 717 74 362 461 634 433 497 788 107 726 457 103 849 155 435 430 349 512 870 679 300 490 759 218 860 398 497 932 540 150 504 897 285 642 374 174 625 701 577 785 230 733 553
283 919 875 74 573 145 0 597 437 287 706 474 580 1014 669 583 337 488 559 203 264 1030 414 351 382 590 823 267 34 158 571 813 232 803 427 574 214 498 517 695 532 370 897 252 871 600 246 931 298 332 561 435 508 1010 594 433 438 894 364 993 292 497 1074 669 137 508 1020 423 515 306 283 771 846 438 780 329 674 660
421 444 280 581 28 472 597 0 265 409 133 467 379 716 785 1077 260 1077 402 643 457 432 544 282 757 1155 254 696 599 575 155 1188 800 1141 926 1161 398 428 322 892 153 966 849 407 493 178 376 1006 387 729 54 626 910 442 865 433 643 306 311 399 871 508 520 76 616 892 424 400 1111 838 314 386 350 1035 1157 543 829 685
181 704 494 393 259 291 437 265 0 172 399 209 534 622 862 828 184 874 187 413 217 647 278 97 500 929 414 454 425 486 155 923 666 875 683 1007 225 180 457 631 329 777 641 191 445 174 191 769 152 678 211 360 650 590 883 169 665 496 73 600 666 592 646 308 404 631 660 136 920 611 226 338 411 864 892 283 894 443
11 822 661 231 395 146 287 409 172 0 540 203 578 729 829 667 204 702 272 242 48 815 193 129 350 759 585 288 268 377 325 795 519 757 518 846 114 215 500 552 421 608 657 43 585 346 90 740 22 577 359 259 504 762 812 155 610 666 103 770 495 584 817 465 234 489 824 138 750 440 201 488 578 699 762 147 851 428
551 320 213 698 145 591 706 133 399 540 0 598 362 788 786 1206 374 1192 525 770 588 346 677 411 889 1276 246 825 712 662 276 1322 894 1274 1054 1258 518 557 330 1023 191 1077 960 535 558 289 500 1126 518 793 187 759 1042 407 893 565 680 258 443 327 988 522 492 116 738 1025 318 533 1222 962 423 463 383 1139 1290 676 835 809
201 910 654 407 465 345 474 467 209 203 598 0 734 545 1024 695 361 814 120 356 211 798 110 261 363 836 555 365 449 579 327 739 700 684 571 999 316 49 656 425 537 742 458 246 440 327 287 564 204 779 412 182 495 702 1014 50 810 643 208 745 618 768 738 495 382 472 826 80 873 534 381 367 496 845 710 175 1049 240
587 380 573 611 355 534 580 379 534 578 362 734 0 1091 424 1158 377 1047 717 731 612 685 767 474 896 1165 603 799 602 463 510 1352 689 1323 1000 1036 489 713 78 1130 229 920 1175 547 871 542 495 1299 562 514 404 837 1046 769 547 686 354 620 527 678 868 178 854 434 675 1038 634 653 1055 884 380 762 724 949 1318 723 474 974
732 1082 677 950 737 876 1014 716 622 729 788 545 1091 0 1470 1149 803 1337 457 896 750 738 633 718 854 1330 573 893 991 1099 583 1061 1244 982 1062 1541 829 516 1026 694 862 1279 378 769 229 550 795 590 722 1296 686 666 937 561 1505 581 1285 629 678 684 1152 1193 527 678 927 908 810 591 1402 1056 848 330 420 1385 1043 715 1507 470
834 737 997 734 758 717 669 785 862 829 786 1024 424 1470 0 1215 678 996 1048 870 842 1105 1017 775 1050 1144 1023 936 702 510 891 1476 626 1471 1072 872 715 1021 464 1350 631 873 1483 787 1262 925 739 1564 822 385 798 1066 1175 1194 197 974 231 1044 825 1101 881 278 1278 849 803 1176 1048 947 972 947 645 1150 1135 850 1443 947 55 1257
656 1470 1322 547 1061 635 583 1077 828 667 1206 695 1158 1149 1215 0 844 326 816 440 619 1474 585 795 333 219 1235 381 557 729 982 311 600 353 158 607 699 744 1090 495 1066 388 847 671 1118 995 711 740 689 834 1026 517 212 1395 1090 697 995 1321 768 1425 336 1080 1434 1132 486 240 1488 718 401 277 809 1060 1191 481 287 547 1207 678
214 627 538 323 236 216 337 260 184 204 374 361 377 803 678 844 0 819 370 403 244 692 389 100 545 902 492 464 339 333 258 996 546 960 688 904 146 348 299 753 223 706 815 180 613 293 134 924 186 512 225 462 699 682 702 312 482 559 154 656 614 411 752 332 366 686 683 281 851 589 57 502 539 775 963 352 709 602
693 1403 1350 496 1055 605 488 1077 874 702 1192 814 1047 1337 996 326 819 0 930 467 658 1505 710 808 486 154 1285 448 480 584 1025 637 378 678 297 281 680 857 993 766 1020 128 1092 686 1254 1048 705 1025 722 615 1036 670 460 1465 840 795 800 1362 803 1464 208 927 1519 1146 470 485 1502 804 77 281 769 1173 1279 168 614 639 977 885
276 844 552 498 406 419 559 402 187 272 525 120 717 457 1048 816 370 930 0 466 297 690 231 274 484 956 447 483 538 642 248 845 790 785 691 1105 372 73 642 510 502 853 458 312 324 238 339 604 264 841 350 300 614 585 1060 135 846 535 227 636 730 780 619 414 484 589 724 136 987 651 406 246 376 953 817 290 1079 284
231 1029 902 135 626 197 203 643 413 242 770 356 731 896 870 440 403 467 466 0 195 1057 263 362 180 516 827 69 169 360 567 626 378 608 284 645 258 394 658 493 625 386 723 236 791 587 271 736 263 533 595 256 318 1002 797 331 639 908 345 1012 264 679 1054 704 66 314 1063 337 521 198 369 706 812 489 592 181 878 489
37 867 708 201 443 136 264 457 217 48 588 211 612 750 842 619 244 658 297 195 0 863 174 176 303 712 632 240 241 372 372 752 493 716 470 811 130 233 535 522 464 568 653 65 617 392 117 722 70 571 407 230 458 807 814 169 619 713 151 817 452 606 860 513 193 444 872 161 708 393 232 523 620 661 719 111 862 419
826 443 155 1009 458 900 1030 432 647 815 346 798 685 738 1105 1474 692 1505 690 1057 863 0 900 698 1142 1573 243 1102 1030 1003 492 1535 1231 1475 1331 1594 825 749 668 1195 537 1397 1029 823 536 479 800 1228 794 1140 470 979 1287 181 1230 784 1022 155 712 57 1297 857 247 360 1038 1266 82 758 1542 1254 747 500 350 1468 1507 926 1157 950
186 981 753 341 538 306 414 544 278 193 677 110 767 633 1017 585 389 710 231 263 174 900 0 297 253 727 658 262 385 541 418 645 629 596 461 908 302 159 688 364 591 645 484 232 547 424 283 548 206 737 490 81 388 811 986 117 793 745 248 849 519 777 848 582 302 365 925 145 772 429 393 477 605 751 615 86 1036 247
140 694 542 316 266 209 351 282 97 129 411 261 474 718 775 795 100 808 274 362 176 698 297 0 479 876 477 414 343 389 220 922 577 881 644 925 137 248 396 661 296 705 714 126 541 249 106 825 107 581 233 373 634 661 788 212 572 553 53 655 600 511 723 342 340 618 701 180 849 558 132 433 495 786 890 272 804 501
338 1170 992 315 744 363 382 757 500 350 889 363 896 854 1050 333 545 486 484 180 303 1142 253 479 0 480 903 114 348 540 652 455 525 430 211 721 409 412 822 330 767 451 614 364 795 663 411 586 371 705 705 192 154 1062 971 363 819 989 446 1093 327 856 1102 807 246 142 1160 385 556 216 522 730 858 564 422 216 1056 398
748 1508 1418 580 1135 685 590 1155 929 759 1276 836 1165 1330 1144 219 902 154 956 516 712 1573 727 876 480 0 1344 478 574 707 1084 515 519 567 269 415 758 883 1106 706 1115 270 1051 750 1273 1103 778 956 780 760 1109 672 405 1516 992 826 940 1425 862 1529 298 1057 1564 1218 538 433 1577 841 212 318 857 1202 1321 322 495 669 1126 864
595 510 113 793 283 685 823 254 414 585 246 555 603 573 1023 1235 492 1285 447 827 632 243 658 477 903 1344 0 868 819 822 260 1292 1038 1233 1095 1395 611 506 560 954 398 1182 812 598 347 241 582 1002 564 982 270 737 1046 190 1115 542 895 87 483 190 1076 752 265 179 815 1024 280 518 1327 1025 550 279 152 1261 1264 688 1070 713
277 1092 948 203 680 265 267 696 454 288 825 365 799 893 936 381 464 448 483 69 240 1102 262 414 114 478 868 0 233 426 609 556 419 539 229 652 321 409 726 438 687 385 693 290 806 627 330 688 310 591 647 233 249 1038 857 350 705 951 391 1055 258 748 1085 753 133 245 1112 362 510 168 433 727 842 495 523 192 942 464
263 934 875 43 576 134 34 599 425 268 712 449 602 991 702 557 339 480 538 169 241 1030 385 343 348 574 819 233 0 192 564 781 252 770 400 582 207 475 537 661 542 367 866 236 853 592 237 898 281 366 560 403 475 1005 628 410 471 892 352 992 278 526 1067 669 103 475 1023 402 512 281 288 755 835 442 748 299 708 629
377 827 854 226 548 236 158 575 486 377 662 579 463 1099 510 729 333 584 642 360 372 1003 541 389 540 707 822 426 192 0 591 970 235 962 577 597 270 592 412 847 473 457 1024 334 931 625 304 1076 380 199 551 575 666 1012 446 533 279 882 422 973 413 352 1084 652 294 667 981 514 593 452 276 823 872 492 937 460 517 788
335 595 340 536 165 429 571 155 155 325 276 327 510 583 891 982 258 1025 248 567 372 492 418 220 652 1084 260 609 564 591 0 1063 794 1010 838 1145 357 284 443 750 281 924 693 339 371 35 326 852 304 770 109 499 800 441 944 301 721 341 222 445 817 612 502 168 555 779 508 272 1068 765 315 259 280 1007 1033 435 930 533
784 1617 1393 757 1180 818 813 1188 923 795 1322 739 1352 1061 1476 311 996 637 845 626 752 1535 645 922 455 515 1292 556 781 970 1063 0 884 81 413 918 864 787 1277 369 1216 696 703 815 1094 1066 864 536 815 1106 1134 564 307 1424 1370 761 1248 1380 881 1481 623 1304 1446 1228 688 313 1566 791 712 534 977 1065 1213 792 33 650 1475 617
515 1060 1080 293 773 377 232 800 666 519 894 700 689 1244 626 600 546 378 790 378 493 1231 629 577 525 519 1038 419 252 235 794 884 0 895 471 363 441 727 645 855 707 250 1102 484 1103 825 475 1108 530 241 770 634 606 1228 490 662 422 1104 595 1199 264 554 1295 875 327 617 1213 654 370 353 488 1002 1072 260 854 542 612 866
746 1574 1336 742 1134 793 803 1141 875 757 1274 684 1323 982 1471 353 960 678 785 608 716 1475 596 881 430 567 1233 539 770 962 1010 81 895 0 428 959 834 730 1247 295 1177 724 622 780 1023 1011 831 454 776 1108 1086 514 296 1359 1374 710 1241 1320 838 1421 639 1287 1378 1177 672 294 1509 741 754 542 945 999 1148 826 78 609 1473 545
507 1313 1177 389 909 478 427 926 683 518 1054 571 1000 1062 1072 158 688 297 691 284 470 1331 461 644 211 269 1095 229 400 577 838 413 471 428 0 562 542 618 932 469 910 304 797 518 1006 854 556 729 540 696 876 403 165 1261 958 565 847 1179 620 1283 211 925 1305 983 328 188 1342 582 373 125 652 938 1061 414 382 409 1068 599
839 1413 1442 615 1135 717 574 1161 1007 846 1258 999 1036 1541 872 607 904 281 1105 645 811 1594 908 925 721 415 1395 652 582 597 1145 918 363 959 562 0 787 1035 999 1028 1071 270 1336 817 1428 1174 819 1289 861 533 1130 886 727 1584 688 970 722 1464 934 1560 396 883 1648 1236 620 749 1576 970 206 505 848 1334 1418 157 895 826 839 1114
118 771 670 183 377 74 214 398 225 114 518 316 489 829 715 699 146 680 372 258 130 825 302 137 409 758 611 321 207 270 357 864 441 834 542 787 0 324 413 652 367 572 772 71 667 386 34 851 112 468 356 360 562 798 698 267 495 685 155 786 472 476 860 465 220 551 822 246 717 444 112 563 632 649 831 241 737 542
217 872 606 434 428 362 498 428 180 215 557 49 713 516 1021 744 348 857 73 394 233 749 159 248 412 883 506 409 475 592 284 787 727 730 618 1035 324 0 636 466 509 781 466 258 397 282 292 589 212 792 374 232 545 653 1020 65 811 594 196 696 658 759 689 452 415 521 779 77 915 577 375 319 446 882 758 217 1048 263
509 415 544 543 296 461 517 322 457 500 330 656 78 1026 464 1090 299 993 642 658 535 668 688 396 822 1106 560 726 537 412 443 1277 645 1247 932 999 413 636 0 1051 168 867 1098 469 809 476 418 1220 484 491 341 759 972 735 563 608 353 587 449 655 807 192 819 385 605 963 625 575 1005 817 302 698 672 904 1244 646 510 896
543 1335 1061 622 890 634 695 892 631 552 1023 425 1130 694 1350 495 753 766 510 493 522 1195 364 661 330 706 954 438 661 847 750 369 855 295 469 1028 652 466 1051 0 954 761 355 586 728 746 639 261 567 1026 838 293 306 1070 1289 462 1120 1041 611 1139 645 1128 1085 918 558 281 1234 495 842 532 753 709 860 875 349 411 1362 251
431 404 398 535 128 433 532 153 329 421 191 537 229 862 631 1066 223 1020 502 625 464 537 591 296 767 1115 398 687 542 473 281 1216 707 1177 910 1071 367 509 168 954 0 901 960 402 642 312 357 1098 400 602 175 669 921 580 717 494 498 436 343 515 821 355 661 220 584 908 509 460 1045 807 258 532 504 957 1183 567 675 772
600 1279 1242 389 943 497 370 966 777 608 1077 742 920 1279 873 388 706 128 853 386 568 1397 645 705 451 270 1182 385 367 457 924 696 250 724 304 270 572 781 867 761 901 0 1065 587 1178 950 600 1023 626 490 927 618 467 1366 724 717 673 1257 705 1358 127 798 1424 1036 375 487 1390 721 145 234 654 1090 1187 114 668 567 856 844
654 1280 925 823 858 788 897 849 641 657 960 458 1175 378 1483 847 815 1092 458 723 653 1029 484 714 614 1051 812 693 866 1024 693 703 1102 622 797 1336 772 466 1098 355 960 1065 0 700 498 673 745 213 662 1221 801 467 645 871 1467 508 1267 890 662 971 940 1225 861 844 775 618 1086 537 1166 831 839 533 679 1179 689 568 1508 237
47 806 668 202 390 107 252 407 191 43 535 246 547 769 787 671 180 686 312 236 65 823 232 126 364 750 598 290 236 334 339 815 484 780 518 817 71 258 469 586 402 587 700 0 619 363 52 780 47 534 359 293 518 779 768 199 567 677 118 780 477 545 837 468 216 505 827 180 730 432 167 519 602 673 782 176 808 470
590 853 455 816 515 726 871 493 445 585 558 440 871 229 1262 1118 613 1254 324 791 617 536 547 541 795 1273 347 806 853 931 371 1094 1103 1023 1006 1428 667 397 809 728 642 1178 498 619 0 336 633 706 572 1122 467 603 909 373 1312 460 1090 410 511 480 1055 983 366 450 807 882 600 457 1312 974 664 112 196 1276 1070 614 1301 477
356 610 329 562 192 457 600 178 174 346 289 327 542 550 925 995 293 1048 238 587 392 479 424 249 663 1103 241 627 592 625 35 1066 825 1011 854 1174 386 282 476 746 312 950 673 363 336 0 354 837 326 805 138 504 809 416 979 307 756 325 245 429 840 647 474 176 578 788 500 280 1093 785 349 224 248 1034 1037 447 965 522
96 762 645 210 356 103 246 376 191 90 500 287 495 795 739 711 134 705 339 271 117 800 283 106 411 778 582 330 237 304 326 864 475 831 556 819 34 292 418 639 357 600 745 52 633 354 0 830 83 502 331 345 565 767 728 238 522 658 121 759 497 493 829 441 240 553 799 215 744 462 115 529 599 680 831 229 762 517
733 1447 1116 857 1010 849 931 1006 769 740 1126 564 1299 590 1564 740 924 1025 604 736 722 1228 548 825 586 956 1002 688 898 1076 852 536 1108 454 729 1289 851 589 1220 261 1098 1023 213 780 706 837 830 0 750 1263 954 500 565 1077 1522 612 1339 1084 772 1171 906 1324 1071 1013 797 541 1281 645 1102 793 937 728 878 1137 529 618 1582 325
33 801 639 246 373 155 298 387 152 22 518 204 562 722 822 689 186 722 264 263 70 794 206 107 371 780 564 310 281 380 304 815 530 776 540 861 112 212 484 567 400 626 662 47 572 326 83 750 0 579 337 275 526 742 810 155 605 645 81 749 514 573 798 443 252 510 802 134 768 461 187 473 560 715 783 166 846 435
577 895 999 406 700 435 332 729 678 577 793 779 514 1296 385 834 512 615 841 533 571 1140 737 581 705 760 982 591 366 199 770 1106 241 1108 696 533 468 792 491 1026 602 490 1221 534 1122 805 502 1263 579 0 714 766 813 1171 266 732 191 1033 617 1117 498 351 1247 805 468 819 1107 714 598 572 458 1012 1049 478 1074 654 373 984
370 498 315 539 56 430 561 54 211 359 187 412 404 686 798 1026 225 1036 350 595 407 470 490 233 705 1109 270 647 560 551 109 1134 770 1086 876 1130 356 374 341 838 175 927 801 359 467 138 331 954 337 714 0 572 857 461 866 378 643 334 259 431 828 519 534 109 571 839 468 346 1072 791 282 357 343 999 1103 490 839 632
250 1061 833 361 619 349 435 626 360 259 759 182 837 666 1066 517 462 670 300 256 230 979 81 373 192 672 737 233 403 575 499 564 634 514 403 886 360 232 759 293 669 618 467 293 603 504 345 500 275 766 572 0 313 885 1022 198 839 824 326 927 491 836 919 664 308 289 1005 227 736 391 459 543 677 728 533 120 1083 233
493 1325 1138 450 898 512 508 910 650 504 1042 495 1046 937 1175 212 699 460 614 318 458 1287 388 634 154 405 1046 249 475 666 800 307 606 296 165 727 562 545 972 306 921 467 645 518 909 809 565 565 526 813 857 313 0 1198 1079 504 945 1133 599 1236 362 997 1233 958 380 28 1308 529 537 255 675 855 991 579 274 367 1176 466
772 596 199 977 471 870 1010 442 590 762 407 702 769 561 1194 1395 682 1465 585 1002 807 181 811 661 1062 1516 190 1038 1005 1012 441 1424 1228 1359 1261 1584 798 653 735 1070 580 1366 871 779 373 416 767 1077 742 1171 461 885 1198 0 1296 698 1079 149 662 135 1257 928 85 366 995 1174 260 679 1509 1200 740 362 211 1447 1398 851 1243 820
814 899 1107 667 836 679 594 865 883 812 893 1014 547 1505 197 1090 702 840 1060 797 814 1230 986 788 971 992 1115 857 628 446 944 1370 490 1374 958 688 698 1020 563 1289 717 724 1467 768 1312 979 728 1522 810 266 866 1022 1079 1296 0 966 223 1150 833 1219 753 372 1378 936 731 1085 1181 943 807 835 656 1200 1209 684 1338 907 154 1233
155 874 636 369 428 300 433 433 169 155 565 50 686 581 974 697 312 795 135 331 169 784 117 212 363 826 542 350 410 533 301 761 662 710 565 970 267 65 608 462 494 717 508 199 460 307 238 612 155 732 378 198 504 698 966 0 760 629 159 732 595 719 740 467 350 482 807 34 852 517 331 377 496 817 731 157 1000 289
614 729 893 503 614 490 438 643 665 610 680 810 354 1285 231 995 482 800 846 639 619 1022 793 572 819 940 895 705 471 279 721 1248 422 1241 847 722 495 811 353 1120 498 673 1267 567 1090 756 522 1339 605 191 643 839 945 1079 223 760 0 933 619 1007 664 177 1160 716 572 946 979 735 787 722 440 977 986 669 1215 720 243 1037
676 470 54 868 334 759 894 306 496 666 258 643 620 629 1044 1321 559 1362 535 908 713 155 745 553 989 1425 87 951 892 882 341 1380 1104 1320 1179 1464 685 594 587 1041 436 1257 890 677 410 325 658 1084 645 1033 334 824 1133 149 1150 629 933 0 563 104 1154 780 234 230 893 1111 197 604 1402 1106 616 357 215 1333 1352 773 1094 799
113 736 557 319 299 218 364 311 73 103 443 208 527 678 825 768 154 803 227 345 151 712 248 53 446 862 483 391 352 422 222 881 595 838 620 934 155 196 449 611 343 705 662 118 511 245 121 772 81 617 259 326 599 662 833 159 619 563 0 667 594 563 719 363 333 581 721 127 847 543 180 407 484 791 850 233 854 448
780 467 119 969 426 860 993 399 600 770 327 745 678 684 1101 1425 656 1464 636 1012 817 57 849 655 1093 1529 190 1055 992 973 445 1481 1199 1421 1283 1560 786 696 655 1139 515 1358 971 780 480 429 759 1171 749 1117 431 927 1236 135 1219 732 1007 104 667 0 1256 846 210 324 996 1214 126 708 1503 1210 712 443 292 1431 1453 877 1152 894
485 1211 1142 290 849 398 292 871 666 495 988 618 868 1152 881 336 614 208 730 264 452 1297 519 600 327 298 1076 258 278 413 817 623 264 639 211 396 472 658 807 645 821 127 940 477 1055 840 497 906 514 498 828 491 362 1257 753 595 664 1154 594 1256 0 765 1312 938 261 379 1295 601 257 113 565 970 1072 238 593 442 871 718
590 551 736 547 481 497 497 508 592 584 522 768 178 1193 278 1080 411 927 780 679 606 857 777 511 856 1057 752 748 526 352 612 1304 554 1287 925 883 476 759 192 1128 355 798 1225 545 983 647 493 1324 573 351 519 836 997 928 372 719 177 780 563 846 765 0 1011 575 616 993 809 689 925 802 387 871 858 812 1271 717 320 1007
826 677 285 1037 549 932 1074 520 646 817 492 738 854 527 1278 1434 752 1519 619 1054 860 247 848 723 1102 1564 265 1085 1067 1084 502 1446 1295 1378 1305 1648 860 689 819 1085 661 1424 861 837 366 474 829 1071 798 1247 534 919 1233 85 1378 740 1160 234 719 210 1312 1011 0 444 1050 1208 329 723 1566 1249 810 381 243 1509 1420 896 1327 834
476 435 206 649 105 540 669 76 308 465 116 495 434 678 849 1132 332 1146 414 704 513 360 582 342 807 1218 179 753 669 652 168 1228 875 1177 983 1236 465 452 385 918 220 1036 844 468 450 176 441 1013 443 805 109 664 958 366 936 467 716 230 363 324 938 575 444 0 681 939 359 436 1182 900 388 350 289 1108 1197 591 895 698
225 985 883 69 596 150 137 616 404 234 738 382 675 927 803 486 366 470 484 66 193 1038 302 340 246 538 815 133 103 294 555 688 327 672 328 620 220 415 605 558 584 375 775 216 807 578 240 797 252 468 571 308 380 995 731 350 572 893 333 996 261 616 1050 681 0 378 1039 350 516 223 325 716 812 469 655 216 811 539
478 1311 1117 447 881 504 508 892 631 489 1025 472 1038 908 1176 240 686 485 589 314 444 1266 365 618 142 433 1024 245 475 667 779 313 617 294 188 749 551 521 963 281 908 487 618 505 882 788 553 541 510 819 839 289 28 1174 1085 482 946 1111 581 1214 379 993 1208 939 378 0 1288 508 561 269 664 830 966 599 280 349 1180 438
834 365 172 1005 447 897 1020 424 660 824 318 826 634 810 1048 1488 683 1502 724 1063 872 82 925 701 1160 1577 280 1112 1023 981 508 1566 1213 1509 1342 1576 822 779 625 1234 509 1390 1086 827 600 500 799 1281 802 1107 468 1005 1308 260 1181 807 979 197 721 126 1295 809 329 359 1039 1288 0 780 1535 1259 736 553 408 1456 1537 943 1101 994
140 840 609 362 395 285 423 400 136 138 533 80 653 591 947 718 281 804 136 337 161 758 145 180 385 841 518 362 402 514 272 791 654 741 582 970 246 77 575 495 460 721 537 180 457 280 215 645 134 714 346 227 529 679 943 34 735 604 127 708 601 689 723 436 350 508 780 0 858 528 302 369 480 819 761 172 973 321
741 1419 1387 533 1088 642 515 1111 920 750 1222 873 1055 1402 972 401 851 77 987 521 708 1542 772 849 556 212 1327 510 512 593 1068 712 370 754 373 206 717 915 1005 842 1045 145 1166 730 1312 1093 744 1102 768 598 1072 736 537 1509 807 852 787 1402 847 1503 257 925 1566 1182 516 561 1535 858 0 345 799 1227 1328 123 689 698 949 955
429 1207 1100 275 819 374 306 838 611 440 962 534 884 1056 947 277 589 281 651 198 393 1254 429 558 216 318 1025 168 281 452 765 534 353 542 125 505 444 577 817 532 807 234 831 432 974 785 462 793 461 572 791 391 255 1200 835 517 722 1106 543 1210 113 802 1249 900 223 269 1259 528 345 0 548 895 1007 348 502 360 943 612
209 660 594 277 290 174 283 314 226 201 423 381 380 848 645 809 57 769 406 369 232 747 393 132 522 857 550 433 288 276 315 977 488 945 652 848 112 375 302 753 258 654 839 167 664 349 115 937 187 458 282 459 675 740 656 331 440 616 180 712 565 387 810 388 325 664 736 302 799 548 0 554 596 720 944 344 673 619
494 769 392 719 406 625 771 386 338 488 463 367 762 330 1150 1060 502 1173 246 706 523 500 477 433 730 1202 279 727 755 823 259 1065 1002 999 938 1334 563 319 698 709 532 1090 533 519 112 224 529 728 473 1012 357 543 855 362 1200 377 977 357 407 443 970 871 381 350 716 830 553 369 1227 895 554 0 152 1185 1040 535 1189 458
587 662 259 804 377 701 846 350 411 578 383 496 724 420 1135 1191 539 1279 376 812 620 350 605 495 858 1321 152 842 835 872 280 1213 1072 1148 1061 1418 632 446 672 860 504 1187 679 602 196 248 599 878 560 1049 343 677 991 211 1209 496 986 215 484 292 1072 858 243 289 812 966 408 480 1328 1007 596 152 0 1275 1186 652 1179 610
691 1319 1314 471 1010 577 438 1035 864 699 1139 845 949 1385 850 481 775 168 953 489 661 1468 751 786 564 322 1261 495 442 492 1007 792 260 826 414 157 649 882 904 875 957 114 1179 673 1276 1034 680 1137 715 478 999 728 579 1447 684 817 669 1333 791 1431 238 812 1509 1108 469 599 1456 819 123 348 720 1185 1275 0 767 671 826 957
752 1584 1364 724 1148 785 780 1157 892 762 1290 710 1318 1043 1443 287 963 614 817 592 719 1507 615 890 422 495 1264 523 748 937 1033 33 854 78 382 895 831 758 1244 349 1183 668 689 782 1070 1037 831 529 783 1074 1103 533 274 1398 1338 731 1215 1352 850 1453 593 1271 1420 1197 655 280 1537 761 689 502 944 1040 1186 767 0 618 1443 594
137 966 775 255 532 230 329 543 283 147 676 175 723 715 947 547 352 639 290 181 111 926 86 272 216 669 688 192 299 460 435 650 542 609 409 826 241 217 646 411 567 567 568 176 614 447 229 618 166 654 490 120 367 851 907 157 720 773 233 877 442 717 896 591 216 349 943 172 698 360 344 535 652 671 618 0 964 331
855 793 1047 743 802 733 674 829 894 851 835 1049 474 1507 55 1207 709 977 1079 878 862 1157 1036 804 1056 1126 1070 942 708 517 930 1475 612 1473 1068 839 737 1048 510 1362 675 856 1508 808 1301 965 762 1582 846 373 839 1083 1176 1243 154 1000 243 1094 854 1152 871 320 1327 895 811 1180 1101 973 949 943 673 1189 1179 826 1443 964 0 1279
423 1128 823 586 687 553 660 685 443 428 809 240 974 470 1257 678 602 885 284 489 419 950 247 501 398 864 713 464 629 788 533 617 866 545 599 1114 542 263 896 251 772 844 237 470 477 522 517 325 435 984 632 233 466 820 1233 289 1037 799 448 894 718 1007 834 698 539 438 994 321 955 612 619 458 610 957 594 331 1279 0
