0 1717 1468 77 1269 1405 934 175 1097 610 1252 1121 1606 304 95 1217
1717 0 3003 1682 2193 363 2377 1846 1369 2001 2543 1146 1239 1499 1735 1810
1468 3003 0 1455 2439 2762 1799 1460 2548 1772 603 1990 2310 1773 1518 2563
77 1682 1455 0 1340 1380 1011 250 1132 686 1209 1049 1533 330 170 1274
1269 2193 2439 1340 0 1833 679 1145 834 702 2435 2206 2678 1112 1175 420
1405 363 2762 1380 1833 0 2019 1521 1016 1646 2347 1065 1299 1164 1412 1457
934 2377 1799 1011 679 2019 0 762 1200 384 1884 2040 2529 953 849 957
175 1846 1460 250 1145 1521 762 0 1088 458 1317 1296 1782 363 113 1143
1097 1369 2548 1132 834 1016 1200 1088 0 912 2340 1624 2045 802 1033 440
610 2001 1772 686 702 1646 384 458 912 0 1732 1678 2166 573 516 799
1252 2543 603 1209 2435 2347 1884 1317 2340 1732 0 1458 1730 1538 1330 2458
1121 1146 1990 1049 2206 1065 2040 1296 1624 1678 1458 0 488 1119 1196 1976
1606 1239 2310 1533 2678 1299 2529 1782 2045 2166 1730 488 0 1604 1683 2424
304 1499 1773 330 1112 1164 953 363 802 573 1538 1119 1604 0 267 977
95 1735 1518 170 1175 1412 849 113 1033 516 1330 1196 1683 267 0 1132
1217 1810 2563 1274 420 1457 957 1143 440 799 2458 1976 2424 977 1132 0
