0 1475 717 1203 279 1238 524 664 361 638 521 603 1285 476 848 968
1475 0 771 1561 1723 2700 1651 1394 1130 1527 1895 1633 2264 1130 2302 2380
717 771 0 1269 953 1955 906 867 361 961 1185 906 1739 379 1531 1611
1203 1561 1269 0 1426 1841 1722 538 1228 592 1112 1791 844 1419 1833 2019
279 1723 953 1426 0 1045 405 896 593 838 508 504 1360 640 580 690
1238 2700 1955 1841 1045 0 1356 1489 1599 1353 832 1447 1231 1681 630 773
524 1651 906 1722 405 1356 0 1184 611 1162 913 99 1758 527 772 774
664 1394 867 538 896 1489 1184 0 727 143 674 1255 887 921 1353 1524
361 1130 361 1228 593 1599 611 727 0 772 858 641 1521 194 1172 1261
638 1527 961 592 838 1353 1162 143 772 0 551 1240 778 964 1252 1432
521 1895 1185 1112 508 832 913 674 858 551 0 1011 860 996 726 921
603 1633 906 1791 504 1447 99 1255 641 1240 1011 0 1852 529 852 836
1285 2264 1739 844 1360 1231 1758 887 1521 778 860 1852 0 1703 1493 1701
476 1130 379 1419 640 1681 527 921 194 964 996 529 1703 0 1196 1254
848 2302 1531 1833 580 630 772 1353 1172 1252 726 852 1493 1196 0 207
968 2380 1611 2019 690 773 774 1524 1261 1432 921 836 1701 1254 207 0
