0 914 46 1347 1637 101 1553 793 174 1301 853 591 529 798 135 1164
914 0 952 1120 1887 944 1833 1145 1074 1965 1098 1023 1053 1618 1049 1910
46 952 0 1390 1663 126 1579 771 157 1303 836 623 504 787 103 1119
1347 1120 1390 0 948 1282 934 2016 1386 1493 2022 864 1807 1518 1423 2505
1637 1887 1663 948 0 1538 91 2428 1569 899 2477 1055 2166 1288 1634 2603
101 944 126 1282 1538 0 1454 894 135 1206 955 497 628 720 143 1222
1553 1833 1579 934 91 1454 0 2345 1482 820 2396 975 2083 1198 1548 2512
793 1145 771 2016 2428 894 2345 0 895 2036 119 1375 271 1468 824 882
174 1074 157 1386 1569 135 1482 895 0 1155 971 563 624 630 71 1122
1301 1965 1303 1493 899 1206 820 2036 1155 0 2120 943 1766 590 1224 1928
853 1098 836 2022 2477 955 2396 119 971 2120 0 1421 357 1560 900 992
591 1023 623 864 1055 497 975 1375 563 943 1421 0 1118 707 617 1680
529 1053 504 1807 2166 628 2083 271 624 1766 357 1118 0 1203 553 861
798 1618 787 1518 1288 720 1198 1468 630 590 1560 707 1203 0 693 1357
135 1049 103 1423 1634 143 1548 824 71 1224 900 617 553 693 0 1081
1164 1910 1119 2505 2603 1222 2512 882 1122 1928 992 1680 861 1357 1081 0
