0 1456 116 326 1268 1194 1290 79 657 573 708 536 403 567 1265 1118
1456 0 1474 1736 1896 1144 1874 1530 1657 1312 2096 1871 1825 1853 663 1182
116 1474 0 394 1153 1117 1176 103 772 684 763 616 457 470 1229 1219
326 1736 394 0 1485 1511 1515 291 513 617 382 225 89 641 1590 1181
1268 1896 1153 1485 0 803 51 1242 1925 1795 1756 1704 1506 900 1283 2248
1194 1144 1117 1511 803 0 769 1219 1777 1521 1877 1729 1573 1200 494 1806
1290 1874 1176 1515 51 769 0 1267 1948 1809 1793 1735 1538 939 1254 2253
79 1530 103 291 1242 1219 1267 0 685 635 664 513 357 500 1318 1188
657 1657 772 513 1925 1777 1948 685 0 344 616 410 556 1142 1713 779
573 1312 684 617 1795 1521 1809 635 344 0 871 638 695 1135 1400 567
708 2096 763 382 1756 1877 1793 664 616 871 0 234 306 859 1973 1389
536 1871 616 225 1704 1729 1735 513 410 638 234 0 201 838 1782 1167
403 1825 457 89 1506 1573 1538 357 556 695 306 201 0 636 1669 1255
567 1853 470 641 900 1200 939 500 1142 1135 859 838 636 0 1472 1685
1265 663 1229 1590 1283 494 1254 1318 1713 1400 1973 1782 1669 1472 0 1533
1118 1182 1219 1181 2248 1806 2253 1188 779 567 1389 1167 1255 1685 1533 0
