0 232 373 150 518 715 337 605 442 662 740 751 522 601 360 279 691 793 642 362 525 72 782 120 860 351 219 747 44 37 101 416 598 315 130 631 474 39 284 437 69 750 42 153 507 564 640 47 827 81 522 516 245 460 154 766 595 847 310 742 437 712 502 45 652 173 181 822 219 65 64 829 229 471 76 749 94 759
232 0 331 82 578 879 394 377 238 527 970 894 753 609 480 457 872 945 531 532 490 262 686 221 1093 395 367 756 189 269 197 648 703 348 357 859 430 270 482 508 176 575 210 211 443 422 802 258 1015 257 721 748 124 410 306 553 755 949 287 714 447 942 513 214 507 243 61 792 440 297 181 683 232 333 308 874 174 901
373 331 0 327 279 668 153 593 291 318 1018 650 809 279 281 360 1055 710 280 392 816 326 410 461 1083 689 591 425 344 389 272 653 433 644 481 811 104 385 412 233 381 446 393 220 133 745 594 349 835 451 877 777 451 737 277 545 966 658 602 1041 129 985 187 328 319 508 357 1120 568 410 318 997 144 661 424 1122 405 656
150 82 327 0 545 816 356 458 305 567 888 838 671 594 426 386 805 886 561 465 491 183 712 157 1010 364 303 743 107 187 127 565 657 319 275 777 431 188 407 470 96 632 129 156 452 465 739 177 945 181 648 666 138 415 236 627 694 906 275 717 428 860 495 133 551 191 42 796 360 215 101 731 201 372 226 825 102 845
518 578 279 545 0 425 188 872 569 487 958 385 778 140 188 326 1109 448 421 290 1029 448 465 634 970 869 727 249 511 514 439 605 162 830 573 691 243 508 374 80 558 644 554 393 280 1000 361 475 604 599 921 728 682 956 367 789 1051 380 810 1252 151 925 118 480 507 687 584 1332 639 521 489 1260 346 910 531 1231 588 390
715 879 668 816 425 0 523 1232 951 912 745 103 647 542 406 436 1048 93 846 353 1227 649 871 831 675 1033 854 563 735 690 689 506 269 1008 688 436 662 684 436 438 780 1069 758 668 703 1276 77 668 182 773 875 582 948 1170 580 1206 1045 293 1022 1429 559 715 543 699 931 880 859 1506 703 678 725 1542 665 1182 680 1242 809 108
337 394 153 356 188 523 0 715 428 456 888 516 687 265 127 222 973 573 407 241 841 270 508 449 940 685 553 410 326 338 252 523 311 645 411 664 198 333 276 114 371 595 370 205 244 815 447 298 685 419 788 649 495 768 195 698 900 555 621 1065 114 855 170 296 463 501 396 1144 488 350 302 1077 161 724 362 1071 401 522
605 377 593 458 872 1232 715 0 309 585 1327 1231 1113 852 825 827 1156 1288 631 897 566 639 776 556 1462 606 677 980 564 642 572 1022 1022 570 721 1235 656 644 856 819 541 524 575 575 642 337 1154 635 1380 609 1037 1116 386 500 677 374 1023 1252 485 734 723 1301 775 591 551 548 424 794 794 669 558 487 567 325 678 1087 528 1238
442 238 291 305 569 951 428 309 0 324 1178 939 960 543 549 584 1109 999 350 640 680 442 506 458 1281 623 605 673 398 476 367 834 724 577 573 1027 346 475 625 523 401 340 432 344 334 534 875 451 1111 487 954 946 342 600 448 324 994 947 505 893 418 1149 467 409 296 481 299 966 661 504 379 757 305 468 517 1109 407 945
662 527 318 567 487 912 456 585 324 0 1336 866 1127 386 577 676 1354 930 70 696 1001 629 191 722 1396 922 866 460 625 686 564 971 647 876 783 1121 263 683 728 489 649 159 671 517 217 855 847 649 1092 730 1181 1095 647 920 592 337 1254 809 812 1217 368 1304 370 619 34 758 579 1290 873 710 600 1064 445 792 725 1392 665 870
740 970 1018 888 958 745 888 1327 1178 1336 0 847 217 1096 789 665 430 831 1293 671 987 736 1394 771 203 805 662 1194 785 704 812 365 892 816 612 309 1086 704 611 903 794 1456 760 842 1132 1173 728 727 676 718 363 240 941 978 749 1501 516 1033 886 1099 996 33 1031 769 1336 783 913 1155 533 676 800 1395 904 1098 664 682 802 852
751 894 650 838 385 103 516 1231 939 866 847 0 740 484 413 474 1137 64 797 391 1272 682 806 870 779 1083 909 484 766 730 712 590 222 1055 741 537 628 724 485 416 812 1025 794 684 665 1302 132 703 263 816 960 675 973 1211 607 1174 1126 189 1062 1481 530 817 502 729 888 921 880 1559 766 721 753 1569 669 1209 725 1323 842 7
522 753 809 671 778 647 687 1113 960 1127 217 740 0 912 598 467 404 740 1087 487 814 519 1196 558 361 621 461 1023 567 486 594 172 738 625 395 259 883 486 413 715 577 1242 543 626 928 978 610 509 633 503 251 65 729 794 536 1284 429 916 688 955 798 189 839 551 1125 575 696 1019 319 458 582 1213 689 899 446 623 586 746
601 609 279 594 140 542 265 852 543 386 1096 484 912 0 314 451 1229 549 315 426 1086 536 331 708 1111 943 818 148 585 604 509 741 273 901 676 831 196 598 503 197 628 545 631 458 213 1025 486 563 725 682 1043 865 725 1009 461 710 1163 426 869 1312 166 1063 100 558 411 759 629 1391 750 616 560 1276 394 940 628 1336 657 488
360 480 281 426 188 406 127 825 549 577 789 413 598 314 0 138 921 465 522 121 884 288 607 480 824 710 555 437 365 348 303 428 237 675 394 546 313 342 188 117 412 720 400 271 360 891 329 313 561 436 733 553 563 817 206 826 864 487 667 1102 212 756 242 329 586 533 468 1182 454 349 348 1157 258 798 358 1047 443 420
279 457 360 386 326 436 222 827 584 676 665 474 467 451 138 0 783 514 629 83 798 212 729 396 722 611 443 575 299 255 260 300 346 581 275 451 421 250 54 254 343 807 321 252 467 839 361 231 559 342 595 426 513 736 151 888 729 586 588 1008 331 633 372 263 680 447 428 1087 324 247 290 1106 279 746 252 915 372 482
691 872 1055 805 1109 1048 973 1156 1109 1354 430 1137 404 1229 921 783 0 1141 1331 832 681 729 1465 650 632 554 504 1358 730 668 790 547 1104 586 574 655 1149 672 736 1035 713 1436 686 839 1188 913 1005 707 1036 627 187 469 791 703 784 1423 140 1305 671 728 1086 435 1141 735 1343 632 810 770 488 645 754 1085 914 862 631 253 703 1143
793 945 710 886 448 93 573 1288 999 930 831 64 740 549 465 514 1141 0 861 430 1310 725 870 910 749 1118 941 545 810 769 759 599 285 1092 773 522 691 764 520 476 856 1089 836 734 729 1349 155 745 210 855 969 675 1020 1251 652 1237 1138 226 1102 1515 592 802 566 774 952 961 929 1592 792 759 798 1616 723 1255 762 1336 885 60
642 531 280 561 421 846 407 631 350 70 1293 797 1087 315 522 629 1331 861 0 643 1014 603 157 712 1346 922 852 391 608 663 542 928 579 876 758 1068 209 659 682 429 636 229 655 492 162 884 782 624 1026 714 1155 1053 654 933 558 406 1237 738 818 1234 311 1260 305 597 100 752 577 1309 846 686 582 1103 417 816 700 1383 655 801
362 532 392 465 290 353 241 897 640 696 671 391 487 426 121 83 832 430 643 0 881 295 728 480 703 693 522 536 381 339 337 315 277 664 354 425 434 333 103 232 426 836 405 323 481 922 277 315 483 425 645 438 594 820 228 933 789 509 672 1090 334 637 361 345 704 530 507 1169 393 330 371 1188 337 828 334 978 455 398
525 490 816 491 1029 1227 841 566 680 1001 987 1272 814 1086 884 798 681 1310 1014 881 0 597 1172 404 1170 201 384 1235 521 543 590 813 1122 219 541 1030 918 548 790 951 473 1011 484 636 934 250 1154 572 1314 455 631 849 366 81 678 916 541 1372 219 225 920 972 987 555 975 352 458 304 551 550 541 410 692 241 547 545 442 1280
72 262 326 183 448 649 270 639 442 629 736 682 519 536 288 212 729 725 603 295 597 0 736 192 841 423 282 680 86 67 75 393 525 387 155 598 422 62 225 367 131 729 113 112 459 627 573 27 768 150 552 503 301 531 82 765 642 774 381 814 375 706 438 51 622 245 222 894 243 84 82 893 185 533 98 805 160 689
782 686 410 712 465 871 508 776 506 191 1394 806 1196 331 607 729 1465 870 157 728 1172 736 0 861 1428 1076 997 342 751 800 681 1030 603 1030 891 1148 317 795 784 498 782 303 799 630 277 1040 817 760 1054 858 1285 1156 810 1091 682 503 1377 711 974 1392 398 1361 367 737 225 903 731 1467 977 820 724 1255 554 973 834 1529 803 809
120 221 461 157 634 831 449 556 458 722 771 870 558 708 480 396 650 910 712 480 404 192 861 0 912 235 147 856 123 141 198 485 718 196 176 707 565 146 395 554 80 789 80 250 593 460 756 168 934 62 500 565 170 340 274 774 537 967 191 622 542 745 608 154 707 53 159 701 239 154 148 722 320 369 155 670 57 878
860 1093 1083 1010 970 675 940 1462 1281 1396 203 779 361 1111 824 722 632 749 1346 703 1170 841 1428 912 0 980 823 1187 903 823 916 447 873 986 741 279 1136 822 671 930 921 1529 887 937 1183 1340 680 837 563 854 559 346 1082 1154 835 1598 718 968 1049 1294 1037 205 1061 881 1402 933 1040 1353 674 795 914 1573 988 1260 785 885 934 782
351 395 689 364 869 1033 685 606 623 922 805 1083 621 943 710 611 554 1118 922 693 201 423 1076 235 980 0 183 1091 359 362 434 611 946 46 345 829 793 368 598 789 314 963 315 485 817 372 962 397 1114 274 463 651 280 173 505 908 418 1193 124 397 777 787 843 389 902 184 344 475 349 364 383 592 552 310 359 492 286 1091
219 367 591 303 727 854 553 677 605 866 662 909 461 818 555 443 504 941 852 522 384 282 997 147 823 183 0 963 246 214 318 431 786 171 168 652 693 219 423 646 217 936 198 371 724 517 785 254 932 139 361 483 295 344 360 919 390 1029 226 575 656 641 720 264 852 131 306 651 167 206 272 760 446 437 196 531 202 916
747 756 425 743 249 563 410 980 673 460 1194 484 1023 148 437 575 1358 545 391 536 1235 680 342 856 1187 1091 963 0 732 748 657 850 314 1049 816 912 333 743 624 325 776 613 778 606 339 1169 524 708 743 829 1171 970 873 1158 603 798 1299 369 1017 1460 315 1161 248 705 491 907 777 1540 886 759 708 1417 543 1086 770 1476 805 485
44 189 344 107 511 735 326 564 398 625 785 766 567 585 365 299 730 810 608 381 521 86 751 123 903 359 246 732 0 80 75 458 602 319 174 671 447 81 311 432 47 708 48 128 478 540 659 73 854 107 563 560 215 452 159 722 629 852 302 742 419 756 485 36 613 175 141 821 263 109 26 807 201 447 121 778 78 773
37 269 389 187 514 690 338 642 476 686 704 730 486 604 348 255 668 769 663 339 543 67 800 141 823 362 214 748 80 0 122 379 584 328 98 594 488 5 255 433 104 778 73 170 523 594 615 41 797 88 495 479 279 481 146 800 577 831 333 757 443 676 506 69 677 191 218 836 189 28 96 859 246 502 41 737 126 737
101 197 272 127 439 689 252 572 367 564 812 712 594 509 303 260 790 759 542 337 590 75 681 198 916 434 318 657 75 122 0 468 538 393 220 670 374 119 284 360 119 658 123 53 406 590 611 88 819 179 618 579 261 518 109 689 696 788 371 813 343 782 409 55 555 250 169 893 310 147 50 856 128 496 161 849 149 719
416 648 653 565 605 506 523 1022 834 971 365 590 172 741 428 300 547 599 928 315 813 393 1030 485 447 611 431 850 458 379 468 0 568 602 308 223 721 378 246 544 481 1094 447 491 766 937 458 391 530 423 370 125 650 776 391 1153 539 757 648 984 631 332 670 435 972 516 598 1056 264 352 468 1189 545 850 344 737 497 597
598 703 433 657 162 269 311 1022 724 647 892 222 738 273 237 346 1104 285 579 277 1122 525 603 718 873 946 786 314 602 584 538 568 0 912 621 601 405 578 380 202 650 805 638 501 443 1121 215 551 451 672 918 680 796 1054 444 952 1066 250 905 1340 310 859 280 567 667 771 698 1419 669 583 584 1386 471 1029 591 1256 680 227
315 348 644 319 830 1008 645 570 577 876 816 1055 625 901 675 581 586 1092 876 664 219 387 1030 196 986 46 171 1049 319 328 393 602 912 0 322 823 748 334 572 750 273 917 276 443 772 356 936 361 1096 240 484 651 234 173 469 864 453 1160 84 428 734 797 801 350 855 143 298 507 338 333 342 590 508 286 329 536 244 1063
130 357 481 275 573 688 411 721 573 783 612 741 395 676 394 275 574 773 758 354 541 155 891 176 741 345 168 816 174 98 220 308 621 322 0 531 576 101 255 493 182 877 147 265 613 633 617 133 774 114 398 395 342 490 216 897 490 861 350 741 522 585 581 168 775 211 300 818 90 72 194 891 340 544 58 660 192 748
631 859 811 777 691 436 664 1235 1027 1121 309 537 259 831 546 451 655 522 1068 425 1030 598 1148 707 279 829 652 912 671 594 670 223 601 823 531 0 859 592 404 650 698 1257 665 683 906 1160 422 600 383 645 510 199 870 997 578 1338 689 725 872 1192 759 279 781 644 1127 739 812 1260 486 569 677 1411 726 1073 561 882 716 543
474 430 104 431 243 662 198 656 346 263 1086 628 883 196 313 421 1149 691 209 434 918 422 317 565 1136 793 693 333 447 488 374 721 405 748 576 859 0 483 475 228 484 412 496 321 46 836 593 447 838 553 968 846 551 838 365 546 1064 607 705 1143 105 1054 127 429 275 612 459 1221 661 507 421 1083 246 754 520 1223 509 633
39 270 385 188 508 684 333 644 475 683 704 724 486 598 342 250 672 764 659 333 548 62 795 146 822 368 219 743 81 5 119 378 578 334 101 592 483 0 250 427 107 776 77 166 519 599 610 36 792 94 498 478 283 486 141 799 581 826 338 762 438 676 501 67 674 197 220 841 191 29 95 863 242 506 42 742 130 732
284 482 412 407 374 436 276 856 625 728 611 485 413 503 188 54 736 520 682 103 790 225 784 395 671 598 423 624 311 255 284 246 380 572 255 404 475 250 0 305 351 857 326 285 521 848 364 239 543 337 548 372 526 733 180 933 688 611 586 995 385 578 426 276 732 443 447 1073 290 241 307 1113 322 755 243 876 378 493
437 508 233 470 80 438 114 819 523 489 903 416 715 197 117 254 1035 476 429 232 951 367 498 554 930 789 646 325 432 433 360 544 202 750 493 650 228 427 305 0 479 640 474 316 273 929 366 394 610 518 848 669 608 879 286 768 973 442 731 1173 123 870 131 400 504 607 510 1253 561 440 410 1191 275 838 451 1152 509 422
69 176 381 96 558 780 371 541 401 649 794 812 577 628 412 343 713 856 636 426 473 131 782 80 921 314 217 776 47 104 119 481 650 273 182 698 484 107 351 479 0 723 34 170 513 497 704 112 895 85 553 575 176 404 207 723 606 900 254 694 462 767 528 83 635 130 118 774 264 129 69 763 239 403 137 747 30 820
750 575 446 632 644 1069 595 524 340 159 1456 1025 1242 545 720 807 1436 1089 229 836 1011 729 303 789 1529 963 936 613 708 778 658 1094 805 917 877 1257 412 776 857 640 723 0 750 618 368 833 1003 746 1247 808 1272 1216 683 932 706 201 1327 967 845 1215 518 1424 526 709 137 817 633 1284 968 805 685 1012 552 784 819 1449 734 1029
42 210 393 129 554 758 370 575 432 671 760 794 543 631 400 321 686 836 655 405 484 113 799 80 887 315 198 778 48 73 123 447 638 276 147 665 496 77 326 474 34 750 0 176 526 522 682 90 869 59 523 541 207 418 194 755 583 887 268 702 466 733 532 74 658 133 153 782 230 96 74 787 249 429 103 730 53 801
153 211 220 156 393 668 205 575 344 517 842 684 626 458 271 252 839 734 492 323 636 112 630 250 937 485 371 606 128 170 53 491 501 443 265 683 321 166 285 316 170 618 176 0 354 621 590 132 806 232 664 606 294 563 105 662 747 750 416 860 291 812 358 107 510 301 198 939 355 193 102 886 76 528 207 902 198 691
507 443 133 452 280 703 244 642 334 217 1132 665 928 213 360 467 1188 729 162 481 934 459 277 593 1183 817 724 339 478 523 406 766 443 772 613 906 46 519 521 273 513 368 526 354 0 840 635 483 880 584 1008 892 567 854 405 509 1100 635 724 1158 151 1099 162 462 230 638 478 1236 700 543 451 1081 278 761 557 1256 536 670
564 422 745 465 1000 1276 815 337 534 855 1173 1302 978 1025 891 839 913 1349 884 922 250 627 1040 460 1340 372 517 1169 540 594 590 937 1121 356 633 1160 836 599 848 929 497 833 522 621 840 0 1199 609 1391 523 835 1000 328 210 696 707 774 1369 290 397 867 1153 931 576 825 422 423 458 675 613 550 266 654 93 615 795 469 1309
640 802 594 739 361 77 447 1154 875 847 728 132 610 486 329 361 1005 155 782 277 1154 573 817 756 680 962 785 524 659 615 611 458 215 936 617 422 593 610 364 366 704 1003 682 590 635 1199 0 592 244 700 828 546 871 1096 503 1135 993 307 948 1359 489 697 477 622 865 806 781 1436 637 604 648 1466 587 1105 607 1190 733 139
47 258 349 177 475 668 298 635 451 649 727 703 509 563 313 231 707 745 624 315 572 27 760 168 837 397 254 708 73 41 88 391 551 361 133 600 447 36 239 394 112 746 90 132 483 609 592 0 783 123 532 497 287 508 108 775 617 799 358 789 402 697 465 44 641 220 213 868 223 61 77 875 207 516 75 778 140 711
827 1015 835 945 604 182 685 1380 1111 1092 676 263 633 725 561 559 1036 210 1026 483 1314 768 1054 934 563 1114 932 743 854 797 819 530 451 1096 774 383 838 792 543 610 895 1247 869 806 880 1391 244 783 0 874 880 568 1069 1265 709 1378 1057 436 1122 1503 733 651 722 819 1110 980 987 1577 769 780 848 1656 814 1298 779 1254 921 263
81 257 451 181 599 773 419 609 487 730 718 816 503 682 436 342 627 855 714 425 455 150 858 62 854 274 139 829 107 88 179 423 672 240 114 645 553 94 337 518 85 808 59 232 584 523 700 123 874 0 467 507 228 396 232 808 523 920 249 668 519 692 583 125 718 106 197 747 185 95 133 784 306 432 94 671 84 824
522 721 877 648 921 875 788 1037 954 1181 363 960 251 1043 733 595 187 969 1155 645 631 552 1285 500 559 463 361 1171 563 495 618 370 918 484 398 510 968 498 548 848 553 1272 523 664 1008 835 828 532 880 467 0 313 657 632 603 1274 178 1124 563 735 902 354 955 564 1173 493 659 793 309 471 586 1041 738 770 456 373 548 967
516 748 777 666 728 582 649 1116 946 1095 240 675 65 865 553 426 469 675 1053 438 849 503 1156 565 346 651 483 970 560 479 579 125 680 651 395 199 846 478 372 669 575 1216 541 606 892 1000 546 497 568 507 313 0 735 823 511 1268 491 852 709 999 757 208 795 540 1096 588 694 1066 328 451 572 1242 665 917 440 686 587 682
245 124 451 138 682 948 495 386 342 647 941 973 729 725 563 513 791 1020 654 594 366 301 810 170 1082 280 295 873 215 279 261 650 796 234 342 870 551 283 526 608 176 683 207 294 567 328 871 287 1069 228 657 735 0 287 368 636 667 1045 165 591 561 916 627 250 625 164 98 669 410 302 222 595 337 235 309 769 154 981
460 410 737 415 956 1170 768 500 600 920 978 1211 794 1009 817 736 703 1251 933 820 81 531 1091 340 1154 173 344 1158 452 481 518 776 1054 173 490 997 838 486 733 879 404 932 418 563 854 210 1096 508 1265 396 632 823 287 0 610 842 563 1304 149 304 844 961 910 487 895 289 380 382 511 491 470 419 616 176 489 593 373 1218
154 306 277 236 367 580 195 677 448 592 749 607 536 461 206 151 784 652 558 228 678 82 682 274 835 505 360 603 159 146 109 391 444 469 216 578 365 141 180 286 207 706 194 105 405 696 503 108 709 232 603 511 368 610 0 763 706 693 461 896 305 718 365 123 589 327 279 976 297 155 145 963 154 602 167 876 237 614
766 553 545 627 789 1206 698 374 324 337 1501 1174 1284 710 826 888 1423 1237 406 933 916 765 503 774 1598 908 919 798 722 800 689 1153 952 864 897 1338 546 799 933 768 723 201 755 662 509 707 1135 775 1378 808 1274 1268 636 842 763 0 1302 1137 784 1102 647 1472 671 733 306 790 614 1165 985 828 703 850 611 677 841 1400 726 1179
595 755 966 694 1051 1045 900 1023 994 1254 516 1126 429 1163 864 729 140 1138 1237 789 541 642 1377 537 718 418 390 1299 629 577 696 539 1066 453 490 689 1064 581 688 973 606 1327 583 747 1100 774 993 617 1057 523 178 491 667 563 706 1302 0 1283 537 599 1011 513 1070 640 1241 513 695 647 412 557 655 946 823 724 544 198 592 1133
847 949 658 906 380 293 555 1252 947 809 1033 189 916 426 487 586 1305 226 738 509 1372 774 711 967 968 1193 1029 369 852 831 788 757 250 1160 861 725 607 826 611 442 900 967 887 750 635 1369 307 799 436 920 1124 852 1045 1304 693 1137 1283 0 1155 1588 529 1003 481 817 836 1020 947 1668 901 829 834 1633 716 1278 836 1477 930 185
310 287 602 275 810 1022 621 485 505 812 886 1062 688 869 667 588 671 1102 818 672 219 381 974 191 1049 124 226 1017 302 333 371 648 905 84 350 872 705 338 586 731 254 845 268 416 724 290 948 358 1122 249 563 709 165 149 461 784 537 1155 0 443 702 866 769 337 790 143 246 523 385 344 322 541 474 211 344 616 224 1069
742 714 1041 717 1252 1429 1065 734 893 1217 1099 1481 955 1312 1102 1008 728 1515 1234 1090 225 814 1392 622 1294 397 575 1460 742 757 813 984 1340 428 741 1192 1143 762 995 1173 694 1215 702 860 1158 397 1359 789 1503 668 735 999 591 304 896 1102 599 1588 443 0 1145 1090 1212 775 1190 569 684 79 734 761 763 410 917 431 756 524 664 1488
437 447 129 428 151 559 114 723 418 368 996 530 798 166 212 331 1086 592 311 334 920 375 398 542 1037 777 656 315 419 443 343 631 310 734 522 759 105 438 385 123 462 518 466 291 151 867 489 402 733 519 902 757 561 844 305 647 1011 529 702 1145 0 963 66 393 381 593 464 1225 601 457 394 1123 227 780 470 1180 490 536
712 942 985 860 925 715 855 1301 1149 1304 33 817 189 1063 756 633 435 802 1260 637 972 706 1361 745 205 787 641 1161 756 676 782 332 859 797 585 279 1054 676 578 870 767 1424 733 812 1099 1153 697 697 651 692 354 208 916 961 718 1472 513 1003 866 1090 963 0 998 740 1304 759 886 1147 507 647 771 1378 872 1077 635 685 775 822
502 513 187 495 118 543 170 775 467 370 1031 502 839 100 242 372 1141 566 305 361 987 438 367 608 1061 843 720 248 485 506 409 670 280 801 581 781 127 501 426 131 528 526 532 358 162 931 477 465 722 583 955 795 627 910 365 671 1070 481 769 1212 66 998 0 459 388 659 530 1292 658 519 460 1185 294 845 531 1241 556 507
45 214 328 133 480 699 296 591 409 619 769 729 551 558 329 263 735 774 597 345 555 51 737 154 881 389 264 705 36 69 55 435 567 350 168 644 429 67 276 400 83 709 74 107 462 576 622 44 819 125 564 540 250 487 123 733 640 817 337 775 393 740 459 0 609 207 171 855 258 96 33 843 183 483 110 794 113 737
652 507 319 551 507 931 463 551 296 34 1336 888 1125 411 586 680 1343 952 100 704 975 622 225 707 1402 902 852 491 613 677 555 972 667 855 775 1127 275 674 732 504 635 137 658 510 230 825 865 641 1110 718 1173 1096 625 895 589 306 1241 836 790 1190 381 1304 388 609 0 741 560 1263 865 702 588 1032 439 764 716 1376 650 892
173 243 508 191 687 880 501 548 481 758 783 921 575 759 533 447 632 961 752 530 352 245 903 53 933 184 131 907 175 191 250 516 771 143 211 739 612 197 443 607 130 817 133 301 638 422 806 220 980 106 493 588 164 289 327 790 513 1020 143 569 593 759 659 207 741 0 183 648 259 202 199 680 368 333 201 634 103 929
181 61 357 42 584 859 396 424 299 579 913 880 696 629 468 428 810 929 577 507 458 222 731 159 1040 344 306 777 141 218 169 598 698 298 300 812 459 220 447 510 118 633 153 198 478 423 781 213 987 197 659 694 98 380 279 614 695 947 246 684 464 886 530 171 560 183 0 763 381 245 140 689 238 330 255 817 113 887
822 792 1120 796 1332 1506 1144 794 966 1290 1155 1559 1019 1391 1182 1087 770 1592 1309 1169 304 894 1467 701 1353 475 651 1540 821 836 893 1056 1419 507 818 1260 1221 841 1073 1253 774 1284 782 939 1236 458 1436 868 1577 747 793 1066 669 382 976 1165 647 1668 523 79 1225 1147 1292 855 1263 648 763 0 809 840 843 428 997 500 834 551 744 1566
219 440 568 360 639 703 488 794 661 873 533 766 319 750 454 324 488 792 846 393 551 243 977 239 674 349 167 886 263 189 310 264 669 338 90 486 661 191 290 561 264 968 230 355 700 675 637 223 769 185 309 328 410 511 297 985 412 901 385 734 601 507 658 258 865 259 381 809 0 162 283 924 429 590 148 592 269 773
65 297 410 215 521 678 350 669 504 710 676 721 458 616 349 247 645 759 686 330 550 84 820 154 795 364 206 759 109 28 147 352 583 333 72 569 507 29 241 440 129 805 96 193 543 613 604 61 780 95 471 451 302 491 155 828 557 829 344 761 457 647 519 96 702 202 245 840 162 0 125 876 268 521 14 722 148 729
64 181 318 101 489 725 302 558 379 600 800 753 582 560 348 290 754 798 582 371 541 82 724 148 914 383 272 708 26 96 50 468 584 342 194 677 421 95 307 410 69 685 74 102 451 550 648 77 848 133 586 572 222 470 145 703 655 834 322 763 394 771 460 33 588 199 140 843 283 125 0 817 174 457 138 804 98 760
829 683 997 731 1260 1542 1077 487 757 1064 1395 1569 1213 1276 1157 1106 1085 1616 1103 1188 410 893 1255 722 1573 592 760 1417 807 859 856 1189 1386 590 891 1411 1083 863 1113 1191 763 1012 787 886 1081 266 1466 875 1656 784 1041 1242 595 419 963 850 946 1633 541 410 1123 1378 1185 843 1032 680 689 428 924 876 817 0 916 360 878 916 735 1576
229 232 144 201 346 665 161 567 305 445 904 669 689 394 258 279 914 723 417 337 692 185 554 320 988 552 446 543 201 246 128 545 471 508 340 726 246 242 322 275 239 552 249 76 278 654 587 207 814 306 738 665 337 616 154 611 823 716 474 917 227 872 294 183 439 368 238 997 429 268 174 916 0 564 282 977 265 676
471 333 661 372 910 1182 724 325 468 792 1098 1209 899 940 798 746 862 1255 816 828 241 533 973 369 1260 310 437 1086 447 502 496 850 1029 286 544 1073 754 506 755 838 403 784 429 528 761 93 1105 516 1298 432 770 917 235 176 602 677 724 1278 211 431 780 1077 845 483 764 333 330 500 590 521 457 360 564 0 524 768 376 1216
76 308 424 226 531 680 362 678 517 725 664 725 446 628 358 252 631 762 700 334 547 98 834 155 785 359 196 770 121 41 161 344 591 329 58 561 520 42 243 451 137 819 103 207 557 615 607 75 779 94 456 440 309 489 167 841 544 836 344 756 470 635 531 110 716 201 255 834 148 14 138 878 282 524 0 709 155 733
749 874 1122 825 1231 1242 1071 1087 1109 1392 682 1323 623 1336 1047 915 253 1336 1383 978 545 805 1529 670 885 492 531 1476 778 737 849 737 1256 536 660 882 1223 742 876 1152 747 1449 730 902 1256 795 1190 778 1254 671 373 686 769 593 876 1400 198 1477 616 524 1180 685 1241 794 1376 634 817 551 592 722 804 916 977 768 709 0 728 1330
94 174 405 102 588 809 401 528 407 665 802 842 586 657 443 372 703 885 655 455 442 160 803 57 934 286 202 805 78 126 149 497 680 244 192 716 509 130 378 509 30 734 53 198 536 469 733 140 921 84 548 587 154 373 237 726 592 930 224 664 490 775 556 113 650 103 113 744 269 148 98 735 265 376 155 728 0 849
759 901 656 845 390 108 522 1238 945 870 852 7 746 488 420 482 1143 60 801 398 1280 689 809 878 782 1091 916 485 773 737 719 597 227 1063 748 543 633 732 493 422 820 1029 801 691 670 1309 139 711 263 824 967 682 981 1218 614 1179 1133 185 1069 1488 536 822 507 737 892 929 887 1566 773 729 760 1576 676 1216 733 1330 849 0
