0 1306 1397 1376 55 375 825 324 606 88 1184 965 730 155 1659 240
1306 0 1955 296 1252 1170 2122 1629 826 1218 2465 1899 1725 1175 899 1435
1397 1955 0 1787 1389 1095 1720 1399 1255 1390 2031 2307 2081 1488 1544 1184
1376 296 1787 0 1321 1162 2201 1690 812 1287 2558 2085 1893 1267 602 1460
55 1252 1389 1321 0 342 880 377 554 33 1238 997 762 120 1607 261
375 1170 1095 1162 342 0 1103 591 351 328 1474 1339 1104 410 1340 317
825 2122 1720 2201 880 1103 0 517 1414 913 370 858 741 946 2444 787
324 1629 1399 1690 377 591 517 0 897 410 885 913 696 467 1929 284
606 826 1255 812 554 351 1414 897 0 523 1780 1488 1262 544 1055 650
88 1218 1390 1287 33 328 913 410 523 0 1271 1015 780 103 1578 282
1184 2465 2031 2558 1238 1474 370 885 1780 1271 0 950 922 1294 2814 1158
965 1899 2307 2085 997 1339 858 913 1488 1015 950 0 235 956 2513 1133
730 1725 2081 1893 762 1104 741 696 1262 780 922 235 0 725 2298 902
155 1175 1488 1267 120 410 946 467 544 103 1294 956 725 0 1595 381
1659 899 1544 602 1607 1340 2444 1929 1055 1578 2814 2513 2298 1595 0 1657
240 1435 1184 1460 261 317 787 284 650 282 1158 1133 902 381 1657 0
