0 1552 1520 118 1314 1430 1313 1524 633 591 1296 1470 1558 449 1637 951
1552 0 2329 1434 2634 2355 2504 1072 1297 1744 2710 2676 2668 1909 2169 632
1520 2329 0 1537 869 2892 2662 2855 1147 929 1105 2781 2921 1207 373 2026
118 1434 1537 0 1394 1468 1383 1441 569 615 1390 1545 1621 539 1627 835
1314 2634 869 1394 0 2406 2086 2835 1338 891 241 2168 2335 867 1229 2149
1430 2355 2892 1468 2406 0 429 1555 2035 1987 2259 513 384 1687 3056 1783
1313 2504 2662 1383 2086 429 0 1846 1946 1804 1916 172 258 1463 2869 1891
1524 1072 2855 1441 2835 1555 1846 0 1709 2012 2818 2000 1927 1973 2824 868
633 1297 1147 569 1338 2035 1946 1709 0 459 1431 2104 2188 730 1139 886
591 1744 929 615 891 1987 1804 2012 459 0 972 1942 2060 372 1071 1267
1296 2710 1105 1390 241 2259 1916 2818 1431 972 0 1985 2159 850 1459 2188
1470 2676 2781 1545 2168 513 172 2000 2104 1942 1985 0 189 1592 3001 2063
1558 2668 2921 1621 2335 384 258 1927 2188 2060 2159 189 0 1721 3127 2071
449 1909 1207 539 867 1687 1463 1973 730 372 850 1592 1721 0 1408 1351
1637 2169 373 1627 1229 3056 2869 2824 1139 1071 1459 3001 3127 1408 0 1964
951 632 2026 835 2149 1783 1891 868 886 1267 2188 2063 2071 1351 1964 0
