0 585 1515 802 764 594 1592 1490 426 1727 1706 844 1315 1263 1113 582
585 0 935 1150 846 1107 2006 1078 950 1246 2291 1005 1901 1005 579 21
1515 935 0 2013 1445 2034 2714 785 1882 996 3215 1617 2827 1353 470 942
802 1150 2013 0 1563 398 2120 2210 473 1805 1609 1624 1263 1105 1728 1134
764 846 1445 1563 0 1293 1268 1027 1137 2063 2022 174 1676 1832 976 863
594 1107 2034 398 1293 0 1723 2084 167 2017 1316 1322 940 1380 1675 1096
1592 2006 2714 2120 1268 1723 0 2208 1666 3252 1438 1098 1311 2856 2245 2017
1490 1078 785 2210 1027 2084 2208 0 1916 1747 3032 1161 2669 1915 576 1097
426 950 1882 473 1137 167 1666 1916 0 1920 1412 1176 1026 1321 1513 941
1727 1246 996 1805 2063 2017 3252 1747 1920 0 3330 2232 2946 739 1242 1235
1706 2291 3215 1609 2022 1316 1438 3032 1412 3330 0 1930 391 2690 2787 2288
844 1005 1617 1624 174 1322 1098 1161 1176 2232 1930 0 1600 1977 1148 1021
1315 1901 2827 1263 1676 940 1311 2669 1026 2946 391 1600 0 2321 2403 1898
1263 1005 1353 1105 1832 1380 2856 1915 1321 739 2690 1977 2321 0 1339 985
1113 579 470 1728 976 1675 2245 576 1513 1242 2787 1148 2403 1339 0 594
582 21 942 1134 863 1096 2017 1097 941 1235 2288 1021 1898 985 594 0
