0 23 1127 290 872 1357 148 1511 1419 1447 34 166 1306 1594 331 1032
23 0 1149 304 886 1366 151 1521 1443 1435 58 179 1327 1580 307 1056
1127 1149 0 903 633 1025 1075 1796 683 1970 1097 1106 232 2189 1451 425
290 304 903 0 581 1076 180 1672 1313 1347 279 387 1058 1525 567 907
872 886 633 581 0 549 750 2074 1274 1339 859 948 661 1560 1122 907
1357 1366 1025 1076 549 0 1217 2623 1708 1220 1352 1462 927 1450 1545 1393
148 151 1075 180 750 1217 0 1642 1438 1325 157 299 1236 1483 386 1038
1511 1521 1796 1672 2074 2623 1642 0 1383 2957 1490 1346 2022 3093 1649 1378
1419 1443 683 1313 1274 1708 1438 1383 0 2569 1385 1319 831 2776 1741 407
1447 1435 1970 1347 1339 1220 1325 2957 2569 0 1470 1613 1986 230 1354 2170
34 58 1097 279 859 1352 157 1490 1385 1470 0 144 1279 1620 364 998
166 179 1106 387 948 1462 299 1346 1319 1613 144 0 1304 1760 428 950
1306 1327 232 1058 661 927 1236 2022 831 1986 1279 1304 0 2211 1620 644
1594 1580 2189 1525 1560 1450 1483 3093 2776 230 1620 1760 2211 0 1461 2374
331 307 1451 567 1122 1545 386 1649 1741 1354 364 428 1620 1461 0 1360
1032 1056 425 907 907 1393 1038 1378 407 2170 998 950 644 2374 1360 0
