0 698 210 1052 909 916 389 1556 857 1296 675 1669 1093 43 892 809
698 0 889 1555 649 1314 854 1179 1384 1145 1052 2280 418 733 193 473
210 889 0 869 1113 978 306 1759 861 1478 566 1459 1293 198 1081 1019
1052 1555 869 0 1953 1769 716 2598 1575 2346 514 792 1968 1056 1718 1832
909 649 1113 1953 0 951 1248 647 1135 495 1514 2568 648 915 695 176
916 1314 978 1769 951 0 1274 1394 269 940 1545 2116 1534 880 1465 1024
389 854 306 716 1248 1274 0 1889 1167 1670 285 1427 1272 412 1030 1119
1556 1179 1759 2598 647 1394 1889 0 1635 473 2148 3210 942 1561 1131 772
857 1384 861 1575 1135 269 1167 1635 0 1194 1417 1866 1661 816 1554 1175
1296 1145 1478 2346 495 940 1670 473 1194 0 1949 2883 1076 1290 1175 671
675 1052 566 514 1514 1545 285 2148 1417 1949 0 1290 1460 696 1208 1375
1669 2280 1459 792 2568 2116 1427 3210 1866 2883 1290 0 2698 1656 2457 2478
1093 418 1293 1968 648 1534 1272 942 1661 1076 1460 2698 0 1123 254 517
43 733 198 1056 915 880 412 1561 816 1290 696 1656 1123 0 927 822
892 193 1081 1718 695 1465 1030 1131 1554 1175 1208 2457 254 927 0 526
809 473 1019 1832 176 1024 1119 772 1175 671 1375 2478 517 822 526 0
