0 390 316 584 1189 378 1538 1408 855 1479 771 1229 12 246 631 1440
390 0 86 228 1317 583 1855 1251 900 1327 1088 1050 402 595 456 1754
316 86 0 313 1320 556 1812 1236 916 1311 1002 1113 328 537 508 1668
584 228 313 0 1287 664 1938 1360 847 1437 1313 864 597 748 332 1981
1189 1317 1320 1287 0 811 984 2555 444 2630 1736 950 1190 1003 970 2284
378 583 556 664 811 0 1279 1764 499 1837 1035 996 379 241 503 1671
1538 1855 1812 1938 984 1279 0 2906 1283 2970 1639 1902 1530 1291 1706 1925
1408 1251 1236 1360 2555 1764 2906 0 2150 76 1453 2201 1412 1647 1683 1840
855 900 916 847 444 499 1283 2150 0 2226 1528 642 859 736 526 2146
1479 1327 1311 1437 2630 1837 2970 76 2226 0 1499 2277 1482 1716 1759 1862
771 1088 1002 1313 1736 1035 1639 1453 1528 1499 0 1993 760 794 1403 670
1229 1050 1113 864 950 996 1902 2201 642 2277 1993 0 1239 1225 611 2651
12 402 328 597 1190 379 1530 1412 859 1482 760 1239 0 240 642 1428
246 595 537 748 1003 241 1291 1647 736 1716 794 1225 240 0 684 1432
631 456 508 332 970 503 1706 1683 526 1759 1403 611 642 684 0 2070
1440 1754 1668 1981 2284 1671 1925 1840 2146 1862 670 2651 1428 1432 2070 0
