0 704 1447 999 686 1400 292 591 391 1014 540 1233 1718 1173 1598 1422
704 0 1407 1639 1214 748 560 679 399 956 589 872 2409 1345 2299 2118
1447 1407 0 2301 2119 1351 1622 870 1203 463 948 699 2753 2582 2350 2138
999 1639 2301 0 489 2376 1082 1539 1390 1932 1512 2222 836 1099 1026 974
686 1214 2119 489 0 1962 659 1277 1041 1698 1226 1906 1325 715 1445 1344
1400 748 1351 2376 1962 0 1305 1082 1019 1058 1035 652 3117 2028 2941 2744
292 560 1622 1082 659 1305 0 752 432 1165 674 1284 1870 960 1823 1662
591 679 870 1539 1277 1082 752 0 352 423 93 700 2151 1712 1892 1687
391 399 1203 1390 1041 1019 432 352 0 742 262 865 2099 1386 1934 1745
1014 956 463 1932 1698 1058 1165 423 742 0 491 464 2479 2125 2150 1938
540 589 948 1512 1226 1035 674 93 262 491 0 711 2153 1635 1918 1716
1233 872 699 2222 1906 652 1284 700 865 464 711 0 2851 2194 2569 2360
1718 2409 2753 836 1325 3117 1870 2151 2099 2479 2153 2851 0 1886 579 722
1173 1345 2582 1099 715 2028 960 1712 1386 2125 1635 2194 1886 0 2120 2042
1598 2299 2350 1026 1445 2941 1823 1892 1934 2150 1918 2569 579 2120 0 213
1422 2118 2138 974 1344 2744 1662 1687 1745 1938 1716 2360 722 2042 213 0
