0 595 522 403 134 65 597 37 623 235 573 202 344 202 785 163 66 329 421 293 819 296 143 768 339 800 83 444 0 330 80 277 452 30 332 393 568 86 234 259 216 404 206 696 676 561 215 610 348 71 537 685 729 241 388 752 447 705 731 192 425 148 82 200 759 365 571 462 465 699 412 23 432 434 625 751 629 821
595 0 293 660 467 646 791 561 288 752 1101 573 669 789 1376 706 661 268 206 853 1315 371 474 973 675 1296 532 997 595 554 566 815 1024 567 671 546 252 592 790 419 803 242 676 730 1272 847 763 791 537 542 101 1278 506 625 921 1087 855 962 1223 756 897 744 596 702 197 739 1162 745 511 1021 841 575 725 273 974 723 696 1351
522 293 0 761 439 547 509 501 103 589 1092 403 442 674 1237 568 581 312 354 702 1332 454 379 1123 744 1312 440 966 522 326 459 793 973 504 737 292 501 562 643 267 684 153 508 436 1157 956 616 938 302 452 345 1149 255 436 744 1188 624 1091 1001 622 689 654 564 543 482 798 1078 488 672 1124 621 499 474 446 713 940 403 1145
403 660 761 0 365 456 990 384 838 625 512 592 742 530 991 553 419 452 458 642 680 310 469 377 80 662 449 465 403 703 471 331 524 388 85 756 475 316 601 572 542 608 608 1062 849 195 592 207 714 443 563 885 1011 640 747 431 848 331 1087 560 812 457 321 599 734 121 696 861 193 366 811 413 831 389 1027 382 998 1143
134 467 439 365 0 195 633 97 533 349 659 243 396 336 919 283 198 199 287 423 894 169 105 742 324 874 109 541 134 340 146 361 561 104 316 391 436 129 361 209 351 301 297 696 807 549 339 568 350 111 404 817 671 299 512 766 537 692 851 321 533 281 132 306 626 370 694 513 372 706 506 120 483 302 706 668 632 949
65 646 547 456 195 0 562 101 650 172 567 184 307 144 730 99 46 384 480 228 816 361 176 813 388 797 115 431 66 315 87 281 429 94 380 381 632 142 168 279 158 441 155 677 628 604 149 661 338 103 593 632 738 208 322 782 391 746 665 127 362 106 137 143 816 405 533 422 529 732 354 75 393 497 570 812 608 756
597 791 509 990 633 562 0 609 572 446 1086 399 254 590 967 493 608 671 766 530 1336 766 527 1363 934 1318 541 946 597 296 521 833 916 606 927 264 943 682 509 456 589 567 412 194 947 1159 494 1197 294 547 814 912 466 356 492 1345 277 1302 586 524 378 627 679 438 987 963 939 144 997 1294 308 582 171 841 242 1294 151 750
37 561 501 384 97 101 609 0 600 267 591 210 358 239 821 196 101 294 385 329 834 260 124 754 325 815 73 465 36 332 87 292 477 6 318 392 531 75 270 243 253 376 230 698 711 550 250 591 348 63 501 720 715 256 423 749 473 694 765 228 456 183 73 229 723 357 602 477 434 694 439 31 447 397 649 723 632 858
623 288 103 838 533 650 572 600 0 691 1190 506 536 778 1339 671 682 386 405 805 1428 529 480 1191 828 1408 541 1066 623 423 562 891 1075 604 821 383 526 659 746 370 788 235 611 467 1261 1034 719 1006 397 554 364 1252 218 537 844 1269 715 1164 1091 725 784 756 661 645 453 885 1181 571 733 1204 715 599 560 496 791 985 449 1238
235 752 589 625 349 172 446 267 691 0 640 188 212 144 647 73 206 511 615 114 890 519 287 972 554 872 244 500 236 283 205 397 473 261 547 345 780 315 66 340 143 522 80 596 575 761 48 828 311 239 717 562 728 156 169 919 227 900 501 80 189 191 309 50 937 564 522 301 701 875 188 237 277 648 407 985 528 606
573 1101 1092 512 659 567 1086 591 1190 640 0 749 846 496 590 602 524 842 896 566 251 731 715 599 455 233 657 140 573 880 646 299 180 588 457 946 968 531 577 833 496 960 686 1230 441 448 592 580 903 645 1016 499 1302 761 641 420 840 509 889 563 754 472 529 654 1217 394 289 942 704 419 800 597 917 856 1002 835 1162 869
202 573 403 592 243 184 399 210 506 188 749 0 153 280 834 168 229 351 457 299 999 399 144 964 536 981 143 612 202 131 123 465 603 207 528 197 632 284 240 154 288 337 107 495 755 761 213 799 154 149 548 746 564 59 351 955 306 904 655 222 327 278 281 140 762 566 685 271 615 901 282 185 241 507 466 911 427 778
344 669 442 742 396 307 254 358 536 212 846 153 0 350 826 244 354 481 586 317 1097 547 294 1112 683 1079 295 705 344 117 270 581 683 354 675 156 764 429 279 262 352 427 160 385 772 906 258 950 140 299 662 751 532 102 321 1090 186 1049 561 283 248 378 426 191 865 709 732 118 767 1039 179 330 88 646 321 1064 317 703
202 789 674 530 336 144 590 239 778 144 496 280 350 0 586 113 141 528 623 112 747 496 317 854 452 729 257 356 202 401 225 261 333 232 446 466 770 251 86 408 14 580 195 735 487 643 95 723 427 247 737 489 843 274 217 784 360 777 558 66 297 73 245 160 960 450 405 445 638 744 319 217 420 635 537 905 667 630
785 1376 1237 991 919 730 967 821 1339 647 590 834 826 586 0 676 720 1114 1206 534 715 1067 903 1181 913 708 844 546 785 924 810 663 477 815 910 979 1341 812 595 982 573 1161 728 1158 150 1004 623 1127 951 834 1323 106 1358 802 504 1010 694 1091 478 623 596 638 807 694 1545 874 309 855 1154 1007 672 803 846 1209 769 1365 1100 367
163 706 568 553 283 99 493 196 671 73 602 168 244 113 676 0 134 455 557 147 853 452 233 904 482 835 183 462 164 288 144 340 444 190 475 353 717 242 83 306 120 485 84 628 589 693 57 757 314 175 664 584 730 161 229 858 296 833 569 54 262 134 236 54 886 494 517 349 629 812 258 167 322 584 476 912 560 667
66 661 581 419 198 46 608 101 682 206 524 229 354 141 720 134 0 395 486 241 773 355 204 771 348 754 141 390 66 361 123 235 392 94 341 426 629 114 188 314 156 467 200 723 610 561 175 622 383 129 603 619 778 255 341 736 430 702 686 146 393 82 108 183 825 362 506 468 505 686 392 86 439 495 610 783 655 768
329 268 312 452 199 384 671 294 386 511 842 351 481 528 1114 455 395 0 106 602 1066 143 223 811 444 1046 274 732 329 385 311 550 757 300 438 407 283 323 538 221 542 159 442 678 1005 648 513 626 379 283 209 1014 566 410 680 883 655 780 1003 502 676 478 328 462 432 504 893 583 364 818 633 311 557 169 803 646 625 1117
421 206 354 458 287 480 766 385 405 615 896 457 586 623 1206 557 486 106 0 702 1109 165 327 791 469 1089 374 797 421 485 412 615 828 391 464 502 179 401 639 324 637 216 547 756 1093 649 615 606 478 382 121 1105 607 516 784 889 761 771 1109 602 782 568 406 566 339 532 973 685 329 823 739 405 659 92 906 585 707 1222
293 853 702 642 423 228 530 329 805 114 566 299 317 112 534 147 241 602 702 0 811 589 380 964 565 794 328 428 293 397 290 365 390 323 558 458 859 356 63 448 100 629 194 694 461 753 90 836 425 320 811 447 841 271 104 885 273 886 447 101 194 185 350 159 1033 562 416 389 746 847 233 303 368 725 441 1017 628 528
819 1315 1332 680 894 816 1336 834 1428 890 251 999 1097 747 715 853 773 1066 1109 811 0 943 958 623 644 19 902 391 819 1131 894 542 421 832 648 1197 1155 769 826 1077 746 1195 938 1481 584 551 842 677 1154 890 1225 648 1549 1012 879 401 1084 545 1093 814 995 723 768 905 1412 580 467 1192 870 438 1045 842 1167 1056 1241 930 1413 1045
296 371 454 310 169 361 766 260 529 519 731 399 547 496 1067 452 355 143 165 589 943 0 254 668 308 924 277 633 296 471 315 453 668 266 303 508 275 254 529 312 511 301 465 798 946 505 508 484 472 281 285 963 708 458 681 741 701 636 1020 488 702 433 260 475 494 370 819 660 235 676 673 287 631 141 865 528 740 1117
143 474 379 469 105 176 527 124 480 287 715 144 294 317 903 233 204 223 327 380 958 254 0 846 424 939 62 587 143 234 92 416 595 126 416 287 496 193 317 119 330 264 220 593 804 650 291 674 245 74 431 807 592 203 457 860 448 793 782 282 457 281 193 238 652 464 709 410 473 803 421 119 380 367 610 770 528 894
768 973 1123 377 742 813 1363 754 1191 972 599 964 1112 854 1181 904 771 811 791 964 623 668 846 0 428 611 822 642 768 1080 842 603 713 757 436 1133 740 682 935 949 864 970 969 1439 1031 211 932 185 1091 816 872 1083 1377 1009 1066 223 1200 90 1388 899 1150 787 686 954 990 409 872 1230 463 188 1161 781 1200 705 1380 347 1375 1412
339 675 744 80 324 388 934 325 828 554 455 536 683 452 913 482 348 444 469 565 644 308 424 428 0 625 394 395 339 654 413 251 450 328 7 710 514 253 526 534 464 593 543 1017 772 226 518 274 667 387 582 807 988 580 669 445 779 370 1008 486 738 380 257 530 769 64 622 801 253 383 741 352 771 412 958 463 952 1062
800 1296 1312 662 874 797 1318 815 1408 872 233 981 1079 729 708 835 754 1046 1089 794 19 924 939 611 625 0 883 373 800 1112 875 522 404 813 629 1178 1136 750 809 1058 729 1175 919 1463 576 535 824 661 1135 871 1205 640 1529 994 863 391 1067 533 1080 796 979 705 748 887 1393 561 456 1174 853 426 1028 823 1149 1037 1225 915 1395 1036
83 532 440 449 109 115 541 73 541 244 657 143 295 257 844 183 141 274 374 328 902 277 62 822 394 883 0 527 83 260 38 360 533 73 387 319 536 148 265 175 271 327 188 626 743 621 240 656 275 12 483 747 646 195 411 822 428 764 745 228 425 219 147 198 705 429 646 414 478 766 397 59 384 403 598 772 559 849
444 997 966 465 541 431 946 465 1066 500 140 612 705 356 546 462 390 732 797 428 391 633 587 642 395 373 527 0 444 742 514 182 70 462 394 808 887 412 437 703 356 840 546 1090 397 458 451 581 766 515 918 444 1169 621 508 500 702 553 778 423 619 333 409 514 1127 344 238 802 647 481 662 467 777 767 868 825 1022 778
0 595 522 403 134 66 597 36 623 236 573 202 344 202 785 164 66 329 421 293 819 296 143 768 339 800 83 444 0 330 80 277 452 30 332 393 568 86 234 259 217 403 206 696 677 561 215 610 348 71 537 685 729 241 388 752 448 705 731 193 425 149 82 201 759 365 571 462 465 699 412 23 432 434 625 751 629 822
330 554 326 703 340 315 296 332 423 283 880 131 117 401 924 288 361 385 485 397 1131 471 234 1080 654 1112 260 742 330 0 250 597 731 331 646 66 665 408 346 163 407 313 209 366 858 880 321 908 27 268 553 843 445 128 422 1081 303 1024 678 338 362 408 406 246 751 689 802 199 701 1026 296 310 174 553 424 997 299 819
80 566 459 471 146 87 521 87 562 205 646 123 270 225 810 144 123 311 412 290 894 315 92 842 413 875 38 514 80 250 0 353 515 84 405 312 574 160 227 192 238 355 152 616 713 637 202 679 268 34 520 714 655 168 372 832 394 781 706 191 387 194 158 160 742 442 620 389 511 778 362 61 359 442 566 804 549 810
277 815 793 331 361 281 833 292 891 397 299 465 581 261 663 340 235 550 615 365 542 453 416 603 251 522 360 182 277 597 353 0 217 290 247 662 712 233 347 535 268 662 421 958 524 395 351 494 618 348 736 556 1006 487 464 523 621 522 786 318 557 207 230 395 947 221 379 690 493 483 580 300 662 588 798 711 889 823
452 1024 973 524 561 429 916 477 1075 473 180 603 683 333 477 444 392 757 828 390 421 668 595 713 450 404 533 70 452 731 515 217 0 473 449 797 930 433 408 707 330 854 528 1069 329 528 425 649 756 521 950 374 1166 606 460 567 663 623 715 400 575 325 429 493 1163 404 172 773 701 550 623 475 749 805 823 890 1001 709
30 567 504 388 104 94 606 6 604 261 588 207 354 232 815 190 94 300 391 323 832 266 126 757 328 813 73 462 30 331 84 290 473 0 321 391 538 77 263 245 247 381 225 697 705 553 243 595 347 62 508 714 717 252 416 750 468 696 759 222 450 177 74 223 730 359 597 473 440 695 434 25 443 404 644 729 630 851
332 671 737 85 316 380 927 318 821 547 457 528 675 446 910 475 341 438 464 558 648 303 416 436 7 629 387 394 332 646 405 247 449 321 0 702 512 245 519 526 458 587 535 1009 769 234 511 281 659 380 578 804 981 573 663 452 771 377 1002 479 731 373 249 523 766 68 619 794 253 390 733 345 764 408 951 468 944 1057
393 546 292 756 391 381 264 392 383 345 946 197 156 466 979 353 426 407 502 458 1197 508 287 1133 710 1178 319 808 393 66 312 662 797 391 702 0 680 468 409 195 472 310 273 307 918 937 385 960 44 329 557 900 383 192 475 1142 332 1080 709 403 404 474 466 309 744 748 866 200 741 1086 333 372 182 577 428 1037 241 855
568 252 501 475 436 632 943 531 526 780 968 632 764 770 1341 717 629 283 179 859 1155 275 496 740 514 1136 536 887 568 665 574 712 930 538 512 680 0 529 797 503 785 383 717 923 1218 642 775 565 657 542 161 1237 741 691 947 879 937 741 1279 758 954 708 534 733 260 578 1087 864 295 813 914 556 838 134 1085 472 878 1385
86 592 562 316 129 142 682 75 659 315 531 284 429 251 812 242 114 323 401 356 769 254 193 682 253 750 148 412 86 408 160 233 433 77 245 468 529 0 303 313 266 429 292 774 693 476 288 523 424 139 522 709 785 327 456 673 532 620 801 260 504 182 6 284 740 282 572 548 390 618 496 99 518 396 711 670 707 881
234 790 643 601 361 168 509 270 746 66 577 240 279 86 595 83 188 538 639 63 826 529 317 935 526 809 265 437 234 346 227 347 408 263 519 409 797 303 0 386 81 566 138 662 515 724 27 799 374 257 747 506 792 218 153 870 274 860 498 42 214 148 297 102 969 528 456 365 693 829 233 242 341 664 451 970 595 588
259 419 267 572 209 279 456 243 370 340 833 154 262 408 982 306 314 221 324 448 1077 312 119 949 534 1058 175 703 259 163 192 535 707 245 526 195 503 313 386 0 419 183 260 492 894 759 359 771 161 188 402 890 472 205 505 975 442 901 805 360 478 386 313 290 611 579 810 362 546 916 425 235 335 389 582 841 431 932
216 803 684 542 351 158 589 253 788 143 496 288 352 14 573 120 156 542 637 100 746 511 330 864 464 729 271 356 217 407 238 268 330 247 458 472 785 266 81 419 0 592 199 738 475 653 95 735 433 260 751 476 850 279 205 791 355 787 545 70 288 87 260 164 974 461 397 445 652 751 314 232 420 650 530 919 670 616
404 242 153 608 301 441 567 376 235 522 960 337 427 580 1161 485 467 159 216 629 1195 301 264 970 593 1175 327 840 403 313 355 662 854 381 587 310 383 429 566 183 592 0 443 541 1068 803 539 785 297 339 247 1067 407 386 688 1036 613 937 982 537 657 546 431 473 438 649 973 507 522 972 600 381 485 305 735 797 495 1113
206 676 508 608 297 155 412 230 611 80 686 107 160 195 728 84 200 442 547 194 938 465 220 969 543 919 188 546 206 209 152 421 528 225 535 273 717 292 138 260 199 443 0 543 653 760 112 815 236 186 645 641 654 80 245 934 243 902 562 129 237 217 287 36 863 561 592 269 663 886 210 199 240 587 419 954 475 677
696 730 436 1062 696 677 194 698 467 596 1230 495 385 735 1158 628 723 678 756 694 1481 798 593 1439 1017 1463 626 1090 696 366 616 958 1069 697 1009 307 923 774 662 492 738 541 543 0 1130 1244 643 1263 350 635 776 1098 308 471 671 1448 463 1387 778 669 563 759 772 576 914 1055 1109 309 1033 1393 490 677 326 842 431 1323 68 943
676 1272 1157 849 807 628 947 711 1261 575 441 755 772 487 150 589 610 1005 1093 461 584 946 804 1031 772 576 743 397 677 858 713 524 329 705 769 918 1218 693 515 894 475 1068 653 1130 0 855 542 978 886 732 1211 64 1302 732 459 861 669 941 537 535 568 528 687 617 1432 730 159 821 1017 857 640 696 807 1087 777 1219 1068 464
561 847 956 195 549 604 1159 550 1034 761 448 761 906 643 1004 693 561 648 649 753 551 505 650 211 226 535 621 458 561 880 637 395 528 553 234 937 642 476 724 759 653 803 760 1244 855 0 721 132 894 613 748 902 1205 803 856 240 989 143 1181 688 938 576 480 744 902 198 696 1023 347 173 949 576 993 574 1169 389 1178 1212
215 763 616 592 339 149 494 250 719 48 592 213 258 95 623 57 175 513 615 90 842 508 291 932 518 824 240 451 215 321 202 351 425 243 511 385 775 288 27 359 95 539 112 643 542 721 0 792 348 233 722 533 766 192 173 874 270 859 515 33 220 146 282 75 943 524 481 350 678 831 230 221 325 641 449 958 575 610
610 791 938 207 568 661 1197 591 1006 828 580 799 950 723 1127 757 622 626 606 836 677 484 674 185 274 661 656 581 610 908 679 494 649 595 281 960 565 523 799 771 735 785 815 1263 978 132 792 0 918 650 690 1023 1192 848 940 325 1053 177 1275 760 1013 652 527 804 820 276 820 1069 280 262 1015 620 1038 521 1232 257 1200 1317
348 537 302 714 350 338 294 348 397 311 903 154 140 427 951 314 383 379 478 425 1154 472 245 1091 667 1135 275 766 348 27 268 618 756 347 659 44 657 424 374 161 433 297 236 350 886 894 348 918 0 284 540 870 418 155 449 1098 325 1037 701 364 387 432 422 272 735 704 829 210 705 1042 319 328 187 549 438 1001 284 843
71 542 452 443 111 103 547 63 554 239 645 149 299 247 834 175 129 283 382 320 890 281 74 816 387 871 12 515 71 268 34 348 521 62 380 329 542 139 257 188 260 339 186 635 732 613 233 650 284 0 492 736 658 198 404 813 428 757 740 219 422 207 137 194 715 420 634 418 478 757 396 47 388 409 600 771 568 842
537 101 345 563 404 593 814 501 364 717 1016 548 662 737 1323 664 603 209 121 811 1225 285 431 872 582 1205 483 918 537 553 520 736 950 508 578 557 161 522 747 402 751 247 645 776 1211 748 722 690 540 492 0 1222 580 604 887 988 844 862 1203 711 876 685 527 668 222 646 1094 751 410 921 826 520 727 174 978 628 735 1323
685 1278 1149 885 817 632 912 720 1252 562 499 746 751 489 106 584 619 1014 1105 447 648 963 807 1083 807 640 747 444 685 843 714 556 374 714 804 900 1237 709 506 890 476 1067 641 1098 64 902 533 1023 870 736 1222 0 1283 718 432 919 635 993 478 530 535 536 703 606 1444 768 211 791 1048 912 609 703 779 1105 732 1260 1038 400
729 506 255 1011 671 738 466 715 218 728 1302 564 532 843 1358 730 778 566 607 841 1549 708 592 1377 988 1529 646 1169 729 445 655 1006 1166 717 981 383 741 785 792 472 850 407 654 308 1302 1205 766 1192 418 658 580 1283 0 573 854 1433 682 1342 1040 782 769 840 785 690 663 1039 1246 520 928 1371 694 706 521 700 707 1192 318 1199
241 625 436 640 299 208 356 256 537 156 761 59 102 274 802 161 255 410 516 271 1012 458 203 1009 580 994 195 621 241 128 168 487 606 252 573 192 691 327 218 205 279 386 80 471 732 803 192 848 155 198 604 718 573 0 308 990 246 946 599 210 272 289 323 117 817 607 673 221 672 938 223 228 190 567 407 967 402 727
388 921 744 747 512 322 492 423 844 169 641 351 321 217 504 229 341 680 784 104 879 681 457 1066 669 863 411 508 388 422 372 464 460 416 663 475 947 456 153 505 205 688 245 671 459 856 173 940 449 404 887 432 854 308 0 980 216 987 345 196 118 289 450 219 1107 665 450 362 847 945 183 395 348 813 362 1120 609 438
752 1087 1188 431 766 782 1345 749 1269 919 420 955 1090 784 1010 858 736 883 889 885 401 741 860 223 445 391 822 500 752 1081 832 523 567 750 452 1142 879 673 870 975 791 1036 934 1448 861 240 874 325 1098 813 988 919 1433 990 980 0 1144 157 1276 840 1079 728 675 912 1138 396 708 1204 585 66 1104 771 1175 814 1322 554 1381 1277
447 855 624 848 537 391 277 473 715 227 840 306 186 360 694 296 430 655 761 273 1084 701 448 1200 779 1067 428 702 448 303 394 621 663 468 771 332 937 532 274 442 355 613 243 463 669 989 270 1053 325 428 844 635 682 246 216 1144 0 1128 376 304 100 417 527 248 1051 791 666 163 906 1101 40 442 161 813 180 1197 406 524
705 962 1091 331 692 746 1302 694 1164 900 509 904 1049 777 1091 833 702 780 771 886 545 636 793 90 370 533 764 553 705 1024 781 522 623 696 377 1080 741 620 860 901 787 937 902 1387 941 143 859 177 1037 757 862 993 1342 946 987 157 1128 0 1304 825 1074 712 623 885 997 340 782 1166 452 107 1088 720 1136 690 1308 396 1322 1325
731 1223 1001 1087 851 665 586 765 1091 501 889 655 561 558 478 569 686 1003 1109 447 1093 1020 782 1388 1008 1080 745 778 731 678 706 786 715 759 1002 709 1279 801 498 805 545 982 562 778 537 1181 515 1275 701 740 1203 478 1040 599 345 1276 376 1304 0 540 327 632 795 546 1416 998 625 524 1192 1250 383 736 531 1148 348 1464 736 165
192 756 622 560 321 127 524 228 725 80 563 222 283 66 623 54 146 502 602 101 814 488 282 899 486 796 228 423 193 338 191 318 400 222 479 403 758 260 42 360 70 537 129 669 535 688 33 760 364 219 711 530 782 210 196 840 304 825 540 0 252 113 255 94 933 491 464 380 651 797 264 201 354 623 483 928 601 629
425 897 689 812 533 362 378 456 784 189 754 327 248 297 596 262 393 676 782 194 995 702 457 1150 738 979 425 619 425 362 387 557 575 450 731 404 954 504 214 478 288 657 237 563 568 938 220 1013 387 422 876 535 769 272 118 1079 100 1074 327 252 0 362 499 227 1089 743 568 258 890 1040 75 425 250 825 248 1175 504 457
148 744 654 457 281 106 627 183 756 191 472 278 378 73 638 134 82 478 568 185 723 433 281 787 380 705 219 333 149 408 194 207 325 177 373 474 708 182 148 386 87 546 217 759 528 576 146 652 432 207 685 536 840 289 289 728 417 712 632 113 362 0 176 189 907 380 427 483 566 684 377 168 456 574 596 832 691 702
82 596 564 321 132 137 679 73 661 309 529 281 426 245 807 236 108 328 406 350 768 260 193 686 257 748 147 409 82 406 158 230 429 74 249 466 534 6 297 313 260 431 287 772 687 480 282 527 422 137 527 703 785 323 450 675 527 623 795 255 499 176 0 279 745 284 567 544 396 620 491 96 514 401 706 676 705 875
200 702 543 599 306 143 438 229 645 50 654 140 191 160 694 54 183 462 566 159 905 475 238 954 530 887 198 514 201 246 160 395 493 223 523 309 733 284 102 290 164 473 36 576 617 744 75 804 272 194 668 606 690 117 219 912 248 885 546 94 227 189 279 0 887 546 556 294 664 865 212 198 267 601 427 952 508 655
759 197 482 734 626 816 987 723 453 937 1217 762 865 960 1545 886 825 432 339 1033 1412 494 652 990 769 1393 705 1127 759 751 742 947 1163 730 766 744 260 740 969 611 974 438 863 914 1432 902 943 820 735 715 222 1444 663 817 1107 1138 1051 997 1416 933 1089 907 745 887 0 833 1312 943 555 1072 1036 742 922 361 1172 690 886 1540
365 739 798 121 370 405 963 357 885 564 394 566 709 450 874 494 362 504 532 562 580 370 464 409 64 561 429 344 365 689 442 221 404 359 68 748 578 282 528 579 461 649 561 1055 730 198 524 276 704 420 646 768 1039 607 665 396 791 340 998 491 743 380 284 546 833 0 576 826 310 338 752 381 796 476 971 492 988 1043
571 1162 1078 696 694 533 939 602 1181 522 289 685 732 405 309 517 506 893 973 416 467 819 709 872 622 456 646 238 571 802 620 379 172 597 619 866 1087 572 456 810 397 973 592 1109 159 696 481 820 829 634 1094 211 1246 673 450 708 666 782 625 464 568 427 567 556 1312 576 0 802 871 700 631 593 783 959 803 1063 1044 585
462 745 488 861 513 422 144 477 571 301 942 271 118 445 855 349 468 583 685 389 1192 660 410 1230 801 1174 414 802 462 199 389 690 773 473 794 200 864 548 365 362 445 507 269 309 821 1023 350 1069 210 418 751 791 520 221 362 1204 163 1166 524 380 258 483 544 294 943 826 802 0 884 1154 183 449 30 751 228 1180 247 680
465 511 672 193 372 529 997 434 733 701 704 615 767 638 1154 629 505 364 329 746 870 235 473 463 253 853 478 647 465 701 511 493 701 440 253 741 295 390 693 546 652 522 663 1033 1017 347 678 280 705 478 410 1048 928 672 847 585 906 452 1192 651 890 566 396 664 555 310 871 884 0 518 873 465 854 241 1077 296 975 1268
699 1021 1124 366 706 732 1294 694 1204 875 419 901 1039 744 1007 812 686 818 823 847 438 676 803 188 383 426 766 481 699 1026 778 483 550 695 390 1086 813 618 829 916 751 972 886 1393 857 173 831 262 1042 757 921 912 1371 938 945 66 1101 107 1250 797 1040 684 620 865 1072 338 700 1154 518 0 1061 716 1125 747 1280 499 1326 1259
412 841 621 811 506 354 308 439 715 188 800 282 179 319 672 258 392 633 739 233 1045 673 421 1161 741 1028 397 662 412 296 362 580 623 434 733 333 914 496 233 425 314 600 210 490 640 949 230 1015 319 396 826 609 694 223 183 1104 40 1088 383 264 75 377 491 212 1036 752 631 183 873 1061 0 408 174 788 219 1163 429 523
23 575 499 413 120 75 582 31 599 237 597 185 330 217 803 167 86 311 405 303 842 287 119 781 352 823 59 467 23 310 61 300 475 25 345 372 556 99 242 235 232 381 199 677 696 576 221 620 328 47 520 703 706 228 395 771 442 720 736 201 425 168 96 198 742 381 593 449 465 716 408 0 419 422 618 754 610 830
432 725 474 831 483 393 171 447 560 277 917 241 88 420 846 322 439 557 659 368 1167 631 380 1200 771 1149 384 777 432 174 359 662 749 443 764 182 838 518 341 335 420 485 240 326 807 993 325 1038 187 388 727 779 521 190 348 1175 161 1136 531 354 250 456 514 267 922 796 783 30 854 1125 174 419 0 724 250 1151 261 684
434 273 446 389 302 497 841 397 496 648 856 507 646 635 1209 584 495 169 92 725 1056 141 367 705 412 1037 403 767 434 553 442 588 805 404 408 577 134 396 664 389 650 305 587 842 1087 574 641 521 549 409 174 1105 700 567 813 814 813 690 1148 623 825 574 401 601 361 476 959 751 241 747 788 422 724 0 967 493 791 1251
625 974 713 1027 706 570 242 649 791 407 1002 466 321 537 769 476 610 803 906 441 1241 865 610 1380 958 1225 598 868 625 424 566 798 823 644 951 428 1085 711 451 582 530 735 419 431 777 1169 449 1232 438 600 978 732 707 407 362 1322 180 1308 348 483 248 596 706 427 1172 971 803 228 1077 1280 219 618 250 967 0 1371 394 514
751 723 940 382 668 812 1294 723 985 985 835 911 1064 905 1365 912 783 646 585 1017 930 528 770 347 463 915 772 825 751 997 804 711 890 729 468 1037 472 670 970 841 919 797 954 1323 1219 389 958 257 1001 771 628 1260 1192 967 1120 554 1197 396 1464 928 1175 832 676 952 690 492 1063 1180 296 499 1163 754 1151 493 1371 0 1267 1525
629 696 403 998 632 608 151 632 449 528 1162 427 317 667 1100 560 655 625 707 628 1413 740 528 1375 952 1395 559 1022 629 299 549 889 1001 630 944 241 878 707 595 431 670 495 475 68 1068 1178 575 1200 284 568 735 1038 318 402 609 1381 406 1322 736 601 504 691 705 508 886 988 1044 247 975 1326 429 610 261 791 394 1267 0 899
821 1351 1145 1143 949 756 750 858 1238 606 869 778 703 630 367 667 768 1117 1222 528 1045 1117 894 1412 1062 1036 849 778 822 819 810 823 709 851 1057 855 1385 881 588 932 616 1113 677 943 464 1212 610 1317 843 842 1323 400 1199 727 438 1277 524 1325 165 629 457 702 875 655 1540 1043 585 680 1268 1259 523 830 684 1251 514 1525 899 0
