0 9 263 1173 743 1661 201 1255 174 1240 984 786 617 515 1539 1187 537
9 0 261 1175 734 1654 192 1257 180 1231 985 778 608 507 1543 1181 535
263 261 0 947 806 1456 341 1018 224 1159 1245 608 668 615 1795 1375 785
1173 1175 947 0 1684 1549 1288 125 1026 1757 2126 1132 1551 1536 2533 2320 1709
743 734 806 1684 0 1413 542 1725 900 680 1103 697 138 233 1831 747 685
1661 1654 1456 1549 1413 0 1561 1480 1681 851 2465 878 1380 1498 3145 2128 1986
201 192 341 1288 542 1561 0 1356 363 1066 965 685 417 316 1591 1036 480
1255 1257 1018 125 1725 1480 1356 0 1116 1748 2220 1136 1594 1590 2645 2381 1792
174 180 224 1026 900 1681 363 1116 0 1344 1104 827 769 679 1600 1359 688
1240 1231 1159 1757 680 851 1066 1748 1344 0 1784 637 715 855 2511 1311 1354
984 985 1245 2126 1103 2465 965 2220 1104 1784 0 1620 1095 969 738 779 489
786 778 608 1132 697 878 685 1136 827 637 1620 0 605 684 2276 1440 1132
617 608 668 1551 138 1380 417 1594 769 715 1095 605 0 140 1807 839 641
515 507 615 1536 233 1498 316 1590 679 855 969 684 140 0 1672 800 505
1539 1543 1795 2533 1831 3145 1591 2645 1600 2511 738 2276 1807 1672 0 1466 1168
1187 1181 1375 2320 747 2128 1036 2381 1359 1311 779 1440 839 800 1466 0 735
537 535 785 1709 685 1986 480 1792 688 1354 489 1132 641 505 1168 735 0
