0 1390 193 1632 1445 1061 563 722 432 451 704 1593 975 94 1636 1133 202
1390 0 1209 2937 282 948 1952 991 1497 1344 2091 403 541 1349 3025 1421 1467
193 1209 0 1824 1253 887 753 551 431 503 894 1400 827 140 1817 1015 355
1632 2937 1824 0 3047 2669 1131 2336 1835 1599 999 3201 2426 1710 837 2601 1493
1445 282 1253 3047 0 779 2006 913 1469 1483 2148 159 748 1388 3059 1250 1556
1061 948 887 2669 779 0 1545 338 871 1332 1684 849 1023 972 2499 474 1243
563 1952 753 1131 2006 1545 0 1218 705 782 143 2152 1512 619 1079 1479 516
722 991 551 2336 913 338 1218 0 577 1014 1359 1027 878 634 2205 564 906
432 1497 431 1835 1469 871 705 577 0 880 835 1594 1211 356 1631 779 621
451 1344 503 1599 1483 1332 782 1014 880 0 887 1642 826 525 1823 1516 305
704 2091 894 999 2148 1684 143 1359 835 887 0 2294 1643 762 948 1603 642
1593 403 1400 3201 159 849 2152 1027 1594 1642 2294 0 902 1532 3198 1308 1709
975 541 827 2426 748 1023 1512 878 1211 826 1643 902 0 963 2591 1427 1001
94 1349 140 1710 1388 972 619 634 356 525 762 1532 963 0 1678 1038 296
1636 3025 1817 837 3059 2499 1079 2205 1631 1823 948 3198 2591 1678 0 2286 1590
1133 1421 1015 2601 1250 474 1479 564 779 1516 1603 1308 1427 1038 2286 0 1334
202 1467 355 1493 1556 1243 516 906 621 305 642 1709 1001 296 1590 1334 0
