0 1476 751 1444 647 1267 718 70 1603 887 335 559 1394 837 201 339
1476 0 1825 756 1704 252 2030 1542 3028 1082 1195 1925 1640 661 1278 1437
751 1825 0 1451 128 1576 342 760 1307 1590 1015 403 2144 1335 798 1091
1444 756 1451 0 1357 590 1744 1514 2753 1512 1305 1696 2169 950 1258 1576
647 1704 128 1357 0 1455 394 663 1396 1468 894 401 2033 1206 677 986
1267 252 1576 590 1455 0 1789 1336 2794 1016 1012 1690 1635 505 1067 1271
718 2030 342 1744 394 1789 0 694 1015 1605 1041 167 2078 1467 844 1028
70 1542 760 1514 663 1336 694 0 1550 917 385 530 1397 900 271 338
1603 3028 1307 2753 1396 2794 1015 1550 0 2432 1935 1104 2732 2429 1780 1815
887 1082 1590 1512 1468 1016 1605 917 2432 0 576 1445 672 562 792 617
335 1195 1015 1305 894 1012 1041 385 1935 576 0 888 1160 536 217 272
559 1925 403 1696 401 1690 167 530 1104 1445 888 0 1910 1338 701 862
1394 1640 2144 2169 2033 1635 2078 1397 2732 672 1160 1910 0 1227 1370 1058
837 661 1335 950 1206 505 1467 900 2429 562 536 1338 1227 0 649 777
201 1278 798 1258 677 1067 844 271 1780 792 217 701 1370 649 0 383
339 1437 1091 1576 986 1271 1028 338 1815 617 272 862 1058 777 383 0
