0 273 1425 1011 355 398 1157 333 933 590 394 255 1076 1397 1237 1640
273 0 1517 939 134 184 1082 313 888 772 522 464 1021 1602 970 1391
1425 1517 0 872 1651 1417 854 1750 2358 1880 1032 1610 2500 744 1955 2023
1011 939 872 0 1052 772 146 1245 1823 1596 721 1263 1950 1381 1089 1169
355 134 1651 1052 0 281 1194 245 770 754 653 482 899 1725 946 1395
398 184 1417 772 281 0 913 496 1051 947 498 627 1178 1586 855 1242
1157 1082 854 146 1194 913 0 1390 1964 1742 858 1409 2090 1430 1152 1169
333 313 1750 1245 245 496 1390 0 609 519 719 308 750 1719 1175 1636
933 888 2358 1823 770 1051 1964 609 0 716 1325 795 144 2267 1448 1948
590 772 1880 1596 754 947 1742 519 716 0 916 335 843 1631 1694 2149
394 522 1032 721 653 498 858 719 1325 916 0 604 1468 1090 1307 1615
255 464 1610 1263 482 627 1409 308 795 335 604 0 939 1472 1424 1855
1076 1021 2500 1950 899 1178 2090 750 144 843 1468 939 0 2410 1513 2013
1397 1602 744 1381 1725 1586 1430 1719 2267 1631 1090 1472 2410 0 2335 2534
1237 970 1955 1089 946 855 1152 1175 1448 1694 1307 1424 1513 2335 0 499
1640 1391 2023 1169 1395 1242 1169 1636 1948 2149 1615 1855 2013 2534 499 0
