0 363 691 237 505 701 762 450 717 171 5 818 362 350 582 212 209 480 642 18 254 120 95 136 652 203 262 652 555 269 169 467 625 629 513 827 6 766 429 296 395 38 412 426 254 65 447 43 812 487 595 829 815 0 667 810 731 173 234 800 269 263 632 464 607 84 804 370 479 13 338 604 381 477 450 37 16 450
363 0 711 596 185 1047 1113 711 447 234 367 533 204 254 667 167 538 496 989 345 278 477 459 431 804 290 225 1015 583 94 210 474 725 946 197 811 366 638 507 143 755 331 105 700 113 301 519 347 548 588 744 922 1174 363 953 1134 660 519 547 1159 468 616 995 340 923 303 775 727 203 376 474 948 514 116 499 360 374 767
691 711 0 823 884 894 1260 1125 563 586 688 630 886 458 144 734 615 223 1176 683 870 764 716 581 269 838 518 1059 138 692 731 243 1309 713 897 142 685 287 262 799 918 664 816 1097 711 662 1116 726 1245 1168 1285 1515 1254 691 627 862 1346 820 902 1244 438 866 1049 1029 697 735 1446 922 571 691 1019 1155 1064 780 1111 653 681 628
237 596 823 0 721 527 525 326 947 404 234 1049 553 571 691 435 209 642 408 256 418 119 146 258 705 368 488 422 699 502 390 636 612 513 726 965 236 955 571 508 159 274 631 294 484 302 495 249 988 504 547 793 578 237 589 669 813 89 139 563 388 43 401 617 495 295 853 133 714 225 382 373 407 707 513 253 230 362
505 185 884 721 0 1205 1214 761 524 408 510 588 189 435 850 293 700 676 1087 489 326 605 598 597 989 363 410 1143 761 255 336 653 689 1116 12 975 509 776 691 213 877 481 94 758 258 451 500 478 364 570 733 868 1288 505 1131 1303 546 635 642 1272 650 731 1122 259 1093 429 672 844 330 518 496 1044 527 110 472 512 519 936
701 1047 894 527 1205 0 506 767 1270 815 695 1369 1059 912 754 912 509 832 504 716 934 619 613 616 648 882 862 286 834 957 870 840 1099 185 1213 1018 696 1140 748 998 425 724 1110 736 948 753 1016 733 1506 1014 1016 1249 438 701 297 174 1336 614 660 436 630 543 294 1140 198 782 1363 465 1093 688 907 518 927 1163 1037 692 686 302
762 1113 1260 525 1214 506 0 509 1471 930 759 1573 1029 1092 1116 946 681 1122 127 780 889 641 672 767 1064 850 1012 226 1159 1020 902 1121 818 653 1217 1399 761 1446 1040 1006 373 799 1132 494 999 827 834 768 1416 797 720 901 119 762 774 673 1122 594 571 106 867 499 226 1047 653 809 1102 392 1240 750 760 171 754 1218 863 778 755 644
450 711 1125 326 761 767 509 0 1136 608 451 1232 572 792 1001 549 528 925 389 463 442 360 408 543 1029 421 701 549 994 631 514 914 335 806 762 1265 453 1216 864 577 346 484 696 32 605 500 326 426 914 288 248 485 612 450 898 932 617 304 223 596 686 284 529 556 791 445 613 309 885 445 270 345 253 795 356 484 454 678
717 447 563 947 524 1270 1471 1136 0 546 719 102 645 379 618 590 805 463 1356 700 721 837 800 707 787 724 459 1327 506 509 622 447 1171 1120 535 586 717 325 537 590 1097 679 515 1120 537 655 966 724 821 1035 1191 1366 1509 717 1077 1301 1070 891 944 1495 643 979 1310 767 1098 695 1195 1079 251 728 917 1320 959 422 946 695 721 967
171 234 586 404 408 815 930 608 546 0 173 646 325 184 504 156 307 363 812 154 284 291 258 199 613 252 93 806 448 154 144 346 730 712 419 712 171 614 338 239 559 133 315 587 157 110 532 182 755 587 718 936 978 171 722 900 767 345 401 963 245 434 787 460 688 166 861 537 309 182 442 775 487 350 524 151 175 532
5 367 688 234 510 695 759 451 719 173 0 820 368 351 578 217 203 478 640 22 260 118 91 131 647 209 263 648 552 273 174 465 629 623 518 824 2 765 426 302 392 40 417 427 259 68 452 49 818 492 598 833 812 6 661 805 736 172 234 797 265 261 628 470 601 90 809 367 481 8 343 602 385 481 455 34 10 444
818 533 630 1049 588 1369 1573 1232 102 646 820 0 725 481 700 684 908 554 1458 800 811 938 902 809 868 817 560 1429 589 602 717 540 1253 1216 598 633 818 366 631 677 1199 780 592 1217 629 755 1050 824 854 1119 1278 1445 1611 818 1170 1397 1133 992 1043 1598 744 1080 1412 839 1195 793 1261 1181 346 829 1007 1421 1048 493 1028 797 822 1067
362 204 886 553 189 1059 1029 572 645 325 368 725 0 431 822 172 570 664 902 349 140 443 446 479 939 185 370 972 752 194 202 644 528 991 190 998 368 840 656 88 704 348 135 568 176 323 327 326 450 397 559 721 1107 361 1022 1173 463 464 461 1091 567 558 950 142 969 278 574 669 407 374 308 858 341 238 303 380 378 811
350 254 458 571 435 912 1092 792 379 184 351 481 431 0 415 294 428 241 979 333 438 465 426 328 560 419 90 948 328 238 305 219 898 779 447 566 348 435 260 346 718 312 360 771 260 292 695 366 799 755 894 1104 1129 350 760 967 893 522 583 1116 283 605 931 574 756 349 1000 702 184 358 615 944 661 339 683 323 350 612
582 667 144 691 850 754 1116 1001 618 504 578 700 822 415 0 659 481 179 1034 576 786 642 594 461 168 748 453 914 112 631 648 201 1207 575 862 283 576 397 166 734 778 560 772 972 646 563 1021 621 1214 1067 1175 1411 1109 582 498 733 1271 696 779 1100 316 734 904 962 558 636 1363 784 565 580 918 1014 962 753 1019 544 570 483
212 167 734 435 293 912 946 549 590 156 217 684 172 294 659 0 410 510 822 196 144 317 305 313 769 134 217 857 597 81 44 491 606 831 300 854 216 726 492 90 594 188 199 536 56 160 401 187 614 464 610 811 1011 211 855 1015 613 354 380 995 394 451 837 304 808 140 712 563 338 225 331 781 375 272 389 220 226 650
209 538 615 209 700 509 681 528 805 307 203 908 570 428 481 410 0 445 580 220 462 189 150 107 502 410 363 521 495 449 371 442 779 421 708 757 203 766 368 499 314 222 605 497 442 250 626 249 1020 654 729 974 706 209 459 605 927 230 314 693 188 253 504 673 399 294 990 311 598 198 511 552 548 655 635 190 193 241
480 496 223 642 676 832 1122 925 463 363 478 554 664 241 179 510 445 0 1025 470 647 567 519 386 339 616 294 941 87 470 507 22 1090 668 688 349 475 324 84 577 760 450 601 899 489 445 895 512 1040 948 1071 1297 1134 480 616 844 1122 625 702 1122 257 684 927 806 648 516 1222 755 385 482 800 998 845 577 888 443 472 535
642 989 1176 408 1087 504 127 389 1356 812 640 1458 902 979 1034 822 580 1025 0 661 762 522 555 658 998 723 897 221 1069 897 779 1022 708 622 1090 1317 642 1347 946 880 265 680 1006 371 876 707 711 646 1290 677 611 809 223 643 740 678 1006 472 445 208 768 379 210 921 618 686 992 277 1121 631 634 44 630 1093 740 661 637 579
18 345 683 256 489 716 780 463 700 154 22 800 349 333 576 196 220 470 661 0 246 139 113 140 651 196 245 670 546 251 153 456 630 641 497 818 21 752 421 282 414 21 395 440 237 46 448 44 799 491 602 835 834 18 676 823 727 191 249 819 267 282 650 455 619 75 803 389 460 31 342 623 385 459 450 35 30 462
254 278 870 418 326 934 889 442 721 284 260 811 140 438 786 144 462 647 762 246 0 314 325 386 883 52 358 833 732 216 139 628 462 879 328 994 261 870 621 136 566 252 254 436 189 235 257 212 572 320 470 666 967 254 922 1056 488 328 320 951 498 420 812 211 857 171 577 530 471 264 196 718 237 352 245 281 270 702
120 477 764 119 605 619 641 360 837 291 118 938 443 465 642 317 189 567 522 139 314 0 48 183 685 262 379 540 633 383 272 557 590 576 611 904 120 868 504 392 278 158 514 332 365 185 441 129 886 465 543 786 697 120 634 746 749 58 137 682 326 143 519 521 555 177 804 251 599 109 325 484 360 588 452 142 115 406
95 459 716 146 598 613 672 408 800 258 91 902 446 426 594 305 150 519 555 113 325 48 0 134 640 272 341 556 585 364 261 509 633 555 605 856 92 822 456 387 302 129 505 381 350 159 475 120 894 504 588 831 722 96 605 731 778 106 185 707 278 179 537 535 534 169 839 279 567 82 360 519 398 572 484 106 85 380
136 431 581 258 597 616 767 543 707 199 131 809 479 328 461 313 107 386 658 140 386 183 134 0 518 336 257 621 450 344 277 378 754 519 607 721 129 697 321 403 394 134 502 516 339 156 582 180 927 619 716 955 801 136 543 705 867 240 320 788 144 298 603 593 496 215 940 382 493 130 471 626 512 548 586 104 121 338
652 804 269 705 989 648 1064 1029 787 613 647 868 939 560 168 769 502 339 998 651 883 685 640 518 0 839 581 849 280 755 750 360 1271 463 1001 374 645 551 299 852 761 639 906 998 766 649 1099 694 1352 1138 1228 1471 1040 652 365 597 1371 732 816 1033 385 748 842 1073 450 720 1454 775 722 647 989 984 1031 899 1101 616 638 420
203 290 838 368 363 882 850 421 724 252 209 817 185 419 748 134 410 616 723 196 52 262 272 336 839 0 334 787 700 215 113 598 480 827 367 965 210 854 585 159 519 204 284 411 187 190 279 161 623 336 477 686 924 203 870 1004 533 279 278 909 454 373 765 263 805 121 616 484 473 213 198 680 242 377 272 231 219 650
262 225 518 488 410 862 1012 701 459 93 263 560 370 90 453 217 363 294 897 245 358 379 341 257 581 334 0 877 382 177 221 274 814 742 422 636 260 523 288 283 639 223 324 681 194 202 613 275 771 671 807 1020 1054 261 737 931 827 435 494 1040 250 520 859 512 719 258 929 620 235 271 529 861 574 331 603 237 263 568
652 1015 1059 422 1143 286 226 549 1327 806 648 1429 972 948 914 857 521 941 221 670 833 540 556 621 849 787 877 0 969 921 812 943 884 427 1149 1195 649 1265 857 930 267 685 1054 523 905 715 846 670 1395 827 792 1009 195 652 548 459 1158 508 518 185 696 413 21 1020 427 717 1163 303 1112 639 750 243 758 1128 871 659 642 433
555 583 138 699 761 834 1159 994 506 448 552 589 752 328 112 597 495 87 1069 546 732 633 585 450 280 700 382 969 0 558 593 109 1171 662 773 272 550 306 129 664 806 527 688 966 576 524 978 590 1125 1029 1149 1378 1163 555 595 829 1209 691 770 1153 311 742 957 894 643 597 1308 806 462 556 881 1044 926 660 972 518 546 548
269 94 692 502 255 957 1020 631 509 154 273 602 194 238 631 81 449 470 897 251 216 383 364 344 755 215 177 921 558 0 120 449 678 862 265 804 272 659 465 108 661 238 161 617 27 208 471 253 603 536 686 880 1080 268 876 1050 655 425 457 1065 398 522 901 337 839 210 762 633 257 282 409 856 452 208 456 268 280 682
169 210 731 390 336 870 902 514 622 144 174 717 202 305 648 44 371 507 779 153 139 272 261 277 750 113 221 812 593 120 0 489 593 792 343 855 173 740 482 128 549 148 243 499 97 122 391 142 650 450 590 799 966 168 820 976 623 309 337 951 370 407 792 324 769 95 716 519 371 182 310 737 355 317 382 180 183 612
467 474 243 636 653 840 1121 914 447 346 465 540 644 219 201 491 442 22 1022 456 628 557 509 378 360 598 274 943 109 449 489 0 1074 679 666 366 463 324 92 556 757 437 579 888 468 430 878 499 1017 931 1056 1281 1135 467 630 857 1102 615 692 1124 254 677 929 786 658 501 1203 751 363 470 784 994 830 554 871 431 460 542
625 725 1309 612 689 1099 818 335 1171 730 629 1253 528 898 1207 606 779 1090 708 630 462 590 633 754 1271 480 814 884 1171 678 593 1074 0 1121 684 1440 631 1332 1050 583 674 647 663 364 651 647 206 586 702 143 98 206 930 625 1202 1260 322 553 475 915 894 579 865 431 1104 574 284 635 927 627 290 667 245 765 225 662 637 974
629 946 713 513 1116 185 653 806 1120 712 623 1216 991 779 575 831 421 668 622 641 879 576 555 519 463 827 742 427 662 862 792 679 1121 0 1126 834 623 967 587 920 464 644 1022 773 858 670 1007 668 1441 1017 1048 1291 604 630 121 189 1322 589 653 599 496 541 427 1090 23 714 1366 497 963 618 892 624 920 1061 1022 612 613 180
513 197 897 726 12 1213 1217 762 535 419 518 598 190 447 862 300 708 688 1090 497 328 611 605 607 1001 367 422 1149 773 265 343 666 684 1126 0 988 517 789 703 219 882 489 104 759 267 460 496 485 352 566 729 861 1292 512 1141 1312 536 640 646 1276 661 736 1128 253 1103 436 663 849 343 526 496 1047 525 122 468 521 527 945
827 811 142 965 975 1018 1399 1265 586 712 824 633 998 566 283 854 757 349 1317 818 994 904 856 721 374 965 636 1195 272 804 855 366 1440 834 988 0 821 267 400 913 1060 799 916 1237 826 794 1244 861 1330 1298 1420 1647 1390 827 739 971 1460 961 1041 1381 579 1008 1186 1141 820 866 1565 1064 650 828 1150 1296 1195 867 1237 790 818 762
6 366 685 236 509 696 761 453 717 171 2 818 368 348 576 216 203 475 642 21 261 120 92 129 645 210 260 649 550 272 173 463 631 623 517 821 0 762 423 301 394 37 416 430 258 66 454 50 818 494 600 835 813 7 661 805 737 174 237 799 263 263 629 471 601 91 811 369 479 10 345 604 387 480 456 31 9 444
766 638 287 955 776 1140 1446 1216 325 614 765 366 840 435 397 726 766 324 1347 752 870 868 822 697 551 854 523 1265 306 659 740 324 1332 967 789 267 762 0 407 763 1081 731 735 1192 685 717 1128 790 1113 1189 1329 1537 1458 766 895 1130 1298 927 998 1447 579 995 1252 979 949 780 1414 1074 447 771 1051 1318 1096 666 1114 733 762 851
429 507 262 571 691 748 1040 864 537 338 426 631 656 260 166 492 368 84 946 421 621 504 456 321 299 585 288 857 129 465 482 92 1050 587 703 400 423 407 0 568 682 403 610 837 480 403 860 465 1055 909 1024 1255 1050 429 540 765 1105 561 641 1039 183 613 844 795 566 476 1199 679 428 429 760 920 804 599 857 391 419 450
296 143 799 508 213 998 1006 577 590 239 302 677 88 346 734 90 499 577 880 282 136 392 387 403 852 159 283 930 664 108 128 556 583 920 219 913 301 763 568 0 664 276 126 569 88 249 377 266 524 444 601 782 1077 296 945 1104 547 422 434 1061 482 519 909 229 897 217 654 632 343 309 331 837 371 218 358 309 311 739
395 755 918 159 877 425 373 346 1097 559 392 1199 704 718 778 594 314 760 265 414 566 278 302 394 761 519 639 267 806 661 549 757 674 464 882 1060 394 1081 682 664 0 431 789 314 643 460 599 408 1130 591 593 831 419 396 565 587 917 242 254 405 502 146 246 755 451 454 938 40 869 383 495 238 509 866 622 408 387 360
38 331 664 274 481 724 799 484 679 133 40 780 348 312 560 188 222 450 680 21 252 158 129 134 639 204 223 685 527 238 148 437 647 644 489 799 37 731 403 276 431 0 386 462 226 30 463 62 797 507 621 852 851 37 675 827 736 211 271 836 253 301 665 459 621 82 815 407 441 48 358 642 401 447 463 32 43 463
412 105 816 631 94 1110 1132 696 515 315 417 592 135 360 772 199 605 601 1006 395 254 514 505 502 906 284 324 1054 688 161 243 579 663 1022 104 916 416 735 610 126 789 386 0 690 163 357 463 386 446 533 694 852 1202 411 1037 1208 565 547 560 1187 558 644 1033 252 999 338 685 757 290 425 439 963 475 103 438 418 425 841
426 700 1097 294 758 736 494 32 1120 587 427 1217 568 771 972 536 497 899 371 440 436 332 381 516 998 411 681 523 966 617 499 888 364 773 759 1237 430 1192 837 569 314 462 690 0 592 479 339 405 924 307 279 517 595 426 865 901 638 276 196 578 658 252 503 561 758 426 639 277 870 421 273 327 261 787 369 460 430 645
254 113 711 484 258 948 999 605 537 157 259 629 176 260 646 56 442 489 876 237 189 365 350 339 766 187 194 905 576 27 97 468 651 858 267 826 258 685 480 88 643 226 163 592 0 196 444 235 598 509 659 853 1062 254 876 1045 634 406 434 1046 403 503 884 317 835 190 739 614 285 268 382 835 425 223 429 257 267 678
65 301 662 302 451 753 827 500 655 110 68 755 323 292 563 160 250 445 707 46 235 185 159 156 649 190 202 715 524 208 122 430 647 670 460 794 66 717 403 249 460 30 357 479 196 0 458 73 772 506 625 853 880 64 699 855 723 237 291 865 263 328 695 439 648 73 805 435 414 77 357 669 401 416 456 60 73 490
447 519 1116 495 500 1016 834 326 966 532 452 1050 327 695 1021 401 626 895 711 448 257 441 475 582 1099 279 613 846 978 471 391 878 206 1007 496 1244 454 1128 860 377 599 463 463 339 444 458 0 405 591 70 233 409 933 447 1073 1164 319 418 357 917 715 474 825 254 987 384 363 558 721 452 115 666 89 566 31 483 461 844
43 347 726 249 478 733 768 426 724 182 49 824 326 366 621 187 249 512 646 44 212 129 120 180 694 161 275 670 590 253 142 499 586 668 485 861 50 790 465 266 408 62 386 405 235 73 405 0 775 447 559 790 827 43 709 847 687 173 220 811 311 269 649 423 646 49 761 379 480 52 297 606 340 458 407 78 59 490
812 548 1245 988 364 1506 1416 914 821 755 818 854 450 799 1214 614 1020 1040 1290 799 572 886 894 927 1352 623 771 1395 1125 603 650 1017 702 1441 352 1330 818 1113 1055 524 1130 797 446 924 598 772 591 775 0 644 783 812 1509 812 1470 1623 415 898 876 1492 1001 986 1373 374 1419 728 536 1091 680 824 656 1246 662 465 559 830 828 1261
487 588 1168 504 570 1014 797 288 1035 587 492 1119 397 755 1067 464 654 948 677 491 320 465 504 619 1138 336 671 827 1029 536 450 931 143 1017 566 1298 494 1189 909 444 591 507 533 307 509 506 70 447 644 0 162 349 901 487 1090 1168 331 434 364 885 757 477 806 321 999 432 349 550 788 491 149 633 107 636 98 524 500 861
595 744 1285 547 733 1016 720 248 1191 718 598 1278 559 894 1175 610 729 1071 611 602 470 543 588 716 1228 477 807 792 1149 686 590 1056 98 1048 729 1420 600 1329 1024 601 593 621 694 279 659 625 233 559 783 162 0 246 832 595 1134 1180 417 498 417 817 859 511 773 482 1032 555 382 555 942 595 279 571 234 798 260 632 605 909
829 922 1515 793 868 1249 901 485 1366 936 833 1445 721 1104 1411 811 974 1297 809 835 666 786 831 955 1471 686 1020 1009 1378 880 799 1281 206 1291 861 1647 835 1537 1255 782 831 852 852 517 853 853 409 790 812 349 246 0 1019 829 1379 1416 397 744 663 1005 1097 757 991 609 1275 780 292 794 1125 831 496 774 451 952 424 866 840 1155
815 1174 1254 578 1288 438 119 612 1509 978 812 1611 1107 1129 1109 1011 706 1134 223 834 967 697 722 801 1040 924 1054 195 1163 1080 966 1135 930 604 1292 1390 813 1458 1050 1077 419 851 1202 595 1062 880 933 827 1509 901 832 1019 0 816 724 594 1230 656 646 16 886 559 206 1136 607 871 1214 447 1287 803 853 267 851 1284 962 827 807 627
0 363 691 237 505 701 762 450 717 171 6 818 361 350 582 211 209 480 643 18 254 120 96 136 652 203 261 652 555 268 168 467 625 630 512 827 7 766 429 296 396 37 411 426 254 64 447 43 812 487 595 829 816 0 668 811 730 173 234 801 269 264 632 464 607 84 804 370 478 13 338 605 381 476 450 37 16 451
667 953 627 589 1131 297 774 898 1077 722 661 1170 1022 760 498 855 459 616 740 676 922 634 605 543 365 870 737 548 595 876 820 630 1202 121 1141 739 661 895 540 945 565 675 1037 865 876 699 1073 709 1470 1090 1134 1379 724 668 0 235 1382 656 727 720 487 623 548 1132 122 752 1436 594 944 657 957 740 989 1066 1086 644 651 229
810 1134 862 669 1303 174 673 932 1301 900 805 1397 1173 967 733 1015 605 844 678 823 1056 746 731 705 597 1004 931 459 829 1050 976 857 1260 189 1312 971 805 1130 765 1104 587 827 1208 901 1045 855 1164 847 1623 1168 1180 1416 594 811 235 0 1482 751 806 595 684 691 468 1266 212 895 1517 625 1151 798 1051 692 1075 1250 1182 795 795 367
731 660 1346 813 546 1336 1122 617 1070 767 736 1133 463 893 1271 613 927 1122 1006 727 488 749 778 867 1371 533 827 1158 1209 655 623 1102 322 1322 536 1460 737 1298 1105 547 917 736 565 638 634 723 319 687 415 331 417 397 1230 730 1382 1482 0 733 676 1214 987 793 1137 320 1302 654 130 876 855 738 430 962 408 648 300 762 746 1155
173 519 820 89 635 614 594 304 891 345 172 992 464 522 696 354 230 625 472 191 328 58 106 240 732 279 435 508 691 425 309 615 553 589 640 961 174 927 561 422 242 211 547 276 406 237 418 173 898 434 498 744 656 173 656 751 733 0 83 641 382 97 487 527 569 215 780 209 651 163 303 433 333 627 433 199 171 427
234 547 902 139 642 660 571 223 944 401 234 1043 461 583 779 380 314 702 445 249 320 137 185 320 816 278 494 518 770 457 337 692 475 653 646 1041 237 998 641 434 254 271 560 196 434 291 357 220 876 364 417 663 646 234 727 806 676 83 0 630 464 117 497 501 634 251 713 215 698 227 246 403 268 648 376 265 236 499
800 1159 1244 563 1272 436 106 596 1495 963 797 1598 1091 1116 1100 995 693 1122 208 819 951 682 707 788 1033 909 1040 185 1153 1065 951 1124 915 599 1276 1381 799 1447 1039 1061 405 836 1187 578 1046 865 917 811 1492 885 817 1005 16 801 720 595 1214 641 630 0 874 544 196 1120 602 856 1199 432 1272 788 837 251 835 1268 946 812 792 618
269 468 438 388 650 630 867 686 643 245 265 744 567 283 316 394 188 257 768 267 498 326 278 144 385 454 250 696 311 398 370 254 894 496 661 579 263 579 183 482 502 253 558 658 403 263 715 311 1001 757 859 1097 886 269 487 684 987 382 464 874 0 430 681 695 473 334 1068 498 467 266 608 740 650 579 716 232 257 328
263 616 866 43 731 543 499 284 979 434 261 1080 558 605 734 451 253 684 379 282 420 143 179 298 748 373 520 413 742 522 407 677 579 541 736 1008 263 995 613 519 146 301 644 252 503 328 474 269 986 477 511 757 559 264 623 691 793 97 117 544 430 0 392 612 524 312 827 112 742 252 364 341 385 724 493 283 258 397
632 995 1049 401 1122 294 226 529 1310 787 628 1412 950 931 904 837 504 927 210 650 812 519 537 603 842 765 859 21 957 901 792 929 865 427 1128 1186 629 1252 844 909 246 665 1033 503 884 695 825 649 1373 806 773 991 206 632 548 468 1137 487 497 196 681 392 0 998 426 696 1143 282 1094 619 729 228 737 1108 850 639 622 424
464 340 1029 617 259 1140 1047 556 767 460 470 839 142 574 962 304 673 806 921 455 211 521 535 593 1073 263 512 1020 894 337 324 786 431 1090 253 1141 471 979 795 229 755 459 252 561 317 439 254 423 374 321 482 609 1136 464 1132 1266 320 527 501 1120 695 612 998 0 1068 380 435 717 540 475 288 876 304 346 223 489 480 913
607 923 697 495 1093 198 653 791 1098 688 601 1195 969 756 558 808 399 648 618 619 857 555 534 496 450 805 719 427 643 839 769 658 1104 23 1103 820 601 949 566 897 451 621 999 758 835 648 987 646 1419 999 1032 1275 607 607 122 212 1302 569 634 602 473 524 426 1068 0 692 1347 483 940 595 872 618 901 1038 1002 589 591 157
84 303 735 295 429 782 809 445 695 166 90 793 278 349 636 140 294 516 686 75 171 177 169 215 720 121 258 717 597 210 95 501 574 714 436 866 91 780 476 217 454 82 338 426 190 73 384 49 728 432 555 780 871 84 752 895 654 215 251 856 334 312 696 380 692 0 733 424 447 96 284 646 329 412 383 110 101 535
804 775 1446 853 672 1363 1102 613 1195 861 809 1261 574 1000 1363 712 990 1222 992 803 577 804 839 940 1454 616 929 1163 1308 762 716 1203 284 1366 663 1565 811 1414 1199 654 938 815 685 639 739 805 363 761 536 349 382 292 1214 804 1436 1517 130 780 713 1199 1068 827 1143 435 1347 733 0 898 975 810 479 951 447 773 355 838 819 1207
370 727 922 133 844 465 392 309 1079 537 367 1181 669 702 784 563 311 755 277 389 530 251 279 382 775 484 620 303 806 633 519 751 635 497 849 1064 369 1074 679 632 40 407 757 277 614 435 558 379 1091 550 555 794 447 370 594 625 876 209 215 432 498 112 282 717 483 424 898 0 847 358 455 244 469 836 581 386 363 384
479 203 571 714 330 1093 1240 885 251 309 481 346 407 184 565 338 598 385 1121 460 471 599 567 493 722 473 235 1112 462 257 371 363 927 963 343 650 479 447 428 343 869 441 290 870 285 414 721 480 680 788 942 1125 1287 478 944 1151 855 651 698 1272 467 742 1094 540 940 447 975 847 0 490 666 1083 709 220 702 461 484 795
13 376 691 225 518 688 750 445 728 182 8 829 374 358 580 225 198 482 631 31 264 109 82 130 647 213 271 639 556 282 182 470 627 618 526 828 10 771 429 309 383 48 425 421 268 77 452 52 824 491 595 831 803 13 657 798 738 163 227 788 266 252 619 475 595 96 810 358 490 0 342 593 384 490 456 39 10 439
338 474 1019 382 496 907 760 270 917 442 343 1007 308 615 918 331 511 800 634 342 196 325 360 471 989 198 529 750 881 409 310 784 290 892 496 1150 345 1051 760 331 495 358 439 273 382 357 115 297 656 149 279 496 853 338 957 1051 430 303 246 837 608 364 729 288 872 284 479 455 666 342 0 590 45 542 130 375 351 729
604 948 1155 373 1044 518 171 345 1320 775 602 1421 858 944 1014 781 552 998 44 623 718 484 519 626 984 680 861 243 1044 856 737 994 667 624 1047 1296 604 1318 920 837 238 642 963 327 835 669 666 606 1246 633 571 774 267 605 740 692 962 433 403 251 740 341 228 876 618 646 951 244 1083 593 590 0 585 1051 695 624 599 569
381 514 1064 407 527 927 754 253 959 487 385 1048 341 661 962 375 548 845 630 385 237 360 398 512 1031 242 574 758 926 452 355 830 245 920 525 1195 387 1096 804 371 509 401 475 261 425 401 89 340 662 107 234 451 851 381 989 1075 408 333 268 835 650 385 737 304 901 329 447 469 709 384 45 585 0 578 113 418 393 760
477 116 780 707 110 1163 1218 795 422 350 481 493 238 339 753 272 655 577 1093 459 352 588 572 548 899 377 331 1128 660 208 317 554 765 1061 122 867 480 666 599 218 866 447 103 787 223 416 566 458 465 636 798 952 1284 476 1066 1250 648 627 648 1268 579 724 1108 346 1038 412 773 836 220 490 542 1051 578 0 541 476 489 883
450 499 1111 513 472 1037 863 356 946 524 455 1028 303 683 1019 389 635 888 740 450 245 452 484 586 1101 272 603 871 972 456 382 871 225 1022 468 1237 456 1114 857 358 622 463 438 369 429 456 31 407 559 98 260 424 962 450 1086 1182 300 433 376 946 716 493 850 223 1002 383 355 581 702 456 130 695 113 541 0 485 464 857
37 360 653 253 512 692 778 484 695 151 34 797 380 323 544 220 190 443 661 35 281 142 106 104 616 231 237 659 518 268 180 431 662 612 521 790 31 733 391 309 408 32 418 460 257 60 483 78 830 524 632 866 827 37 644 795 762 199 265 812 232 283 639 489 589 110 838 386 461 39 375 624 418 476 485 0 29 431
16 374 681 230 519 686 755 454 721 175 10 822 378 350 570 226 193 472 637 30 270 115 85 121 638 219 263 642 546 280 183 460 637 613 527 818 9 762 419 311 387 43 425 430 267 73 461 59 828 500 605 840 807 16 651 795 746 171 236 792 257 258 622 480 591 101 819 363 484 10 351 599 393 489 464 29 0 434
450 767 628 362 936 302 644 678 967 532 444 1067 811 612 483 650 241 535 579 462 702 406 380 338 420 650 568 433 548 682 612 542 974 180 945 762 444 851 450 739 360 463 841 645 678 490 844 490 1261 861 909 1155 627 451 229 367 1155 427 499 618 328 397 424 913 157 535 1207 384 795 439 729 569 760 883 857 431 434 0
