0 346 778 922 1598 723 1426 1363 1609 1544 1254 1218 942 560 1344 560
346 0 796 1021 1442 451 1242 1704 1375 1871 974 937 1093 234 1374 437
778 796 0 279 2237 1223 829 1555 1100 2052 1699 924 423 979 2111 395
922 1021 279 0 2462 1465 1006 1399 1299 1985 1958 1186 164 1225 2265 661
1598 1442 2237 2462 0 1026 2471 2720 2463 2433 737 1984 2518 1267 800 1857
723 451 1223 1465 1026 0 1489 2064 1540 2087 532 1055 1543 243 1152 835
1426 1242 829 1006 2471 1489 0 2381 303 2862 1778 523 1170 1285 2599 865
1363 1704 1555 1399 2720 2064 2381 0 2655 815 2578 2412 1249 1924 2122 1699
1609 1375 1100 1299 2463 1540 303 2655 0 3096 1741 486 1463 1368 2683 1058
1544 1871 2052 1985 2433 2087 2862 815 3096 0 2520 2751 1868 2036 1694 2047
1254 974 1699 1958 737 532 1778 2578 1741 2520 0 1271 2051 745 1236 1303
1218 937 924 1186 1984 1055 523 2412 486 2751 1271 0 1343 896 2203 719
942 1093 423 164 2518 1543 1170 1249 1463 1868 2051 1343 0 1309 2270 775
560 234 979 1225 1267 243 1285 1924 1368 2036 745 896 1309 0 1318 591
1344 1374 2111 2265 800 1152 2599 2122 2683 1694 1236 2203 2270 1318 0 1805
560 437 395 661 1857 835 865 1699 1058 2047 1303 719 775 591 1805 0
