0 408 1578 1677 715 69 289 97 1591 15 151 946 960 71 1150 842 376
408 0 1693 1337 805 352 271 448 1205 421 558 566 577 378 1146 1050 784
1578 1693 0 2938 2290 1625 1813 1482 2688 1567 1584 1738 2165 1523 2729 2353 1525
1677 1337 2938 0 1427 1608 1395 1750 377 1693 1798 1225 781 1678 1278 1737 2027
715 805 2290 1427 0 677 551 809 1511 724 715 1312 1000 776 453 324 856
69 352 1625 1608 677 0 221 157 1525 85 207 902 894 101 1104 829 439
289 271 1813 1395 551 221 0 377 1334 305 403 830 711 312 937 779 634
97 448 1482 1750 809 157 377 0 1649 85 165 954 1017 72 1247 922 349
1591 1205 2688 377 1511 1525 1334 1649 0 1606 1729 950 631 1577 1472 1835 1962
15 421 1567 1693 724 85 305 85 1606 0 139 956 975 71 1161 847 362
151 558 1584 1798 715 207 403 165 1729 139 0 1096 1099 203 1165 783 233
946 566 1738 1225 1312 902 830 954 950 956 1096 0 524 896 1559 1592 1303
960 577 2165 781 1000 894 711 1017 631 975 1099 524 0 945 1125 1318 1332
71 378 1523 1678 776 101 312 72 1577 71 203 896 945 0 1205 913 410
1150 1146 2729 1278 453 1104 937 1247 1472 1161 1165 1559 1125 1205 0 597 1308
842 1050 2353 1737 324 829 779 922 1835 847 783 1592 1318 913 597 0 837
376 784 1525 2027 856 439 634 349 1962 362 233 1303 1332 410 1308 837 0
