0 471 441 802 418 119 715 55 65 369 594 334 153 142 201 167 434 249 853 349 21 120 737 836 73 98 667 159 647 379 607 560 34 677 475 300 234 565 115 293 693 336 558 484 179 297 551 230 132 134 460 841 406 271 354 599 80 790 212 841 9 385 533 120 701 814 448 655 234 145 353 751 715 156 638 738 527 393
471 0 899 1269 888 368 549 448 519 827 879 596 623 406 552 403 889 711 1288 607 492 590 1088 859 399 448 1012 577 414 782 387 570 439 216 678 184 418 847 573 521 309 697 660 488 645 602 882 582 375 366 683 379 557 431 127 998 465 789 662 1308 475 744 615 439 588 364 874 1126 703 456 456 985 389 424 1019 1209 993 101
441 899 0 472 204 560 1119 452 418 72 453 622 315 498 507 585 310 191 648 437 420 324 739 1140 505 451 399 324 950 454 914 734 468 1111 517 717 635 446 380 633 1135 294 870 866 316 570 648 354 569 533 489 1250 739 663 774 557 433 1114 236 413 435 529 865 463 914 1253 418 297 264 538 587 616 1054 566 618 357 106 831
802 1269 472 0 384 902 1316 838 750 518 902 793 649 909 748 884 388 597 270 905 782 689 571 1197 876 854 797 748 1401 549 1363 1204 837 1464 989 1103 903 901 696 844 1441 765 985 1063 625 752 627 806 897 927 961 1644 911 914 1156 443 831 1200 656 283 800 627 1002 872 1382 1590 448 175 568 828 1043 1047 1494 861 487 142 370 1182
418 888 204 384 0 522 1003 453 369 197 643 481 265 525 396 515 106 227 485 560 398 304 535 973 491 471 603 373 1026 271 987 854 452 1087 665 718 545 631 316 511 1078 434 716 745 243 431 451 443 520 543 638 1260 603 565 773 353 448 956 284 459 415 353 719 490 1027 1218 216 241 184 460 676 811 1113 493 413 327 195 803
119 368 560 902 522 0 608 129 153 488 685 309 260 170 209 88 521 368 928 422 139 236 769 766 75 162 773 270 608 430 568 577 98 566 540 216 156 655 206 248 575 439 496 393 278 289 570 323 29 126 530 744 347 193 262 651 162 713 331 956 126 411 465 173 695 700 515 761 338 113 375 834 657 95 682 846 644 281
715 549 1119 1316 1003 608 0 738 712 1052 1291 527 805 764 614 548 945 939 1219 1020 731 809 903 372 683 770 1380 874 963 767 936 1088 704 516 1127 624 488 1260 741 492 347 1047 354 258 802 573 729 931 586 712 1122 758 406 456 601 909 770 300 918 1462 724 688 323 778 1133 517 868 1229 857 586 924 1432 924 563 896 1315 1177 494
55 448 452 838 453 129 738 0 119 380 558 385 191 87 256 200 477 263 900 303 66 148 793 879 57 43 643 143 596 434 556 504 37 659 427 269 270 528 166 340 690 309 603 517 222 351 607 194 152 90 413 810 451 308 325 652 33 830 216 860 51 440 576 64 645 800 499 684 272 190 297 711 668 194 692 766 545 378
65 519 418 750 369 153 712 119 0 347 623 288 108 206 150 167 375 229 791 395 55 97 673 804 132 159 681 183 712 314 672 621 98 719 522 355 224 596 55 259 721 361 524 470 125 246 488 267 154 198 504 893 374 257 407 534 138 762 207 806 68 322 504 181 765 852 384 608 185 125 414 786 778 149 573 693 495 434
369 827 72 518 197 488 1052 380 347 0 446 564 246 428 444 515 295 119 670 387 348 252 725 1087 433 380 419 254 890 415 853 686 396 1039 479 645 566 434 311 570 1063 250 813 801 251 512 616 292 497 461 452 1180 679 595 703 544 361 1058 164 483 362 485 806 392 864 1180 395 345 204 468 528 614 991 496 603 414 170 758
594 879 453 902 643 685 1291 558 623 446 0 908 580 527 770 758 740 471 1101 276 583 544 1168 1427 610 522 169 440 722 833 699 435 594 1087 213 712 827 32 625 882 1179 263 1147 1076 608 862 1038 364 710 579 200 1136 997 865 761 989 525 1383 446 741 584 887 1126 513 602 1237 834 731 594 739 427 171 851 750 1047 768 537 859
334 596 622 793 481 309 527 385 288 564 908 0 336 461 138 225 418 468 732 682 336 364 493 527 360 429 951 469 910 243 871 882 350 740 808 501 181 882 283 74 672 644 249 270 318 51 286 555 282 429 792 964 122 165 530 423 414 494 470 937 342 172 242 449 1004 839 346 702 360 201 676 1072 944 214 433 787 664 494
153 623 315 649 265 260 805 191 108 246 580 336 0 271 204 271 287 135 711 391 132 51 638 863 226 216 614 164 782 276 742 653 187 825 516 453 319 557 64 329 829 319 584 556 35 286 473 256 263 281 494 994 441 348 507 480 192 828 135 698 150 312 571 238 812 960 321 503 81 222 454 749 859 251 527 587 388 541
142 406 498 909 525 170 764 87 206 428 527 461 271 0 337 256 558 319 983 256 153 224 880 936 102 55 632 174 511 521 471 421 115 621 371 222 325 496 253 409 674 301 665 562 304 431 693 182 199 52 361 752 514 363 279 739 78 883 264 911 138 527 635 36 558 767 585 750 350 261 214 669 588 256 779 829 597 353
201 552 507 748 396 209 614 256 150 444 770 138 204 337 0 149 360 339 737 545 201 227 559 661 241 299 816 331 816 229 777 759 223 727 672 422 154 744 146 125 692 506 381 358 192 96 361 417 189 313 655 930 237 168 463 447 282 624 335 855 208 202 367 320 892 844 324 632 243 99 552 934 866 128 474 719 563 454
167 403 585 884 515 88 548 200 167 515 758 225 271 256 149 0 496 397 885 503 183 264 700 681 155 240 834 327 686 378 647 666 164 582 624 280 70 729 207 160 564 504 408 317 278 212 496 394 59 214 612 782 258 108 316 595 234 630 371 964 176 346 378 255 781 706 471 755 339 55 464 912 725 22 620 842 658 306
434 889 310 388 106 521 945 477 375 295 740 418 287 558 360 496 0 296 425 633 415 335 430 886 506 503 708 426 1068 185 1029 920 469 1079 745 730 514 726 320 460 1052 517 638 688 256 372 348 507 514 566 720 1266 539 527 782 249 480 873 348 523 433 269 646 525 1087 1202 112 284 210 440 731 910 1146 474 308 369 295 798
249 711 191 597 227 368 939 263 229 119 471 468 135 319 339 397 296 0 710 337 228 133 705 995 315 267 486 151 803 362 765 628 277 922 449 531 451 452 198 464 943 225 717 691 150 417 566 215 378 348 424 1069 576 482 588 532 247 962 58 596 243 417 706 282 799 1062 371 433 123 353 449 642 896 379 586 510 281 640
853 1288 648 270 485 928 1219 900 791 670 1101 732 711 983 737 885 425 710 0 1045 836 760 359 1032 924 928 1022 850 1493 508 1454 1339 888 1461 1148 1143 883 1094 738 798 1404 917 867 984 679 706 490 926 915 988 1121 1667 833 883 1191 312 904 1049 767 554 854 561 895 949 1509 1570 414 389 635 831 1154 1259 1569 864 324 400 568 1191
349 607 437 905 560 422 1020 303 395 387 276 682 391 256 545 503 633 337 1045 0 345 343 1027 1183 348 263 406 227 528 668 495 298 341 819 126 436 573 244 415 643 903 143 906 816 426 642 864 135 449 307 110 893 754 611 486 861 271 1133 285 828 341 701 880 248 477 968 699 731 438 493 175 412 644 498 912 794 543 582
21 492 420 782 398 139 731 66 55 348 583 336 132 153 201 183 415 228 836 345 0 98 728 845 93 104 652 145 661 368 621 565 54 698 471 320 248 555 100 300 714 324 565 497 160 297 544 221 152 151 455 862 414 284 375 586 83 800 192 819 17 377 543 126 710 836 433 633 214 155 359 742 732 170 626 717 506 415
120 590 324 689 304 236 809 148 97 252 544 364 51 224 227 264 335 133 760 343 98 0 688 889 191 168 590 116 733 327 693 602 151 797 469 416 321 519 81 347 811 281 608 565 87 317 521 208 245 238 448 957 462 353 471 532 145 850 111 721 115 358 592 189 760 935 373 537 126 222 403 711 812 247 579 619 407 513
737 1088 739 571 535 769 903 793 673 725 1168 493 638 880 559 700 430 705 359 1027 728 688 0 677 794 831 1139 802 1376 362 1336 1289 767 1227 1148 980 671 1152 631 567 1138 930 549 695 602 489 206 892 748 866 1124 1456 558 658 1016 182 809 701 746 829 742 358 585 854 1438 1315 334 600 589 657 1085 1338 1425 683 122 655 705 987
836 859 1140 1197 973 766 372 879 804 1087 1427 527 863 936 661 681 886 995 1032 1183 845 889 677 0 836 920 1478 987 1264 703 1231 1327 842 876 1305 873 611 1400 808 545 716 1165 280 389 845 577 569 1066 737 891 1292 1122 430 573 870 754 911 73 997 1403 845 620 303 936 1409 890 782 1158 883 690 1135 1587 1248 684 718 1236 1167 778
73 399 505 876 491 75 683 57 132 433 610 360 226 102 241 155 506 315 924 348 93 191 794 836 0 87 699 200 584 441 544 521 39 607 468 227 225 580 186 307 633 365 563 467 252 331 601 248 101 72 457 768 412 263 281 662 88 785 271 910 76 437 534 100 651 747 516 727 307 158 315 759 646 154 698 810 595 325
98 448 451 854 471 162 770 43 159 380 522 429 216 55 299 240 503 267 928 263 104 168 831 920 87 0 614 129 565 471 525 462 79 662 385 265 310 492 201 383 704 280 645 554 249 394 647 162 188 82 372 802 493 348 323 687 23 870 215 863 91 481 617 22 606 806 532 697 294 233 255 672 644 235 729 776 548 387
667 1012 399 797 603 773 1380 643 681 419 169 951 614 632 816 834 708 486 1022 406 652 590 1139 1478 699 614 0 507 888 833 862 603 676 1225 374 836 900 193 670 937 1302 334 1198 1149 635 901 1035 452 794 683 356 1291 1052 936 889 956 611 1440 481 603 658 899 1183 610 771 1374 813 636 606 805 573 256 1015 822 1017 657 456 980
159 577 324 748 373 270 874 143 183 254 440 469 164 174 331 327 426 151 850 227 145 116 802 987 200 129 507 0 653 441 615 495 171 792 352 394 394 413 191 441 831 178 707 643 199 425 637 92 289 211 332 926 556 430 451 641 115 943 93 737 150 474 686 139 660 936 479 584 220 300 304 603 745 316 690 660 424 516
647 414 950 1401 1026 608 963 596 712 890 722 910 782 511 816 686 1068 803 1493 528 661 733 1376 1264 584 565 888 653 0 1025 40 292 614 522 514 412 733 695 762 841 685 667 1040 880 815 897 1178 597 632 513 535 453 912 761 398 1246 589 1196 745 1353 645 1018 997 544 200 647 1095 1233 858 721 363 759 130 699 1283 1304 1057 485
379 782 454 549 271 430 767 434 314 415 833 243 276 521 229 378 185 362 508 668 368 327 362 703 441 471 833 441 1025 0 985 926 411 953 791 646 375 813 269 298 905 582 453 513 241 205 204 533 414 511 769 1160 361 378 690 221 448 688 394 708 383 84 463 494 1078 1065 102 467 239 326 723 1004 1085 357 258 551 466 684
607 387 914 1363 987 568 936 556 672 853 699 871 742 471 777 647 1029 765 1454 495 621 693 1336 1231 544 525 862 615 40 985 0 275 574 509 488 375 695 670 722 803 667 633 1004 846 775 857 1138 561 592 473 508 460 875 723 363 1206 549 1164 707 1319 605 978 962 504 209 639 1055 1196 819 681 327 743 152 660 1243 1267 1021 454
560 570 734 1204 854 577 1088 504 621 686 435 882 653 421 759 666 920 628 1339 298 565 602 1289 1327 521 462 603 495 292 926 275 0 536 743 239 465 731 410 658 825 877 439 1069 939 689 852 1109 413 606 453 264 733 923 766 488 1134 482 1267 572 1114 554 943 1033 440 181 885 974 1030 715 680 207 468 423 671 1181 1091 840 597
34 439 468 837 452 98 704 37 98 396 594 350 187 115 223 164 469 277 888 341 54 151 767 842 39 79 676 171 614 411 574 536 0 646 464 266 233 565 150 303 668 342 565 481 214 317 578 230 118 100 451 807 413 271 320 631 70 793 235 871 36 413 539 99 673 785 482 688 268 153 328 748 681 157 669 771 557 363
677 216 1111 1464 1087 566 516 659 719 1039 1087 740 825 621 727 582 1079 922 1461 819 698 797 1227 876 607 662 1225 792 522 953 509 743 646 0 881 399 578 1055 771 668 179 912 737 560 844 758 1023 798 567 580 888 248 672 580 343 1159 679 802 875 1518 682 903 691 654 719 149 1051 1328 904 638 660 1182 443 605 1173 1412 1203 284
475 678 517 989 665 540 1127 427 522 479 213 808 516 371 672 624 745 449 1148 126 471 469 1148 1305 468 385 374 352 514 791 488 239 464 881 0 521 694 183 542 767 983 230 1030 933 550 768 990 260 568 420 27 923 878 732 565 979 396 1253 402 879 467 827 1002 369 417 1030 818 814 558 618 222 309 641 620 1032 868 619 668
300 184 717 1103 718 216 624 269 355 645 712 501 453 222 422 280 730 531 1143 436 320 416 980 873 227 265 836 394 412 646 375 465 266 399 521 0 321 680 410 430 467 515 632 483 478 492 777 399 233 183 522 541 500 348 57 867 284 809 480 1127 302 624 592 255 537 546 730 953 534 323 305 831 445 297 897 1035 813 147
234 418 635 903 545 156 488 270 224 566 827 181 319 325 154 70 514 451 883 573 248 321 671 611 225 310 900 394 733 375 695 731 233 578 694 321 0 798 255 108 538 571 340 249 321 184 465 463 126 282 682 791 191 38 349 583 303 560 431 1002 244 328 309 325 839 691 474 784 379 98 530 982 763 78 601 871 702 317
565 847 446 901 631 655 1260 528 596 434 32 882 557 496 744 729 726 452 1094 244 555 519 1152 1400 580 492 193 413 695 813 670 410 565 1055 183 680 798 0 600 855 1146 238 1120 1046 585 836 1018 335 680 548 169 1105 969 836 728 974 495 1355 424 750 556 865 1098 482 579 1204 817 729 574 710 395 192 823 721 1031 769 534 826
115 573 380 696 316 206 741 166 55 311 625 283 64 253 146 207 320 198 738 415 100 81 631 808 186 201 670 191 762 269 722 658 150 771 542 410 255 600 0 268 769 362 528 492 72 236 453 282 205 250 522 948 382 284 462 486 178 770 189 758 117 288 513 224 808 903 333 556 133 158 453 791 831 187 527 641 451 487
293 521 633 844 511 248 492 340 259 570 882 74 329 409 125 160 460 464 798 643 300 347 567 545 307 383 937 441 841 298 803 825 303 668 767 430 108 855 268 0 607 620 265 235 318 93 360 522 219 372 753 890 115 90 457 492 371 503 457 971 302 237 245 402 942 771 401 741 369 150 621 1043 872 154 504 828 685 419
693 309 1135 1441 1078 575 347 690 721 1063 1179 672 829 674 692 564 1052 943 1404 903 714 811 1138 716 633 704 1302 831 685 905 667 877 668 179 983 467 538 1146 769 607 0 976 615 446 841 700 940 857 567 626 986 411 581 528 418 1095 716 643 904 1527 700 843 571 702 876 182 1007 1319 902 618 762 1291 617 585 1099 1406 1217 322
336 697 294 765 434 439 1047 309 361 250 263 644 319 301 506 504 517 225 917 143 324 281 930 1165 365 280 334 178 667 582 633 439 342 912 230 515 571 238 362 620 976 0 885 821 348 598 785 119 461 351 204 1011 735 608 570 757 276 1122 188 686 327 629 865 277 619 1061 597 590 343 479 307 430 780 493 812 651 400 654
558 660 870 985 716 496 354 603 524 813 1147 249 584 665 381 408 638 717 867 906 565 608 549 280 563 645 1198 707 1040 453 1004 1069 565 737 1030 632 340 1120 528 265 615 885 0 177 567 301 377 787 467 622 1016 983 152 303 641 561 634 244 717 1162 567 369 46 661 1167 797 545 920 609 413 870 1308 1045 409 544 1002 905 566
484 488 866 1063 745 393 258 517 470 801 1076 270 556 562 358 317 688 691 984 816 497 565 695 389 467 554 1149 643 880 513 846 939 481 560 933 483 249 1046 492 235 446 821 177 0 549 315 502 711 366 513 923 805 152 213 483 671 550 328 676 1204 493 437 131 567 1020 626 615 971 602 344 751 1227 876 327 667 1057 920 398
179 645 316 625 243 278 802 222 125 251 608 318 35 304 192 278 256 150 679 426 160 87 602 845 252 249 635 199 815 241 775 689 214 844 550 478 321 585 72 318 841 348 567 549 0 267 440 291 278 310 528 1018 428 347 531 445 226 812 161 686 177 280 557 271 847 976 285 483 61 226 490 777 890 257 491 568 381 560
297 602 570 752 431 289 573 351 246 512 862 51 286 431 96 212 372 417 706 642 297 317 489 577 331 394 901 425 897 205 857 852 317 758 768 492 184 836 236 93 700 598 301 315 267 0 284 512 264 403 751 975 172 178 527 401 378 545 421 889 304 145 294 415 982 864 308 655 308 177 646 1027 938 197 417 742 613 501
551 882 648 627 451 570 729 607 488 616 1038 286 473 693 361 496 348 566 490 864 544 521 206 569 601 647 1035 637 1178 204 1138 1109 578 1023 990 777 465 1018 453 360 940 785 377 502 440 284 0 729 547 673 968 1250 358 451 812 187 627 574 597 841 556 166 406 670 1251 1114 236 597 443 457 903 1209 1222 480 167 670 643 780
230 582 354 806 443 323 931 194 267 292 364 555 256 182 417 394 507 215 926 135 221 208 892 1066 248 162 452 92 597 533 561 413 230 798 260 399 463 335 282 522 857 119 787 711 291 512 729 0 347 232 240 908 636 500 455 729 161 1020 159 764 221 566 764 157 584 945 567 636 306 375 237 521 699 385 779 706 460 535
132 375 569 897 520 29 586 152 154 497 710 282 263 199 189 59 514 378 915 449 152 245 748 737 101 188 794 289 632 414 592 606 118 567 568 233 126 680 205 219 567 461 467 366 278 264 547 347 0 155 558 753 317 164 276 634 185 685 345 961 141 391 435 201 722 698 501 761 338 90 404 860 677 68 663 846 650 284
134 366 533 927 543 126 712 90 198 461 579 429 281 52 313 214 566 348 988 307 151 238 866 891 72 82 683 211 513 511 473 453 100 580 420 183 282 548 250 372 626 351 622 513 310 403 673 232 155 0 412 722 473 319 241 732 100 837 297 944 134 509 590 75 579 724 583 773 362 227 249 720 581 218 769 854 629 306
460 683 489 961 638 530 1122 413 504 452 200 792 494 361 655 612 720 424 1121 110 455 448 1124 1292 457 372 356 332 535 769 508 264 451 888 27 522 682 169 522 753 986 204 1016 923 528 751 968 240 558 412 0 937 864 720 568 955 381 1242 378 853 451 806 989 357 443 1038 794 786 535 603 228 310 660 608 1008 841 592 669
841 379 1250 1644 1260 744 758 810 893 1180 1136 964 994 752 930 782 1266 1069 1667 893 862 957 1456 1122 768 802 1291 926 453 1160 460 733 807 248 923 541 791 1105 948 890 411 1011 983 805 1018 975 1250 908 753 722 937 0 908 800 487 1374 822 1049 1016 1663 844 1120 937 788 649 270 1253 1495 1075 835 719 1199 332 803 1393 1576 1350 476
406 557 739 911 603 347 406 451 374 679 997 122 441 514 237 258 539 576 833 754 414 462 558 430 412 493 1052 556 912 361 875 923 413 672 878 500 191 969 382 115 581 735 152 152 428 172 358 636 317 473 864 908 0 156 517 521 482 388 572 1060 415 284 130 510 1028 756 462 824 475 261 722 1157 929 258 520 909 785 457
271 431 663 914 565 193 456 308 257 595 865 165 348 363 168 108 527 482 883 611 284 353 658 573 263 348 936 430 761 378 723 766 271 580 732 348 38 836 284 90 528 608 303 213 347 178 451 500 164 319 720 800 156 0 372 579 341 522 464 1023 281 323 271 363 872 687 479 801 404 131 567 1019 786 115 594 888 726 329
354 127 774 1156 773 262 601 325 407 703 761 530 507 279 463 316 782 588 1191 486 375 471 1016 870 281 323 889 451 398 690 363 488 320 343 565 57 349 728 462 457 418 570 641 483 531 527 812 455 276 241 568 487 517 372 0 910 341 804 538 1185 357 663 599 313 541 490 777 1008 588 364 345 874 414 335 937 1091 870 109
599 998 557 443 353 651 909 652 534 544 989 423 480 739 447 595 249 532 312 861 586 532 182 754 662 687 956 641 1246 221 1206 1134 631 1159 979 867 583 974 486 492 1095 757 561 671 445 401 187 729 634 732 955 1374 521 579 910 0 664 761 577 675 601 255 586 710 1291 1263 161 436 422 546 935 1158 1307 575 60 501 525 898
80 465 433 831 448 162 770 33 138 361 525 414 192 78 282 234 480 247 904 271 83 145 809 911 88 23 611 115 589 448 549 482 70 679 396 284 303 495 178 371 716 276 634 550 226 378 627 161 185 100 381 822 482 341 341 664 0 863 196 843 73 460 608 45 629 822 509 675 271 222 276 678 667 227 706 755 529 401
790 789 1114 1200 956 713 300 830 762 1058 1383 494 828 883 624 630 873 962 1049 1133 800 850 701 73 785 870 1440 943 1196 688 1164 1267 793 802 1253 809 560 1355 770 503 643 1122 244 328 812 545 574 1020 685 837 1242 1049 388 522 804 761 863 0 959 1394 799 604 257 885 1345 817 773 1150 854 644 1078 1541 1177 635 730 1230 1147 710
212 662 236 656 284 331 918 216 207 164 446 470 135 264 335 371 348 58 767 285 192 111 746 997 271 215 481 93 745 394 707 572 235 875 402 480 431 424 189 457 904 188 717 676 161 421 597 159 345 297 378 1016 572 464 538 577 196 959 0 647 205 441 702 228 742 1017 415 491 156 333 391 616 838 355 629 567 333 595
841 1308 413 283 459 956 1462 860 806 483 741 937 698 911 855 964 523 596 554 828 819 721 829 1403 910 863 603 737 1353 708 1319 1114 871 1518 879 1127 1002 750 758 971 1527 686 1162 1204 686 889 841 764 961 944 853 1663 1060 1023 1185 675 843 1394 647 0 836 793 1170 875 1295 1656 621 244 625 912 991 859 1462 943 729 174 314 1234
9 475 435 800 415 126 724 51 68 362 584 342 150 138 208 176 433 243 854 341 17 115 742 845 76 91 658 150 645 383 605 554 36 682 467 302 244 556 117 302 700 327 567 493 177 304 556 221 141 134 451 844 415 281 357 601 73 799 205 836 0 390 542 114 696 820 450 651 232 154 347 742 715 165 641 734 522 398
385 744 529 627 353 411 688 440 322 485 887 172 312 527 202 346 269 417 561 701 377 358 358 620 437 481 899 474 1018 84 978 943 413 903 827 624 328 865 288 237 843 629 369 437 280 145 166 566 391 509 806 1120 284 323 663 255 460 604 441 793 390 0 379 504 1086 1009 179 551 294 300 737 1057 1068 327 274 634 547 644
533 615 865 1002 719 465 323 576 504 806 1126 242 571 635 367 378 646 706 895 880 543 592 585 303 534 617 1183 686 997 463 962 1033 539 691 1002 592 309 1098 513 245 571 865 46 131 557 294 406 764 435 590 989 937 130 271 599 586 608 257 702 1170 542 379 0 633 1127 752 558 930 602 388 837 1285 1000 381 573 1014 905 521
120 439 463 872 490 173 778 64 181 392 513 449 238 36 320 255 525 282 949 248 126 189 854 936 100 22 610 139 544 494 504 440 99 654 369 255 325 482 224 402 702 277 661 567 271 415 670 157 201 75 357 788 510 363 313 710 45 885 228 875 114 504 633 0 584 799 554 713 315 251 233 660 624 252 752 792 561 382
701 588 914 1382 1027 695 1133 645 765 864 602 1004 812 558 892 781 1087 799 1509 477 710 760 1438 1409 651 606 771 660 200 1078 209 181 673 719 417 537 839 579 808 942 876 619 1167 1020 847 982 1251 584 722 579 443 649 1028 872 541 1291 629 1345 742 1295 696 1086 1127 584 0 846 1133 1209 879 805 357 602 317 790 1335 1271 1020 642
814 364 1253 1590 1218 700 517 800 852 1180 1237 839 960 767 844 706 1202 1062 1570 968 836 935 1315 890 747 806 1374 936 647 1065 639 885 785 149 1030 546 691 1204 903 771 182 1061 797 626 976 864 1114 945 698 724 1038 270 756 687 490 1263 822 817 1017 1656 820 1009 752 799 846 0 1165 1459 1037 762 809 1330 550 728 1271 1545 1342 421
448 874 418 448 216 515 868 499 384 395 834 346 321 585 324 471 112 371 414 699 433 373 334 782 516 532 813 479 1095 102 1055 974 482 1051 818 730 474 817 333 401 1007 597 545 615 285 308 236 567 501 583 794 1253 462 479 777 161 509 773 415 621 450 179 558 554 1133 1165 0 377 260 417 776 1004 1162 450 215 458 407 778
655 1126 297 175 241 761 1229 684 608 345 731 702 503 750 632 755 284 433 389 731 633 537 600 1158 727 697 636 584 1233 467 1196 1030 688 1328 814 953 784 729 556 741 1319 590 920 971 483 655 597 636 761 773 786 1495 824 801 1008 436 675 1150 491 244 651 551 930 713 1209 1459 377 0 423 700 873 881 1330 733 493 86 196 1043
234 703 264 568 184 338 857 272 185 204 594 360 81 350 243 339 210 123 635 438 214 126 589 883 307 294 606 220 858 239 819 715 268 904 558 534 379 574 133 369 902 343 609 602 61 308 443 306 338 362 535 1075 475 404 588 422 271 854 156 625 232 294 602 315 879 1037 260 423 0 286 522 765 938 318 474 508 322 620
145 456 538 828 460 113 586 190 125 468 739 201 222 261 99 55 440 353 831 493 155 222 657 690 158 233 805 300 721 326 681 680 153 638 618 323 98 710 158 150 618 479 413 344 226 177 457 375 90 227 603 835 261 131 364 546 222 644 333 912 154 300 388 251 805 762 417 700 286 0 474 897 767 33 573 787 608 361
353 456 587 1043 676 375 924 297 414 528 427 676 454 214 552 464 731 449 1154 175 359 403 1085 1135 315 255 573 304 363 723 327 207 328 660 222 305 530 395 453 621 762 307 870 751 490 646 903 237 404 249 228 719 722 567 345 935 276 1078 391 991 347 737 837 233 357 809 776 873 522 474 0 529 472 467 979 942 694 451
751 985 616 1047 811 834 1432 711 786 614 171 1072 749 669 934 912 910 642 1259 412 742 711 1338 1587 759 672 256 603 759 1004 743 468 748 1182 309 831 982 192 791 1043 1291 430 1308 1227 777 1027 1209 521 860 720 310 1199 1157 1019 874 1158 678 1541 616 859 742 1057 1285 660 602 1330 1004 881 765 897 529 0 890 905 1217 909 692 978
715 389 1054 1494 1113 657 924 668 778 991 851 944 859 588 866 725 1146 896 1569 644 732 812 1425 1248 646 644 1015 745 130 1085 152 423 681 443 641 445 763 823 831 872 617 780 1045 876 890 938 1222 699 677 581 660 332 929 786 414 1307 667 1177 838 1462 715 1068 1000 624 317 550 1162 1330 938 767 472 890 0 742 1339 1404 1160 479
156 424 566 861 493 95 563 194 149 496 750 214 251 256 128 22 474 379 864 498 170 247 683 684 154 235 822 316 699 357 660 671 157 605 620 297 78 721 187 154 585 493 409 327 257 197 480 385 68 218 608 803 258 115 335 575 227 635 355 943 165 327 381 252 790 728 450 733 318 33 467 905 742 0 601 820 638 328
638 1019 618 487 413 682 896 692 573 603 1047 433 527 779 474 620 308 586 324 912 626 579 122 718 698 729 1017 690 1283 258 1243 1181 669 1173 1032 897 601 1031 527 504 1099 812 544 667 491 417 167 779 663 769 1008 1393 520 594 937 60 706 730 629 729 641 274 573 752 1335 1271 215 493 474 573 979 1217 1339 601 0 554 585 918
738 1209 357 142 327 846 1315 766 693 414 768 787 587 829 719 842 369 510 400 794 717 619 655 1236 810 776 657 660 1304 551 1267 1091 771 1412 868 1035 871 769 641 828 1406 651 1002 1057 568 742 670 706 846 854 841 1576 909 888 1091 501 755 1230 567 174 734 634 1014 792 1271 1545 458 86 508 787 942 909 1404 820 554 0 251 1128
527 993 106 370 195 644 1177 545 495 170 537 664 388 597 563 658 295 281 568 543 506 407 705 1167 595 548 456 424 1057 466 1021 840 557 1203 619 813 702 534 451 685 1217 400 905 920 381 613 643 460 650 629 592 1350 785 726 870 525 529 1147 333 314 522 547 905 561 1020 1342 407 196 322 608 694 692 1160 638 585 251 0 920
393 101 831 1182 803 281 494 378 434 758 859 494 541 353 454 306 798 640 1191 582 415 513 987 778 325 387 980 516 485 684 454 597 363 284 668 147 317 826 487 419 322 654 566 398 560 501 780 535 284 306 669 476 457 329 109 898 401 710 595 1234 398 644 521 382 642 421 778 1043 620 361 451 978 479 328 918 1128 920 0
