0 479 458 495 1099 716 962 1628 846 1321 1174 1325 1214 601 19 667
479 0 937 508 1576 1190 1229 1428 1223 1566 1505 847 960 761 476 616
458 937 0 809 643 275 900 1921 640 1215 971 1782 1565 755 460 973
495 508 809 0 1362 981 1457 1926 1330 1067 1046 1162 1464 267 477 1036
1099 1576 643 1362 0 390 1228 2464 892 1266 940 2418 2159 1211 1100 1566
716 1190 275 981 390 0 1071 2182 762 1112 823 2030 1837 856 716 1244
962 1229 900 1457 1228 1071 0 1341 335 2115 1867 1942 1189 1537 981 741
1628 1428 1921 1926 2464 2182 1341 0 1637 2938 2802 1497 476 2154 1643 966
846 1223 640 1330 892 762 335 1637 0 1845 1578 2017 1420 1355 862 884
1321 1566 1215 1067 1266 1112 2115 2938 1845 0 328 2164 2497 805 1304 1987
1174 1505 971 1046 940 823 1867 2802 1578 328 0 2200 2385 781 1160 1837
1325 847 1782 1162 2418 2030 1942 1497 2017 2164 2200 0 1083 1420 1321 1206
1214 960 1565 1464 2159 1837 1189 476 1420 2497 2385 1083 0 1702 1227 594
601 761 755 267 1211 856 1537 2154 1355 805 781 1420 1702 0 581 1229
19 476 460 477 1100 716 981 1643 862 1304 1160 1321 1227 581 0 683
667 616 973 1036 1566 1244 741 966 884 1987 1837 1206 594 1229 683 0
