0 1252 816 19 701 1476 1651 1171 538 631 1201 563 256 1219 48 569
1252 0 1626 1240 789 2288 2320 2282 1666 1176 1816 1348 1106 1480 1210 823
816 1626 0 833 838 699 2408 743 452 1442 398 304 1049 2034 848 819
19 1240 833 0 700 1495 1640 1190 557 612 1217 577 236 1201 31 566
701 789 838 700 0 1504 2236 1518 940 1046 1050 570 726 1589 681 137
1476 2288 699 1495 1504 0 2949 683 983 2107 503 1004 1724 2690 1515 1507
1651 2320 2408 1640 2236 2949 0 2383 1989 1207 2807 2204 1519 888 1640 2103
1171 2282 743 1190 1518 683 2383 0 642 1750 910 949 1424 2286 1219 1459
538 1666 452 557 940 983 1989 642 0 1149 839 426 794 1718 584 856
631 1176 1442 612 1046 2107 1207 1750 1149 0 1815 1167 395 593 594 920
1201 1816 398 1217 1050 503 2807 910 839 1815 0 648 1419 2409 1229 1078
563 1348 304 577 570 1004 2204 949 426 1167 648 0 771 1761 585 528
256 1106 1049 236 726 1724 1519 1424 794 395 1419 771 0 989 211 590
1219 1480 2034 1201 1589 2690 888 2286 1718 593 2409 1761 989 0 1185 1474
48 1210 848 31 681 1515 1640 1219 584 594 1229 585 211 1185 0 547
569 823 819 566 137 1507 2103 1459 856 920 1078 528 590 1474 547 0
