0 403 927 1131 1672 233 1470 471 610 466 653 1120 971 228 730 24
403 0 1315 1472 1567 540 1791 869 717 300 716 1516 594 578 433 379
927 1315 0 378 2386 788 707 586 952 1235 1357 596 1898 739 1508 948
1131 1472 378 0 2705 935 353 905 931 1319 1660 953 2067 909 1565 1146
1672 1567 2386 2705 0 1905 3059 1804 2243 1868 1049 2152 1323 1890 1921 1669
233 540 788 935 1905 0 1262 487 413 460 880 1102 1134 68 740 238
1470 1791 707 353 3059 1262 0 1258 1183 1609 2013 1227 2383 1244 1834 1484
471 869 586 905 1804 487 1258 0 866 913 771 649 1402 419 1190 496
610 717 952 931 2243 413 1183 866 0 456 1258 1412 1261 469 651 603
466 300 1235 1319 1868 460 1609 913 456 0 980 1551 804 522 281 444
653 716 1357 1660 1049 880 2013 771 1258 980 0 1249 923 855 1149 656
1120 1516 596 953 2152 1102 1227 649 1412 1551 1249 0 2026 1035 1831 1145
971 594 1898 2067 1323 1134 2383 1402 1261 804 923 2026 0 1168 703 950
228 578 739 909 1890 68 1244 419 469 522 855 1035 1168 0 803 240
730 433 1508 1565 1921 740 1834 1190 651 281 1149 1831 703 803 0 707
24 379 948 1146 1669 238 1484 496 603 444 656 1145 950 240 707 0
