0 368 46 1207 404 829 782 1079 1198 1115 1529 355 1404 1542 270 1114 20
368 0 379 843 507 1151 881 723 1541 1228 1163 721 1056 1569 609 816 356
46 379 0 1222 451 797 828 1079 1210 1159 1542 343 1426 1496 239 1145 36
1207 843 1222 0 1172 1979 1394 392 2319 1677 325 1563 293 2027 1452 474 1197
404 507 451 1172 0 1143 392 1178 1152 738 1494 610 1292 1941 620 923 419
829 1151 797 1979 1143 0 1409 1755 1047 1653 2285 533 2207 1304 559 1942 830
782 881 828 1394 392 1409 0 1486 1094 347 1696 892 1440 2324 953 1030 799
1079 723 1079 392 1178 1755 1486 0 2265 1809 582 1418 683 1646 1280 783 1064
1198 1541 1210 2319 1152 1047 1094 2265 0 1102 2643 919 2443 2339 1082 2061 1216
1115 1228 1159 1677 738 1653 347 1809 1102 0 1961 1169 1680 2653 1256 1266 1133
1529 1163 1542 325 1494 2285 1696 582 2643 1961 0 1884 323 2210 1768 705 1518
355 721 343 1563 610 533 892 1418 919 1169 1884 0 1758 1544 163 1452 366
1404 1056 1426 293 1292 2207 1440 683 2443 1680 323 1758 0 2320 1663 413 1397
1542 1569 1496 2027 1941 1304 2324 1646 2339 2653 2210 1544 2320 0 1417 2279 1525
270 609 239 1452 620 559 953 1280 1082 1256 1768 163 1663 1417 0 1383 271
1114 816 1145 474 923 1942 1030 783 2061 1266 705 1452 413 2279 1383 0 1112
20 356 36 1197 419 830 799 1064 1216 1133 1518 366 1397 1525 271 1112 0
