0 1436 629 1368 385 716 1570 1572 805 893 1368 482 1401 201 1181 475
1436 0 867 2638 1752 768 2833 1225 2099 2280 2794 1577 2315 1629 2618 1912
629 867 0 1970 1000 407 1974 1447 1404 1521 1942 952 1537 830 1792 1086
1368 2638 1970 0 983 1874 1873 2128 566 558 1154 1062 2275 1185 849 1064
385 1752 1000 983 0 991 1538 1639 421 530 1154 330 1574 212 906 315
716 768 407 1874 991 0 2244 1042 1330 1515 2083 811 1902 893 1879 1184
1570 2833 1974 1873 1538 2244 0 3133 1662 1420 760 1865 824 1467 1026 1223
1572 1225 1447 2128 1639 1042 3133 0 1757 2031 2784 1316 2915 1667 2506 1935
805 2099 1404 566 421 1330 1662 1757 0 285 1094 527 1875 630 783 578
893 2280 1521 558 530 1515 1420 2031 285 0 812 753 1729 695 497 515
1368 2794 1942 1154 1154 2083 760 2784 1094 812 0 1468 1396 1193 322 900
482 1577 952 1062 330 811 1865 1316 527 753 1468 0 1843 437 1198 642
1401 2315 1537 2275 1574 1902 824 2915 1875 1729 1396 1843 0 1408 1535 1304
201 1629 830 1185 212 893 1467 1667 630 695 1193 437 1408 0 989 293
1181 2618 1792 849 906 1879 1026 2506 783 497 322 1198 1535 989 0 708
475 1912 1086 1064 315 1184 1223 1935 578 515 900 642 1304 293 708 0
