0 185 183 674 809 451 345 668 697 134 98 697 539 791 601 774 568 72 468 545 67 519 357 594 174 179 272 761 695 266 286 202 433 369 230 361 241 667 127 155 158 795 68 44 235 59 513 527 659 129 386 207 9 755 541 322 786 24 24 426 285 491 564 29 54 205 79 158 457 686 176 323 105 567 520 732 366 199
185 0 77 766 901 636 325 681 694 319 280 659 368 973 691 951 461 115 419 606 206 648 220 683 359 72 455 605 566 118 461 379 423 194 62 504 254 545 184 134 34 841 120 141 170 146 353 523 839 309 329 39 178 620 701 506 704 206 160 244 336 307 747 209 236 363 182 116 278 502 189 472 170 697 371 883 535 128
183 77 0 696 829 625 248 752 617 311 281 585 358 971 743 956 536 131 495 666 177 686 294 736 354 144 453 578 638 83 429 353 495 192 135 453 318 618 131 194 55 764 116 140 94 168 329 446 841 288 256 55 179 579 655 492 781 207 162 288 394 338 721 199 224 324 147 179 282 530 120 424 210 637 338 831 549 50
674 766 696 0 135 661 496 1323 377 634 672 502 902 937 1180 977 1224 717 1142 1168 609 1033 987 1175 648 813 670 971 1333 730 499 544 1105 823 829 353 915 1312 588 821 734 231 688 685 622 728 836 385 877 590 551 751 683 876 358 605 1456 678 687 967 944 993 578 649 636 494 614 817 892 1157 577 391 779 193 805 343 798 650
809 901 829 135 0 764 621 1454 437 765 804 570 1020 1010 1303 1058 1359 853 1277 1297 744 1151 1121 1298 777 949 792 1069 1467 861 622 673 1239 951 963 480 1050 1446 724 957 868 227 823 820 754 864 952 488 965 722 672 885 818 965 445 722 1591 813 822 1097 1078 1120 660 784 771 626 749 953 1016 1279 711 519 914 294 919 368 916 783
451 636 625 661 764 0 670 817 897 317 358 960 982 356 591 361 931 522 775 630 448 419 775 588 278 619 186 1183 1074 708 234 282 695 817 678 350 568 1038 513 569 610 873 518 495 642 496 945 769 244 337 738 657 458 1152 323 133 1087 430 476 875 531 942 166 429 402 337 480 581 906 1137 558 332 501 471 944 489 208 623
345 325 248 496 621 670 0 991 369 415 415 352 414 1026 947 1030 778 339 743 886 289 857 535 940 456 391 543 542 867 249 437 395 738 329 380 376 552 852 218 431 301 524 309 323 154 369 352 198 911 369 73 296 348 488 574 543 1026 365 339 479 617 498 711 339 349 333 266 419 396 661 170 367 424 496 329 712 670 197
668 681 752 1323 1454 817 991 0 1357 688 651 1337 957 955 282 888 432 653 300 190 735 438 549 280 679 610 689 1205 536 794 843 782 259 816 646 976 438 498 786 560 696 1462 684 675 845 627 978 1185 836 733 1008 719 661 1260 1090 774 379 656 664 717 383 785 983 687 693 828 743 573 856 900 824 936 571 1179 1011 1281 609 799
697 694 617 377 437 897 369 1357 0 730 746 133 664 1227 1290 1251 1138 703 1112 1242 632 1179 896 1284 763 761 828 653 1215 605 675 673 1106 656 746 547 919 1204 573 800 671 234 673 683 523 731 595 172 1138 679 373 663 702 539 668 796 1389 713 696 813 979 809 871 683 686 606 618 788 694 930 532 566 786 516 554 712 964 566
134 319 311 634 765 317 415 688 730 0 50 754 669 660 565 647 667 205 541 536 141 449 476 559 44 307 142 882 802 394 175 97 485 501 363 289 310 770 214 267 292 789 201 178 343 182 637 570 531 51 471 340 141 866 438 188 864 113 159 559 316 626 434 112 86 140 172 276 590 820 265 249 201 496 641 633 256 315
98 280 281 672 804 358 415 651 746 50 0 761 637 694 544 676 617 164 493 506 127 442 427 538 80 262 175 858 752 364 224 144 440 467 319 332 261 720 202 218 255 818 166 142 325 137 610 581 561 82 464 304 102 848 488 232 816 74 121 516 273 584 482 84 66 178 155 227 555 779 254 292 152 540 617 683 270 293
697 659 585 502 570 960 352 1337 133 754 761 0 565 1302 1299 1320 1081 690 1075 1238 638 1202 844 1292 791 729 867 526 1144 556 729 712 1081 586 704 617 900 1137 570 777 641 366 661 675 492 722 498 191 1204 704 329 624 701 409 763 847 1334 717 692 740 969 726 954 689 696 645 618 763 609 828 523 628 776 622 455 828 1001 538
539 368 358 902 1020 982 414 957 664 669 637 565 0 1329 1032 1314 591 478 658 930 533 1010 407 1024 712 420 811 250 614 274 775 704 706 174 358 764 590 617 472 489 384 879 471 495 350 512 69 539 1199 644 351 336 535 310 969 848 835 563 517 242 678 189 1067 557 582 665 501 471 102 266 434 744 537 908 109 1122 902 360
791 973 971 937 1010 356 1026 955 1227 660 694 1302 1329 0 677 78 1189 858 1015 770 798 518 1079 678 617 944 518 1537 1334 1055 589 638 922 1161 1006 685 850 1295 866 884 949 1165 859 836 996 827 1297 1113 137 688 1095 998 796 1508 579 488 1292 768 815 1201 788 1273 360 772 747 694 830 899 1249 1464 912 675 820 745 1298 660 452 974
601 691 743 1180 1303 591 947 282 1290 565 544 1299 1032 677 0 608 628 618 453 125 661 175 645 7 540 624 511 1281 760 809 681 642 364 867 679 826 443 719 728 557 692 1352 644 626 824 583 1035 1124 565 616 984 729 598 1310 897 585 649 582 608 814 356 891 754 610 605 702 680 575 930 1045 777 790 534 1014 1058 1077 396 780
774 951 956 977 1058 361 1030 888 1251 647 676 1320 1314 78 608 0 1141 837 964 706 787 456 1043 610 603 918 504 1529 1285 1040 596 636 870 1143 981 705 812 1246 858 855 930 1203 842 818 988 805 1284 1130 118 679 1096 979 778 1506 619 486 1233 750 797 1173 744 1246 399 757 733 696 819 871 1229 1436 906 691 793 784 1288 716 420 963
568 461 536 1224 1359 931 778 432 1138 667 617 1081 591 1189 628 1141 0 511 180 503 625 706 243 622 686 410 751 823 145 532 841 759 275 498 401 929 365 107 635 412 491 1300 538 545 624 509 632 972 1053 688 765 483 559 901 1104 831 253 574 549 354 405 402 1082 597 618 773 614 412 502 476 649 892 470 1134 672 1297 749 586
72 115 131 717 853 522 339 653 703 205 164 690 478 858 618 837 511 0 428 549 114 554 290 611 244 110 340 707 633 210 357 273 406 305 158 421 215 606 135 104 93 821 31 35 205 37 456 531 724 200 367 141 64 710 608 393 738 91 47 354 278 420 637 99 125 269 103 100 391 615 171 385 85 623 468 796 423 162
468 419 495 1142 1277 775 743 300 1112 541 493 1075 658 1015 453 964 180 428 0 329 533 525 252 446 551 351 603 905 322 520 715 637 95 524 371 821 232 282 563 323 441 1248 458 458 589 413 683 941 880 571 747 452 459 963 979 687 323 466 455 417 243 485 932 494 510 664 530 331 558 608 590 782 363 1030 717 1174 583 545
545 606 666 1168 1297 630 886 190 1242 536 506 1238 930 770 125 706 503 549 329 0 609 251 534 119 520 535 515 1181 634 724 677 624 243 771 586 816 352 593 670 473 612 1324 577 563 752 516 939 1072 648 585 915 645 540 1217 914 597 533 529 547 705 272 781 796 559 559 677 624 490 828 927 715 778 463 1014 965 1102 423 707
67 206 177 609 744 448 289 735 632 141 127 638 533 798 661 787 625 114 533 609 0 568 403 654 185 223 283 741 748 259 255 176 500 370 262 307 308 721 75 214 174 727 91 79 201 119 498 464 671 111 337 217 75 725 497 315 848 80 78 450 352 509 544 51 61 157 31 213 460 703 127 271 171 509 500 683 394 175
519 648 686 1033 1151 419 857 438 1179 449 442 1202 1010 518 175 456 706 554 525 251 568 0 661 173 415 590 364 1253 847 761 535 510 430 838 653 682 431 807 641 521 640 1218 574 553 753 517 1002 1019 398 500 904 684 518 1265 732 429 777 496 532 818 346 896 580 519 507 575 593 539 913 1068 693 648 479 858 1018 908 235 714
357 220 294 987 1121 775 535 549 896 476 427 844 407 1079 645 1043 243 290 252 534 403 661 0 638 505 180 589 657 347 291 642 558 300 274 158 710 234 324 401 209 252 1057 313 325 381 299 431 729 941 485 524 240 348 711 898 658 492 368 334 171 315 246 909 386 410 559 387 200 306 407 410 675 276 910 465 1087 626 344
594 683 736 1175 1298 588 940 280 1284 559 538 1292 1024 678 7 610 622 611 446 119 654 173 638 0 534 616 506 1274 754 801 676 636 357 859 672 821 435 713 721 549 684 1347 637 619 816 576 1027 1118 565 609 976 722 591 1302 893 581 645 575 601 807 349 884 751 603 598 696 673 567 923 1038 770 784 527 1009 1051 1074 392 773
174 359 354 648 777 278 456 679 763 44 80 791 712 617 540 603 686 244 551 520 185 415 505 534 0 342 99 926 824 438 166 104 489 543 400 296 323 791 259 296 333 812 242 219 387 217 681 606 487 87 513 381 180 910 427 153 874 152 199 597 318 664 403 155 130 162 217 307 632 859 309 257 229 500 685 623 213 360
179 72 144 813 949 619 391 610 761 307 262 729 420 944 624 918 410 110 351 535 223 590 180 616 342 0 434 663 526 188 466 382 351 247 64 529 183 501 225 69 90 900 132 145 239 125 413 589 808 309 400 110 171 686 718 495 646 195 156 256 267 328 742 208 234 379 206 51 323 520 242 494 124 729 434 906 498 194
272 455 453 670 792 186 543 689 828 142 175 867 811 518 511 504 751 340 603 515 283 364 589 506 99 434 0 1024 893 537 171 155 530 642 494 318 387 858 355 382 431 854 341 317 484 312 780 678 388 177 604 480 278 1006 400 86 922 249 296 690 360 760 330 254 229 222 315 394 730 953 404 283 315 503 783 592 136 458
761 605 578 971 1069 1183 542 1205 653 882 858 526 250 1537 1281 1529 823 707 905 1181 741 1253 657 1274 926 663 1024 0 822 497 960 900 956 416 603 918 838 832 671 733 616 887 695 719 541 743 251 586 1412 850 469 569 758 127 1116 1049 1055 786 741 488 926 423 1247 774 796 850 709 714 353 400 625 907 775 1024 241 1243 1127 566
695 566 638 1333 1467 1074 867 536 1215 802 752 1144 614 1334 760 1285 145 633 322 634 748 847 347 754 824 526 893 822 0 618 975 892 417 560 504 1054 506 40 748 540 599 1392 658 668 719 636 667 1055 1198 819 844 582 686 915 1236 971 242 703 675 404 550 428 1223 724 747 900 733 537 541 438 756 1018 602 1256 710 1427 894 685
266 118 83 730 861 708 249 794 605 394 364 556 274 1055 809 1040 532 210 520 724 259 761 291 801 438 188 537 497 618 0 507 433 534 113 149 518 372 603 204 252 120 774 199 223 108 246 246 440 925 371 232 79 263 504 723 574 784 291 245 237 454 273 800 283 307 399 228 234 202 459 177 492 282 690 258 892 631 94
286 461 429 499 622 234 437 843 675 175 224 729 775 589 681 596 841 357 715 677 255 535 642 676 166 466 171 960 975 507 0 84 656 621 514 146 484 944 303 436 429 684 342 323 426 343 731 538 478 157 506 472 295 922 263 120 1038 273 310 705 485 764 292 258 232 110 283 442 710 958 341 114 372 337 725 459 303 415
202 379 353 544 673 282 395 782 673 97 144 712 704 638 642 636 759 273 637 624 176 510 558 636 104 382 155 900 892 433 84 0 582 545 431 193 405 861 232 352 348 711 259 240 360 259 664 523 518 73 460 393 211 870 344 150 961 189 226 624 413 685 368 174 148 67 205 358 635 879 275 154 289 399 662 539 291 343
433 423 495 1105 1239 695 738 259 1106 485 440 1081 706 922 364 870 275 406 95 243 500 430 300 357 489 351 530 956 417 534 656 582 0 558 386 772 192 377 541 306 439 1226 437 432 589 384 723 934 788 521 751 460 425 1005 917 616 392 426 424 472 171 545 855 456 468 616 503 318 604 685 575 733 330 981 754 1113 497 543
369 194 192 823 951 817 329 816 656 501 467 586 174 1161 867 1143 498 305 524 771 370 838 274 859 543 247 642 416 560 113 621 545 558 0 187 630 423 551 317 317 212 845 301 325 213 339 168 502 1029 481 290 163 364 447 835 684 751 393 346 156 511 169 913 389 415 513 339 298 89 347 289 605 363 797 195 1002 728 208
230 62 135 829 963 678 380 646 746 363 319 704 358 1006 679 981 401 158 371 586 262 653 158 672 400 64 494 603 504 149 514 431 386 187 0 564 236 483 246 132 96 899 172 190 225 182 355 577 871 359 376 83 222 631 759 551 646 249 206 196 323 266 795 257 284 420 240 114 260 459 251 531 188 758 379 943 561 185
361 504 453 353 480 350 376 976 547 289 332 617 764 685 826 705 929 421 821 816 307 682 710 821 296 529 318 918 1054 518 146 193 772 630 564 0 589 1027 322 516 470 539 397 386 418 420 711 428 591 250 450 505 370 862 205 261 1143 357 380 741 605 789 343 332 312 157 324 518 716 977 341 39 462 208 696 379 450 423
241 254 318 915 1050 568 552 438 919 310 261 900 590 850 443 812 365 215 232 352 308 431 234 435 323 183 387 838 506 372 484 405 192 423 236 589 0 471 350 123 262 1034 246 240 408 192 591 746 713 339 572 293 233 867 748 467 555 236 232 386 88 464 717 265 279 432 311 139 489 639 386 550 137 798 615 943 399 363
667 545 618 1312 1446 1038 852 498 1204 770 720 1137 617 1295 719 1246 107 606 282 593 721 807 324 713 791 501 858 832 40 603 944 861 377 551 483 1027 471 0 725 511 577 1376 632 641 701 607 667 1042 1159 789 832 563 657 922 1205 937 223 674 647 398 512 429 1188 696 718 872 707 509 539 457 734 990 571 1230 709 1398 856 666
127 184 131 588 724 513 218 786 573 214 202 570 472 866 728 858 635 135 563 670 75 641 401 721 259 225 355 671 748 204 303 232 541 317 246 322 350 725 0 239 150 685 104 110 129 158 432 402 741 178 262 182 130 651 524 379 869 147 123 418 405 469 596 122 136 195 48 232 406 660 51 293 214 512 431 701 469 111
155 134 194 821 957 569 431 560 800 267 218 777 489 884 557 855 412 104 323 473 214 521 209 549 296 69 382 733 540 252 436 352 306 317 132 516 123 511 239 0 139 925 135 136 285 96 482 627 748 279 449 172 146 753 695 449 634 163 137 317 202 391 700 184 207 360 207 18 392 580 269 479 67 722 503 887 435 240
158 34 55 734 868 610 301 696 671 292 255 641 384 949 692 930 491 93 441 612 174 640 252 684 333 90 431 616 599 120 429 348 439 212 96 470 262 577 150 139 0 812 91 114 149 128 364 499 817 279 311 48 153 624 668 479 733 181 134 276 340 336 716 180 207 330 148 123 299 531 157 438 161 663 378 849 517 104
795 841 764 231 227 873 524 1462 234 789 818 366 879 1165 1352 1203 1300 821 1248 1324 727 1218 1057 1347 812 900 854 887 1392 774 684 711 1226 845 899 539 1034 1376 685 925 812 0 790 794 675 841 810 344 1099 740 554 816 802 774 586 800 1545 806 801 999 1079 1008 805 775 769 650 723 917 896 1145 658 570 896 420 772 567 988 713
68 120 116 688 823 518 309 684 673 201 166 661 471 859 644 842 538 31 458 577 91 574 313 637 242 132 341 695 658 199 342 259 437 301 172 397 246 632 104 135 91 790 0 24 180 61 445 501 728 189 340 139 63 693 588 387 768 92 45 364 307 427 626 89 116 248 75 129 389 621 140 362 114 597 454 774 432 139
44 141 140 685 820 495 323 675 683 178 142 675 495 836 626 818 545 35 458 563 79 553 325 619 219 145 317 719 668 223 323 240 432 325 190 386 240 641 110 136 114 794 24 0 200 48 469 511 704 168 357 162 39 716 573 365 771 68 21 384 295 448 606 67 94 234 72 134 413 643 152 350 103 588 478 761 408 161
235 170 94 622 754 642 154 845 523 343 325 492 350 996 824 988 624 205 589 752 201 753 381 816 387 239 484 541 719 108 426 360 589 213 225 418 408 701 129 285 149 675 180 200 0 240 305 352 870 308 164 141 235 523 624 508 872 259 221 345 480 379 718 240 260 316 170 271 297 561 85 395 290 584 302 788 595 45
59 146 168 728 864 496 369 627 731 182 137 722 512 827 583 805 509 37 413 516 119 517 299 576 217 125 312 743 636 246 343 259 384 339 182 420 192 607 158 96 128 841 61 48 240 0 492 559 693 186 401 176 49 747 600 369 729 70 41 379 248 447 616 88 111 264 118 99 424 641 199 382 55 625 505 791 389 198
513 353 329 836 952 945 352 978 595 637 610 498 69 1297 1035 1284 632 456 683 939 498 1002 431 1027 681 413 780 251 667 246 731 664 723 168 355 711 591 667 432 482 364 810 445 469 305 492 0 470 1168 609 286 318 509 281 915 811 880 537 491 277 678 239 1023 527 551 621 466 464 130 335 390 693 523 848 43 1063 878 323
527 523 446 385 488 769 198 1185 172 570 581 191 539 1113 1124 1130 972 531 941 1072 464 1019 729 1118 606 589 678 586 1055 440 538 523 934 502 577 428 746 1042 402 627 499 344 501 511 352 559 470 0 1014 519 211 493 532 494 587 657 1222 544 525 658 807 663 769 515 519 456 448 616 551 803 360 438 615 460 434 676 813 395
659 839 841 877 965 244 911 836 1138 531 561 1204 1199 137 565 118 1053 724 880 648 671 398 941 565 487 808 388 1412 1198 925 478 518 788 1029 871 591 713 1159 741 748 817 1099 728 704 870 693 1168 1014 0 562 978 866 664 1388 520 368 1163 636 683 1064 651 1137 304 642 617 578 702 763 1116 1328 789 575 684 683 1171 639 315 846
129 309 288 590 722 337 369 733 679 51 82 704 644 688 616 679 688 200 571 585 111 500 485 609 87 309 177 850 819 371 157 73 521 481 359 250 339 789 178 279 279 740 189 168 308 186 609 519 562 0 427 325 138 828 416 203 894 116 153 553 356 615 437 101 75 95 143 284 571 810 227 211 218 459 610 609 301 286
386 329 256 551 672 738 73 1008 373 471 464 329 351 1095 984 1096 765 367 747 915 337 904 524 976 513 400 604 469 844 232 506 460 751 290 376 450 572 832 262 449 311 554 340 357 164 401 286 211 978 427 0 295 387 416 647 609 1016 408 375 446 644 455 784 384 398 400 311 434 346 606 211 440 452 565 260 783 727 209
207 39 55 751 885 657 296 719 663 340 304 624 336 998 729 979 483 141 452 645 217 684 240 722 381 110 480 569 582 79 472 393 460 163 83 505 293 563 182 172 48 816 139 162 141 176 318 493 866 325 295 0 201 582 705 526 730 230 183 237 374 292 761 228 254 370 189 155 250 486 175 474 205 691 334 883 565 103
9 178 179 683 818 458 348 661 702 141 102 701 535 796 598 778 559 64 459 540 75 518 348 591 180 171 278 758 686 263 295 211 425 364 222 370 233 657 130 146 153 802 63 39 235 49 509 532 664 138 387 201 0 754 550 329 777 28 18 419 278 484 572 38 63 214 83 149 452 679 178 333 96 576 517 741 369 198
755 620 579 876 965 1152 488 1260 539 866 848 409 310 1508 1310 1506 901 710 963 1217 725 1265 711 1302 910 686 1006 127 915 504 922 870 1005 447 631 862 867 922 651 753 624 774 693 716 523 747 281 494 1388 828 416 582 754 0 1052 1021 1142 780 738 552 953 498 1200 764 784 814 694 735 406 511 601 856 786 946 252 1165 1118 556
541 701 655 358 445 323 574 1090 668 438 488 763 969 579 897 619 1104 608 979 914 497 732 898 893 427 718 400 1116 1236 723 263 344 917 835 759 205 748 1205 524 695 668 586 588 573 624 600 915 587 520 416 647 705 550 1052 0 316 1302 532 563 942 745 993 219 512 488 339 519 699 921 1182 546 231 634 166 899 195 501 628
322 506 492 605 722 133 543 774 796 188 232 847 848 488 585 486 831 393 687 597 315 429 658 581 153 495 86 1049 971 574 120 150 616 684 551 261 467 937 379 449 479 800 387 365 508 369 811 657 368 203 609 526 329 1021 316 0 1007 302 346 748 445 813 251 298 271 209 346 460 774 1008 424 233 382 429 810 507 193 489
786 704 781 1456 1591 1087 1026 379 1389 864 816 1334 835 1292 649 1233 253 738 323 533 848 777 492 645 874 646 922 1055 242 784 1038 961 392 751 646 1143 555 223 869 634 733 1545 768 771 872 729 880 1222 1163 894 1016 730 777 1142 1302 1007 0 786 770 604 561 645 1248 813 831 985 842 638 750 679 889 1104 682 1351 921 1497 887 832
24 206 207 678 813 430 365 656 713 113 74 717 563 768 582 750 574 91 466 529 80 496 368 575 152 195 249 786 703 291 273 189 426 393 249 357 236 674 147 163 181 806 92 68 259 70 537 544 636 116 408 230 28 780 532 302 786 0 47 446 273 512 547 30 44 199 98 168 480 707 197 319 104 565 545 724 341 223
24 160 162 687 822 476 339 664 696 159 121 692 517 815 608 797 549 47 455 547 78 532 334 601 199 156 296 741 675 245 310 226 424 346 206 380 232 647 123 137 134 801 45 21 221 41 491 525 683 153 375 183 18 738 563 346 770 47 0 401 282 466 589 52 78 225 79 138 433 661 168 343 94 584 500 753 386 182
426 244 288 967 1097 875 479 717 813 559 516 740 242 1201 814 1173 354 354 417 705 450 818 171 807 597 256 690 488 404 237 705 624 472 156 196 741 386 398 418 317 276 999 364 384 345 379 277 658 1064 553 446 237 419 552 942 748 604 446 401 0 473 77 991 452 479 606 424 301 147 263 405 711 380 923 317 1119 752 324
285 336 394 944 1078 531 617 383 979 316 273 969 678 788 356 744 405 278 243 272 352 346 315 349 318 267 360 926 550 454 485 413 171 511 323 605 88 512 405 202 340 1079 307 295 480 248 678 807 651 356 644 374 278 953 745 445 561 273 282 473 0 551 688 303 310 452 361 219 577 722 448 565 193 813 702 941 344 435
491 307 338 993 1120 942 498 785 809 626 584 726 189 1273 891 1246 402 420 485 781 509 896 246 884 664 328 760 423 428 273 764 685 545 169 266 789 464 429 469 391 336 1008 427 448 379 447 239 663 1137 615 455 292 484 498 993 813 645 512 466 77 551 0 1053 516 543 662 481 375 116 194 449 762 453 963 282 1165 826 366
564 747 721 578 660 166 711 983 871 434 482 954 1067 360 754 399 1082 637 932 796 544 580 909 751 403 742 330 1247 1223 800 292 368 855 913 795 343 717 1188 596 700 716 805 626 606 718 616 1023 769 304 437 784 761 572 1200 219 251 1248 547 589 991 688 1053 0 538 511 402 574 710 1002 1248 633 344 633 385 1015 343 374 708
29 209 199 649 784 429 339 687 683 112 84 689 557 772 610 757 597 99 494 559 51 519 386 603 155 208 254 774 724 283 258 174 456 389 257 332 265 696 122 184 180 775 89 67 240 88 527 515 642 101 384 228 38 764 512 298 813 30 52 452 303 516 538 0 27 176 73 187 477 711 173 294 131 539 533 702 355 208
54 236 224 636 771 402 349 693 686 86 66 696 582 747 605 733 618 125 510 559 61 507 410 598 130 234 229 796 747 307 232 148 468 415 284 312 279 718 136 207 207 769 116 94 260 111 551 519 617 75 398 254 63 784 488 271 831 44 78 479 310 543 511 27 0 155 89 211 503 738 188 274 149 520 555 680 334 230
205 363 324 494 626 337 333 828 606 140 178 645 665 694 702 696 773 269 664 677 157 575 559 696 162 379 222 850 900 399 110 67 616 513 420 157 432 872 195 360 330 650 248 234 316 264 621 456 578 95 400 370 214 814 339 209 985 199 225 606 452 662 402 176 155 0 181 363 602 855 231 119 304 366 615 527 358 306
79 182 147 614 749 480 266 743 618 172 155 618 501 830 680 819 614 103 530 624 31 593 387 673 217 206 315 709 733 228 283 205 503 339 240 324 311 707 48 207 148 723 75 72 170 118 466 448 702 143 311 189 83 694 519 346 842 98 79 424 361 481 574 73 89 181 0 203 429 675 100 291 173 523 468 703 424 143
158 116 179 817 953 581 419 573 788 276 227 763 471 899 575 871 412 100 331 490 213 539 200 567 307 51 394 714 537 234 442 358 318 298 114 518 139 509 232 18 123 917 129 134 271 99 464 616 763 284 434 155 149 735 699 460 638 168 138 301 219 375 710 187 211 363 203 0 374 565 259 481 79 722 484 890 451 225
457 278 282 892 1016 906 396 856 694 590 555 609 102 1249 930 1229 502 391 558 828 460 913 306 923 632 323 730 353 541 202 710 635 604 89 260 716 489 539 406 392 299 896 389 413 297 424 130 551 1116 571 346 250 452 406 921 774 750 480 433 147 577 116 1002 477 503 602 429 374 0 266 376 692 444 877 170 1085 813 296
686 502 530 1157 1279 1137 661 900 930 820 779 828 266 1464 1045 1436 476 615 608 927 703 1068 407 1038 859 520 953 400 438 459 958 879 685 347 459 977 639 457 660 580 531 1145 621 643 561 641 335 803 1328 810 606 486 679 511 1182 1008 679 707 661 263 722 194 1248 711 738 855 675 565 266 0 636 951 644 1143 375 1350 1015 554
176 189 120 577 711 558 170 824 532 265 254 523 434 912 777 906 649 171 590 715 127 693 410 770 309 242 404 625 756 177 341 275 575 289 251 341 386 734 51 269 157 658 140 152 85 199 390 360 789 227 211 175 178 601 546 424 889 197 168 405 448 449 633 173 188 231 100 259 376 636 0 315 255 518 386 716 521 82
323 472 424 391 519 332 367 936 566 249 292 628 744 675 790 691 892 385 782 778 271 648 675 784 257 494 283 907 1018 492 114 154 733 605 531 39 550 990 293 479 438 570 362 350 395 382 693 438 575 211 440 474 333 856 231 233 1104 319 343 711 565 762 344 294 274 119 291 481 692 951 315 0 424 248 681 411 417 397
105 170 210 779 914 501 424 571 786 201 152 776 537 820 534 793 470 85 363 463 171 479 276 527 229 124 315 775 602 282 372 289 330 363 188 462 137 571 214 67 161 896 114 103 290 55 523 615 684 218 452 205 96 786 634 382 682 104 94 380 193 453 633 131 149 304 173 79 444 644 255 424 0 669 539 827 373 246
567 697 637 193 294 471 496 1179 516 496 540 622 908 745 1014 784 1134 623 1030 1014 509 858 910 1009 500 729 503 1024 1256 690 337 399 981 797 758 208 798 1230 512 722 663 420 597 588 584 625 848 460 683 459 565 691 576 946 166 429 1351 565 584 923 813 963 385 539 520 366 523 722 877 1143 518 248 669 0 825 219 623 599
520 371 338 805 919 944 329 1011 554 641 617 455 109 1298 1058 1288 672 468 717 965 500 1018 465 1051 685 434 783 241 710 258 725 662 754 195 379 696 615 709 431 503 378 772 454 478 302 505 43 434 1171 610 260 334 517 252 899 810 921 545 500 317 702 282 1015 533 555 615 468 484 170 375 386 681 539 825 0 1042 886 325
732 883 831 343 368 489 712 1281 712 633 683 828 1122 660 1077 716 1297 796 1174 1102 683 908 1087 1074 623 906 592 1243 1427 892 459 539 1113 1002 943 379 943 1398 701 887 849 567 774 761 788 791 1063 676 639 609 783 883 741 1165 195 507 1497 724 753 1119 941 1165 343 702 680 527 703 890 1085 1350 716 411 827 219 1042 0 683 798
366 535 549 798 916 208 670 609 964 256 270 1001 902 452 396 420 749 423 583 423 394 235 626 392 213 498 136 1127 894 631 303 291 497 728 561 450 399 856 469 435 517 988 432 408 595 389 878 813 315 301 727 565 369 1118 501 193 887 341 386 752 344 826 374 355 334 358 424 451 813 1015 521 417 373 623 886 683 0 563
199 128 50 650 783 623 197 799 566 315 293 538 360 974 780 963 586 162 545 707 175 714 344 773 360 194 458 566 685 94 415 343 543 208 185 423 363 666 111 240 104 713 139 161 45 198 323 395 846 286 209 103 198 556 628 489 832 223 182 324 435 366 708 208 230 306 143 225 296 554 82 397 246 599 325 798 563 0
