0 1039 80 1551 316 87 1053 130 242 1571 1687 1361 38 1311 349 1297
1039 0 961 1888 1115 954 1158 1008 889 1946 2642 1469 1058 1074 1006 1223
80 961 0 1574 315 7 1007 148 180 1560 1765 1324 97 1281 319 1245
1551 1888 1574 0 1866 1576 2561 1428 1739 3120 1601 2890 1585 972 1893 2773
316 1115 315 1866 0 317 788 445 241 1255 1839 1073 281 1590 124 1048
87 954 7 1576 317 0 1004 151 176 1560 1771 1321 104 1278 318 1241
1053 1158 1007 2561 788 1004 0 1155 830 792 2601 340 1029 2052 707 266
130 1008 148 1428 445 151 1155 0 326 1699 1665 1472 168 1189 465 1392
242 889 180 1739 241 176 830 326 0 1419 1921 1152 234 1372 178 1065
1571 1946 1560 3120 1255 1560 792 1699 1419 0 2755 551 1537 2765 1246 836
1687 2642 1765 1601 1839 1771 2601 1665 1921 2755 0 2824 1688 2270 1949 2868
1361 1469 1324 2890 1073 1321 340 1472 1152 551 2824 0 1334 2392 1012 286
38 1058 97 1585 281 104 1029 168 234 1537 1688 1334 0 1349 323 1276
1311 1074 1281 972 1590 1278 2052 1189 1372 2765 2270 2392 1349 0 1550 2198
349 1006 319 1893 124 318 707 465 178 1246 1949 1012 323 1550 0 959
1297 1223 1245 2773 1048 1241 266 1392 1065 836 2868 286 1276 2198 959 0
