0 399 1110 1279 131 382 261 1145 707 1697 222 727 126 1591 498 279
399 0 723 1495 409 778 629 841 1107 2043 619 1123 437 1970 890 479
1110 723 0 2138 1081 1493 1352 435 1812 2759 1333 1837 1161 2693 1608 1080
1279 1495 2138 0 1403 1091 1055 2336 1146 898 1156 1055 1158 1107 1031 1540
131 409 1081 1403 0 439 362 1068 734 1782 290 769 257 1653 556 149
382 778 1493 1091 439 0 181 1507 338 1348 159 345 357 1215 117 525
261 629 1352 1055 362 181 0 1407 515 1436 108 509 193 1341 273 488
1145 841 435 2336 1068 1507 1407 0 1785 2842 1355 1831 1234 2720 1624 1007
707 1107 1812 1146 734 338 515 1785 0 1156 490 94 695 952 249 778
1697 2043 2759 898 1782 1348 1436 2842 1156 0 1491 1076 1615 370 1235 1873
222 619 1333 1156 290 159 108 1355 490 1491 0 505 212 1372 275 399
727 1123 1837 1055 769 345 509 1831 94 1076 505 0 698 892 236 828
126 437 1161 1158 257 357 193 1234 695 1615 212 698 0 1532 461 405
1591 1970 2693 1107 1653 1215 1341 2720 952 370 1372 892 1532 0 1098 1720
498 890 1608 1031 556 117 273 1624 249 1235 275 236 461 1098 0 638
279 479 1080 1540 149 525 488 1007 778 1873 399 828 405 1720 638 0
