0 1249 780 77 119 1088 247 857 1457 968 274 844 1060 425 154 721 1444
1249 0 617 1187 1321 900 1178 1987 2706 2141 1196 1244 2272 1038 1400 1880 252
780 617 0 743 812 1077 628 1398 2190 1561 635 643 1840 450 931 1303 865
77 1187 743 0 194 1011 276 935 1521 1045 308 869 1105 429 214 799 1376
119 1321 812 194 0 1206 208 743 1389 861 223 782 1037 408 153 609 1526
1088 900 1077 1011 1206 0 1205 1944 2369 2040 1239 1632 1808 1210 1179 1805 887
247 1178 628 276 208 1205 0 818 1562 964 35 597 1241 201 357 703 1399
857 1987 1398 935 743 1944 818 0 944 181 796 984 976 952 771 143 2215
1457 2706 2190 1521 1389 2369 1562 944 0 771 1555 1904 618 1748 1307 958 2898
968 2141 1561 1045 861 2040 964 181 771 0 945 1165 879 1112 861 260 2363
274 1196 635 308 223 1239 35 796 1555 945 0 570 1249 196 375 684 1420
844 1244 643 869 782 1632 597 984 1904 1165 570 0 1734 461 936 946 1497
1060 2272 1840 1105 1037 1808 1241 976 618 879 1249 1734 0 1443 908 899 2434
425 1038 450 429 408 1210 201 952 1748 1112 196 461 1443 0 553 853 1272
154 1400 931 214 153 1179 357 771 1307 861 375 936 908 553 0 629 1590
721 1880 1303 799 609 1805 703 143 958 260 684 946 899 853 629 0 2103
1444 252 865 1376 1526 887 1399 2215 2898 2363 1420 1497 2434 1272 1590 2103 0
