0 234 59 953 699 542 558 1188 1538 1573 88 132 641 7 1607 1022
234 0 214 1085 630 539 771 1315 1364 1766 150 125 694 229 1397 797
59 214 0 920 640 589 608 1248 1552 1626 67 143 696 63 1606 984
953 1085 920 0 802 1483 1106 1886 2448 1950 980 1062 1535 960 2440 1565
699 630 640 802 0 1168 1203 1888 1823 2222 646 706 1312 702 1730 774
542 539 589 1483 1168 0 664 860 1154 1444 549 473 195 535 1342 1163
558 771 608 1106 1203 664 0 780 1818 1022 643 646 584 560 1988 1568
1188 1315 1248 1886 1888 860 780 0 1751 704 1248 1205 665 1186 2054 2022
1538 1364 1552 2448 1823 1154 1818 1751 0 2447 1486 1410 1269 1530 405 1239
1573 1766 1626 1950 2222 1444 1022 704 2447 0 1654 1641 1260 1573 2730 2546
88 150 67 980 646 549 643 1248 1486 1654 0 82 671 84 1538 934
132 125 143 1062 706 473 646 1205 1410 1641 82 0 606 125 1474 921
641 694 696 1535 1312 195 584 665 1269 1260 671 606 0 635 1494 1357
7 229 63 960 702 535 560 1186 1530 1573 84 125 635 0 1600 1019
1607 1397 1606 2440 1730 1342 1988 2054 405 2730 1538 1474 1494 1600 0 1033
1022 797 984 1565 774 1163 1568 2022 1239 2546 934 921 1357 1019 1033 0
