0 1090 1562 378 264 268 473 1414 629 314 912 1127 1484 146 1690 1242 773
1090 0 2570 1277 1342 1342 1024 2311 1699 1117 202 1939 2098 1139 1731 732 797
1562 2570 0 1293 1404 1295 1949 452 1232 1453 2425 790 2353 1602 3014 2370 2311
378 1277 1293 0 457 270 852 1076 719 160 1134 758 1793 502 2067 1204 1133
264 1342 1404 457 0 196 545 1328 364 484 1156 1103 1337 214 1694 1498 910
268 1342 1295 270 196 0 687 1171 464 337 1171 919 1531 321 1873 1399 1025
473 1024 1949 852 545 687 0 1858 801 771 821 1594 1155 367 1218 1440 380
1414 2311 452 1076 1328 1171 1858 0 1276 1224 2191 393 2480 1492 3015 2013 2188
629 1699 1232 719 364 464 801 1276 0 802 1508 1157 1216 559 1781 1852 1181
314 1117 1453 160 484 337 771 1224 802 0 975 889 1790 458 1989 1071 1016
912 202 2425 1134 1156 1171 821 2191 1508 975 0 1831 1905 949 1591 820 610
1127 1939 790 758 1103 919 1594 393 1157 889 1831 0 2370 1229 2793 1620 1892
1484 2098 2353 1793 1337 1531 1155 2480 1216 1790 1905 2370 0 1338 967 2594 1302
146 1139 1602 502 214 321 367 1492 559 458 949 1229 1338 0 1569 1360 709
1690 1731 3014 2067 1694 1873 1218 3015 1781 1989 1591 2793 967 1569 0 2405 1056
1242 732 2370 1204 1498 1399 1440 2013 1852 1071 820 1620 2594 1360 2405 0 1378
773 797 2311 1133 910 1025 380 2188 1181 1016 610 1892 1302 709 1056 1378 0
