0 379 1166 287 859 1584 654 1297 1069 93 1728 995 982 522 731 740
379 0 971 630 979 1477 1025 919 1123 293 1958 766 1301 257 410 427
1166 971 0 1449 843 2362 1548 979 2093 1087 1758 216 1540 714 620 1216
287 630 1449 0 1041 1531 542 1543 924 377 1783 1282 959 806 1011 905
859 979 843 1041 0 2421 855 1589 1926 842 1023 839 713 830 961 1399
1584 1477 2362 1531 2421 0 2060 1692 704 1583 3301 2146 2490 1708 1743 1145
654 1025 1548 542 855 2060 0 1925 1413 731 1311 1441 450 1093 1307 1390
1297 919 979 1543 1589 1692 1925 0 1715 1208 2607 823 2128 845 648 744
1069 1123 2093 924 1926 704 1413 1715 0 1102 2703 1884 1859 1380 1497 988
93 293 1087 377 842 1583 731 1208 1102 0 1749 909 1033 429 638 678
1728 1958 1758 1783 1023 3301 1311 2607 2703 1749 0 1820 864 1845 1985 2386
995 766 216 1282 839 2146 1441 823 1884 909 1820 0 1494 512 403 1000
982 1301 1540 959 713 2490 450 2128 1859 1033 864 1494 0 1286 1481 1711
522 257 714 806 830 1708 1093 845 1380 429 1845 512 1286 0 215 594
731 410 620 1011 961 1743 1307 648 1497 638 1985 403 1481 215 0 598
740 427 1216 905 1399 1145 1390 744 988 678 2386 1000 1711 594 598 0
