0 1187 465 1602 952 1325 1409 109 1725 873 1086 843 1728 728 1158 100
1187 0 980 1082 1836 428 2127 1081 2830 1530 862 1981 631 470 2168 1274
465 980 0 1711 1413 978 1858 384 1857 1290 630 1039 1404 530 1620 559
1602 1082 1711 0 1643 1506 1674 1546 3300 1271 1884 2423 1555 1251 2020 1634
952 1836 1413 1643 0 2119 485 1030 1970 373 2014 1250 2459 1489 378 868
1325 428 978 1506 2119 0 2461 1216 2809 1853 585 2017 428 632 2419 1424
1409 2127 1858 1674 485 2461 0 1474 2376 609 2432 1717 2758 1850 616 1333
109 1081 384 1546 1030 1216 1474 0 1807 916 992 929 1619 620 1255 208
1725 2830 1857 3300 1970 2809 2376 1807 0 2218 2304 882 3237 2363 1767 1675
873 1530 1290 1271 373 1853 609 916 2218 0 1837 1416 2161 1241 751 819
1086 862 630 1884 2014 585 2432 992 2304 1837 0 1586 978 678 2245 1184
843 1981 1039 2423 1250 2017 1717 929 882 1416 1586 0 2444 1511 1185 793
1728 631 1404 1555 2459 428 2758 1619 3237 2161 978 2444 0 1008 2781 1824
728 470 530 1251 1489 632 1850 620 2363 1241 678 1511 1008 0 1788 821
1158 2168 1620 2020 378 2419 616 1255 1767 751 2245 1185 2781 1788 0 1061
100 1274 559 1634 868 1424 1333 208 1675 819 1184 793 1824 821 1061 0
