0 517 1418 1187 129 849 480 378 1506 1330 36 1221 1335 695 1364 23
517 0 1434 1100 392 1351 303 881 1978 817 480 1703 915 1071 903 493
1418 1434 0 2511 1371 1946 1688 1636 2609 1893 1412 2330 2254 2069 2174 1414
1187 1100 2511 0 1177 1519 823 1258 1831 1302 1174 1661 855 984 1015 1179
129 392 1371 1177 0 979 409 508 1632 1209 94 1349 1244 796 1262 106
849 1351 1946 1519 979 0 1204 471 687 2138 884 396 2021 537 2096 872
480 303 1688 823 409 1204 0 761 1778 942 451 1517 859 833 905 461
378 881 1636 1258 508 471 761 0 1131 1678 413 844 1609 447 1665 401
1506 1978 2609 1831 1632 687 1778 1131 0 2718 1538 290 2508 958 2613 1527
1330 817 1893 1302 1209 2138 942 1678 2718 0 1294 2460 528 1765 370 1307
36 480 1412 1174 94 884 451 413 1538 1294 0 1254 1303 716 1331 12
1221 1703 2330 1661 1349 396 1517 844 290 2460 1254 0 2281 723 2375 1242
1335 915 2254 855 1244 2021 859 1609 2508 528 1303 2281 0 1558 170 1314
695 1071 2069 984 796 537 833 447 958 1765 716 723 1558 0 1656 708
1364 903 2174 1015 1262 2096 905 1665 2613 370 1331 2375 170 1656 0 1342
23 493 1414 1179 106 872 461 401 1527 1307 12 1242 1314 708 1342 0
