0 294 134 1441 1236 871 996 1407 654 1615 1726 70 1594 1535 1017 1220
294 0 162 1713 1492 640 1256 1265 476 1348 1776 288 1313 1419 1258 1513
134 162 0 1571 1361 749 1121 1355 546 1502 1722 128 1461 1495 1111 1351
1441 1713 1571 0 287 2307 472 2187 2074 2808 2584 1483 3027 2182 1343 718
1236 1492 1361 287 0 2108 241 1900 1886 2532 2548 1286 2800 1896 1340 812
871 640 749 2307 2108 0 1867 1623 251 1316 1542 824 798 1811 1536 1983
996 1256 1121 472 241 1867 0 1763 1644 2342 2347 1045 2566 1781 1171 743
1407 1265 1355 2187 1900 1623 1763 0 1624 882 3032 1457 1751 200 2402 2385
654 476 546 2074 1886 251 1644 1624 0 1454 1436 599 1047 1801 1293 1732
1615 1348 1502 2808 2532 1316 2342 882 1454 0 2858 1630 1045 1056 2606 2806
1726 1776 1722 2584 2548 1542 2347 3032 1436 2858 0 1659 2128 3194 1245 1917
70 288 128 1483 1286 824 1045 1457 599 1630 1659 0 1564 1589 986 1229
1594 1313 1461 3027 2800 798 2566 1751 1047 1045 2128 1564 0 1950 2333 2768
1535 1419 1495 2182 1896 1811 1781 200 1801 1056 3194 1589 1950 0 2507 2439
1017 1258 1111 1343 1340 1536 1171 2402 1293 2606 1245 986 2333 2507 0 676
1220 1513 1351 718 812 1983 743 2385 1732 2806 1917 1229 2768 2439 676 0
