0 1438 1074 837 1388 999 685 908 1491 1102 563 167 380 444 1542 1478
1438 0 618 1386 1303 1360 845 1977 2623 2456 880 1544 1579 1367 2073 2701
1074 618 0 1391 736 1443 769 1839 2036 2173 559 1221 1342 848 1458 2510
837 1386 1391 0 1984 176 624 649 2306 1271 885 760 571 1216 2338 1373
1388 1303 736 1984 0 2074 1405 2284 1699 2433 1100 1555 1749 971 850 2855
999 1360 1443 176 2074 0 678 778 2477 1423 976 931 748 1358 2475 1484
685 845 769 624 1405 678 0 1143 2110 1616 329 745 739 844 1894 1859
908 1977 1839 649 2284 778 1143 0 2099 667 1280 747 534 1352 2413 730
1491 2623 2036 2306 1699 2477 2110 2099 0 1741 1845 1546 1751 1290 1014 2230
1102 2456 2173 1271 2433 1423 1616 667 1741 0 1634 951 877 1464 2322 495
563 880 559 885 1100 976 329 1280 1845 1634 0 688 784 555 1565 1952
167 1544 1221 760 1555 931 745 747 1546 951 688 0 233 605 1683 1314
380 1579 1342 571 1749 748 739 534 1751 877 784 233 0 824 1915 1168
444 1367 848 1216 971 1358 844 1352 1290 1464 555 605 824 0 1122 1885
1542 2073 1458 2338 850 2475 1894 2413 1014 2322 1565 1683 1915 1122 0 2805
1478 2701 2510 1373 2855 1484 1859 730 2230 495 1952 1314 1168 1885 2805 0
