0 29 559 1726 3 1222 253 558 28 1643 391 14 991 1577 1123 1636 825
29 0 568 1697 31 1251 256 551 21 1654 375 33 962 1573 1153 1629 847
559 568 0 2018 561 1082 318 1117 583 2120 939 545 1228 1092 1091 1195 454
1726 1697 2018 0 1727 2947 1789 1591 1703 2631 1494 1729 789 2329 2846 2217 2450
3 31 561 1727 0 1221 256 556 27 1640 389 17 993 1580 1122 1640 826
1222 1251 1082 2947 1221 0 1185 1557 1246 1893 1526 1218 2190 1937 223 2104 665
253 256 318 1789 256 1185 0 807 274 1879 621 239 1013 1329 1133 1397 670
558 551 1117 1591 556 1557 807 0 534 1235 225 572 1044 2101 1395 2136 1332
28 21 583 1703 27 1246 274 534 0 1632 363 40 972 1594 1145 1650 853
1643 1654 2120 2631 1640 1893 1879 1235 1632 0 1451 1657 2253 3203 1669 3277 2098
391 375 939 1494 389 1526 621 225 363 1451 0 404 870 1885 1389 1915 1209
14 33 545 1729 17 1218 239 572 40 1657 404 0 991 1563 1122 1623 814
991 962 1228 789 993 2190 1013 1044 972 2253 870 991 0 1661 2111 1594 1665
1577 1573 1092 2329 1580 1937 1329 2101 1594 3203 1885 1563 1661 0 2037 206 1305
1123 1153 1091 2846 1122 223 1133 1395 1145 1669 1389 1122 2111 2037 0 2191 733
1636 1629 1195 2217 1640 2104 1397 2136 1650 3277 1915 1623 1594 206 2191 0 1458
825 847 454 2450 826 665 670 1332 853 2098 1209 814 1665 1305 733 1458 0
