0 260 1058 1631 1146 1170 472 1381 693 1561 309 1086 175 127 1501 856
260 0 1242 1822 989 1284 509 1272 533 1796 71 899 433 382 1373 942
1058 1242 0 2033 2204 1927 1479 2430 1233 1679 1312 2135 992 950 2556 1729
1631 1822 2033 0 1937 731 1388 1821 2324 523 1821 2040 1486 1584 1974 1025
1146 989 2204 1937 0 1208 805 365 1346 2167 918 176 1241 1260 405 939
1170 1284 1927 731 1208 0 784 1098 1817 1053 1261 1319 1083 1177 1254 353
472 509 1479 1388 805 784 0 960 1041 1471 478 812 487 543 1098 435
1381 1272 2430 1821 365 1098 960 0 1683 2130 1204 540 1440 1480 159 923
693 533 1233 2324 1346 1817 1041 1683 0 2235 567 1206 849 759 1751 1475
1561 1796 1679 523 2167 1053 1471 2130 2235 0 1816 2234 1391 1477 2289 1229
309 71 1312 1821 918 1261 478 1204 567 1816 0 827 475 436 1303 914
1086 899 2135 2040 176 1319 812 540 1206 2234 827 0 1202 1207 562 1023
175 433 992 1486 1241 1083 487 1440 849 1391 475 1202 0 98 1571 799
127 382 950 1584 1260 1177 543 1480 759 1477 436 1207 98 0 1606 885
1501 1373 2556 1974 405 1254 1098 159 1751 2289 1303 562 1571 1606 0 1082
856 942 1729 1025 939 353 435 923 1475 1229 914 1023 799 885 1082 0
