0 923 1280 637 1000 788 1430 1362 1071 1149 113 294 1168 969 757 1182
923 0 2072 293 488 365 2351 2274 1933 2062 888 1188 726 1569 1570 994
1280 2072 0 1788 2269 2047 1064 650 314 1071 1248 1210 1894 1833 523 1666
637 293 1788 0 590 372 2068 1982 1641 1784 596 913 729 1380 1281 912
1000 488 2269 590 0 231 2324 2337 2072 2015 1021 1180 1213 1303 1747 1463
788 365 2047 372 231 0 2156 2142 1858 1853 799 996 1051 1239 1525 1273
1430 2351 1064 2068 2324 2156 0 430 813 312 1485 1167 2493 1306 1076 2379
1362 2274 650 1982 2337 2142 430 0 457 556 1386 1158 2291 1530 802 2129
1071 1933 314 1641 2072 1858 813 457 0 771 1063 950 1866 1528 377 1684
1149 2062 1071 1784 2015 1853 312 556 771 0 1215 873 2255 1013 931 2170
113 888 1248 596 1021 799 1485 1386 1063 1215 0 388 1072 1083 725 1073
294 1188 1210 913 1180 996 1167 1158 950 873 388 0 1460 762 720 1454
1168 726 1894 729 1213 1051 2493 2291 1866 2255 1072 1460 0 2068 1493 331
969 1569 1833 1380 1303 1239 1306 1530 1528 1013 1083 762 2068 0 1421 2138
757 1570 523 1281 1747 1525 1076 802 377 931 725 720 1493 1421 0 1327
1182 994 1666 912 1463 1273 2379 2129 1684 2170 1073 1454 331 2138 1327 0
