0 1438 1476 1235 1343 1573 677 1248 326 1420 1141 257 280 815 474 23
1438 0 74 302 595 2156 2101 1475 1339 1604 299 1565 1670 1933 1019 1415
1476 74 0 293 551 2135 2133 1450 1390 1679 336 1593 1714 1992 1068 1453
1235 302 293 0 349 1855 1873 1177 1196 1675 192 1327 1488 1828 873 1212
1343 595 551 349 0 1619 1917 927 1384 2000 532 1370 1617 2034 1080 1321
1573 2156 2135 1855 1619 0 1532 691 1878 2946 1941 1342 1752 2330 1821 1573
677 2101 2133 1873 1917 1532 0 1512 917 1902 1801 549 550 958 1149 699
1248 1475 1450 1177 927 691 1512 0 1486 2461 1281 1097 1499 2063 1329 1238
326 1339 1390 1196 1384 1878 917 1486 0 1094 1059 583 378 651 324 317
1420 1604 1679 1675 2000 2946 1902 2461 1094 0 1482 1676 1372 1050 1136 1412
1141 299 336 192 532 1941 1801 1281 1059 1482 0 1266 1378 1675 735 1117
257 1565 1593 1327 1370 1342 549 1097 583 1676 1266 0 417 998 688 267
280 1670 1714 1488 1617 1752 550 1499 378 1372 1378 417 0 581 660 299
815 1933 1992 1828 2034 2330 958 2063 651 1050 1675 998 581 0 959 825
474 1019 1068 873 1080 1821 1149 1329 324 1136 735 688 660 959 0 453
23 1415 1453 1212 1321 1573 699 1238 317 1412 1117 267 299 825 453 0
