0 648 660 1617 1291 958 755 1383 1373 140 1604 381 819 39 759 305
648 0 345 2053 1921 1416 190 1028 808 694 1304 267 1356 625 989 630
660 345 0 2233 1939 1181 532 1372 727 633 1650 370 1468 657 698 481
1617 2053 2233 0 1022 2183 2017 1928 2861 1715 1906 1870 825 1605 2291 1911
1291 1921 1939 1022 0 1383 1983 2302 2662 1306 2403 1663 693 1305 1684 1482
958 1416 1181 2183 1383 0 1587 2327 1812 827 2559 1195 1393 997 528 794
755 190 532 2017 1983 1587 0 839 868 827 1118 400 1375 725 1176 794
1383 1028 1372 1928 2302 2327 839 0 1510 1504 286 1158 1609 1344 1984 1549
1373 808 727 2861 2662 1812 868 1510 0 1360 1790 1021 2150 1363 1285 1205
140 694 633 1715 1306 827 827 1504 1360 0 1732 430 901 176 624 198
1604 1304 1650 1906 2403 2559 1118 286 1790 1732 0 1415 1711 1565 2243 1795
381 267 370 1870 1663 1195 400 1158 1021 430 1415 0 1129 360 828 401
819 1356 1468 825 693 1393 1375 1609 2150 901 1711 1129 0 814 1465 1099
39 625 657 1605 1305 997 725 1344 1363 176 1565 360 814 0 790 330
759 989 698 2291 1684 528 1176 1984 1285 624 2243 828 1465 790 0 472
305 630 481 1911 1482 794 794 1549 1205 198 1795 401 1099 330 472 0
