0 83 1087 747 1512 1632 1024 965 508 546 1218 1311 1591 1181 1727 397
83 0 1170 704 1505 1622 1006 982 590 532 1270 1363 1577 1169 1754 449
1087 1170 0 1624 1966 2079 1658 1334 604 1338 1043 1116 2106 1735 1755 928
747 704 1624 0 2137 1012 410 1675 1172 1183 1965 2059 2181 580 2453 1145
1512 1505 1966 2137 0 3119 2497 642 1539 973 1048 1039 159 2665 699 1237
1632 1622 2079 1012 3119 0 622 2597 1877 2147 2763 2859 3176 453 3349 1997
1024 1006 1658 410 2497 622 0 1987 1334 1527 2197 2294 2553 173 2751 1404
965 982 1334 1675 642 2597 1987 0 901 517 574 620 774 2146 782 625
508 590 604 1172 1539 1877 1334 901 0 757 890 985 1658 1459 1535 347
546 532 1338 1183 973 2147 1527 517 757 0 978 1053 1045 1693 1296 412
1218 1270 1043 1965 1048 2763 2197 574 890 978 0 96 1206 2334 712 822
1311 1363 1116 2059 1039 2859 2294 620 985 1053 96 0 1198 2430 642 915
1591 1577 2106 2181 159 3176 2553 774 1658 1045 1206 1198 0 2723 838 1344
1181 1169 1735 580 2665 453 173 2146 1459 1693 2334 2430 2723 0 2903 1553
1727 1754 1755 2453 699 3349 2751 782 1535 1296 712 642 838 2903 0 1352
397 449 928 1145 1237 1997 1404 625 347 412 822 915 1344 1553 1352 0
