0 124 1604 759 752 284 811 1262 527 949 409 1036 303 1209 1719 346
124 0 1718 665 839 168 885 1305 421 952 362 1104 423 1208 1595 464
1604 1718 0 2352 964 1828 1008 2172 2132 1516 1694 955 1399 2433 3221 1393
759 665 2352 0 1505 633 1549 1227 259 1520 905 1763 964 906 1250 981
752 839 964 1505 0 910 123 1776 1258 657 736 330 692 1865 2259 719
284 168 1828 633 910 0 936 1438 374 901 281 1140 587 1299 1442 630
811 885 1008 1549 123 936 0 1885 1296 553 730 229 789 1958 2236 819
1262 1305 2172 1227 1776 1438 1885 0 1283 2193 1664 2106 1114 458 2467 1075
527 421 2132 259 1258 374 1296 1283 0 1265 647 1508 772 1041 1292 798
949 952 1516 1520 657 901 553 2193 1265 0 620 563 1093 2156 1878 1138
409 362 1694 905 736 281 730 1664 647 620 0 910 668 1564 1527 717
1036 1104 955 1763 330 1140 229 2106 1508 563 910 0 1017 2187 2374 1046
303 423 1399 964 692 587 789 1114 772 1093 668 1017 0 1173 2014 49
1209 1208 2433 906 1865 1299 1958 458 1041 2156 1564 2187 1173 0 2094 1149
1719 1595 3221 1250 2259 1442 2236 2467 1292 1878 1527 2374 2014 2094 0 2050
346 464 1393 981 719 630 819 1075 798 1138 717 1046 49 1149 2050 0
