0 793 136 854 825 443 211 456 614 637 175 379 564 270 467 449 496 144 320 455 148 495 550 761 306 17 569 113 185 667 481 434 857 432 263 58 159 859 400 247 712 263 403 593 524 618 142 729 191 126 174 420 701 97 587 405 289 157 276 649 9 623 437 801 208 291 57 238 706 129 554 668 114 638 719 849 782 128
793 0 681 1639 1595 1187 931 1222 1369 1185 838 778 967 559 565 1225 1148 786 701 360 645 474 1055 1179 885 797 1282 687 772 794 313 359 860 1108 724 851 786 1574 1061 1033 766 1048 411 199 270 696 848 888 602 907 620 585 1463 862 1350 391 1082 917 681 360 801 1416 737 1137 737 1041 776 555 1181 921 758 1279 897 626 1010 1049 1287 837
136 681 0 957 958 580 341 542 750 626 174 292 503 135 335 584 520 118 356 369 68 358 519 857 278 149 705 112 263 557 367 325 743 562 166 190 248 995 527 380 732 397 277 484 418 498 262 772 94 228 77 414 786 232 672 289 412 235 162 513 146 741 334 740 124 363 99 150 810 248 447 682 219 510 643 908 764 247
854 1639 957 0 450 629 794 423 537 734 810 961 929 1083 1179 530 604 857 1088 1309 998 1250 808 1176 808 854 675 967 947 1196 1325 1282 1363 777 948 798 921 686 808 645 1426 636 1231 1441 1374 1219 850 1377 1039 733 1021 1225 218 808 309 1247 576 722 990 1422 848 264 1036 1034 917 602 863 1091 1089 725 1114 622 744 1282 1063 1416 804 854
825 1595 958 450 0 410 664 591 231 1023 874 1089 1147 1094 1263 375 845 900 930 1236 969 1309 1048 821 938 815 357 915 825 1375 1294 1243 1563 524 1025 768 809 239 570 578 1178 561 1226 1398 1326 1365 747 1096 1011 743 995 1071 565 740 569 1222 557 760 1058 1471 816 329 1167 1318 977 704 861 1048 737 714 1272 940 749 1410 1307 1092 1133 758
443 1187 580 629 410 0 257 442 181 850 542 773 893 712 907 105 662 550 521 827 577 939 825 567 642 430 138 518 415 1071 891 840 1264 147 681 394 401 415 181 222 807 206 833 991 919 1040 342 748 618 397 604 662 591 349 516 823 254 431 706 1091 434 367 846 1107 628 441 490 649 482 360 960 814 398 1070 1061 789 989 355
211 931 341 794 664 257 0 467 438 773 358 583 747 465 676 300 603 345 294 572 326 697 710 581 483 194 369 264 164 875 634 582 1066 221 472 180 145 663 190 156 649 161 578 734 662 829 86 629 365 229 352 434 688 115 584 566 236 276 487 841 202 536 646 979 417 363 266 392 515 193 763 774 223 848 909 719 919 99
456 1222 542 423 591 442 467 0 490 438 387 546 560 663 758 348 254 436 738 905 590 827 456 992 391 459 561 570 589 806 909 868 987 560 524 406 559 748 569 314 1114 314 812 1026 961 814 493 1096 629 330 611 862 245 436 131 831 233 308 566 998 451 273 623 728 494 180 453 683 912 333 713 378 341 872 717 1175 564 493
614 1369 750 537 231 181 438 490 0 926 690 917 1008 885 1069 176 738 707 699 1009 754 1107 925 643 774 603 144 696 597 1211 1072 1021 1403 296 836 561 583 266 340 375 957 358 1011 1173 1101 1189 523 884 795 550 780 840 564 524 520 1002 376 575 865 1264 605 306 992 1205 785 550 656 828 556 516 1103 867 553 1226 1175 898 1055 535
637 1185 626 734 1023 850 773 438 926 0 467 408 241 676 624 772 189 516 956 966 695 715 130 1351 348 651 982 718 821 512 911 891 649 939 492 622 793 1186 933 660 1346 669 800 1021 975 569 752 1366 716 549 701 1038 518 685 463 844 600 502 528 867 639 694 450 302 509 419 594 769 1280 581 469 123 558 646 335 1480 146 743
175 838 174 810 874 542 358 387 690 467 0 232 391 278 391 514 346 55 489 542 238 448 375 931 130 191 678 251 360 529 528 491 722 569 150 180 335 951 546 320 879 336 426 645 584 499 309 902 268 144 251 573 626 248 513 450 317 114 187 618 179 616 303 627 109 207 127 324 871 183 418 511 144 537 551 1025 610 297
379 778 292 961 1089 773 583 546 917 408 232 0 222 286 230 740 388 237 649 571 355 315 280 1139 156 397 910 404 549 297 505 489 490 799 125 403 528 1180 772 552 1016 567 395 613 570 275 522 1063 359 376 350 693 754 468 652 442 541 343 141 480 386 807 78 452 174 389 322 402 1085 415 186 502 377 326 351 1200 522 508
564 967 503 929 1147 893 747 560 1008 241 391 222 0 508 402 837 325 421 858 791 569 493 123 1322 263 580 1031 611 745 275 717 705 434 948 340 571 721 1275 930 677 1234 690 608 818 781 327 701 1275 578 520 568 912 711 639 630 658 641 476 363 635 569 833 233 238 379 458 509 623 1262 559 228 360 525 405 167 1406 319 688
270 559 135 1083 1094 712 465 663 885 676 278 286 508 0 231 719 602 226 408 289 141 232 555 939 341 282 834 207 358 492 251 219 664 683 184 325 351 1126 644 516 743 532 148 368 310 416 382 805 112 362 118 420 903 362 790 175 547 363 149 379 279 874 295 734 181 482 234 129 901 384 391 750 353 410 623 953 802 368
467 565 335 1179 1263 907 676 758 1069 624 391 230 402 231 0 896 618 363 637 437 366 91 493 1170 371 482 1036 431 586 282 337 341 437 897 240 513 576 1322 862 694 951 711 242 424 399 193 597 1023 343 521 346 632 978 564 872 298 705 503 205 250 476 1005 174 586 286 587 416 356 1131 553 206 727 516 179 462 1176 721 583
449 1225 584 530 375 105 300 348 176 772 514 740 837 719 896 0 583 533 587 869 594 938 759 672 598 440 213 541 464 1035 920 870 1227 250 662 393 444 441 278 204 899 187 851 1026 954 1013 378 847 636 375 620 728 486 365 413 847 200 400 692 1097 440 266 816 1040 611 379 487 674 587 343 927 725 380 1051 1004 892 906 387
496 1148 520 604 845 662 603 254 738 189 346 388 325 602 618 583 0 401 815 883 584 701 209 1175 263 508 793 593 672 592 852 822 760 756 425 469 643 1000 752 479 1207 487 743 967 912 622 593 1215 614 390 597 914 387 526 305 778 415 346 467 868 496 521 454 473 421 240 464 670 1101 417 516 173 400 690 471 1319 327 586
144 786 118 857 900 550 345 436 707 516 55 237 421 226 363 533 401 0 445 487 183 412 417 906 171 161 684 202 324 530 475 437 722 563 131 166 300 963 535 332 832 349 375 592 530 490 285 860 213 157 195 522 677 230 563 397 342 143 158 580 150 655 301 659 78 255 88 269 849 191 418 565 153 520 575 987 657 272
320 701 356 1088 930 521 294 738 699 956 489 649 858 408 637 587 815 445 0 348 294 618 862 540 616 308 592 246 149 897 450 401 1072 415 523 348 179 878 368 444 391 453 446 521 453 824 245 416 300 430 304 141 972 303 863 407 520 471 513 716 319 831 684 1096 480 597 362 281 514 412 792 988 418 815 1000 552 1100 245
455 360 369 1309 1236 827 572 905 1009 966 542 571 791 289 437 869 883 487 348 0 315 375 844 863 626 456 921 342 412 720 125 97 858 748 473 511 427 1214 701 683 536 697 195 172 106 627 491 631 277 578 295 258 1150 511 1036 139 739 597 438 409 461 1074 565 1006 463 730 452 221 852 584 638 1037 566 588 888 793 1091 481
148 645 68 998 969 577 326 590 754 695 238 355 569 141 366 594 584 183 294 315 0 373 588 808 346 155 695 65 219 608 332 286 789 542 230 207 210 989 503 394 664 409 257 446 377 542 242 707 42 264 26 346 835 229 720 256 437 281 219 515 156 771 390 806 192 414 136 93 766 275 500 748 253 545 706 846 832 228
495 474 358 1250 1309 939 697 827 1107 715 448 315 493 232 91 938 701 412 618 375 373 0 584 1157 448 508 1063 439 588 351 263 277 483 915 302 546 583 1354 877 734 903 751 186 339 322 255 614 985 342 567 350 593 1053 590 945 240 754 555 261 171 504 1065 265 672 339 651 450 340 1124 596 290 816 560 213 547 1141 812 600
550 1055 519 808 1048 825 710 456 925 130 375 280 123 555 493 759 209 417 862 844 588 584 0 1291 246 566 961 619 735 399 785 766 554 896 373 545 709 1190 883 618 1248 630 674 893 849 446 677 1277 605 481 592 934 590 611 514 720 571 434 406 737 554 728 319 281 397 383 501 656 1225 517 343 241 488 522 261 1400 247 666
761 1179 857 1176 821 567 581 992 643 1351 931 1139 1322 939 1170 672 1175 906 540 863 808 1157 1291 0 1060 744 501 746 593 1415 979 933 1597 432 1017 751 611 639 425 697 478 691 986 1028 969 1350 621 353 826 810 825 605 1158 683 1080 945 768 857 1019 1254 755 924 1190 1558 965 934 818 817 87 774 1304 1342 803 1349 1481 283 1497 634
306 885 278 808 938 642 483 391 774 348 130 156 263 341 371 598 263 171 616 626 346 448 246 1060 0 322 780 373 491 438 589 560 629 686 161 308 465 1039 666 421 1003 436 479 704 650 429 439 1031 368 257 353 691 606 376 500 515 398 215 204 619 310 651 234 498 163 234 255 422 998 296 334 410 261 482 427 1155 487 427
17 797 149 854 815 430 194 459 603 651 191 397 580 282 482 440 508 161 308 456 155 508 566 744 322 0 555 113 170 684 486 438 874 416 280 55 143 845 384 238 699 254 411 598 527 635 125 714 197 131 181 411 703 82 590 411 285 165 293 661 12 620 455 818 225 298 74 242 688 128 571 680 119 654 736 833 796 111
569 1282 705 675 357 138 369 561 144 982 678 910 1031 834 1036 213 793 684 592 921 695 1063 961 501 780 555 0 633 512 1208 996 944 1401 176 815 523 503 295 224 359 821 344 947 1090 1018 1174 454 743 734 534 721 729 678 473 618 931 391 569 839 1211 560 430 981 1243 761 578 619 759 414 495 1096 938 534 1203 1199 754 1118 468
113 687 112 967 915 518 264 570 696 718 251 404 611 207 431 541 593 202 246 342 65 439 619 746 373 113 633 0 155 668 379 329 851 477 279 169 144 927 438 345 630 360 314 487 417 605 178 663 100 239 89 321 814 175 700 306 397 266 274 578 119 732 446 849 233 402 129 133 702 242 558 762 228 610 755 796 859 165
185 772 263 947 825 415 164 589 597 821 360 549 745 358 586 464 672 324 149 412 219 588 735 593 491 170 512 155 0 821 484 432 1005 344 425 203 29 807 300 301 536 312 444 578 506 759 97 545 246 283 240 278 824 153 715 422 374 326 426 716 182 694 597 983 374 449 236 256 547 263 711 846 272 765 896 664 966 96
667 794 557 1196 1375 1071 875 806 1211 512 529 297 275 492 282 1035 592 530 897 720 608 351 399 1415 438 684 1208 668 821 0 614 623 193 1094 404 697 805 1475 1066 849 1230 865 525 688 674 99 808 1297 597 674 595 909 980 760 892 581 835 640 395 435 675 1077 229 352 458 671 610 622 1367 712 112 634 674 169 228 1446 557 794
481 313 367 1325 1294 891 634 909 1072 911 528 505 717 251 337 920 852 475 450 125 332 263 785 979 589 486 996 379 484 614 0 51 741 828 428 539 493 1291 783 724 661 739 111 117 64 518 549 756 289 594 307 378 1152 555 1038 78 770 603 387 284 489 1104 484 919 432 729 463 245 963 608 542 995 583 473 798 918 1028 537
434 359 325 1282 1243 840 582 868 1021 891 491 489 705 219 341 870 822 437 401 97 286 277 766 933 560 438 944 329 432 623 51 0 760 776 401 492 441 1239 731 675 630 690 99 159 92 529 497 720 243 549 261 336 1112 505 998 47 723 561 363 324 441 1057 476 915 400 689 418 196 914 562 544 969 538 491 796 881 1011 486
857 860 743 1363 1563 1264 1066 987 1403 649 722 490 434 664 437 1227 760 722 1072 858 789 483 554 1597 629 874 1401 851 1005 193 741 760 0 1286 594 889 991 1668 1257 1042 1385 1058 668 793 795 247 998 1460 773 867 773 1069 1145 951 1064 723 1027 833 582 506 865 1260 421 408 649 859 800 792 1553 905 305 772 867 269 318 1613 656 983
432 1108 562 777 524 147 221 560 296 939 569 799 948 683 897 250 756 563 415 748 542 915 896 432 686 416 176 477 344 1094 828 776 1286 0 692 397 339 465 47 279 665 269 786 918 847 1050 301 602 577 429 567 553 732 336 649 766 342 472 709 1054 423 515 864 1173 637 520 487 597 351 390 981 918 426 1070 1114 642 1083 315
263 724 166 948 1025 681 472 524 836 492 150 125 340 184 240 662 425 131 523 473 230 302 373 1017 161 280 815 279 425 404 428 401 594 692 0 295 406 1094 662 463 893 480 318 543 490 359 404 938 238 286 227 572 754 356 644 356 467 264 43 474 271 765 174 575 54 349 205 284 966 322 291 567 283 389 476 1075 620 390
58 851 190 798 768 394 180 406 561 622 180 403 571 325 513 393 469 166 348 511 207 546 545 751 308 55 523 169 203 697 539 492 889 397 295 0 173 809 369 190 739 206 461 652 582 654 132 746 250 81 232 460 649 67 536 463 230 123 315 703 50 565 467 806 240 249 96 296 690 73 584 643 70 679 732 858 768 121
159 786 248 921 809 401 145 559 583 793 335 528 721 351 576 444 643 300 179 427 210 583 709 611 465 143 503 144 29 805 493 441 991 339 406 173 0 798 297 275 566 286 446 590 518 746 70 573 241 254 233 305 795 123 686 428 347 297 409 716 155 669 579 959 354 419 212 258 561 233 694 816 242 754 874 690 938 67
859 1574 995 686 239 415 663 748 266 1186 951 1180 1275 1126 1322 441 1000 963 878 1214 989 1354 1190 639 1039 845 295 927 807 1475 1291 1239 1668 465 1094 809 798 0 512 631 1053 615 1242 1383 1312 1450 749 954 1028 808 1015 1010 777 763 758 1226 641 837 1121 1504 849 521 1254 1469 1042 817 906 1055 563 772 1366 1120 810 1484 1441 921 1310 762
400 1061 527 808 570 181 190 569 340 933 546 772 930 644 862 278 752 535 368 701 503 877 883 425 666 384 224 438 300 1066 783 731 1257 47 662 369 297 512 0 273 626 266 743 872 801 1019 264 568 537 409 527 505 752 305 665 722 343 453 677 1013 392 544 836 1158 607 513 456 555 348 370 953 917 405 1036 1094 618 1077 279
247 1033 380 645 578 222 156 314 375 660 320 552 677 516 694 204 479 332 444 683 394 734 618 697 421 238 359 345 301 849 724 675 1042 279 463 190 275 631 273 0 805 16 650 833 762 819 204 782 436 177 420 579 532 171 429 650 80 209 491 893 238 395 624 897 411 241 283 478 622 141 738 645 179 853 844 863 804 210
712 766 732 1426 1178 807 649 1114 957 1346 879 1016 1234 743 951 899 1207 832 391 536 664 903 1248 478 1003 699 821 630 536 1230 661 630 1385 665 893 739 566 1053 626 805 0 810 717 663 625 1144 624 130 656 820 666 324 1337 688 1234 663 885 862 875 943 711 1162 1038 1468 856 985 752 616 518 799 1134 1380 808 1116 1363 284 1489 628
263 1048 397 636 561 206 161 314 358 669 336 567 690 532 711 187 487 349 453 697 409 751 630 691 436 254 344 360 312 865 739 690 1058 269 480 206 286 615 266 16 810 0 666 848 777 836 215 783 452 193 436 589 527 186 425 665 80 225 508 910 254 383 640 909 428 250 300 494 615 157 754 651 196 869 857 862 813 221
403 411 277 1231 1226 833 578 812 1011 800 426 395 608 148 242 851 743 375 446 195 257 186 674 986 479 411 947 314 444 525 111 99 668 786 318 461 446 1242 743 650 717 666 0 224 175 433 492 799 215 506 231 408 1052 487 939 56 688 510 277 273 412 1018 377 816 326 631 376 188 960 525 444 884 496 399 696 957 917 479
593 199 484 1441 1398 991 734 1026 1173 1021 645 613 818 368 424 1026 967 592 521 172 446 339 893 1028 704 598 1090 487 578 688 117 159 793 918 543 652 590 1383 872 833 663 848 224 0 72 589 651 772 403 709 421 423 1269 663 1155 195 883 720 501 298 601 1217 585 1010 549 846 578 355 1021 721 629 1107 698 533 886 936 1133 639
524 270 418 1374 1326 919 662 961 1101 975 584 570 781 310 399 954 912 530 453 106 377 322 849 969 650 527 1018 417 506 674 64 92 795 847 490 582 518 1312 801 762 625 777 175 72 0 577 578 727 334 641 353 363 1205 591 1091 134 813 653 449 319 531 1147 549 983 492 782 511 285 958 652 605 1057 630 528 861 890 1092 567
618 696 498 1219 1365 1040 829 814 1189 569 499 275 327 416 193 1013 622 490 824 627 542 255 446 1350 429 635 1174 605 759 99 518 529 247 1050 359 654 746 1450 1019 819 1144 836 433 589 577 0 757 1216 525 642 525 825 1006 714 911 489 814 613 341 339 627 1080 198 444 414 664 562 545 1307 679 105 687 641 79 318 1367 631 742
142 848 262 850 747 342 86 493 523 752 309 522 701 382 597 378 593 285 245 491 242 614 677 621 439 125 454 178 97 808 549 497 998 301 404 132 70 749 264 204 624 215 492 651 578 757 0 621 279 204 267 375 727 67 618 480 277 250 415 756 135 599 579 937 350 362 199 306 564 176 696 767 194 772 859 728 898 14
729 888 772 1377 1096 748 629 1096 884 1366 902 1063 1275 805 1023 847 1215 860 416 631 707 985 1277 353 1031 714 743 663 545 1297 756 720 1460 602 938 746 573 954 568 782 130 783 799 772 727 1216 621 0 707 824 713 391 1307 688 1209 747 862 869 925 1041 727 1113 1093 1512 896 983 775 675 403 798 1196 1388 814 1195 1414 163 1511 628
191 602 94 1039 1011 618 365 629 795 716 268 359 578 112 343 636 614 213 300 277 42 342 605 826 368 197 734 100 246 597 289 243 773 577 238 250 241 1028 537 436 656 452 215 403 334 525 279 707 0 306 18 334 874 271 760 213 480 321 219 477 199 814 386 812 208 453 176 56 788 318 491 775 295 523 708 850 851 265
126 907 228 733 743 397 229 330 550 549 144 376 520 362 521 375 390 157 430 578 264 567 481 810 257 131 534 239 283 674 594 549 867 429 286 81 254 808 409 177 820 193 506 709 641 642 204 824 306 0 287 541 574 136 461 516 187 47 316 731 122 512 448 750 235 168 130 357 745 39 562 563 12 676 684 932 695 196
174 620 77 1021 995 604 352 611 780 701 251 350 568 118 346 620 597 195 304 295 26 350 592 825 353 181 721 89 240 595 307 261 773 567 227 232 233 1015 527 420 666 436 231 421 353 525 267 713 18 287 0 344 856 256 741 231 462 302 211 489 182 796 380 802 194 434 158 74 784 300 488 759 277 526 700 855 837 253
420 585 414 1225 1071 662 434 862 840 1038 573 693 912 420 632 728 914 522 141 258 346 593 934 605 691 411 729 321 278 909 378 336 1069 553 572 460 305 1010 505 579 324 589 408 423 363 825 375 391 334 541 344 0 1100 426 990 358 653 577 552 660 422 970 714 1145 538 709 450 292 598 529 811 1083 529 803 1040 548 1178 373
701 1463 786 218 565 591 688 245 564 518 626 754 711 903 978 486 387 677 972 1150 835 1053 590 1158 606 703 678 814 824 980 1152 1112 1145 732 754 649 795 777 752 532 1337 527 1052 1269 1205 1006 727 1307 874 574 856 1100 0 674 114 1074 453 553 797 1224 696 259 827 820 729 422 698 929 1073 576 901 410 586 1071 845 1370 597 728
97 862 232 808 740 349 115 436 524 685 248 468 639 362 564 365 526 230 303 511 229 590 611 683 376 82 473 175 153 760 555 505 951 336 356 67 123 763 305 171 688 186 487 663 591 714 67 688 271 136 256 426 674 0 563 482 232 182 373 741 88 564 530 874 302 296 151 309 623 110 647 700 127 735 799 795 831 60
587 1350 672 309 569 516 584 131 520 463 513 652 630 790 872 413 305 563 863 1036 720 945 514 1080 500 590 618 700 715 892 1038 998 1064 649 644 536 686 758 665 429 1234 425 939 1155 1091 911 618 1209 760 461 741 990 114 563 0 960 348 439 687 1116 582 240 727 765 618 308 584 814 997 463 807 372 472 973 775 1280 565 619
405 391 289 1247 1222 823 566 831 1002 844 450 442 658 175 298 847 778 397 407 139 256 240 720 945 515 411 931 306 422 581 78 47 723 766 356 463 428 1226 722 650 663 665 56 195 134 489 480 747 213 516 231 358 1074 482 960 0 694 525 316 309 413 1027 429 869 357 651 385 173 922 531 499 923 506 454 750 906 964 467
289 1082 412 576 557 254 236 233 376 600 317 541 641 547 705 200 415 342 520 739 437 754 571 768 398 285 391 397 374 835 770 723 1027 342 467 230 347 641 343 80 885 80 688 883 813 814 277 862 480 187 462 653 453 232 348 694 0 203 500 919 281 335 617 852 419 187 313 527 691 163 727 576 194 855 809 942 742 280
157 917 235 722 760 431 276 308 575 502 114 343 476 363 503 400 346 143 471 597 281 555 434 857 215 165 569 266 326 640 603 561 833 472 264 123 297 837 453 209 862 225 510 720 653 613 250 869 321 47 302 577 553 182 439 525 203 0 298 723 155 512 417 705 217 135 144 375 791 83 529 519 55 651 641 978 648 242
276 681 162 990 1058 706 487 566 865 528 187 141 363 149 205 692 467 158 513 438 219 261 406 1019 204 293 839 274 426 395 387 363 582 709 43 315 409 1121 677 491 875 508 277 501 449 341 415 925 219 316 211 552 797 373 687 316 500 298 0 432 285 804 171 593 81 390 221 260 971 350 284 607 312 364 489 1065 653 401
649 360 513 1422 1471 1091 841 998 1264 867 618 480 635 379 250 1097 868 580 716 409 515 171 737 1254 619 661 1211 578 716 435 284 324 506 1054 474 703 716 1504 1013 893 943 910 273 298 319 339 756 1041 477 731 489 660 1224 741 1116 309 919 723 432 0 658 1234 420 782 509 822 610 459 1231 758 412 974 724 266 656 1203 953 742
9 801 146 848 816 434 202 451 605 639 179 386 569 279 476 440 496 150 319 461 156 504 554 755 310 12 560 119 182 675 489 441 865 423 271 50 155 849 392 238 711 254 412 601 531 627 135 727 199 122 182 422 696 88 582 413 281 155 285 658 0 616 445 806 216 288 65 245 699 122 562 668 110 647 725 845 784 121
623 1416 741 264 329 367 536 273 306 694 616 807 833 874 1005 266 521 655 831 1074 771 1065 728 924 651 620 430 732 694 1077 1104 1057 1260 515 765 565 669 521 544 395 1162 383 1018 1217 1147 1080 599 1113 814 512 796 970 259 564 240 1027 335 512 804 1234 616 0 885 993 725 419 642 862 838 495 981 611 521 1133 989 1156 804 604
437 737 334 1036 1167 846 646 623 992 450 303 78 233 295 174 816 454 301 684 565 390 265 319 1190 234 455 981 446 597 229 484 476 421 864 174 467 579 1254 836 624 1038 640 377 585 549 198 579 1093 386 448 380 714 827 530 727 429 617 417 171 420 445 885 0 441 229 467 380 421 1140 486 116 553 447 248 327 1236 550 565
801 1137 740 1034 1318 1107 979 728 1205 302 627 452 238 734 586 1040 473 659 1096 1006 806 672 281 1558 498 818 1243 849 983 352 919 915 408 1173 575 806 959 1469 1158 897 1468 909 816 1010 983 444 937 1512 812 750 802 1145 820 874 765 869 852 705 593 782 806 993 441 0 616 665 747 854 1495 789 381 413 756 520 126 1645 257 925
208 737 124 917 977 628 417 494 785 509 109 174 379 181 286 611 421 78 480 463 192 339 397 965 163 225 761 233 374 458 432 400 649 637 54 240 354 1042 607 411 856 428 326 549 492 414 350 896 208 235 194 538 729 302 618 357 419 217 81 509 216 725 229 616 0 315 151 260 913 270 346 574 232 442 522 1029 643 336
291 1041 363 602 704 441 363 180 550 419 207 389 458 482 587 379 240 255 597 730 414 651 383 934 234 298 578 402 449 671 729 689 859 520 349 249 419 817 513 241 985 250 631 846 782 664 362 983 453 168 434 709 422 296 308 651 187 135 390 822 288 419 467 665 315 0 278 508 862 186 568 411 180 714 625 1081 563 357
57 776 99 863 861 490 266 453 656 594 127 322 509 234 416 487 464 88 362 452 136 450 501 818 255 74 619 129 236 610 463 418 800 487 205 96 212 906 456 283 752 300 376 578 511 562 199 775 176 130 158 450 698 151 584 385 313 144 221 610 65 642 380 747 151 278 0 230 763 149 497 633 121 584 663 900 737 186
238 555 150 1091 1048 649 392 683 828 769 324 402 623 129 356 674 670 269 281 221 93 340 656 817 422 242 759 133 256 622 245 196 792 597 284 296 258 1055 555 478 616 494 188 355 285 545 306 675 56 357 74 292 929 309 814 173 527 375 260 459 245 862 421 854 260 508 230 0 784 367 520 830 346 534 747 823 902 294
706 1181 810 1089 737 482 515 912 556 1280 871 1085 1262 901 1131 587 1101 849 514 852 766 1124 1225 87 998 688 414 702 547 1367 963 914 1553 351 966 690 561 563 348 622 518 615 960 1021 958 1307 564 403 788 745 784 598 1073 623 997 922 691 791 971 1231 699 838 1140 1495 913 862 763 784 0 707 1255 1266 739 1311 1422 358 1425 577
129 921 248 725 714 360 193 333 516 581 183 415 559 384 553 343 417 191 412 584 275 596 517 774 296 128 495 242 263 712 608 562 905 390 322 73 233 772 370 141 799 157 525 721 652 679 176 798 318 39 300 529 576 110 463 531 163 83 350 758 122 495 486 789 270 186 149 367 707 0 601 591 38 712 724 901 728 171
554 758 447 1114 1272 960 763 713 1103 469 418 186 228 391 206 927 516 418 792 638 500 290 343 1304 334 571 1096 558 711 112 542 544 305 981 291 584 694 1366 953 738 1134 754 444 629 605 105 696 1196 491 562 488 811 901 647 807 499 727 529 284 412 562 981 116 381 346 568 497 520 1255 601 0 584 562 178 256 1342 541 682
668 1279 682 622 940 814 774 378 867 123 511 502 360 750 727 725 173 565 988 1037 748 816 241 1342 410 680 938 762 846 634 995 969 772 918 567 643 816 1120 917 645 1380 651 884 1107 1057 687 767 1388 775 563 759 1083 410 700 372 923 576 519 607 974 668 611 553 413 574 411 633 830 1266 591 584 0 574 763 457 1492 193 760
114 897 219 744 749 398 223 341 553 558 144 377 525 353 516 380 400 153 418 566 253 560 488 803 261 119 534 228 272 674 583 538 867 426 283 70 242 810 405 179 808 196 496 698 630 641 194 814 295 12 277 529 586 127 472 506 194 55 312 724 110 521 447 756 232 180 121 346 739 38 562 574 0 673 689 922 704 186
638 626 510 1282 1410 1070 848 872 1226 646 537 326 405 410 179 1051 690 520 815 588 545 213 522 1349 482 654 1203 610 765 169 473 491 269 1070 389 679 754 1484 1036 853 1116 869 399 533 528 79 772 1195 523 676 526 803 1071 735 973 454 855 651 364 266 647 1133 248 520 442 714 584 534 1311 712 178 763 673 0 395 1350 711 757
719 1010 643 1063 1307 1061 909 717 1175 335 551 351 167 623 462 1004 471 575 1000 888 706 547 261 1481 427 736 1199 755 896 228 798 796 318 1114 476 732 874 1441 1094 844 1363 857 696 886 861 318 859 1414 708 684 700 1040 845 799 775 750 809 641 489 656 725 989 327 126 522 625 663 747 1422 724 256 457 689 395 0 1551 341 846
849 1049 908 1416 1092 789 719 1175 898 1480 1025 1200 1406 953 1176 892 1319 987 552 793 846 1141 1400 283 1155 833 754 796 664 1446 918 881 1613 642 1075 858 690 921 618 863 284 862 957 936 890 1367 728 163 850 932 855 548 1370 795 1280 906 942 978 1065 1203 845 1156 1236 1645 1029 1081 900 823 358 901 1342 1492 922 1350 1551 0 1626 736
782 1287 764 804 1133 989 919 564 1055 146 610 522 319 802 721 906 327 657 1100 1091 832 812 247 1497 487 796 1118 859 966 557 1028 1011 656 1083 620 768 938 1310 1077 804 1489 813 917 1133 1092 631 898 1511 851 695 837 1178 597 831 565 964 742 648 653 953 784 804 550 257 643 563 737 902 1425 728 541 193 704 711 341 1626 0 889
128 837 247 854 758 355 99 493 535 743 297 508 688 368 583 387 586 272 245 481 228 600 666 634 427 111 468 165 96 794 537 486 983 315 390 121 67 762 279 210 628 221 479 639 567 742 14 628 265 196 253 373 728 60 619 467 280 242 401 742 121 604 565 925 336 357 186 294 577 171 682 760 186 757 846 736 889 0
