0 985 523 13 577 216 200 453 233 1278 1449 554 273 1051 594 1606
985 0 1474 993 1308 941 1179 605 799 2244 1467 1461 712 1860 1575 2575
523 1474 0 521 812 691 396 977 756 769 1478 118 774 1036 342 1101
13 993 521 0 564 208 189 456 234 1274 1462 554 282 1037 585 1601
577 1308 812 564 0 431 485 708 576 1349 2026 910 732 552 585 1632
216 941 691 208 431 0 300 344 151 1408 1627 743 302 961 663 1728
200 1179 396 189 485 300 0 619 395 1111 1570 464 471 888 396 1434
453 605 977 456 708 344 619 0 224 1727 1564 1001 248 1260 1003 2053
233 799 756 234 576 151 395 224 0 1502 1523 786 161 1111 783 1828
1278 2244 769 1274 1349 1408 1111 1727 1502 0 1990 798 1540 1236 776 331
1449 1467 1478 1462 2026 1627 1570 1564 1523 1990 0 1368 1370 2450 1804 2263
554 1461 118 554 910 743 464 1001 786 798 1368 0 780 1154 461 1128
273 712 774 282 732 302 471 248 161 1540 1370 780 0 1259 867 1870
1051 1860 1036 1037 552 961 888 1260 1111 1236 2450 1154 1259 0 697 1437
594 1575 342 585 585 663 396 1003 783 776 1804 461 867 697 0 1080
1606 2575 1101 1601 1632 1728 1434 2053 1828 331 2263 1128 1870 1437 1080 0
