0 1255 1442 1289 957 1510 20 489 105 386 59 1730 471 1664 1364 614
1255 0 1732 2544 2035 603 1264 1475 1174 1372 1240 1883 1605 410 605 642
1442 1732 0 2135 1167 1403 1462 1929 1364 1087 1383 301 1862 2019 1261 1424
1289 2544 2135 0 978 2754 1279 1217 1375 1298 1309 2424 1023 2952 2596 1904
957 2035 1167 978 0 2051 964 1272 971 672 928 1450 1106 2433 1882 1430
1510 603 1403 2754 2051 0 1526 1863 1409 1469 1473 1471 1945 678 168 951
20 1264 1462 1279 964 1526 0 469 124 402 79 1750 451 1673 1381 625
489 1475 1929 1217 1272 1863 469 0 579 852 548 2219 201 1860 1738 912
105 1174 1364 1375 971 1409 124 579 0 347 66 1648 575 1585 1262 532
386 1372 1087 1298 672 1469 402 852 347 0 333 1383 775 1776 1306 758
59 1240 1383 1309 928 1473 79 548 66 333 0 1671 525 1650 1325 597
1730 1883 301 2424 1450 1471 1750 2219 1648 1383 1671 0 2158 2125 1350 1654
471 1605 1862 1023 1106 1945 451 201 575 775 525 2158 0 2001 1809 1005
1664 410 2019 2952 2433 678 1673 1860 1585 1776 1650 2125 2001 0 775 1052
1364 605 1261 2596 1882 168 1381 1738 1262 1306 1325 1350 1809 775 0 831
614 642 1424 1904 1430 951 625 912 532 758 597 1654 1005 1052 831 0
