0 1678 208 1700 1456 809 910 1100 1137 1155 145 1109 926 776 1717 654
1678 0 1886 712 2554 2486 2527 980 1297 806 1811 817 2169 2317 1964 1819
208 1886 0 1895 1393 600 724 1283 1273 1349 92 1305 870 644 1788 672
1700 712 1895 0 2899 2476 2610 641 1781 546 1845 590 2434 2137 2520 2073
1456 2554 1393 2899 0 1359 1033 2425 1296 2410 1359 2364 529 1897 1068 853
809 2486 600 2476 1359 0 342 1847 1735 1931 675 1888 955 620 2079 986
910 2527 724 2610 1033 342 0 2006 1611 2065 764 2019 694 949 1843 835
1100 980 1283 641 2425 1847 2006 0 1503 174 1244 174 1924 1496 2260 1574
1137 1297 1273 1781 1296 1735 1611 1503 0 1410 1182 1374 1030 1909 758 775
1155 806 1349 546 2410 1931 2065 174 1410 0 1300 46 1923 1623 2169 1566
145 1811 92 1845 1359 675 764 1244 1182 1300 0 1255 831 732 1708 603
1109 817 1305 590 2364 1888 2019 174 1374 46 1255 0 1877 1587 2132 1520
926 2169 870 2434 529 955 694 1924 1030 1923 831 1877 0 1418 1149 361
776 2317 644 2137 1897 620 949 1496 1909 1623 732 1587 1418 0 2426 1298
1717 1964 1788 2520 1068 2079 1843 2260 758 2169 1708 2132 1149 2426 0 1130
654 1819 672 2073 853 986 835 1574 775 1566 603 1520 361 1298 1130 0
