0 675 190 1406 1026 734 1419 615 213 1552 676 833 683 876 25 193
675 0 783 1694 414 932 790 876 528 1979 73 848 362 1507 650 577
190 783 0 1223 1084 588 1557 794 255 1661 767 727 852 895 207 382
1406 1694 1223 0 1712 763 2434 2017 1325 2750 1633 878 1946 1833 1417 1584
1026 414 1084 1712 0 1007 754 1289 836 2393 373 837 740 1891 1003 968
734 932 588 763 1007 0 1691 1342 596 2247 874 230 1187 1429 736 881
1419 790 1557 2434 754 1691 0 1335 1309 2348 831 1558 780 2142 1393 1268
615 876 794 2017 1289 1342 1335 0 758 1103 927 1409 597 851 609 466
213 528 255 1325 836 596 1309 758 0 1754 511 652 644 1085 198 292
1552 1979 1661 2750 2393 2247 2348 1103 1754 0 2027 2381 1686 936 1560 1490
676 73 767 1633 373 874 831 927 511 2027 0 780 433 1525 651 597
833 848 727 878 837 230 1558 1409 652 2381 780 0 1153 1608 829 944
683 362 852 1946 740 1187 780 597 644 1686 433 1153 0 1363 659 508
876 1507 895 1833 1891 1429 2142 851 1085 936 1525 1608 1363 0 896 930
25 650 207 1417 1003 736 1393 609 198 1560 651 829 659 896 0 174
193 577 382 1584 968 881 1268 466 292 1490 597 944 508 930 174 0
