0 368 838 1517 380 16 1259 767 1232 1080 1044 1116 311 596 1481 1439 1130
368 0 916 1554 460 351 959 1001 1585 716 695 1103 486 964 1118 1789 939
838 916 0 2355 1211 838 1112 1551 1245 1289 1165 343 1150 1041 1808 1897 1856
1517 1554 2355 0 1149 1516 2397 942 2255 1949 2034 2618 1205 1623 1938 1714 947
380 460 1211 1149 0 376 1412 558 1474 1098 1115 1468 113 773 1380 1449 803
16 351 838 1516 376 0 1245 775 1248 1063 1028 1113 312 612 1464 1455 1119
1259 959 1112 2397 1412 1245 0 1961 2269 504 377 979 1445 1806 928 2689 1548
767 1001 1551 942 558 775 1961 0 1322 1655 1673 1861 515 683 1898 986 1119
1232 1585 1245 2255 1474 1248 2269 1322 0 2255 2182 1558 1360 705 2702 911 2273
1080 716 1289 1949 1098 1063 504 1655 2255 0 148 1284 1164 1674 522 2503 1059
1044 695 1165 2034 1115 1028 377 1673 2182 148 0 1142 1168 1631 661 2481 1171
1116 1103 343 2618 1468 1113 979 1861 1558 1284 1142 0 1424 1382 1803 2240 2026
311 486 1150 1205 113 312 1445 515 1360 1164 1168 1424 0 659 1473 1358 916
596 964 1041 1623 773 612 1806 683 705 1674 1631 1382 659 0 2070 894 1568
1481 1118 1808 1938 1380 1464 928 1898 2702 522 661 1803 1473 2070 0 2830 990
1439 1789 1897 1714 1449 1455 2689 986 911 2503 2481 2240 1358 894 2830 0 2105
1130 939 1856 947 803 1119 1548 1119 2273 1059 1171 2026 916 1568 990 2105 0
