0 955 1495 1386 1698 534 836 538 21 1694 1587 509 1610 1113 974 643
955 0 2202 2334 1692 927 1785 1368 976 1043 2331 459 957 1644 494 527
1495 2202 0 1082 3147 2012 1355 1698 1478 3142 2399 1893 3055 614 2418 2106
1386 2334 1082 0 2626 1710 664 1201 1365 3014 1458 1895 2937 1370 2326 1998
1698 1692 3147 2626 0 1165 1974 1479 1710 1150 1597 1546 1150 2811 1199 1292
534 927 2012 1710 1165 0 1061 536 547 1307 1405 534 1233 1646 669 408
836 1785 1355 664 1974 1061 0 538 817 2368 1064 1328 2294 1338 1702 1385
538 1368 1698 1201 1479 536 538 0 530 1839 1049 914 1767 1485 1199 902
21 976 1478 1365 1710 547 817 530 0 1715 1578 530 1631 1102 995 664
1694 1043 3142 3014 1150 1307 2368 1839 1715 0 2472 1249 87 2634 725 1051
1587 2331 2399 1458 1597 1405 1064 1049 1578 2472 0 1908 2425 2391 2023 1812
509 459 1893 1895 1546 534 1328 914 530 1249 1908 0 1162 1400 528 259
1610 957 3055 2937 1150 1233 2294 1767 1631 87 2425 1162 0 2547 640 967
1113 1644 614 1370 2811 1646 1338 1485 1102 2634 2391 1400 2547 0 1927 1641
974 494 2418 2326 1199 669 1702 1199 995 725 2023 528 640 1927 0 331
643 527 2106 1998 1292 408 1385 902 664 1051 1812 259 967 1641 331 0
