0 295 1160 665 954 375 274 516 1582 416 1331 545 1394 1027 1478 796
295 0 984 810 750 255 447 305 1731 711 1277 794 1221 1118 1184 572
1160 984 0 1789 248 786 1033 679 2714 1446 2163 1303 236 984 995 1292
665 810 1789 0 1560 1011 910 1111 925 708 879 1004 2026 1642 1848 901
954 750 248 1560 0 579 868 449 2482 1278 1914 1179 478 1002 880 1046
375 255 786 1011 579 0 339 167 1937 719 1533 699 1021 884 1203 793
274 447 1033 910 868 339 0 505 1803 413 1606 363 1254 752 1542 1013
516 305 679 1111 449 167 505 0 2035 883 1542 862 916 971 1039 737
1582 1731 2714 925 2482 1937 1803 2035 0 1498 1089 1797 2951 2486 2662 1679
416 711 1446 708 1278 719 413 883 1498 0 1546 304 1665 989 1888 1184
1331 1277 2163 879 1914 1533 1606 1542 1089 1546 0 1814 2385 2354 1773 884
545 794 1303 1004 1179 699 363 862 1797 304 1814 0 1503 697 1902 1340
1394 1221 236 2026 478 1021 1254 916 2951 1665 2385 1503 0 1099 1078 1507
1027 1118 984 1642 1002 884 752 971 2486 989 2354 697 1099 0 1876 1677
1478 1184 995 1848 880 1203 1542 1039 2662 1888 1773 1902 1078 1876 0 982
796 572 1292 901 1046 793 1013 737 1679 1184 884 1340 1507 1677 982 0
