0 825 277 1167 527 230 844 568 1452 427 1700 1718 142 1293 330 499
825 0 668 1277 317 819 1636 984 2274 598 1059 1128 742 1630 521 1313
277 668 0 938 440 152 974 401 1633 151 1657 1450 135 1529 331 673
1167 1277 938 0 1255 937 1308 616 1960 843 2324 1195 1042 2458 1245 1244
527 317 440 1255 0 574 1362 822 1979 439 1217 1381 472 1386 206 1024
230 819 152 937 574 0 822 341 1484 277 1791 1569 128 1523 430 527
844 1636 974 1308 1362 822 0 833 689 1084 2542 2294 895 1715 1174 355
568 984 401 616 822 341 833 0 1522 393 2023 1461 463 1859 732 664
1452 2274 1633 1960 1979 1484 689 1522 0 1757 3090 2983 1535 1909 1776 963
427 598 151 843 439 277 1084 393 1757 0 1630 1300 286 1652 401 804
1700 1059 1657 2324 1217 1791 2542 2023 3090 1630 0 1782 1681 1729 1377 2188
1718 1128 1450 1195 1381 1569 2294 1461 2983 1300 1782 0 1582 2755 1536 2079
142 742 135 1042 472 128 895 463 1535 286 1681 1582 0 1417 308 572
1293 1630 1529 2458 1386 1523 1715 1859 1909 1652 1729 2755 1417 0 1277 1443
330 521 331 1245 206 430 1174 732 1776 401 1377 1536 308 1277 0 829
499 1313 673 1244 1024 527 355 664 963 804 2188 2079 572 1443 829 0
