0 506 1066 1511 689 704 1612 769 1423 692 1087 1032 344 794 1334 995
506 0 1195 1157 1196 1155 1992 366 1530 604 886 688 187 1276 1747 956
1066 1195 0 2345 1222 1569 1067 1560 356 1702 707 987 1057 1027 986 384
1511 1157 2345 0 2110 1837 3114 791 2667 890 1891 1580 1322 2286 2844 2063
689 1196 1222 2110 0 455 1219 1435 1525 1224 1578 1629 1025 279 902 1362
704 1155 1569 1837 455 0 1674 1283 1901 957 1771 1736 1030 734 1357 1621
1612 1992 1067 3114 1219 1674 0 2338 1065 2296 1769 2018 1809 945 316 1444
769 366 1560 791 1435 1283 2338 0 1891 440 1184 921 532 1563 2080 1303
1423 1530 356 2667 1525 1901 1065 1891 0 2054 891 1213 1402 1300 1089 618
692 604 1702 890 1224 957 2296 440 2054 0 1490 1281 664 1417 2007 1528
1087 886 707 1891 1578 1771 1769 1184 891 1490 0 331 857 1489 1649 324
1032 688 987 1580 1629 1736 2018 921 1213 1281 331 0 728 1596 1861 609
344 187 1057 1322 1025 1030 1809 532 1402 664 857 728 0 1092 1561 863
794 1276 1027 2286 279 734 945 1563 1300 1417 1489 1596 1092 0 631 1232
1334 1747 986 2844 902 1357 316 2080 1089 2007 1649 1861 1561 631 0 1333
995 956 384 2063 1362 1621 1444 1303 618 1528 324 609 863 1232 1333 0
