0 316 392 343 125 723 380 505 766 172 149 306 555 300 4 284 223 276 345 636 391 774 272 475 601 691 328 152 412 110 807 843 270 25 77 299 241 759 500 215 368 810 568 413 496 692 266 701 123 360 741 352 268 613 750 242 617 789 342 828 204 848 649 646 92 805 93 381 397 378 655 760 248 378 320 442 23 441
316 0 682 114 303 494 661 468 642 235 291 620 813 232 313 296 415 414 124 549 655 458 214 682 571 953 164 231 423 320 804 1126 481 341 276 127 555 508 602 528 567 843 310 709 458 854 473 692 345 113 635 649 324 823 434 80 788 705 416 548 347 1122 416 695 228 1007 380 170 188 277 925 702 470 248 273 640 338 729
392 682 0 666 382 1116 434 861 1136 459 400 157 193 550 396 484 520 590 735 742 481 1127 538 243 942 311 623 542 760 470 771 450 519 373 466 615 260 1010 772 200 242 1091 960 391 854 859 255 698 338 685 841 370 443 728 1103 602 788 852 425 1107 548 779 897 934 482 487 307 773 687 602 633 801 242 623 539 628 369 48
343 114 666 0 287 587 716 581 753 207 266 629 773 145 342 219 491 503 238 435 717 463 140 626 685 912 61 306 531 381 694 1096 556 368 328 50 582 425 703 538 514 954 400 755 571 948 431 583 330 19 521 694 256 906 439 119 880 591 338 485 429 1183 322 804 272 941 383 283 76 170 987 589 434 138 182 723 362 709
125 303 382 287 0 769 487 603 849 80 27 346 511 199 127 166 347 397 375 515 504 745 176 397 704 651 252 236 516 230 683 823 395 137 182 237 316 673 622 256 282 927 597 507 594 817 180 576 43 306 621 450 144 735 721 223 742 665 218 754 320 951 560 764 153 729 104 419 320 272 761 636 171 279 209 567 126 427
723 494 1116 587 769 0 920 387 278 718 765 1010 1274 725 719 791 661 605 394 994 888 445 709 1165 416 1412 648 574 456 654 1272 1566 707 743 650 618 914 782 625 927 1049 661 187 993 384 872 949 1163 804 576 1058 941 818 926 440 562 838 1137 911 738 602 1296 750 593 636 1495 813 350 640 757 1116 1150 940 723 765 779 746 1165
380 661 434 716 487 920 0 568 842 551 515 278 622 679 381 653 268 315 635 998 51 1103 652 653 616 715 707 432 475 341 1122 780 214 359 388 676 202 1137 393 292 595 691 821 77 565 426 529 1026 461 731 1105 63 628 295 1081 603 356 1142 676 1200 338 468 1029 550 443 920 391 648 775 757 274 1105 504 758 695 215 368 467
505 468 861 581 603 387 568 0 280 592 614 725 1044 666 501 704 345 275 349 1012 527 724 639 980 104 1171 623 367 100 401 1248 1292 368 514 429 581 617 942 238 660 873 377 373 644 10 492 770 1136 621 582 1102 602 713 539 709 486 453 1170 806 947 314 910 868 246 450 1308 597 314 656 731 735 1162 753 707 706 399 522 908
766 642 1136 753 849 278 842 280 0 821 855 1004 1316 869 762 921 624 555 519 1185 798 720 846 1240 232 1446 806 618 380 669 1446 1572 647 779 688 769 897 1030 472 936 1128 402 403 919 285 673 1025 1334 874 747 1263 879 938 762 713 687 659 1338 1034 1000 588 1138 981 379 697 1571 860 471 820 920 979 1341 1010 890 910 655 786 1184
172 235 459 207 80 718 551 592 821 0 59 426 578 127 173 120 379 418 324 469 563 668 101 449 695 718 172 232 513 257 665 896 435 192 201 157 391 596 641 336 333 935 540 578 582 854 237 554 124 226 573 518 121 783 644 157 780 624 214 675 338 1018 484 773 154 777 182 370 240 206 826 601 235 207 148 609 183 503
149 291 400 266 27 765 515 614 855 59 0 371 521 171 151 138 370 417 371 489 532 727 150 399 716 661 228 247 530 250 662 837 419 163 199 216 344 646 641 282 283 944 591 535 605 841 184 553 66 285 594 478 119 761 703 212 766 640 198 729 339 978 533 781 165 729 131 416 296 245 789 611 179 252 181 592 152 444
306 620 157 629 346 1010 278 725 1004 426 371 0 350 541 309 489 380 450 648 799 325 1077 521 378 800 458 598 440 624 355 876 568 370 282 366 581 108 1016 619 92 336 936 868 244 719 703 297 790 304 648 903 215 452 574 1053 543 631 927 468 1100 419 666 902 781 399 645 246 680 667 607 500 882 274 620 541 471 283 196
555 813 193 773 511 1274 622 1044 1316 578 521 350 0 638 559 564 708 778 884 739 671 1234 635 179 1129 140 721 708 944 646 695 329 711 539 632 724 453 1060 964 387 266 1284 1108 572 1036 1049 342 646 472 792 825 559 523 914 1210 733 978 817 470 1168 729 923 951 1127 639 298 463 926 777 671 797 760 342 699 616 821 534 155
300 232 550 145 199 725 679 666 869 127 171 541 638 0 300 75 497 528 350 356 691 595 29 485 771 776 85 332 600 376 583 966 556 320 319 106 515 475 747 453 375 1026 539 704 656 971 302 470 237 162 456 646 115 907 572 182 898 514 193 561 449 1145 362 868 266 796 303 399 138 79 954 498 309 80 41 730 310 590
4 313 396 342 127 719 381 501 762 173 151 309 559 300 0 286 220 273 341 638 390 771 272 479 597 695 327 148 408 107 810 847 268 28 73 298 243 758 497 218 372 807 564 414 492 690 270 703 126 359 743 353 270 612 747 240 615 790 345 826 200 849 648 643 89 809 98 377 396 379 655 762 252 378 320 441 27 445
284 296 484 219 166 791 653 704 921 120 138 489 564 75 286 0 499 539 407 351 670 670 82 409 808 702 161 351 630 377 547 893 553 301 322 176 477 529 762 407 300 1053 606 671 694 973 232 435 195 237 456 614 42 898 647 234 899 505 121 623 459 1115 415 892 275 721 265 456 212 119 926 481 242 139 54 726 290 522
223 415 520 491 347 661 268 345 624 379 370 380 708 497 220 499 0 70 370 849 249 840 468 667 422 831 499 185 244 122 1031 947 65 218 178 461 272 915 279 320 572 596 553 335 339 474 475 923 345 503 952 281 488 415 818 372 401 1004 566 963 71 710 814 433 232 984 296 380 560 576 514 979 454 567 525 233 229 566
276 414 590 503 397 605 315 275 555 418 417 450 778 528 273 539 70 0 350 883 286 816 498 733 352 901 519 199 174 167 1079 1017 101 275 218 479 342 922 224 391 635 534 511 387 269 446 537 970 400 512 985 337 533 409 795 384 377 1041 615 961 79 732 824 370 264 1053 357 351 575 606 539 1019 516 593 560 226 286 637
345 124 735 238 375 394 635 349 519 324 371 648 884 350 341 407 370 350 0 673 620 469 329 770 451 1023 288 213 317 307 928 1185 434 368 282 249 567 602 507 559 654 727 224 694 339 768 554 815 411 235 758 635 430 756 448 173 707 829 525 623 299 1079 520 584 253 1100 428 48 310 401 884 827 546 372 391 575 369 783
636 549 742 435 515 994 998 1012 1185 469 489 799 739 356 638 351 849 883 673 0 1019 708 385 559 1116 850 389 688 952 726 286 1055 904 652 670 430 811 381 1103 730 502 1379 809 1008 1001 1323 503 193 537 439 106 955 371 1250 690 526 1249 159 331 503 804 1452 308 1223 619 758 607 718 365 282 1268 156 524 304 323 1078 641 765
391 655 481 717 504 888 51 527 798 563 532 325 671 691 390 670 249 286 620 1019 0 1089 663 696 571 766 713 424 437 337 1154 832 188 371 388 680 239 1141 344 329 632 639 797 126 525 378 561 1056 481 732 1125 113 647 253 1067 601 307 1166 701 1199 320 467 1034 499 444 968 413 629 780 770 270 1131 536 768 710 164 381 516
774 458 1127 463 745 445 1103 724 720 668 727 1077 1234 595 771 670 840 816 469 708 1089 0 599 1079 797 1372 512 673 741 767 993 1559 904 799 730 513 1013 386 940 984 971 1072 352 1159 717 1205 893 900 789 443 735 1098 711 1214 24 533 1153 816 779 308 769 1549 405 968 685 1377 834 466 459 577 1354 848 897 544 622 1038 796 1171
272 214 538 140 176 709 652 639 846 101 150 521 635 29 272 82 468 498 329 385 663 599 0 486 744 773 86 302 571 346 609 960 526 293 289 94 492 497 717 433 374 998 524 679 629 941 295 496 216 158 486 620 116 878 575 158 868 544 203 579 419 1119 384 839 236 802 280 377 149 109 927 527 300 106 66 700 283 579
475 682 243 626 397 1165 653 980 1240 449 399 378 179 485 479 409 667 733 770 559 696 1079 486 0 1074 302 570 621 885 580 537 503 687 466 552 580 457 884 942 371 116 1262 989 622 972 1070 217 476 366 645 647 592 370 949 1056 606 996 643 303 994 671 1023 777 1100 543 332 383 815 620 507 873 587 229 537 457 825 457 241
601 571 942 685 704 416 616 104 232 695 716 800 1129 771 597 808 422 352 451 1116 571 797 744 1074 0 1253 727 468 189 494 1353 1365 433 608 526 685 692 1037 240 743 969 282 445 693 115 459 867 1240 720 685 1206 658 816 534 783 591 435 1275 909 1035 403 910 966 178 551 1400 691 413 759 836 748 1267 849 812 810 424 617 989
691 953 311 912 651 1412 715 1171 1446 718 661 458 140 776 695 702 831 901 1023 850 766 1372 773 302 1253 0 859 843 1071 778 768 204 828 674 768 863 567 1186 1077 511 402 1393 1247 656 1164 1138 482 736 612 931 929 653 661 997 1348 873 1071 912 603 1297 858 956 1079 1240 776 251 600 1064 914 806 854 852 483 835 753 923 669 264
328 164 623 61 252 648 707 623 806 172 228 598 721 85 327 161 499 519 288 389 713 512 86 570 727 859 0 320 566 383 640 1047 562 352 327 42 560 430 728 508 459 992 460 741 612 966 381 527 295 76 480 681 199 914 489 140 895 547 278 503 442 1176 321 838 271 881 353 335 69 113 981 540 386 84 121 733 344 665
152 231 542 306 236 574 432 367 618 232 247 440 708 332 148 351 185 199 213 688 424 673 302 621 468 843 320 0 282 94 897 992 251 169 76 279 354 730 415 354 511 702 427 485 357 646 407 786 256 318 788 425 352 599 650 187 575 846 443 778 123 890 629 541 82 953 245 240 377 408 694 828 392 393 365 416 174 591
412 423 760 531 516 456 475 100 380 513 530 624 944 600 408 630 244 174 317 952 437 741 571 885 189 1071 566 282 0 305 1177 1192 269 419 338 523 517 919 198 560 780 426 402 550 95 463 678 1065 531 535 1046 505 634 483 723 426 411 1111 725 936 215 844 835 272 365 1211 502 294 607 669 661 1098 660 648 637 324 428 808
110 320 470 381 230 654 341 401 669 257 250 355 646 376 107 377 122 167 307 726 337 767 346 580 494 778 383 94 305 0 912 916 180 114 56 347 263 806 391 274 476 700 517 391 393 596 375 804 234 395 830 331 368 532 744 264 523 882 448 862 93 804 701 536 112 907 197 331 447 455 607 858 356 447 404 353 123 519
807 804 771 694 683 1272 1122 1248 1446 665 662 876 695 583 810 547 1031 1079 928 286 1154 993 609 537 1353 768 640 897 1177 912 0 963 1076 816 861 678 921 646 1303 832 540 1600 1085 1113 1238 1496 593 112 689 702 273 1068 546 1401 976 765 1420 206 465 766 1001 1541 589 1439 819 600 750 975 633 526 1374 153 618 556 543 1244 804 777
843 1126 450 1096 823 1566 780 1292 1572 896 837 568 329 966 847 893 947 1017 1185 1055 832 1559 960 503 1365 204 1047 992 1192 916 963 0 932 823 915 1047 675 1388 1167 641 596 1472 1410 710 1286 1184 665 937 781 1116 1134 724 851 1035 1535 1046 1123 1115 800 1497 986 917 1280 1327 933 395 757 1223 1104 1001 856 1054 662 1029 945 996 820 401
270 481 519 556 395 707 214 368 647 435 419 370 711 556 268 553 65 101 434 904 188 904 526 687 433 828 562 251 269 180 1076 932 0 260 237 524 261 980 255 325 598 576 609 285 363 421 507 971 387 568 1008 237 539 352 882 437 346 1058 612 1029 135 646 878 416 292 996 331 441 624 635 450 1031 484 628 582 173 272 564
25 341 373 368 137 743 359 514 779 192 163 282 539 320 28 301 218 275 368 652 371 799 293 466 608 674 352 169 419 114 816 823 260 0 93 324 215 782 497 191 362 810 590 389 505 681 262 710 127 385 757 329 282 598 775 268 605 803 351 852 207 826 672 646 116 794 83 402 420 398 633 773 242 399 338 430 11 421
77 276 466 328 182 650 388 429 688 201 199 366 632 319 73 322 178 218 282 670 388 730 289 552 526 768 327 76 338 56 861 915 237 93 0 292 285 753 442 279 444 745 501 433 420 652 341 752 193 343 773 372 315 589 707 214 579 826 398 811 139 854 647 582 56 882 171 313 392 398 658 803 324 391 347 410 98 515
299 127 615 50 237 618 676 581 769 157 216 581 724 106 298 176 461 479 249 430 680 513 94 580 685 863 42 279 523 347 678 1047 524 324 292 0 536 461 687 489 466 950 432 712 571 925 382 565 280 69 523 652 210 876 489 98 855 589 297 528 402 1144 355 796 235 897 334 297 100 152 949 581 384 126 146 695 317 659
241 555 260 582 316 914 202 617 897 391 344 108 453 515 243 477 272 342 567 811 239 1013 492 457 692 567 560 354 517 263 921 675 261 215 285 536 0 988 511 90 393 830 781 197 612 612 328 827 282 600 917 147 446 493 989 483 538 949 483 1064 316 641 876 674 327 745 213 594 630 589 459 910 303 596 524 371 220 303
759 508 1010 425 673 782 1137 942 1030 596 646 1016 1060 475 758 529 915 922 602 381 1141 386 497 884 1037 1186 430 730 919 806 646 1388 980 782 753 461 988 0 1107 929 797 1319 627 1171 933 1362 755 571 712 412 374 1111 569 1329 376 543 1296 451 593 121 851 1606 113 1184 696 1128 777 629 362 410 1410 493 768 395 475 1146 774 1045
500 602 772 703 622 625 393 238 472 641 641 619 964 747 497 762 279 224 507 1103 344 940 717 942 240 1077 728 415 198 391 1303 1167 255 497 442 687 511 1107 0 580 850 320 597 470 241 265 755 1194 623 710 1202 444 757 301 922 589 216 1261 840 1130 303 675 1018 162 487 1251 575 489 778 822 508 1242 733 806 780 187 508 815
215 528 200 538 256 927 292 660 936 336 282 92 387 453 218 407 320 391 559 730 329 984 433 371 743 511 508 354 560 274 832 641 325 191 279 489 90 929 580 0 303 901 780 282 653 699 239 739 216 556 835 236 372 582 961 451 624 865 400 1011 348 723 816 742 308 670 155 592 577 523 545 824 214 534 457 454 191 247
368 567 242 514 282 1049 595 873 1128 333 283 336 266 375 372 300 572 635 654 502 632 971 374 116 969 402 459 511 780 476 540 596 598 362 444 466 393 797 850 303 0 1168 873 576 864 997 103 459 254 532 599 537 259 885 947 490 922 609 204 903 569 1000 687 1005 431 446 279 699 512 405 836 559 120 433 350 748 353 262
810 843 1091 954 927 661 691 377 402 935 944 936 1284 1026 807 1053 596 534 727 1379 639 1072 998 1262 282 1393 992 702 426 700 1600 1472 576 810 745 950 830 1319 320 901 1168 0 723 763 387 348 1071 1489 934 957 1473 748 1055 484 1060 852 375 1538 1143 1317 607 831 1246 163 782 1572 891 692 1030 1096 716 1525 1050 1075 1063 475 821 1133
568 310 960 400 597 187 821 373 403 540 591 868 1108 539 564 606 553 511 224 809 797 352 524 989 445 1247 460 427 402 517 1085 1410 609 590 501 432 781 627 597 780 873 723 0 887 366 860 775 976 635 388 877 831 635 884 338 382 813 955 727 603 485 1237 581 615 477 1317 653 188 453 569 1047 965 769 535 578 717 592 1008
413 709 391 755 507 993 77 644 919 578 535 244 572 704 414 671 335 387 694 1008 126 1159 679 622 693 656 741 485 550 391 1113 710 285 389 433 712 197 1171 470 282 576 763 887 0 641 482 522 1021 476 771 1114 60 642 342 1136 646 417 1147 680 1240 402 444 1061 625 485 871 406 710 810 780 262 1107 497 785 717 289 397 418
496 458 854 571 594 384 565 10 285 582 605 719 1036 656 492 694 339 269 339 1001 525 717 629 972 115 1164 612 357 95 393 1238 1286 363 505 420 571 612 933 241 653 864 387 366 641 0 497 761 1126 612 571 1092 598 703 541 701 476 457 1160 796 938 306 912 858 254 440 1300 589 304 646 721 735 1152 745 697 695 399 514 901
692 854 859 948 817 872 426 492 673 854 841 703 1049 971 690 973 474 446 768 1323 378 1205 941 1070 459 1138 966 646 463 596 1496 1184 421 681 652 925 612 1362 265 699 997 348 860 482 497 0 915 1391 807 957 1426 490 960 150 1187 830 75 1478 1032 1391 523 484 1268 293 705 1347 746 753 1022 1050 373 1452 891 1038 1000 252 692 893
266 473 255 431 180 949 529 770 1025 237 184 297 342 302 270 232 475 537 554 503 561 893 295 217 867 482 381 407 678 375 593 665 507 262 341 382 328 755 755 239 103 1071 775 522 761 915 0 499 150 451 606 475 190 811 870 395 839 630 174 853 468 959 642 907 327 549 180 599 440 347 784 586 24 371 286 664 252 291
701 692 698 583 576 1163 1026 1136 1334 554 553 790 646 470 703 435 923 970 815 193 1056 900 496 476 1240 736 527 786 1065 804 112 937 971 710 752 565 827 571 1194 739 459 1489 976 1021 1126 1391 499 0 584 591 217 975 436 1300 881 652 1316 178 359 693 891 1456 501 1328 708 601 647 862 522 414 1284 117 524 445 430 1140 699 709
123 345 338 330 43 804 461 621 874 124 66 304 472 237 126 195 345 400 411 537 481 789 216 366 720 612 295 256 531 234 689 781 387 127 193 280 282 712 623 216 254 934 635 476 612 807 150 584 0 350 643 420 166 719 765 265 731 684 225 796 327 920 599 770 176 699 70 454 363 308 733 651 137 317 242 555 116 384
360 113 685 19 306 576 731 582 747 226 285 648 792 162 359 237 503 512 235 439 732 443 158 645 685 931 76 318 535 395 702 1116 568 385 343 69 600 412 710 556 532 957 388 771 571 957 451 591 350 0 522 710 274 917 419 131 889 594 355 469 440 1198 311 808 288 958 402 279 74 181 1002 594 453 147 197 734 379 729
741 635 841 521 621 1058 1105 1102 1263 573 594 903 825 456 743 456 952 985 758 106 1125 735 486 647 1206 929 480 788 1046 830 273 1134 1008 757 773 523 917 374 1202 835 599 1473 877 1114 1092 1426 606 217 643 522 0 1061 477 1355 720 620 1353 81 436 493 905 1558 330 1318 721 815 713 801 447 380 1374 120 628 398 426 1182 746 861
352 649 370 694 450 941 63 602 879 518 478 215 559 646 353 614 281 337 635 955 113 1098 620 592 658 653 681 425 505 331 1068 724 237 329 372 652 147 1111 444 236 537 748 831 60 598 490 475 975 420 710 1061 0 586 358 1076 585 420 1095 629 1179 346 500 1001 603 424 856 349 653 749 722 313 1057 450 726 659 272 337 403
268 324 443 256 144 818 628 713 938 121 119 452 523 115 270 42 488 533 430 371 647 711 116 370 816 661 199 352 634 368 546 851 539 282 315 210 446 569 757 372 259 1055 635 642 703 960 190 436 166 274 477 586 0 880 687 257 886 520 95 664 454 1086 456 893 272 686 237 478 253 159 899 492 200 181 96 711 270 480
613 823 728 906 735 926 295 539 762 783 761 574 914 907 612 898 415 409 756 1250 253 1214 878 949 534 997 914 599 483 532 1401 1035 352 598 589 876 493 1329 301 582 885 484 884 342 541 150 811 1300 719 917 1355 358 880 0 1195 787 110 1401 943 1371 477 376 1229 394 645 1212 653 750 976 987 232 1370 786 980 932 183 609 759
750 434 1103 439 721 440 1081 709 713 644 703 1053 1210 572 747 647 818 795 448 690 1067 24 575 1056 783 1348 489 650 723 744 976 1535 882 775 707 489 989 376 922 961 947 1060 338 1136 701 1187 870 881 765 419 720 1076 687 1195 0 509 1134 801 756 305 747 1527 389 953 661 1355 810 445 436 554 1332 831 873 521 599 1018 772 1147
242 80 602 119 223 562 603 486 687 157 212 543 733 182 240 234 372 384 173 526 601 533 158 606 591 873 140 187 426 264 765 1046 437 268 214 98 483 543 589 451 490 852 382 646 476 830 395 652 265 131 620 585 257 787 509 0 761 685 352 597 310 1068 441 698 160 934 301 221 191 245 872 675 391 222 223 604 264 649
617 788 788 880 742 838 356 453 659 780 766 631 978 898 615 899 401 377 707 1249 307 1153 868 996 435 1071 895 575 411 523 1420 1123 346 605 579 855 538 1296 216 624 922 375 813 417 457 75 839 1316 731 889 1353 420 886 110 1134 761 0 1404 956 1329 453 480 1201 286 632 1276 671 695 952 977 342 1378 815 967 927 176 617 823
789 705 852 591 665 1137 1142 1170 1338 624 640 927 817 514 790 505 1004 1041 829 159 1166 816 544 643 1275 912 547 846 1111 882 206 1115 1058 803 826 589 949 451 1261 865 609 1538 955 1147 1160 1478 630 178 684 594 81 1095 520 1401 801 685 1404 0 466 568 961 1588 411 1382 776 778 752 874 519 441 1409 61 653 463 481 1231 791 868
342 416 425 338 218 911 676 806 1034 214 198 468 470 193 345 121 566 615 525 331 701 779 203 303 909 603 278 443 725 448 465 800 612 351 398 297 483 593 840 400 204 1143 727 680 796 1032 174 359 225 355 436 629 95 943 756 352 956 466 0 698 538 1122 482 980 361 603 289 573 320 204 942 429 194 235 159 781 339 455
828 548 1107 485 754 738 1200 947 1000 675 729 1100 1168 561 826 623 963 961 623 503 1199 308 579 994 1035 1297 503 778 936 862 766 1497 1029 852 811 528 1064 121 1130 1011 903 1317 603 1240 938 1391 853 693 796 469 493 1179 664 1371 305 597 1329 568 698 0 896 1666 217 1192 757 1247 857 642 434 505 1470 613 865 484 568 1188 845 1144
204 347 548 429 320 602 338 314 588 338 339 419 729 449 200 459 71 79 299 804 320 769 419 671 403 858 442 123 215 93 1001 986 135 207 139 402 316 851 303 348 569 607 485 402 306 523 468 891 327 440 905 346 454 477 747 310 453 961 538 896 0 781 752 443 185 996 290 310 500 527 585 940 449 514 480 294 216 596
848 1122 779 1183 951 1296 468 910 1138 1018 978 666 923 1145 849 1115 710 732 1079 1452 467 1549 1119 1023 910 956 1176 890 844 804 1541 917 646 826 854 1144 641 1606 675 723 1000 831 1237 444 912 484 959 1456 920 1198 1558 500 1086 376 1527 1068 480 1588 1122 1666 781 0 1497 766 910 1202 850 1084 1243 1222 196 1546 935 1225 1160 520 835 788
649 416 897 322 560 750 1029 868 981 484 533 902 951 362 648 415 814 824 520 308 1034 405 384 777 966 1079 321 629 835 701 589 1280 878 672 647 355 876 113 1018 816 687 1246 581 1061 858 1268 642 501 599 311 330 1001 456 1229 389 441 1201 411 482 217 752 1497 0 1105 590 1033 664 553 255 296 1303 442 655 281 362 1046 664 932
646 695 934 804 764 593 550 246 379 773 781 781 1127 868 643 892 433 370 584 1223 499 968 839 1100 178 1240 838 541 272 536 1439 1327 416 646 582 796 674 1184 162 742 1005 163 615 625 254 293 907 1328 770 808 1318 603 893 394 953 698 286 1382 980 1192 443 766 1105 0 620 1412 727 554 880 940 622 1367 887 920 904 336 657 977
92 228 482 272 153 636 443 450 697 154 165 399 639 266 89 275 232 264 253 619 444 685 236 543 551 776 271 82 365 112 819 933 292 116 56 235 327 696 487 308 431 782 477 485 440 705 327 708 176 288 721 424 272 645 661 160 632 776 361 757 185 910 590 620 0 875 177 290 335 344 714 755 314 335 295 465 116 531
805 1007 487 941 729 1495 920 1308 1571 777 729 645 298 796 809 721 984 1053 1100 758 968 1377 802 332 1400 251 881 953 1211 907 600 395 996 794 882 897 745 1128 1251 670 446 1572 1317 871 1300 1347 549 601 699 958 815 856 686 1212 1355 934 1276 778 603 1247 996 1202 1033 1412 875 0 711 1146 922 800 1090 716 561 834 762 1115 786 453
93 380 307 383 104 813 391 597 860 182 131 246 463 303 98 265 296 357 428 607 413 834 280 383 691 600 353 245 502 197 750 757 331 83 171 334 213 777 575 155 279 891 653 406 589 746 180 647 70 402 713 349 237 653 810 301 671 752 289 857 290 850 664 727 177 711 0 467 422 376 662 718 159 384 311 494 74 355
381 170 773 283 419 350 648 314 471 370 416 680 926 399 377 456 380 351 48 718 629 466 377 815 413 1064 335 240 294 331 975 1223 441 402 313 297 594 629 489 592 699 692 188 710 304 753 599 862 454 279 801 653 478 750 445 221 695 874 573 642 310 1084 553 554 290 1146 467 0 354 448 890 872 590 419 440 572 404 821
397 188 687 76 320 640 775 656 820 240 296 667 777 138 396 212 560 575 310 365 780 459 149 620 759 914 69 377 607 447 633 1104 624 420 392 100 630 362 778 577 512 1030 453 810 646 1022 440 522 363 74 447 749 253 976 436 191 952 519 320 434 500 1243 255 880 335 922 422 354 0 124 1048 520 447 89 162 793 413 727
378 277 602 170 272 757 757 731 920 206 245 607 671 79 379 119 576 606 401 282 770 577 109 507 836 806 113 408 669 455 526 1001 635 398 398 152 589 410 822 523 405 1096 569 780 721 1050 347 414 308 181 380 722 159 987 554 245 977 441 204 505 527 1222 296 940 344 800 376 448 124 0 1031 430 359 35 65 809 388 639
655 925 633 987 761 1116 274 735 979 826 789 500 797 954 655 926 514 539 884 1268 270 1354 927 873 748 854 981 694 661 607 1374 856 450 633 658 949 459 1410 508 545 836 716 1047 262 735 373 784 1284 733 1002 1374 313 899 232 1332 872 342 1409 942 1470 585 196 1303 622 714 1090 662 890 1048 1031 0 1369 760 1033 969 337 643 651
760 702 801 589 636 1150 1105 1162 1341 601 611 882 760 498 762 481 979 1019 827 156 1131 848 527 587 1267 852 540 828 1098 858 153 1054 1031 773 803 581 910 493 1242 824 559 1525 965 1107 1152 1452 586 117 651 594 120 1057 492 1370 831 675 1378 61 429 613 940 1546 442 1367 755 716 718 872 520 430 1369 0 610 455 462 1203 762 815
248 470 242 434 171 940 504 753 1010 235 179 274 342 309 252 242 454 516 546 524 536 897 300 229 849 483 386 392 660 356 618 662 484 242 324 384 303 768 733 214 120 1050 769 497 745 891 24 524 137 453 628 450 200 786 873 391 815 653 194 865 449 935 655 887 314 561 159 590 447 359 760 610 0 381 296 640 232 280
378 248 623 138 279 723 758 707 890 207 252 620 699 80 378 139 567 593 372 304 768 544 106 537 812 835 84 393 648 447 556 1029 628 399 391 126 596 395 806 534 433 1075 535 785 697 1038 371 445 317 147 398 726 181 980 521 222 967 463 235 484 514 1225 281 920 335 834 384 419 89 35 1033 455 381 0 84 801 390 661
320 273 539 182 209 765 695 706 910 148 181 541 616 41 320 54 525 560 391 323 710 622 66 457 810 753 121 365 637 404 543 945 582 338 347 146 524 475 780 457 350 1063 578 717 695 1000 286 430 242 197 426 659 96 932 599 223 927 481 159 568 480 1160 362 904 295 762 311 440 162 65 969 462 296 84 0 756 328 577
442 640 628 723 567 779 215 399 655 609 592 471 821 730 441 726 233 226 575 1078 164 1038 700 825 424 923 733 416 324 353 1244 996 173 430 410 695 371 1146 187 454 748 475 717 289 399 252 664 1140 555 734 1182 272 711 183 1018 604 176 1231 781 1188 294 520 1046 336 465 1115 494 572 793 809 337 1203 640 801 756 0 442 667
23 338 369 362 126 746 368 522 786 183 152 283 534 310 27 290 229 286 369 641 381 796 283 457 617 669 344 174 428 123 804 820 272 11 98 317 220 774 508 191 353 821 592 397 514 692 252 699 116 379 746 337 270 609 772 264 617 791 339 845 216 835 664 657 116 786 74 404 413 388 643 762 232 390 328 442 0 418
441 729 48 709 427 1165 467 908 1184 503 444 196 155 590 445 522 566 637 783 765 516 1171 579 241 989 264 665 591 808 519 777 401 564 421 515 659 303 1045 815 247 262 1133 1008 418 901 893 291 709 384 729 861 403 480 759 1147 649 823 868 455 1144 596 788 932 977 531 453 355 821 727 639 651 815 280 661 577 667 418 0
